#"+EI TIC Scan 140C_1ml-min_7C-min_1.d "
#Point;X(Minutes);Y(Counts)
0;5,041;7,89291819306244
1;5,046;7,51457287104953
2;5,050;7,18942743767521
3;5,055;6,95961651976646
4;5,059;6,5717810621785
5;5,063;6,31909143568425
6;5,068;6,0974317960495
7;5,072;5,84647480841543
8;5,077;5,65367935706497
9;5,081;5,37838666907661
10;5,086;5,28269775020782
11;5,090;5,10659863696451
12;5,095;4,86914835680862
13;5,099;4,74841493077911
14;5,103;4,49710353974181
15;5,108;4,34443442926679
16;5,112;4,21137564043648
17;5,117;4,05409928571963
18;5,121;3,97179893986129
19;5,126;3,89505091398669
20;5,130;3,69993215143736
21;5,134;3,69335599939988
22;5,139;3,52422681975319
23;5,143;3,53245685433902
24;5,148;3,38557633278322
25;5,152;3,28571332938764
26;5,157;3,18120370359432
27;5,161;3,10189609758537
28;5,166;3,06830653059151
29;5,170;3,09992718978972
30;5,174;2,93276691793868
31;5,179;2,9060291500737
32;5,183;2,77718382392609
33;5,188;2,74465746714188
34;5,192;2,80817443262969
35;5,197;2,60041528203226
36;5,201;2,65007113663866
37;5,206;2,55138947792047
38;5,210;2,48751810902945
39;5,214;2,54690036814638
40;5,219;2,51425587689443
41;5,223;2,43372754805218
42;5,228;2,41691307547729
43;5,232;2,34343343654348
44;5,237;2,30988324770553
45;5,241;2,25073725752408
46;5,246;2,25172171142191
47;5,250;2,252588030852
48;5,254;2,13902142919867
49;5,259;2,13870640395136
50;5,263;2,04486825841049
51;5,268;2,09810752520497
52;5,272;2,08456143957087
53;5,277;2,02427348286794
54;5,281;2,07455938796895
55;5,286;2,07550446371086
56;5,290;1,96150470234249
57;5,294;1,95433787796631
58;5,299;1,95910263483179
59;5,303;1,8814882895271
60;5,308;1,86455568248448
61;5,312;1,89786960238695
62;5,317;1,92169338671436
63;5,321;1,8273039469907
64;5,325;1,82470498870044
65;5,330;1,90948615838131
66;5,334;1,77103256219091
67;5,339;1,80103871699668
68;5,343;1,77894757152944
69;5,348;1,82104282020052
70;5,352;1,8188770216253
71;5,357;1,81868013084574
72;5,361;1,74740566864306
73;5,365;1,70893321031597
74;5,370;1,70003374707962
75;5,374;1,80025115387841
76;5,379;1,72783472515425
77;5,383;1,66471154122558
78;5,388;1,76418076306203
79;5,392;1,64844836283348
80;5,397;1,67420167680064
81;5,401;1,62096241000615
82;5,405;1,66238823002671
83;5,410;1,61863909880728
84;5,414;1,61111787102788
85;5,419;1,6707757772362
86;5,423;1,62174997312441
87;5,428;1,60658938309787
88;5,432;1,52869939070179
89;5,437;1,57941845551784
90;5,441;1,55264130949695
91;5,445;1,56988894178688
92;5,450;1,49357407562732
93;5,454;1,51562584293865
94;5,459;1,52956571013188
95;5,463;1,63171264657042
96;5,468;1,86809971651666
97;5,472;2,35497123622601
98;5,477;3,6229872347832
99;5,481;5,79989044997025
100;5,485;8,62011459830934
101;5,490;11,7405578073298
102;5,494;14,9227459648219
103;5,499;17,2700778388008
104;5,503;17,8802817428299
105;5,508;18,5891673055772
106;5,512;18,3716817504693
107;5,516;17,9761281743224
108;5,521;17,3842744909487
109;5,525;16,8751543131485
110;5,530;16,0438026855115
111;5,534;15,4044589461067
112;5,539;15,0543871400394
113;5,543;14,31651925454
114;5,548;13,7033619888174
115;5,552;13,2275163527637
116;5,556;12,6518077133144
117;5,561;12,52697895907
118;5,565;12,0223085128879
119;5,570;11,2554583046365
120;5,574;10,9364558635846
121;5,579;10,4816381627885
122;5,583;10,1475538880219
123;5,588;9,78306967689042
124;5,592;9,22834959454282
125;5,596;8,86335346738445
126;5,601;8,56919864271372
127;5,605;8,09953537713838
128;5,610;7,80707381317191
129;5,614;7,35268927209085
130;5,619;6,92709016298225
131;5,623;6,66786376260642
132;5,628;6,19438081590752
133;5,632;5,7518884779122
134;5,636;5,36838461747469
135;5,641;5,01394183610103
136;5,645;4,63504521990534
137;5,650;4,29737753295066
138;5,654;4,03070866110726
139;5,659;3,76364600770473
140;5,663;3,41361357979334
141;5,668;3,22837873437819
142;5,672;2,95324355901348
143;5,676;2,76470094850164
144;5,681;2,57277181658128
145;5,685;2,52610870182427
146;5,690;2,41738561334825
147;5,694;2,19395395669742
148;5,699;2,08948370906001
149;5,703;1,91539288176827
150;5,707;1,9612290552511
151;5,712;1,78438175704544
152;5,716;1,71842334589103
153;5,721;1,66104937272567
154;5,725;1,68235295507464
155;5,730;1,52854187807814
156;5,734;1,50038649660029
157;5,739;1,3731162966892
158;5,743;1,34779614243709
159;5,747;1,40434317432828
160;5,752;1,30290504469618
161;5,756;1,31208015502392
162;5,761;1,24123885253629
163;5,765;1,23781295297185
164;5,770;1,22166790904749
165;5,774;1,19166175424172
166;5,779;1,17382344961309
167;5,783;1,12759349457113
168;5,787;1,19367004019328
169;5,792;1,16972812139813
170;5,796;1,10967643363068
171;5,801;1,12712095670017
172;5,805;1,17756437442483
173;5,810;1,0901842464537
174;5,814;1,08010343853995
175;5,819;1,09026300276553
176;5,823;1,04832526671809
177;5,827;1,04312735013757
178;5,832;1,10924327391563
179;5,836;1,06447031064246
180;5,841;1,06966822722299
181;5,845;1,04159160205696
182;5,850;1,10699871902859
183;5,854;1,02580096153581
184;5,859;1,04970350217505
185;5,863;1,11979661970034
186;5,867;1,05553146925019
187;5,872;1,0341885087453
188;5,876;1,06958947091116
189;5,881;1,12566396493139
190;5,885;1,02158749885311
191;5,890;1,02076055757894
192;5,894;1,05962679746515
193;5,898;1,11940283814121
194;5,903;1,26766159515397
195;5,907;1,71243786619224
196;5,912;2,45810262656238
197;5,916;3,64846490165896
198;5,921;5,25182527597196
199;5,925;7,17119535148745
200;5,930;9,13427518006646
201;5,934;10,6720709247842
202;5,938;11,2386044539057
203;5,943;11,8916124134124
204;5,947;11,8142737151991
205;5,952;11,5739882078174
206;5,956;11,2737691471361
207;5,961;10,889595858048
208;5,965;10,4876630206432
209;5,970;10,0154401749335
210;5,974;9,75585937115448
211;5,978;9,29667069505202
212;5,983;8,97707758166144
213;5,987;8,56557585236972
214;5,992;8,1345031795892
215;5,996;7,8744498379392
216;6,001;7,55001321137131
217;6,005;7,2261278789862
218;6,010;6,87507161902107
219;6,014;6,55587228718962
220;6,018;6,22048853327789
221;6,023;5,79555885281981
222;6,027;5,6489539783554
223;6,032;5,1667684591997
224;6,036;5,00838951611728
225;6,041;4,69529379845236
226;6,045;4,44977099633429
227;6,050;4,13344626988449
228;6,054;3,83023446935375
229;6,058;3,60447950150405
230;6,063;3,22703987707715
231;6,067;3,0068766073671
232;6,072;2,84581994968259
233;6,076;2,53941851852289
234;6,081;2,28223978225455
235;6,085;2,13177584851066
236;6,090;2,03923718211491
237;6,094;1,9269306814508
238;6,098;1,78170404244335
239;6,103;1,71988033765981
240;6,107;1,53417295437371
241;6,112;1,48707667990167
242;6,116;1,39115149209739
243;6,121;1,36149974069484
244;6,125;1,22162853089157
245;6,129;1,18670010659667
246;6,134;1,14397480743097
247;6,138;1,09683915480301
248;6,143;1,13921005056549
249;6,147;1,04336361907305
250;6,152;1,00481240443414
251;6,156;0,94263429624738
252;6,161;0,943343103053815
253;6,165;0,917550410930746
254;6,169;0,862814774211561
255;6,174;0,883409549754103
256;6,178;0,824224181416739
257;6,183;0,797368279084017
258;6,187;0,833359913588575
259;6,192;0,855372302743988
260;6,196;0,80992991082029
261;6,201;0,756966291117194
262;6,205;0,782522714304785
263;6,209;0,746097920085183
264;6,214;0,718257563854633
265;6,218;0,681754013323205
266;6,223;0,697111494129308
267;6,227;0,76496005676755
268;6,232;0,745664760370139
269;6,236;0,688172652737038
270;6,241;0,691086636274606
271;6,245;0,686558148344601
272;6,249;0,764408762584766
273;6,254;0,697623410156178
274;6,258;0,714044101171933
275;6,263;0,695615124204611
276;6,267;0,711523899193496
277;6,272;0,6763198278072
278;6,276;0,617488862873054
279;6,281;0,704750856376446
280;6,285;0,635602814593072
281;6,289;0,707546705446275
282;6,294;0,726999514467338
283;6,298;0,661316750404315
284;6,303;0,729874119848993
285;6,307;0,614102341464529
286;6,312;0,685337425511296
287;6,316;0,647101236119692
288;6,320;0,652220396388393
289;6,325;0,687503224086515
290;6,329;0,667617255350409
291;6,334;0,660686699909706
292;6,338;0,646549941936909
293;6,343;0,649936463345434
294;6,347;0,595712742653119
295;6,352;0,60134381894869
296;6,356;0,554838216815339
297;6,360;0,592326221244594
298;6,365;0,61500803905053
299;6,369;0,617922022588098
300;6,374;0,642493991877862
301;6,378;0,604297180642171
302;6,383;0,577126253062144
303;6,387;0,59394072563703
304;6,392;0,579016404545972
305;6,396;0,592956271739203
306;6,400;0,576259933632056
307;6,405;0,57720500937397
308;6,409;0,555822670713166
309;6,414;0,606266088437825
310;6,418;0,629144797023326
311;6,423;0,781971420122001
312;6,427;1,22895286789141
313;6,432;2,17272913066027
314;6,436;3,63909290055165
315;6,440;6,3902871415751
316;6,445;9,86741768685624
317;6,449;14,410318021925
318;6,454;18,583378716658
319;6,458;22,7857761375463
320;6,463;25,2855014749088
321;6,467;26,9017385062054
322;6,472;27,1973897008008
323;6,476;27,1966808939944
324;6,480;26,4220338108722
325;6,485;25,3353148421389
326;6,489;24,3071118130924
327;6,494;23,1575059293658
328;6,498;22,0883496181697
329;6,503;20,9652846115286
330;6,507;19,9799643942714
331;6,511;19,1174646453072
332;6,516;17,7792767729129
333;6,520;16,7672975441026
334;6,525;15,8643564290156
335;6,529;14,8172125069749
336;6,534;14,0001945280902
337;6,538;13,0275146988812
338;6,543;12,267358777135
339;6,547;11,1441756360261
340;6,551;10,2236718634019
341;6,556;9,30214425872394
342;6,560;8,44759889725412
343;6,565;7,59336856103161
344;6,569;6,81990282258684
345;6,574;5,85655561632918
346;6,578;5,4006353271675
347;6,583;4,71159635500038
348;6,587;4,02417188722569
349;6,591;3,65102448179331
350;6,596;3,22640982658254
351;6,600;2,84038576416659
352;6,605;2,51102686810956
353;6,609;2,18785034253089
354;6,614;2,01427143126602
355;6,618;1,85927900959213
356;6,623;1,60922771954405
357;6,627;1,3983970727854
358;6,631;1,28455482404068
359;6,636;1,21843890026261
360;6,640;1,09006611198596
361;6,645;1,06360399121237
362;6,649;0,931214631032586
363;6,654;0,908099653511606
364;6,658;0,839857309314233
365;6,663;0,780356915729565
366;6,667;0,743144558391702
367;6,671;0,742396373429353
368;6,676;0,663955086850492
369;6,680;0,618118913367663
370;6,685;0,646904345340127
371;6,689;0,598902373282079
372;6,694;0,566651663589264
373;6,698;0,572085849105269
374;6,702;0,57401537874501
375;6,707;0,562792604309782
376;6,711;0,508805152552945
377;6,716;0,548695224492898
378;6,720;0,529675575186879
379;6,725;0,51742896869791
380;6,729;0,500653874278937
381;6,734;0,460724424183071
382;6,738;0,431269563560085
383;6,742;0,500614496123024
384;6,747;0,485375149784661
385;6,751;0,475845636053695
386;6,756;0,462968979070116
387;6,760;0,484626964822312
388;6,765;0,465686071828119
389;6,769;0,469545131107601
390;6,774;0,39890071939953
391;6,778;0,484193805107268
392;6,782;0,436821883543829
393;6,787;0,443673682672706
394;6,791;0,424299629963469
395;6,796;0,434026034474
396;6,800;0,406461325334842
397;6,805;0,444500623946881
398;6,809;0,425559730952688
399;6,814;0,465804206295858
400;6,818;0,412525561345457
401;6,822;0,415912082753982
402;6,827;0,405043711721971
403;6,831;0,385748415324561
404;6,836;0,430915160156867
405;6,840;0,41729031821094
406;6,845;0,383661373061167
407;6,849;0,374998178760289
408;6,854;0,386220953195518
409;6,858;0,392560836297524
410;6,862;0,383779507528907
411;6,867;0,37846345648064
412;6,871;0,346724662814695
413;6,876;0,33912467872347
414;6,880;0,400515223791967
415;6,885;0,37909350697525
416;6,889;0,471553417059168
417;6,894;0,359404429018708
418;6,898;0,363814782480973
419;6,902;0,402444753431708
420;6,907;0,399885173297358
421;6,911;0,351213772588787
422;6,916;0,329043870809721
423;6,920;0,411422972979891
424;6,925;0,397758752878051
425;6,929;0,366768144174455
426;6,933;0,382046868668731
427;6,938;0,407209510297191
428;6,942;0,368303892255065
429;6,947;0,371729791819503
430;6,951;0,354600293997312
431;6,956;0,401893459248925
432;6,960;0,363499757233669
433;6,965;0,361885252841232
434;6,969;0,338652140852513
435;6,973;0,370705959765763
436;6,978;0,392206432894306
437;6,982;0,356293554701575
438;6,987;0,350859369185569
439;6,991;0,327429366417285
440;6,996;0,38535463376543
441;7,000;0,340660426804081
442;7,005;0,367910110695934
443;7,009;0,37590387634629
444;7,013;0,334753703417118
445;7,018;0,356254176545662
446;7,022;0,371139119480807
447;7,027;0,402641644211273
448;7,031;0,439657110769571
449;7,036;0,582639194889976
450;7,040;0,925189773177884
451;7,045;1,55937497415809
452;7,049;2,71441504340063
453;7,053;4,44732955066768
454;7,058;6,46471185625083
455;7,062;9,06028362510578
456;7,067;11,3101939413557
457;7,071;13,4881997449083
458;7,076;14,9900826114333
459;7,080;16,0102918748294
460;7,085;16,2273048920664
461;7,089;15,9830815690935
462;7,093;15,5765808656027
463;7,098;14,9252661668004
464;7,102;14,134867821313
465;7,107;13,3609689231531
466;7,111;12,79242710808
467;7,116;12,1087041869612
468;7,120;11,2975141751517
469;7,124;10,5129437967394
470;7,129;9,65583885513525
471;7,133;8,97758949768831
472;7,138;8,27846971760743
473;7,142;7,48507863227064
474;7,147;6,70507611994429
475;7,151;6,12566593383919
476;7,156;5,45407148474156
477;7,160;4,76196101641321
478;7,164;4,16813842524392
479;7,169;3,66291668487906
480;7,173;3,07712723751604
481;7,178;2,74197975253979
482;7,182;2,42010270610625
483;7,187;2,09688680237167
484;7,191;1,76071548534168
485;7,196;1,58367129635646
486;7,200;1,41934625173116
487;7,204;1,21406792495626
488;7,209;1,1094401646952
489;7,213;0,950313036650431
490;7,218;0,806976549126809
491;7,222;0,743932121509963
492;7,227;0,683171626936076
493;7,231;0,639422495716641
494;7,236;0,620205955631057
495;7,240;0,592995649895116
496;7,244;0,525304599880527
497;7,249;0,515578195369995
498;7,253;0,511207220063643
499;7,258;0,50222900051546
500;7,262;0,391300735308305
501;7,267;0,456432205188545
502;7,271;0,364681101911061
503;7,276;0,412249914254066
504;7,280;0,367634463604543
505;7,284;0,334478056325727
506;7,289;0,349362999260872
507;7,293;0,325657349401196
508;7,298;0,313725768159532
509;7,302;0,337470796175121
510;7,307;0,330382728110766
511;7,311;0,301479161670563
512;7,315;0,295848085374992
513;7,320;0,310811784621964
514;7,324;0,295414925659948
515;7,329;0,308685364202657
516;7,333;0,332548526685986
517;7,338;0,338573384540687
518;7,342;0,296911295584646
519;7,347;0,312780692417618
520;7,351;0,280687495348455
521;7,355;0,261785980510176
522;7,360;0,328846980030156
523;7,364;0,305101952014567
524;7,369;0,320301920197017
525;7,373;0,295414925659948
526;7,378;0,321601399342149
527;7,382;0,284546554627937
528;7,387;0,254540399822168
529;7,391;0,363421000921843
530;7,395;0,331682207255898
531;7,400;0,303054287907086
532;7,404;0,305771380665089
533;7,409;0,389489340136304
534;7,413;0,305850136976915
535;7,418;0,365704933964801
536;7,422;0,346173368631912
537;7,427;0,31037862490692
538;7,431;0,323137147422759
539;7,435;0,328728845562417
540;7,440;0,302896775283434
541;7,444;0,353458327475833
542;7,449;0,356175420233835
543;7,453;0,335620022847206
544;7,458;0,285137226966634
545;7,462;0,312977583197183
546;7,467;0,291595244536379
547;7,471;0,292697832901946
548;7,475;0,316915398788492
549;7,480;0,246113474456769
550;7,484;0,280057444853846
551;7,489;0,26210100575748
552;7,493;0,285058470654808
553;7,498;0,261982871289741
554;7,502;0,253044029897471
555;7,506;0,252020197843731
556;7,511;0,242411927800939
557;7,515;0,254343509042603
558;7,520;0,265448149010092
559;7,524;0,244538348220245
560;7,529;0,265172501918701
561;7,533;0,223825438209964
562;7,538;0,259895829026348
563;7,542;0,247806735161031
564;7,546;0,281278167687152
565;7,551;0,23221298541945
566;7,555;0,19759958637185
567;7,560;0,249381861397554
568;7,564;0,24382954141381
569;7,569;0,242293793333199
570;7,573;0,204923923371684
571;7,578;0,301203514579172
572;7,582;0,214295924478997
573;7,586;0,269740368004618
574;7,591;0,203821335006117
575;7,595;0,203151906355595
576;7,600;0,26529063638644
577;7,604;0,199214090764287
578;7,609;0,262179762069306
579;7,613;0,293800421267512
580;7,618;0,275489578767928
581;7,622;0,18929079547419
582;7,626;0,271984922891664
583;7,631;0,253477189612515
584;7,635;0,216816126457435
585;7,640;0,267535191273486
586;7,644;0,207837906909252
587;7,649;0,259659560090869
588;7,653;0,2558398789673
589;7,658;0,24587720552129
590;7,662;0,273048133101317
591;7,666;0,208389201092035
592;7,671;0,228353926139968
593;7,675;0,26107717370374
594;7,680;0,22276222800031
595;7,684;0,280569360880716
596;7,689;0,26796835098853
597;7,693;0,262022249445654
598;7,697;0,267023275246616
599;7,702;0,27883672202054
600;7,706;0,28049060456889
601;7,711;0,299628388342648
602;7,715;0,393387777571699
603;7,720;0,618945854641838
604;7,724;1,01548388468658
605;7,729;1,88881262652694
606;7,733;3,58345156624646
607;7,737;6,39005087263963
608;7,742;10,3035307635936
609;7,746;15,5850471691241
610;7,751;21,192535949303
611;7,755;26,9521031676182
612;7,760;31,6987460813813
613;7,764;35,5105121956118
614;7,769;37,2833167748188
615;7,773;38,7403085436028
616;7,777;38,2203987510824
617;7,782;36,8811870466344
618;7,786;35,0314375507732
619;7,791;32,6259441405107
620;7,795;30,3739074038415
621;7,800;27,8237780269102
622;7,804;25,5454366820911
623;7,809;23,3677852819417
624;7,813;21,1139371501005
625;7,817;18,857490059969
626;7,822;16,4640463654159
627;7,826;14,379484925845
628;7,831;12,4040797344652
629;7,835;10,4814806501649
630;7,840;8,73801279711311
631;7,844;7,40742490881004
632;7,849;6,05435209348059
633;7,853;5,12829600087262
634;7,857;4,10166809806263
635;7,862;3,51686310459744
636;7,866;2,82995055284962
637;7,871;2,47003420780404
638;7,875;2,04475012394275
639;7,880;1,73929376852496
640;7,884;1,47534198943957
641;7,889;1,26356626693901
642;7,893;1,06450968879837
643;7,897;0,964174147531836
644;7,902;0,865886270372781
645;7,906;0,803471893250545
646;7,911;0,669074247119193
647;7,915;0,675768533624417
648;7,920;0,608431887013045
649;7,924;0,521012380886001
650;7,928;0,51321550601521
651;7,933;0,460566911559418
652;7,937;0,459700592129331
653;7,942;0,439775245237311
654;7,946;0,395474819835092
655;7,951;0,397404349474833
656;7,955;0,40106651797475
657;7,960;0,354088377970442
658;7,964;0,368225135943239
659;7,968;0,389016802265347
660;7,973;0,405004333566058
661;7,977;0,396892433447963
662;7,982;0,376376414217247
663;7,986;0,437491312194352
664;7,991;0,412210536098152
665;7,995;0,371808548131329
666;8,000;0,403153560238143
667;8,004;0,343141250626605
668;8,008;0,405516249592928
669;8,013;0,380550498744034
670;8,017;0,357553655690793
671;8,022;0,36542928687341
672;8,026;0,320931970691626
673;8,031;0,28726364738594
674;8,035;0,342550578287909
675;8,040;0,269464720913227
676;8,044;0,299982791745866
677;8,048;0,270252284031488
678;8,053;0,24166374283859
679;8,057;0,307464641369352
680;8,062;0,268952804886357
681;8,066;0,224179841613181
682;8,071;0,210397487043602
683;8,075;0,232961170381799
684;8,080;0,238749759301022
685;8,084;0,236111422854845
686;8,088;0,247176684666422
687;8,093;0,227448228553967
688;8,097;0,234851321865627
689;8,102;0,237292767532238
690;8,106;0,253477189612515
691;8,111;0,26529063638644
692;8,115;0,209098007898471
693;8,119;0,213390226892997
694;8,124;0,278521696773236
695;8,128;0,266353846596093
696;8,133;0,270921712682011
697;8,137;0,27627714188619
698;8,142;0,282971428391414
699;8,146;0,3250666770625
700;8,151;0,251311391037295
701;8,155;0,27371756175184
702;8,159;0,274544503026014
703;8,164;0,304826304923175
704;8,168;0,27422947777871
705;8,173;0,32609050911624
706;8,177;0,262337274692959
707;8,182;0,259462669311304
708;8,186;0,289075042557942
709;8,191;0,275883360327059
710;8,195;0,288169344971941
711;8,199;0,263912400929482
712;8,204;0,241742499150416
713;8,208;0,253831593015733
714;8,213;0,254934181381299
715;8,217;0,280845007972108
716;8,222;0,248239894876075
717;8,226;0,222959118779876
718;8,231;0,220950832828308
719;8,235;0,228668951387273
720;8,239;0,224101085301355
721;8,244;0,233906246123713
722;8,248;0,180666979329225
723;8,253;0,167475297098342
724;8,257;0,222525959064832
725;8,262;0,185549870662447
726;8,266;0,195866947511675
727;8,271;0,21394152107578
728;8,275;0,26324297227896
729;8,279;0,283010806547327
730;8,284;0,458322356672373
731;8,288;0,850883192969897
732;8,293;1,52649421397066
733;8,297;2,74595694628701
734;8,302;4,43366533056584
735;8,306;6,68215803320287
736;8,310;9,25615057261746
737;8,315;12,3365461970743
738;8,319;14,8532041414794
739;8,324;16,9998255547693
740;8,328;18,1519122623184
741;8,333;18,958061870171
742;8,337;18,9290401692631
743;8,342;18,2895782953905
744;8,346;17,5747072529444
745;8,350;16,510197564146
746;8,355;15,1940614590631
747;8,359;13,6294491901685
748;8,364;12,4766142976571
749;8,368;10,8056022514854
750;8,373;9,66993623495213
751;8,377;8,47532111901693
752;8,382;7,23675998108273
753;8,386;6,15181302936547
754;8,390;5,07497797776631
755;8,395;4,31112050936432
756;8,399;3,5068216748396
757;8,404;2,95092024781461
758;8,408;2,41978768085895
759;8,413;2,00986107780375
760;8,417;1,67884829919838
761;8,422;1,37236811172685
762;8,426;1,15133852258672
763;8,430;0,928812563521888
764;8,435;0,819341290083517
765;8,439;0,67836749191468
766;8,444;0,623710611507321
767;8,448;0,539913895724281
768;8,453;0,439657110769571
769;8,457;0,449383515280103
770;8,462;0,443909951608184
771;8,466;0,532668315036273
772;8,470;0,648873253135781
773;8,475;1,02966002081529
774;8,479;1,86219299312969
775;8,484;3,1847477376265
776;8,488;5,1968533703173
777;8,493;7,81428001570401
778;8,497;10,8449410292426
779;8,501;14,1259683580766
780;8,506;17,0320368863062
781;8,510;19,6225288730484
782;8,515;21,1496137593577
783;8,519;21,5324481911447
784;8,524;21,9109116476254
785;8,528;20,9233468754812
786;8,533;19,7272747677772
787;8,537;18,3855428613507
788;8,541;16,7970280518169
789;8,546;15,0756119660765
790;8,550;13,3397047189601
791;8,555;11,4682972373467
792;8,559;10,059149927997
793;8,564;8,35293381043907
794;8,568;6,93350880239608
795;8,573;5,88278146816729
796;8,577;4,64611048171692
797;8,581;3,75171442646307
798;8,586;3,14269186711133
799;8,590;2,39253799696709
800;8,595;2,02183203720133
801;8,599;1,64179345448417
802;8,604;1,4074146704895
803;8,608;1,19059854403206
804;8,613;1,01398751476189
805;8,617;0,823672887233956
806;8,621;0,696442065478785
807;8,626;0,682305307505989
808;8,630;0,586222607078066
809;8,635;0,491124360547971
810;8,639;0,477617653069783
811;8,644;0,413510015243284
812;8,648;0,336171317029989
813;8,653;0,326759937766762
814;8,657;0,28994136198803
815;8,661;0,250760096854512
816;8,666;0,25839945910165
817;8,670;0,217918714823001
818;8,675;0,20181304905455
819;8,679;0,245680314741725
820;8,684;0,217013017237
821;8,688;0,214138411855345
822;8,693;0,198150880554633
823;8,697;0,143454621991361
824;8,701;0,187873181861319
825;8,706;0,141406957883881
826;8,710;0,154638018270677
827;8,715;0,129278485862651
828;8,719;0,189330173630103
829;8,724;0,171964406872433
830;8,728;0,200552948065332
831;8,732;0,162198624205989
832;8,737;0,109904433153415
833;8,741;0,138138570943095
834;8,746;0,136130284991528
835;8,750;0,14306084043223
836;8,755;0,126994552819693
837;8,759;0,168538507307995
838;8,764;0,119591459508033
839;8,768;0,125852586298213
840;8,772;0,109195626346979
841;8,777;0,13309816698622
842;8,781;0,101477507788015
843;8,786;0,0779687487079043
844;8,790;0,114747946330724
845;8,795;0,131326149970132
846;8,799;0,111794584637243
847;8,804;0,0887977415840021
848;8,808;0,123214249852037
849;8,812;0,192834829506367
850;8,817;0,120497157094034
851;8,821;0,101635020411667
852;8,826;0,116086803631769
853;8,830;0,0861594051378255
854;8,835;0,084032984718519
855;8,839;0,0511128463751817
856;8,844;0,119315812416641
857;8,848;0,0897428173259161
858;8,852;0,0999417597074046
859;8,857;0,11277903853507
860;8,861;0,0975003140407934
861;8,866;0,121481610991861
862;8,870;0,0861987832937386
863;8,875;0,119237056104815
864;8,879;0,0969490198580103
865;8,884;0,129869158201348
866;8,888;0,131523040749697
867;8,892;0,104667138416975
868;8,897;0,0945075741913991
869;8,901;0,119473325040294
870;8,906;0,12427746006169
871;8,910;0,066470327181284
872;8,915;0,0573739731653619
873;8,919;0,111203912298546
874;8,923;0,0813158919605163
875;8,928;0,0873801279711311
876;8,932;0,0975790703526196
877;8,937;0,106281642809411
878;8,941;0,115496131293072
879;8,946;0,130577965007783
880;8,950;0,134594536910918
881;8,955;0,0817884298314733
882;8,959;0,119985241067164
883;8,963;0,0733221263101605
884;8,968;0,094468196035486
885;8,972;0,0999417597074046
886;8,977;0,10691169330402
887;8,981;0,122505443045601
888;8,986;0,11112515598672
889;8,990;0,084505522589476
890;8,995;0,0364641723755148
891;8,999;0,103958331610539
892;9,003;0,108289928760978
893;9,008;0,105494079691149
894;9,012;0,0671791339877195
895;9,017;0,104824651040627
896;9,021;0,0459149297946547
897;9,026;0,0868288337883479
898;9,030;0,0771418074337295
899;9,035;0,106202886497585
900;9,039;0,0737159078692913
901;9,043;0,0771418074337295
902;9,048;0,0765511350950333
903;9,052;0,112818416690983
904;9,057;0,127900250405693
905;9,061;0,193425501845064
906;9,066;0,262297896537046
907;9,070;0,593271296986508
908;9,075;1,15326805222646
909;9,079;1,99261344551382
910;9,083;3,65937265084689
911;9,088;5,74708434289081
912;9,092;8,57112817235346
913;9,097;11,8948414221972
914;9,101;14,8082342874267
915;9,106;17,7968000522942
916;9,110;20,039976703883
917;9,114;21,3026766513919
918;9,119;22,0557838832296
919;9,123;21,86712313825
920;9,128;20,7349223994371
921;9,132;19,2830891690776
922;9,137;17,4624795085921
923;9,141;15,4773085345459
924;9,146;13,503754116494
925;9,150;11,4403781248043
926;9,154;9,4940733906443
927;9,159;7,83294526160681
928;9,163;6,39083843575789
929;9,168;5,25655065468153
930;9,172;4,10410954372925
931;9,177;3,35123858082701
932;9,181;2,5734412452318
933;9,186;2,1123230394896
934;9,190;1,7547693837988
935;9,194;1,33145420773316
936;9,199;1,11491372836712
937;9,203;0,931057118408934
938;9,208;0,794060513987318
939;9,212;0,650251488592739
940;9,217;0,600241230583124
941;9,221;0,535464164106102
942;9,226;0,397955643657616
943;9,230;0,399255122802748
944;9,234;0,334399300013901
945;9,239;0,337785821422426
946;9,243;0,289153798869768
947;9,248;0,324318492100151
948;9,252;0,44717833854897
949;9,257;0,749090659934577
950;9,261;1,34531531861457
951;9,266;2,76603980580269
952;9,270;5,46757819221974
953;9,274;9,43543931648972
954;9,279;15,7645721819318
955;9,283;24,0985650993767
956;9,288;33,7160102524967
957;9,292;44,7052328450048
958;9,297;55,967621705082
959;9,301;64,4900784767269
960;9,305;71,7681067652066
961;9,310;76,4103188094881
962;9,314;77,2695895496675
963;9,319;75,2901284082286
964;9,323;69,9322971365386
965;9,328;63,4261594602673
966;9,332;55,1369788842515
967;9,337;46,7205281083246
968;9,341;38,5740145911819
969;9,345;31,2881500496755
970;9,350;25,3294474969078
971;9,354;19,7936269604907
972;9,359;15,456871271627
973;9,363;11,9839935671845
974;9,368;9,42894192076406
975;9,372;7,43947872772329
976;9,377;5,87781982052224
977;9,381;4,69281297462984
978;9,385;3,91544879874967
979;9,390;3,17864412345997
980;9,394;2,62412093189194
981;9,399;2,2501859633413
982;9,403;1,88952143333337
983;9,408;1,71531247157389
984;9,412;1,52129629739013
985;9,417;1,2876263202019
986;9,421;1,2054441088113
987;9,425;1,03985896319678
988;9,430;0,916526578877006
989;9,434;0,854190958066596
990;9,439;0,796698850433495
991;9,443;0,737986019967088
992;9,448;0,697544653844352
993;9,452;0,60390339908304
994;9,457;0,593113784362856
995;9,461;0,52841547419766
996;9,465;0,515499439058169
997;9,470;0,448359683226363
998;9,474;0,450328591022017
999;9,479;0,421385646425901
1000;9,483;0,391221978996479
1001;9,488;0,337667686954686
1002;9,492;0,342038662261039
1003;9,496;0,404019879668231
1004;9,501;0,351056259965135
1005;9,505;0,280687495348455
1006;9,510;0,251272012881382
1007;9,514;0,273008754945404
1008;9,519;0,294469849918034
1009;9,523;0,27308751125723
1010;9,528;0,236505204413976
1011;9,532;0,250169424515816
1012;9,536;0,283837747821502
1013;9,541;0,22595185862927
1014;9,545;0,240403641849371
1015;9,550;0,282183865273153
1016;9,554;0,311953751143443
1017;9,559;0,267180787870268
1018;9,563;0,258320702789824
1019;9,568;0,228078279048577
1020;9,572;0,223116631403528
1021;9,576;0,189015148382798
1022;9,581;0,18507733279149
1023;9,585;0,173382020485304
1024;9,590;0,120772804185425
1025;9,594;0,165585145614514
1026;9,599;0,110928265207155
1027;9,603;0,132507494647524
1028;9,608;0,115693022072638
1029;9,612;0,113724114276984
1030;9,616;0,136524066550659
1031;9,621;0,132468116491611
1032;9,625;0,101713776723493
1033;9,630;0,11061323995985
1034;9,634;0,137351007824833
1035;9,639;0,129042216927173
1036;9,643;0,119709593975772
1037;9,648;0,12057591340586
1038;9,652;0,107266096707238
1039;9,656;0,102776986933147
1040;9,661;0,137469142292573
1041;9,665;0,106281642809411
1042;9,670;0,102146936438537
1043;9,674;0,0578465110363189
1044;9,679;0,102028801970798
1045;9,683;0,129751023733608
1046;9,688;0,0853324638636508
1047;9,692;0,113133441938287
1048;9,696;0,0669822432081541
1049;9,701;0,102225692750363
1050;9,705;0,0657221422189355
1051;9,710;0,0733615044660736
1052;9,714;0,123686787722994
1053;9,719;0,0953345154655739
1054;9,723;0,103131390336364
1055;9,727;0,115693022072638
1056;9,732;0,115299240513507
1057;9,736;0,134673293222744
1058;9,741;0,0880101784657404
1059;9,745;0,152590354163196
1060;9,750;0,148022488077279
1061;9,754;0,154047345931981
1062;9,759;0,148731294883714
1063;9,763;0,162710540232859
1064;9,767;0,267653325741225
1065;9,772;0,410281006458411
1066;9,776;0,695615124204611
1067;9,781;1,33039099752351
1068;9,785;2,54863300700656
1069;9,790;4,30324487818171
1070;9,794;7,01840810654469
1071;9,799;10,2719888607073
1072;9,803;13,7636499455203
1073;9,807;17,4651572231942
1074;9,812;20,8452993704614
1075;9,816;23,5230927288629
1076;9,821;24,5334574532808
1077;9,825;24,8179252515969
1078;9,830;24,1880716477671
1079;9,834;21,9010277304912
1080;9,839;19,520303180298
1081;9,843;16,7924995638869
1082;9,847;14,3659782183668
1083;9,852;11,7692644829904
1084;9,856;9,39224147945307
1085;9,861;7,49078846487803
1086;9,865;5,9983957339281
1087;9,870;4,84441887489521
1088;9,874;3,6527964988094
1089;9,879;2,88263852546133
1090;9,883;2,38552868521457
1091;9,887;1,87814114627449
1092;9,892;1,40627270396802
1093;9,896;1,2454916933749
1094;9,901;1,05332629251906
1095;9,905;0,892033365899068
1096;9,910;0,743065802079875
1097;9,914;0,718139429386894
1098;9,918;0,637453587920987
1099;9,923;0,653795522624916
1100;9,927;0,583663026943716
1101;9,932;0,542749122950022
1102;9,936;0,473325434075257
1103;9,941;0,444736892882359
1104;9,945;0,332902930089203
1105;9,950;0,353340193008093
1106;9,954;0,382401272071949
1107;9,958;0,297620102391081
1108;9,963;0,266471981063832
1109;9,967;0,236347691790324
1110;9,972;0,175232793813219
1111;9,976;0,195709434888022
1112;9,981;0,181139517200182
1113;9,985;0,163931263066164
1114;9,990;0,121363476524122
1115;9,994;0,117346904620987
1116;9,998;0,135578990808745
1117;10,003;0,126797662040127
1118;10,007;0,109195626346979
1119;10,012;0,122505443045601
1120;10,016;0,142706437029013
1121;10,021;0,162710540232859
1122;10,025;0,214177790011258
1123;10,030;0,220320782333699
1124;10,034;0,250878231322252
1125;10,038;0,2558398789673
1126;10,043;0,235796397607541
1127;10,047;0,268755914106791
1128;10,052;0,28368023519785
1129;10,056;0,233039926693625
1130;10,061;0,251311391037295
1131;10,065;0,295493681971775
1132;10,070;0,33400551845477
1133;10,074;0,529990600434184
1134;10,078;1,0790402283303
1135;10,083;1,81407288660391
1136;10,087;3,41774828616421
1137;10,092;5,73625535001471
1138;10,096;8,91596268368433
1139;10,101;12,5564338196929
1140;10,105;16,8992537445673
1141;10,109;21,0896014497462
1142;10,114;24,3649583241287
1143;10,118;27,1867969768602
1144;10,123;28,3005293605499
1145;10,127;28,1258478609195
1146;10,132;26,1124033709277
1147;10,136;23,4400048198863
1148;10,141;20,2483265268191
1149;10,145;16,9586753818401
1150;10,149;13,7225391507471
1151;10,154;10,7740603485991
1152;10,158;8,48000711957059
1153;10,163;6,66160263581624
1154;10,167;5,11486804970626
1155;10,172;3,83476295728376
1156;10,176;3,04168689719427
1157;10,181;2,385331794435
1158;10,185;1,85581373187177
1159;10,189;1,51574397740639
1160;10,194;1,20753115107469
1161;10,198;1,00012640388048
1162;10,203;0,873958792334963
1163;10,207;0,701797494682965
1164;10,212;0,673248331645979
1165;10,216;0,580670287094321
1166;10,221;0,49801553783276
1167;10,225;0,441586640409312
1168;10,229;0,433592874758957
1169;10,234;0,334359921857987
1170;10,238;0,302621128192043
1171;10,243;0,283247075482806
1172;10,247;0,31880555027232
1173;10,252;0,266747628155224
1174;10,256;0,259265778531738
1175;10,261;0,209767436548993
1176;10,265;0,209924949172645
1177;10,269;0,190590274619322
1178;10,274;0,183856609958184
1179;10,278;0,136760335486137
1180;10,283;0,120890938653165
1181;10,287;0,165545767458601
1182;10,292;0,130617343163696
1183;10,296;0,134358267975439
1184;10,300;0,0940744144763552
1185;10,305;0,0563501411116217
1186;10,309;0,128136519341172
1187;10,314;0,0827335055733873
1188;10,318;0,0861987832937386
1189;10,323;0,106281642809411
1190;10,327;0,0581221581277105
1191;10,332;0,113881626900636
1192;10,336;0,106754180680368
1193;10,340;0,0667065961167625
1194;10,345;0,106596668056716
1195;10,349;0,074030933116596
1196;10,354;0,083048530820692
1197;10,358;0,0866713211646956
1198;10,363;0,0548931493428376
1199;10,367;0,0920267503688749
1200;10,372;0,108841222943761
1201;10,376;0,0425677865420427
1202;10,380;0,0751728996380754
1203;10,385;0,102776986933147
1204;10,389;0,100453675734275
1205;10,394;0,0590278557137114
1206;10,398;0,0669822432081541
1207;10,403;0,0980516082235766
1208;10,407;0,0315419028863795
1209;10,412;0,0432765933484782
1210;10,416;0,0585159396868413
1211;10,420;0,0922236411484403
1212;10,425;0,0623749989663234
1213;10,429;0,0364247942196017
1214;10,434;0,0163813128598425
1215;10,438;0,0689511510038083
1216;10,443;0,0287460538165506
1217;10,447;0,027525330983245
1218;10,452;0
1219;10,456;0,0203585066070639
1220;10,460;0,0456392827032632
1221;10,465;0,00259895829026348
1222;10,469;0,0539874517568367
1223;10,474;0,000866319430087825
1224;10,478;0,000433159715043913
1225;10,483;0,0789138244498183
1226;10,487;0,0170507415103649
1227;10,491;0,00826941274174742
1228;10,496;0,0742672020520745
1229;10,500;0,0186652459028013
1230;10,505;0,00248082382252423
1231;10,509;0,0152393463383631
1232;10,514;0,0430009462570866
1233;10,518;7,87563118261659E-05
1234;10,523;0,0217761202199349
1235;10,527;0,0476869468107435
1236;10,531;0,0590672338696244
1237;10,536;0,0411895510850848
1238;10,540;0,0263833644617656
1239;10,545;0,075960462756337
1240;10,549;0,030872474235857
1241;10,554;0,0407957695259539
1242;10,558;0,0532392667944882
1243;10,563;0,0358735000368186
1244;10,567;0,0510340900633555
1245;10,571;0,0970671543257495
1246;10,576;0,0340227267089037
1247;10,580;0,0637926125791944
1248;10,585;0,0946650868150514
1249;10,589;0,120379022626295
1250;10,594;0,222840984312136
1251;10,598;0,505576143768072
1252;10,603;1,06521849560481
1253;10,607;2,07329928697973
1254;10,611;3,70103473980293
1255;10,616;6,24395791420209
1256;10,620;9,44233049377451
1257;10,625;13,3486829385083
1258;10,629;17,8697283970452
1259;10,634;22,1769504689741
1260;10,638;25,8581386181969
1261;10,643;27,9407311499721
1262;10,647;28,3514059379896
1263;10,651;27,519424259858
1264;10,656;24,9668928154161
1265;10,660;22,0269196949453
1266;10,665;18,5076151446813
1267;10,669;15,1486190671394
1268;10,674;12,0294359591081
1269;10,678;9,3324260606211
1270;10,683;7,12563482509601
1271;10,687;5,59382456007709
1272;10,691;4,40003638541606
1273;10,696;3,3864032740574
1274;10,700;2,72981190236265
1275;10,705;2,04971177158779
1276;10,709;1,73059119606817
1277;10,714;1,39953903930688
1278;10,718;1,18091151767744
1279;10,722;0,947910969139733
1280;10,727;0,826311223680133
1281;10,731;0,69100787996278
1282;10,736;0,610007013249568
1283;10,740;0,581457850212583
1284;10,745;0,434931732060001
1285;10,749;0,378935994351597
1286;10,754;0,426032268823645
1287;10,758;0,376848952088204
1288;10,762;0,280963142439847
1289;10,767;0,276828436068973
1290;10,771;0,24371140694607
1291;10,776;0,28726364738594
1292;10,780;0,176926054517482
1293;10,785;0,170192389856345
1294;10,789;0,194134308651499
1295;10,794;0,174878390410001
1296;10,798;0,148652538571888
1297;10,802;0,148337513324584
1298;10,807;0,120851560497252
1299;10,811;0,15148776579763
1300;10,816;0,11380287058881
1301;10,820;0,139792453491445
1302;10,825;0,119788350287598
1303;10,829;0,106202886497585
1304;10,834;0,044615450649523
1305;10,838;0,12530129211543
1306;10,842;0,102895121400886
1307;10,847;0,0429221899452604
1308;10,851;0,061705570315801
1309;10,856;0,0820246987669518
1310;10,860;0,0514672497783994
1311;10,865;0,0373304918056026
1312;10,869;0,0289035664402029
1313;10,874;0,0990360621214036
1314;10,878;0,0401263408754315
1315;10,882;0,0660765456221532
1316;10,887;0,0737159078692913
1317;10,891;0,181808945850704
1318;10,896;0,374210615642027
1319;10,900;0,946178330279557
1320;10,905;1,98091813320764
1321;10,909;3,88855351826103
1322;10,913;6,98647242209918
1323;10,918;11,7057868956585
1324;10,922;17,8686651868356
1325;10,927;25,7154321811679
1326;10,931;34,5942218856703
1327;10,936;44,1357065760339
1328;10,940;53,1212110830607
1329;10,945;60,9043429774375
1330;10,949;64,0153748071947
1331;10,953;64,5808845042625
1332;10,958;61,1939693141782
1333;10,962;54,4638093089173
1334;10,967;45,8546024597959
1335;10,971;36,6212124612962
1336;10,976;28,3558950477637
1337;10,980;21,7674176474781
1338;10,985;16,2702270820117
1339;10,989;12,3655678979822
1340;10,993;9,37881352828671
1341;10,998;7,3477276244458
1342;11,002;5,6645871062529
1343;11,007;4,72699321396239
1344;11,011;3,76065326785534
1345;11,016;3,01971388619477
1346;11,020;2,66913016410059
1347;11,025;2,27074136072793
1348;11,029;1,96201661836936
1349;11,033;1,60438420636674
1350;11,038;1,45069126383798
1351;11,042;1,20162442768773
1352;11,047;1,13515410050644
1353;11,051;1,03265276066469
1354;11,056;0,902822980619253
1355;11,060;0,818396214341603
1356;11,065;0,748499987595881
1357;11,069;0,714398504575151
1358;11,073;0,582206035174932
1359;11,078;0,5336527689341
1360;11,082;0,520776111950522
1361;11,087;0,487816595451272
1362;11,091;0,485414527940574
1363;11,096;0,397128702383442
1364;11,100;0,430206353350431
1365;11,104;0,351016881809222
1366;11,109;0,387205407093345
1367;11,113;0,333454224271987
1368;11,118;0,38011733902899
1369;11,122;0,284113394912894
1370;11,127;0,331721585411811
1371;11,131;0,287736185256897
1372;11,136;0,296950673740559
1373;11,140;0,269385964601401
1374;11,144;0,242530062268678
1375;11,149;0,249263726929815
1376;11,153;0,237410901999977
1377;11,158;0,196930157721328
1378;11,162;0,193346745533237
1379;11,167;0,20756225981786
1380;11,171;0,172988238926173
1381;11,176;0,21752493326387
1382;11,180;0,140028722426923
1383;11,184;0,190511518307495
1384;11,189;0,195197518861152
1385;11,193;0,190905299866626
1386;11,198;0,464977265021684
1387;11,202;0,758974577068761
1388;11,207;1,49286526882089
1389;11,211;2,91047888169187
1390;11,216;4,98425070654256
1391;11,220;8,00148376891481
1392;11,224;11,5885975036612
1393;11,229;16,0821963875267
1394;11,233;21,0191145506618
1395;11,238;25,4119053553898
1396;11,242;28,2980485367274
1397;11,247;30,298025697397
1398;11,251;30,316572808832
1399;11,256;28,5234491011739
1400;11,260;25,1619328216536
1401;11,264;21,2288032308989
1402;11,269;17,4941395459462
1403;11,273;13,792317243025
1404;11,278;10,5661043072221
1405;11,282;8,09713330962768
1406;11,287;6,18445752061742
1407;11,291;4,75424289785425
1408;11,295;3,72710307901739
1409;11,300;2,85542821972538
1410;11,304;2,33725106606513
1411;11,309;1,80855994477607
1412;11,313;1,55216877162599
1413;11,318;1,27636416761076
1414;11,322;1,09794174316858
1415;11,327;0,954684011956783
1416;11,331;0,842023107889453
1417;11,335;0,758659551821456
1418;11,340;0,679036920565203
1419;11,344;0,640918865641338
1420;11,349;0,752398425031276
1421;11,353;1,0104041025738
1422;11,358;1,61092098024831
1423;11,362;2,84034638601067
1424;11,367;5,24209887146143
1425;11,371;8,53986191655848
1426;11,375;13,6443341331037
1427;11,380;20,3607511619509
1428;11,384;29,0934479080158
1429;11,389;38,4397744576742
1430;11,393;47,6717862207169
1431;11,398;55,3728146600149
1432;11,402;60,1170555062672
1433;11,407;61,5988555132765
1434;11,411;59,1812336309928
1435;11,415;53,2745496221863
1436;11,420;44,9833607602189
1437;11,424;36,2632650240463
1438;11,429;28,3862162278168
1439;11,433;21,7198488351351
1440;11,438;16,625733073595
1441;11,442;12,5906534371814
1442;11,447;9,4687926145481
1443;11,451;7,37127576168183
1444;11,455;5,83950487481881
1445;11,460;4,86914835680862
1446;11,464;3,90288716701339
1447;11,469;3,23582120584577
1448;11,473;2,68551147696043
1449;11,478;2,3100801384851
1450;11,482;2,02297400372281
1451;11,487;1,76221185526638
1452;11,491;1,4883761590468
1453;11,495;1,42812758049978
1454;11,500;1,24486164288029
1455;11,504;1,09644537324388
1456;11,509;0,985320217257162
1457;11,513;0,912706897753437
1458;11,518;0,769409788385728
1459;11,522;0,748972525466838
1460;11,526;0,72664511106412
1461;11,531;0,639107470469336
1462;11,535;0,561020587293693
1463;11,540;0,577086874906231
1464;11,544;0,517665237633389
1465;11,549;0,460133751844374
1466;11,553;0,412328670565892
1467;11,558;0,420361814372161
1468;11,562;0,381219927394556
1469;11,566;0,374407506421593
1470;11,571;0,355702882362878
1471;11,575;0,277537242875409
1472;11,580;0,354245890594094
1473;11,584;0,319593113390581
1474;11,589;0,275489578767928
1475;11,593;0,257139358112432
1476;11,598;0,242845087515983
1477;11,602;0,23642644810215
1478;11,606;0,163458725195207
1479;11,611;0,20807417584473
1480;11,615;0,186455568248448
1481;11,620;0,187400643990362
1482;11,624;0,156606926066331
1483;11,629;0,181297029823834
1484;11,633;0,192126022699932
1485;11,638;0,184092878893663
1486;11,642;0,143415243835448
1487;11,646;0,157118842093201
1488;11,651;0,16412815384573
1489;11,655;0,101359373320276
1490;11,660;0,120969694964991
1491;11,664;0,0937987673849636
1492;11,669;0,112306500664113
1493;11,673;0,170310524324084
1494;11,678;0,154834909050242
1495;11,682;0,223549791118572
1496;11,686;0,384645826958994
1497;11,691;0,722352892069594
1498;11,695;1,37224997725912
1499;11,700;2,64487322005813
1500;11,704;4,69115909208149
1501;11,709;7,77596507000058
1502;11,713;11,6408523165578
1503;11,717;16,3419347039294
1504;11,722;20,9222442871156
1505;11,726;24,6734467975518
1506;11,731;27,8194858079157
1507;11,735;28,4755258854277
1508;11,740;27,614561884544
1509;11,744;25,5842241656655
1510;11,749;22,3422599674973
1511;11,753;18,4134225957372
1512;11,757;14,816700590948
1513;11,762;11,5448877505977
1514;11,766;8,98385062447849
1515;11,771;6,62462654741386
1516;11,775;5,13558095971654
1517;11,780;4,0627231018646
1518;11,784;3,16261721400334
1519;11,789;2,47027047673952
1520;11,793;2,1009033742748
1521;11,797;1,66774365923089
1522;11,802;1,41678667159681
1523;11,806;1,14054890786653
1524;11,811;1,01410564922963
1525;11,815;0,819616937174909
1526;11,820;0,723219211499682
1527;11,824;0,658914682893617
1528;11,829;0,634224579136114
1529;11,833;0,517704615789302
1530;11,837;0,469978290822645
1531;11,842;0,43875141318357
1532;11,846;0,431545210651476
1533;11,851;0,365271774249758
1534;11,855;0,354482159529573
1535;11,860;0,325460458621631
1536;11,864;0,314513331277794
1537;11,869;0,261510333418784
1538;11,873;0,25902950959626
1539;11,877;0,226896934371184
1540;11,882;0,249539374021207
1541;11,886;0,251193256569556
1542;11,891;0,239537322419284
1543;11,895;0,238789137456935
1544;11,900;0,248751810902945
1545;11,904;0,22288036246805
1546;11,908;0,208271066624296
1547;11,913;0,213390226892997
1548;11,917;0,225164295511008
1549;11,922;0,184211013361402
1550;11,926;0,249027457994337
1551;11,931;0,193228611065498
1552;11,935;0,191377837737583
1553;11,940;0,193071098441846
1554;11,944;0,162907431012424
1555;11,948;0,185037954635577
1556;11,953;0,186731215339839
1557;11,957;0,145502286098842
1558;11,962;0,133925108260395
1559;11,966;0,123804922190733
1560;11,971;0,148219378856844
1561;11,975;0,202718746640551
1562;11,980;0,154244236711546
1563;11,984;0,119748972131685
1564;11,988;0,142903327808578
1565;11,993;0,106714802524455
1566;11,997;0,130814233943262
1567;12,002;0,144517832201014
1568;12,006;0,129042216927173
1569;12,011;0,112857794846896
1570;12,015;0,116756232282291
1571;12,020;0,0911604309387871
1572;12,024;0,0848205478367807
1573;12,028;0,108486819540544
1574;12,033;0,0821822113906041
1575;12,037;0,145541664254755
1576;12,042;0,266629493687485
1577;12,046;0,51270358998834
1578;12,051;1,16579030580682
1579;12,055;2,15197684249407
1580;12,060;3,91954412696463
1581;12,064;6,45715125031552
1582;12,068;9,96586307663895
1583;12,073;14,1461299739041
1584;12,077;18,5921206672707
1585;12,082;22,4875259846606
1586;12,086;25,7699709271075
1587;12,091;27,368566544555
1588;12,095;27,2866993584117
1589;12,099;25,2424217723399
1590;12,104;22,3889230822543
1591;12,108;19,0093322291698
1592;12,113;15,0687995451035
1593;12,117;12,0361302456134
1594;12,122;9,08450119099233
1595;12,126;6,91374096812771
1596;12,131;5,37291310540469
1597;12,135;4,05248478132719
1598;12,139;3,18238504827171
1599;12,144;2,55607547847413
1600;12,148;2,09314587755992
1601;12,153;1,62966498246294
1602;12,157;1,32109775272802
1603;12,162;1,2024513689619
1604;12,166;1,0369056015033
1605;12,171;0,823042836739347
1606;12,175;0,782640848772524
1607;12,179;0,707901108849492
1608;12,184;0,686046232317731
1609;12,188;0,555507645465861
1610;12,193;0,478917132214915
1611;12,197;0,420204301748508
1612;12,202;0,46403218927977
1613;12,206;0,462023903328202
1614;12,211;0,402877913146752
1615;12,215;0,443949329764097
1616;12,219;0,285609764837591
1617;12,224;0,286476084267679
1618;12,228;0,277852268122713
1619;12,233;0,274898906429232
1620;12,237;0,282577646832283
1621;12,242;0,2820263526495
1622;12,246;0,202403721393246
1623;12,251;0,167002759227385
1624;12,255;0,199686628635244
1625;12,259;0,153259782813719
1626;12,264;0,163852506754338
1627;12,268;0,17881620600131
1628;12,273;0,169601717517648
1629;12,277;0,10691169330402
1630;12,282;0,223431656650833
1631;12,286;0,121717879927339
1632;12,290;0,151290875018065
1633;12,295;0,111282668610372
1634;12,299;0,178894962313136
1635;12,304;0,161292926619988
1636;12,308;0,187715669237666
1637;12,313;0,109195626346979
1638;12,317;0,14369089092684
1639;12,322;0,15786702705555
1640;12,326;0,13526396556144
1641;12,330;0,130026670825
1642;12,335;0,1080536598255
1643;12,339;0,163183078103816
1644;12,344;0,16298618732425
1645;12,348;0,144872235604232
1646;12,353;0,0465449802892641
1647;12,357;0,0986422805622728
1648;12,362;0,0423708957624773
1649;12,366;0,106321020965324
1650;12,370;0,111440181234025
1651;12,375;0,12632512416917
1652;12,379;0,0978547174440112
1653;12,384;0,0789138244498183
1654;12,388;0,0729283447510296
1655;12,393;0,0641470159824121
1656;12,397;0,0921448848366141
1657;12,402;0,0392206432894306
1658;12,406;0,0653283606598046
1659;12,410;0,0815521608959948
1660;12,415;0,0472144089397865
1661;12,419;0,0643045286060645
1662;12,424;0,0430797025689128
1663;12,428;0,0392600214453437
1664;12,433;0,0309512305476832
1665;12,437;0,0335501888379467
1666;12,442;0,0781262613315566
1667;12,446;0,0805677069981677
1668;12,450;0,0515853842461387
1669;12,455;0,0448517195850015
1670;12,459;0,0711563277349409
1671;12,464;0,0312268776390748
1672;12,468;0,0209491789457601
1673;12,473;0,0651314698802392
1674;12,477;0,0224061707145442
1675;12,482;0,0496164764504845
1676;12,486;0,0367398194669064
1677;12,490;0,048435131773092
1678;12,495;0,0433159715043913
1679;12,499;0,0703687646166792
1680;12,504;0,0512309808429209
1681;12,508;0,0553263090578816
1682;12,513;0,0201222376715854
1683;12,517;0,066430949025371
1684;12,521;0,110258836556632
1685;12,526;0,187243131366709
1686;12,530;0,400357711168314
1687;12,535;0,890103836259327
1688;12,539;1,94543841472995
1689;12,544;3,9673098300872
1690;12,548;7,52796144405998
1691;12,553;12,9595480017752
1692;12,557;21,4333333727115
1693;12,561;32,2047947630203
1694;12,566;45,5400497503622
1695;12,570;59,5253593355173
1696;12,575;73,9316214073832
1697;12,579;85,986101873652
1698;12,584;95,0456766919514
1699;12,588;97,218720847859
1700;12,593;93,9815607847121
1701;12,597;83,683227937699
1702;12,601;70,0709476235086
1703;12,606;55,5511583281453
1704;12,610;42,8867496049387
1705;12,615;31,9423393538596
1706;12,619;23,8464267670652
1707;12,624;18,1037921557926
1708;12,628;13,7190344948708
1709;12,633;10,6986511800255
1710;12,637;8,47091076555467
1711;12,641;6,82120230173197
1712;12,646;5,75177034344446
1713;12,650;4,91132236179153
1714;12,655;3,96963314128607
1715;12,659;3,45972540036756
1716;12,664;2,97553159526029
1717;12,668;2,61577276283836
1718;12,673;2,32969046012981
1719;12,677;2,07314177435608
1720;12,681;1,87290385153805
1721;12,686;1,67837576132742
1722;12,690;1,51357817883117
1723;12,695;1,40607581318845
1724;12,699;1,26073103971326
1725;12,704;1,17760375258075
1726;12,708;1,06722678155637
1727;12,712;1,03320405484747
1728;12,717;1,01024658995014
1729;12,721;0,865531866969564
1730;12,726;0,826823139707003
1731;12,730;0,780435672041391
1732;12,735;0,680139508930769
1733;12,739;0,644305387049863
1734;12,744;0,622647401297668
1735;12,748;0,616622543442966
1736;12,752;0,540583324374803
1737;12,757;0,519240363869912
1738;12,761;0,472025954930125
1739;12,766;0,492975133875886
1740;12,770;0,431820857742868
1741;12,775;0,466867416505512
1742;12,779;0,465134777645336
1743;12,784;0,409808468587454
1744;12,788;0,479507804553611
1745;12,792;0,518413422595737
1746;12,797;0,583348001696411
1747;12,801;0,546214400670374
1748;12,806;0,693882485344435
1749;12,810;0,679036920565203
1750;12,815;0,718848236193329
1751;12,819;0,66954678499015
1752;12,824;0,703845158790445
1753;12,828;0,575826773917012
1754;12,832;0,586498254169458
1755;12,837;0,618237047835403
1756;12,841;0,77019735150399
1757;12,846;0,897506929570987
1758;12,850;1,38020436475356
1759;12,855;2,40049238446154
1760;12,859;3,8665017509497
1761;12,864;6,11176544480187
1762;12,868;9,32140017696543
1763;12,872;13,1298979042552
1764;12,877;17,1242999056106
1765;12,881;21,0028119941138
1766;12,886;23,450991325386
1767;12,890;24,5773247189679
1768;12,895;24,4143385316437
1769;12,899;22,2273545085429
1770;12,903;19,7153038083796
1771;12,908;16,4000568620571
1772;12,912;13,3966849105663
1773;12,917;10,2589153129441
1774;12,921;8,06177172561774
1775;12,926;6,0378132679971
1776;12,930;4,78787184300402
1777;12,935;3,52761334116171
1778;12,939;2,86495773345635
1779;12,943;2,27621492439985
1780;12,948;1,9615440804984
1781;12,952;1,54653769533042
1782;12,957;1,36870594322694
1783;12,961;1,24301086955238
1784;12,966;1,0754174379863
1785;12,970;1,02174501147676
1786;12,975;1,05427136826097
1787;12,979;1,28360974829877
1788;12,983;1,83789667093132
1789;12,988;2,82459512364544
1790;12,992;4,72919839069352
1791;12,997;7,52355109059772
1792;13,001;11,4932629881956
1793;13,006;16,1085797519885
1794;13,010;21,1656406688144
1795;13,015;26,3969499255556
1796;13,019;30,1966269459208
1797;13,023;32,688319139477
1798;13,028;32,6340954187847
1799;13,032;30,5800914282024
1800;13,037;26,772814423746
1801;13,041;22,1423764480825
1802;13,046;17,8446051335727
1803;13,050;13,7531359778915
1804;13,055;10,6390326519731
1805;13,059;8,17325128500767
1806;13,063;6,20583985927822
1807;13,068;4,72620565084413
1808;13,072;3,87559810496563
1809;13,077;3,13544628642332
1810;13,081;2,46546634171812
1811;13,086;2,24904399681982
1812;13,090;1,9329555393055
1813;13,094;1,65919859939775
1814;13,099;1,37945617979121
1815;13,103;1,2734895622291
1816;13,108;1,22958291838602
1817;13,112;0,947320296801037
1818;13,117;0,958031155209395
1819;13,121;0,844937091427021
1820;13,126;0,789689538680966
1821;13,130;0,674862836038416
1822;13,134;0,709318722462363
1823;13,139;0,721210925548115
1824;13,143;0,734008826219866
1825;13,148;0,773977654471646
1826;13,152;0,740348709321873
1827;13,157;0,649739572565869
1828;13,161;0,534400953896449
1829;13,166;0,44564259046836
1830;13,170;0,459464323193852
1831;13,174;0,403429207329535
1832;13,179;0,403389829173622
1833;13,183;0,376848952088204
1834;13,188;0,382834431786993
1835;13,192;0,322152693524932
1836;13,197;0,3690126990615
1837;13,201;0,306322674847872
1838;13,206;0,321483264874409
1839;13,210;0,335265619443988
1840;13,214;0,318963062895972
1841;13,219;0,265330014542353
1842;13,223;0,284389042004285
1843;13,228;0,249618130333033
1844;13,232;0,204096982097509
1845;13,237;0,227448228553967
1846;13,241;0,215319756532738
1847;13,246;0,238631624833283
1848;13,250;0,217013017237
1849;13,254;0,247570466225553
1850;13,259;0,262061627601567
1851;13,263;0,17767423947983
1852;13,268;0,211736344344647
1853;13,272;0,201773670898637
1854;13,277;0,193976796027847
1855;13,281;0,150148908496585
1856;13,285;0,203663822382465
1857;13,290;0,212011991436039
1858;13,294;0,173854558356261
1859;13,299;0,155661850324417
1860;13,303;0,162238002361902
1861;13,308;0,139831831647358
1862;13,312;0,173697045732609
1863;13,317;0,185628626974273
1864;13,321;0,198584040269677
1865;13,325;0,24587720552129
1866;13,330;0,293170370772903
1867;13,334;0,637689856856466
1868;13,339;1,12231682167878
1869;13,343;2,13272092425257
1870;13,348;3,91052652926053
1871;13,352;6,56933961651189
1872;13,357;10,5375157660292
1873;13,361;15,355826923554
1874;13,365;21,1008242241814
1875;13,370;27,1698643698176
1876;13,374;32,2079450154933
1877;13,379;35,6632994405545
1878;13,383;36,7159169262672
1879;13,388;34,7471272650808
1880;13,392;30,7235460501938
1881;13,397;25,2070208101741
1882;13,401;20,1792178631916
1883;13,405;15,4814038627608
1884;13,410;11,819274741
1885;13,414;9,05177794342855
1886;13,419;6,71511754970212
1887;13,423;5,23875172820882
1888;13,428;4,35868932170733
1889;13,432;3,49981236308707
1890;13,437;2,86050800183817
1891;13,441;2,46333992129882
1892;13,445;2,06069827708754
1893;13,450;1,76953619226621
1894;13,454;1,57107028646427
1895;13,459;1,47404251029443
1896;13,463;1,30239312866931
1897;13,468;1,17307526465074
1898;13,472;0,977090182671328
1899;13,477;0,946926515241906
1900;13,481;0,866437564555564
1901;13,485;0,775395268084517
1902;13,490;0,723809883838378
1903;13,494;0,723022320720116
1904;13,499;0,686479392032775
1905;13,503;0,618355182303142
1906;13,508;0,622214241582624
1907;13,512;0,634460848071593
1908;13,516;0,575866152072925
1909;13,521;0,596500305771381
1910;13,525;0,498724344639196
1911;13,530;0,526485944557919
1912;13,534;0,45765292802185
1913;13,539;0,486083956591096
1914;13,543;0,499236260666066
1915;13,548;0,400672736415619
1916;13,552;0,399845795141444
1917;13,556;0,326366156207632
1918;13,561;0,391458247931958
1919;13,565;0,280766251660282
1920;13,570;0,327547500885024
1921;13,574;0,299116472315778
1922;13,579;0,314631465745533
1923;13,583;0,261785980510176
1924;13,588;0,312662557949879
1925;13,592;0,279742419606541
1926;13,596;0,329910190239809
1927;13,601;0,283128941015067
1928;13,605;0,387835457587954
1929;13,610;0,239734213198849
1930;13,614;0,281081276907586
1931;13,619;0,218903168720828
1932;13,623;0,278127915214105
1933;13,628;0,226581909123879
1934;13,632;0,226188127564749
1935;13,636;0,263557997526264
1936;13,641;0,269031561198183
1937;13,645;0,303290556842565
1938;13,650;0,434104790785827
1939;13,654;0,665372700463363
1940;13,659;1,19556019167711
1941;13,663;2,16477474316582
1942;13,668;3,8198386361927
1943;13,672;6,46904345340127
1944;13,676;9,90380310291993
1945;13,681;14,5073457980948
1946;13,685;19,59823255085
1947;13,690;24,2964403328399
1948;13,694;27,2835884840946
1949;13,699;28,7554258176579
1950;13,703;28,2845024510933
1951;13,707;26,0494376996226
1952;13,712;22,7615979498157
1953;13,716;19,2725358232929
1954;13,721;15,0213488672283
1955;13,725;11,8519586104079
1956;13,730;9,20220249901653
1957;13,734;7,13772391896133
1958;13,739;5,53507235145477
1959;13,743;4,16187729845374
1960;13,747;3,25791235131301
1961;13,752;2,7483196356418
1962;13,756;2,25672273722287
1963;13,761;1,98426527646025
1964;13,765;1,58040290941567
1965;13,770;1,46620625726773
1966;13,774;1,24954764343395
1967;13,779;1,10054070145884
1968;13,783;0,982327477407768
1969;13,787;0,923811537720926
1970;13,792;0,826941274174742
1971;13,796;0,744286524913181
1972;13,801;0,642612126345601
1973;13,805;0,637650478700552
1974;13,810;0,582678573045889
1975;13,814;0,584804993465195
1976;13,819;0,557870334820646
1977;13,823;0,511443488999122
1978;13,827;0,427410504280602
1979;13,832;0,475333720026824
1980;13,836;0,397010567915702
1981;13,841;0,43619183304922
1982;13,845;0,403783610732753
1983;13,850;0,362475925179929
1984;13,854;0,368933942749674
1985;13,859;0,365468665029323
1986;13,863;0,297620102391081
1987;13,867;0,347984763803914
1988;13,872;0,371336010260372
1989;13,876;0,367673841760456
1990;13,881;0,330658375202158
1991;13,885;0,324121601320586
1992;13,890;0,285964168240808
1993;13,894;0,273520670972274
1994;13,898;0,296281245090036
1995;13,903;0,288838773622464
1996;13,907;0,306834590874742
1997;13,912;0,257257492580171
1998;13,916;0,308055313708048
1999;13,921;0,285058470654808
2000;13,925;0,226660665435706
2001;13,930;0,265684417945571
2002;13,934;0,274347612246449
2003;13,938;0,268559023327226
2004;13,943;0,244144566661114
2005;13,947;0,162356136829641
2006;13,952;0,206892831167338
2007;13,956;0,229062732946404
2008;13,961;0,258714484348955
2009;13,965;0,207601637973773
2010;13,970;0,158339564926507
2011;13,974;0,217682445887523
2012;13,978;0,27844294046141
2013;13,983;0,226109371252922
2014;13,987;0,201694914586811
2015;13,992;0,17038928063591
2016;13,996;0,170743684039128
2017;14,001;0,188306341576363
2018;14,005;0,183305315775401
2019;14,010;0,183187181307662
2020;14,014;0,216658613833782
2021;14,018;0,273323780192709
2022;14,023;0,265841930569223
2023;14,027;0,261195308171479
2024;14,032;0,23221298541945
2025;14,036;0,25276838280608
2026;14,041;0,22851143876362
2027;14,045;0,227526984865793
2028;14,050;0,21496535312952
2029;14,054;0,219296950279959
2030;14,058;0,208625470027514
2031;14,063;0,226542530967966
2032;14,067;0,23118915336571
2033;14,072;0,14727430311493
2034;14,076;0,199568494167504
2035;14,081;0,184998576479664
2036;14,085;0,206459671452294
2037;14,089;0,1908265435548
2038;14,094;0,196930157721328
2039;14,098;0,191653484828975
2040;14,103;0,264581829580004
2041;14,107;0,276631545289408
2042;14,112;0,513176127859297
2043;14,116;0,908493435070737
2044;14,121;1,6364774034359
2045;14,125;3,0920515586071
2046;14,129;5,41185810160273
2047;14,134;9,10163068881452
2048;14,138;14,5329022212824
2049;14,143;22,1354852707977
2050;14,147;31,9600989021764
2051;14,152;43,9125899446304
2052;14,156;57,7104988857951
2053;14,161;71,7256571131323
2054;14,165;85,2152744716534
2055;14,169;95,2778896773708
2056;14,174;100
2057;14,178;97,2787331574705
2058;14,183;86,84962545467
2059;14,187;74,0348315540314
2060;14,192;59,7821442902265
2061;14,196;47,0489025504838
2062;14,201;35,8179768369811
2063;14,205;27,3158785719433
2064;14,209;20,8247439730748
2065;14,214;16,3269316265265
2066;14,218;12,8011690586927
2067;14,223;10,3347576412327
2068;14,227;8,50127132376366
2069;14,232;7,08590226577971
2070;14,236;6,06537797713626
2071;14,241;5,10183388009903
2072;14,245;4,46583728394683
2073;14,249;4,09040594547149
2074;14,254;3,65326903668036
2075;14,258;3,19341093192738
2076;14,263;2,85074221917173
2077;14,267;2,64038411028404
2078;14,272;2,42935657274583
2079;14,276;2,28401179927064
2080;14,281;2,05648481440484
2081;14,285;1,90704471271469
2082;14,289;1,8086387010879
2083;14,294;1,69129179646691
2084;14,298;1,62887741934468
2085;14,303;1,60930647585587
2086;14,307;1,49570049604663
2087;14,312;1,45010059149928
2088;14,316;1,31428533175506
2089;14,320;1,26301497275622
2090;14,325;1,15165354783402
2091;14,329;1,14933023663515
2092;14,334;1,10971581178659
2093;14,338;1,04836464487401
2094;14,343;0,927394949909017
2095;14,347;0,973703661262802
2096;14,352;0,95094308714504
2097;14,356;0,863051043147039
2098;14,360;0,780278159417739
2099;14,365;0,857380588695555
2100;14,369;0,748421231284055
2101;14,374;0,721525950795419
2102;14,378;0,737355969472479
2103;14,383;0,751571483757101
2104;14,387;0,690377829468171
2105;14,392;0,626585216888976
2106;14,396;0,658284632399008
2107;14,400;0,601265062636864
2108;14,405;0,638949957845684
2109;14,409;0,575551126825621
2110;14,414;0,648125068173433
2111;14,418;0,73188240580056
2112;14,423;0,869745329652263
2113;14,427;1,261754871767
2114;14,432;1,84908006721064
2115;14,436;2,9909284542223
2116;14,440;5,01673768517086
2117;14,445;7,40336895875099
2118;14,449;11,3976922037946
2119;14,454;15,3116446326195
2120;14,458;20,0645880513286
2121;14,463;23,624530858495
2122;14,467;26,2269544264788
2123;14,472;27,1204054059908
2124;14,476;25,7705222212903
2125;14,480;23,5747568694209
2126;14,485;20,21257116125
2127;14,489;17,1021693819874
2128;14,494;14,0068100582836
2129;14,498;12,0884638148219
2130;14,503;11,4056072131331
2131;14,507;11,9343377125781
2132;14,511;13,5316732290364
2133;14,516;16,1972593591048
2134;14,520;19,2567451827717
2135;14,525;22,1590727861896
2136;14,529;24,7320808717064
2137;14,534;25,771546053344
2138;14,538;25,5372066475053
2139;14,543;24,2601336730881
2140;14,547;22,5070181718376
2141;14,551;20,137831421327
2142;14,556;19,0945859367217
2143;14,560;19,5364482242224
2144;14,565;20,686014729793
2145;14,569;23,8240205963507
2146;14,574;27,2527160098587
2147;14,578;30,8125800607132
2148;14,583;34,1835470976527
2149;14,587;35,7104744713384
2150;14,591;35,1920216705868
2151;14,596;32,9150585612246
2152;14,600;28,8955726745525
2153;14,605;24,3266040002693
2154;14,609;19,264778326578
2155;14,614;15,5107405889161
2156;14,618;12,092007848854
2157;14,623;9,59358199063666
2158;14,627;7,67574766320178
2159;14,631;6,24045325832582
2160;14,636;5,33058158779813
2161;14,640;4,47627249526379
2162;14,645;3,82637541007427
2163;14,649;3,31319928221497
2164;14,654;2,98222588176551
2165;14,658;2,63018516790255
2166;14,663;2,44302079284767
2167;14,667;2,16103381835408
2168;14,671;1,95193581045561
2169;14,676;1,8173806517006
2170;14,680;1,69235500667657
2171;14,685;1,56921951313636
2172;14,689;1,52094189398692
2173;14,694;1,36736708592589
2174;14,698;1,23942745736429
2175;14,702;1,21753320267661
2176;14,707;1,10054070145884
2177;14,711;1,06427341986289
2178;14,716;1,05734286442219
2179;14,720;0,958149289677135
2180;14,725;0,850174386163461
2181;14,729;0,985320217257162
2182;14,734;0,928497538274583
2183;14,738;0,85092257112581
2184;14,742;0,784491622100439
2185;14,747;0,814537155062121
2186;14,751;0,731134220838211
2187;14,756;0,806385876788113
2188;14,760;0,699631696107745
2189;14,765;0,719438908532026
2190;14,769;0,701167444188355
2191;14,774;0,700143612134615
2192;14,778;0,577165631218057
2193;14,782;0,631389351910372
2194;14,787;0,591459901814506
2195;14,791;0,609928256937742
2196;14,796;0,572400874352574
2197;14,800;0,536409239848016
2198;14,805;0,534085928649144
2199;14,809;0,556492099363688
2200;14,814;0,622647401297668
2201;14,818;0,540504568062977
2202;14,822;0,616858812378445
2203;14,827;0,518059019192519
2204;14,831;0,539323223385584
2205;14,836;0,562201931971085
2206;14,840;0,575472370513794
2207;14,845;0,593231918830595
2208;14,849;0,636429755867247
2209;14,854;0,709082453526885
2210;14,858;0,750547651703361
2211;14,862;0,752516559499015
2212;14,867;0,822255273621085
2213;14,871;0,926686143102581
2214;14,876;1,32003454251837
2215;14,880;1,99513364749226
2216;14,885;3,18309385507815
2217;14,889;5,21922016287593
2218;14,893;7,92446009594881
2219;14,898;11,9791500540071
2220;14,902;16,8245533828002
2221;14,907;22,3300133610083
2222;14,911;28,093439638603
2223;14,916;33,3419965276342
2224;14,920;36,1728527780698
2225;14,925;36,8453923029094
2226;14,929;34,6267088642985
2227;14,933;30,492396274984
2228;14,938;25,4773124723615
2229;14,942;20,069431564506
2230;14,947;15,8580953022254
2231;14,951;12,1653693533201
2232;14,956;9,48926925562291
2233;14,960;7,5385541680006
2234;14,965;5,97933670646617
2235;14,969;5,1640513664417
2236;14,973;4,22047199445241
2237;14,978;3,65590737312654
2238;14,982;3,15643484352499
2239;14,987;2,83223448589258
2240;14,991;2,48499790705101
2241;14,996;2,21506064826683
2242;15,000;2,04569519968466
2243;15,005;1,79410816155597
2244;15,009;1,73452901165948
2245;15,013;1,61033030790961
2246;15,018;1,49664557178854
2247;15,022;1,47801970404166
2248;15,027;1,35027696625961
2249;15,031;1,2334419776655
2250;15,036;1,24525542443942
2251;15,040;1,19949800726842
2252;15,045;1,11451994680799
2253;15,049;1,10353344130824
2254;15,053;1,08683710320109
2255;15,058;1,00213468983205
2256;15,062;0,958818718327657
2257;15,067;0,938578346188332
2258;15,071;0,851119461905375
2259;15,076;0,852891478921464
2260;15,080;0,824381694040392
2261;15,084;0,810481205003074
2262;15,089;0,814930936621252
2263;15,093;0,760510325149371
2264;15,098;0,843755746749629
2265;15,102;0,677698063264158
2266;15,107;0,724715581424379
2267;15,111;0,788626328471313
2268;15,116;0,748066827880837
2269;15,120;0,718021294919155
2270;15,124;0,698135326183048
2271;15,129;0,679588214747986
2272;15,133;0,671121911226673
2273;15,138;0,636941671894117
2274;15,142;0,641115756420904
2275;15,147;0,695969527607828
2276;15,151;0,584804993465195
2277;15,156;0,632176915028634
2278;15,160;0,626467082421237
2279;15,164;0,519909792520434
2280;15,169;0,515223791966777
2281;15,173;0,556452721207775
2282;15,178;0,668011036909539
2283;15,182;0,698883511145396
2284;15,187;0,942083002064597
2285;15,191;1,33078477908264
2286;15,196;2,12815305816666
2287;15,200;3,60963803992866
2288;15,204;5,97339060492329
2289;15,209;9,07544421513232
2290;15,213;13,605231624282
2291;15,218;18,2094831262633
2292;15,222;23,157899710925
2293;15,227;26,9250897526619
2294;15,231;29,2542682967648
2295;15,236;29,7656330294521
2296;15,240;28,1442374597309
2297;15,244;25,2468715039581
2298;15,249;21,549105151096
2299;15,253;17,2919327153326
2300;15,258;13,8303171634812
2301;15,262;10,8421845583287
2302;15,267;8,29571734989736
2303;15,271;6,71472376814299
2304;15,276;5,61418306668415
2305;15,280;4,76550505044539
2306;15,284;4,62153851242716
2307;15,289;5,14361410352281
2308;15,293;6,074553087464
2309;15,298;7,87311098063816
2310;15,302;10,5786265608024
2311;15,307;13,7692022655041
2312;15,311;17,0985859697993
2313;15,315;20,0016617581795
2314;15,320;22,3320610251158
2315;15,324;23,113481151055
2316;15,329;22,7455316622032
2317;15,333;21,0190751725059
2318;15,338;18,4396484475753
2319;15,342;15,7085764442234
2320;15,347;12,8634653013472
2321;15,351;10,2281215950201
2322;15,355;8,1895932197116
2323;15,360;6,40851922776286
2324;15,364;5,17023373692005
2325;15,369;4,254179695914
2326;15,373;3,59274481104195
2327;15,378;2,99837092568988
2328;15,382;2,48507666336284
2329;15,387;2,23526164225024
2330;15,391;2,08578216240418
2331;15,395;1,83261999803897
2332;15,400;1,67274468503185
2333;15,404;1,49270775619724
2334;15,409;1,49763002568637
2335;15,413;1,38351212985026
2336;15,418;1,21698190849383
2337;15,422;1,12621525911417
2338;15,427;1,15137790074263
2339;15,431;1,07348790834655
2340;15,435;0,988273578950643
2341;15,440;0,994062167869866
2342;15,444;0,96779693787584
2343;15,449;0,936097522365808
2344;15,453;0,847811696808676
2345;15,458;0,804062565589241
2346;15,462;0,794099892143231
2347;15,467;0,799494699503323
2348;15,471;0,849977495383896
2349;15,475;0,771103049089991
2350;15,480;0,742514507897092
2351;15,484;0,788114412444442
2352;15,489;0,716839950241762
2353;15,493;0,708846184591406
2354;15,498;0,66265560770536
2355;15,502;0,684904265796252
2356;15,506;0,633318881550113
2357;15,511;0,670491860732064
2358;15,515;0,617606997340793
2359;15,520;0,692464871731564
2360;15,524;0,672027608812674
2361;15,529;0,620048443007404
2362;15,533;0,637256697141422
2363;15,538;0,616898190534358
2364;15,542;0,640721974861773
2365;15,546;0,584647480841543
2366;15,551;0,587758355158676
2367;15,555;0,546411291449939
2368;15,560;0,568699327696744
2369;15,564;0,509238312267989
2370;15,569;0,654110547872221
2371;15,573;0,553775006605686
2372;15,578;0,556058939648645
2373;15,582;0,564446486858131
2374;15,586;0,600910659233646
2375;15,591;0,563580167428043
2376;15,595;0,623513720727756
2377;15,600;0,565667209691437
2378;15,604;0,647298126899258
2379;15,609;0,680848315737204
2380;15,613;0,882661364791755
2381;15,618;1,25084712257908
2382;15,622;1,80962315498573
2383;15,626;2,97694920887316
2384;15,631;4,91841042985589
2385;15,635;7,79293705519912
2386;15,640;11,6479797627781
2387;15,644;16,792460185731
2388;15,649;23,2327969634716
2389;15,653;30,9955703512413
2390;15,658;39,5431897645147
2391;15,662;48,5659460070353
2392;15,666;57,54424431153
2393;15,671;64,7947078908705
2394;15,675;69,8023098438696
2395;15,680;70,1318262525502
2396;15,684;65,4728784920056
2397;15,689;55,8760281144282
2398;15,693;45,3525309719041
2399;15,697;35,2583344851444
2400;15,702;26,9919932395582
2401;15,706;20,472151965029
2402;15,711;15,9491769768523
2403;15,715;12,8770507651373
2404;15,720;10,3714974606996
2405;15,724;8,65488550998059
2406;15,729;7,72709677851244
2407;15,733;6,51039051711001
2408;15,737;5,55818732897575
2409;15,742;5,05355626094959
2410;15,746;4,42149748038869
2411;15,751;4,08237280166522
2412;15,755;3,6272006974659
2413;15,760;3,43204255676066
2414;15,764;3,12697998290201
2415;15,769;2,98955021876535
2416;15,773;2,77994029484
2417;15,777;2,59131892801634
2418;15,782;2,38584371046187
2419;15,786;2,28802837117377
2420;15,791;2,16571981890774
2421;15,795;2,02580923094855
2422;15,800;2,00261549711575
2423;15,804;1,81958582843174
2424;15,809;1,84348836907098
2425;15,813;1,66451465044602
2426;15,817;1,605171769485
2427;15,822;1,59761116354969
2428;15,826;1,59288578484012
2429;15,831;1,5097584977076
2430;15,835;1,39745199704349
2431;15,840;1,4474622550531
2432;15,844;1,44635966668754
2433;15,849;1,35870389162501
2434;15,853;1,2226129847894
2435;15,857;1,25628130809509
2436;15,862;1,20627105008547
2437;15,866;1,29483252273399
2438;15,871;1,15574887604898
2439;15,875;1,07057392480899
2440;15,880;1,11077902199624
2441;15,884;1,1314131756947
2442;15,888;1,04734081282027
2443;15,893;1,0302900713099
2444;15,897;1,13728052092575
2445;15,902;1,01048285888562
2446;15,906;0,976893291891762
2447;15,911;0,960827004279224
2448;15,915;0,962165861580269
2449;15,920;0,959763794069571
2450;15,924;0,996700504316043
2451;15,928;0,921882008081185
2452;15,933;0,965434248521055
2453;15,937;0,893293466888287
2454;15,942;0,902192930124644
2455;15,946;0,927158680973538
2456;15,951;0,833871829615445
2457;15,955;0,817923676470646
2458;15,960;0,854033445442943
2459;15,964;0,813001406981511
2460;15,968;0,755312408568844
2461;15,973;0,776379721982344
2462;15,977;0,867894556324349
2463;15,982;0,83202105628753
2464;15,986;0,814497776906208
2465;15,991;0,778466764245737
2466;15,995;0,823751643545782
2467;16,000;0,750547651703361
2468;16,004;0,716918706553588
2469;16,008;0,748972525466838
2470;16,013;0,834974417981011
2471;16,017;0,880495566216535
2472;16,022;0,911879956479262
2473;16,026;1,28463358035251
2474;16,031;1,76689785582003
2475;16,035;2,65818303675675
2476;16,040;4,21358081716762
2477;16,044;6,54335003360926
2478;16,048;9,63170004556053
2479;16,053;13,7444727835907
2480;16,057;18,4951716474127
2481;16,062;23,3512464564582
2482;16,066;27,6925306332519
2483;16,071;30,8307727687451
2484;16,075;32,577784655829
2485;16,079;32,4868211156698
2486;16,084;30,2363595052371
2487;16,088;26,4108504145929
2488;16,093;22,14981891955
2489;16,097;17,9381282538662
2490;16,102;14,6439092428014
2491;16,106;11,7547733216144
2492;16,111;9,47950347295646
2493;16,115;7,82377015127906
2494;16,119;6,39906847034372
2495;16,124;5,42060005221543
2496;16,128;4,54144334329995
2497;16,133;4,05161846189711
2498;16,137;3,77006464711856
2499;16,142;3,21668342207201
2500;16,146;2,87208517967662
2501;16,151;2,59403602077434
2502;16,155;2,59789508005382
2503;16,159;2,25372999737348
2504;16,164;2,01742168373907
2505;16,168;2,02128074301855
2506;16,173;1,89853903103747
2507;16,177;1,7090119666278
2508;16,182;1,63868258016703
2509;16,186;1,54830971234651
2510;16,191;1,49684246256811
2511;16,195;1,44332754868223
2512;16,199;1,41477838564524
2513;16,204;1,390875845006
2514;16,208;1,24470413025664
2515;16,213;1,20292390683286
2516;16,217;1,22454251442914
2517;16,222;1,1061323995985
2518;16,226;1,14763697593089
2519;16,231;1,07171589133047
2520;16,235;1,05494079691149
2521;16,239;1,09664226402345
2522;16,244;0,955589709542784
2523;16,248;1,01390875845006
2524;16,253;0,986895343493685
2525;16,257;0,966654971354361
2526;16,262;0,896049937802203
2527;16,266;0,896995013544117
2528;16,271;0,93586125343033
2529;16,275;0,897073769855943
2530;16,279;0,94109854816677
2531;16,284;0,887268609033585
2532;16,288;0,837179594712144
2533;16,293;0,772048124831905
2534;16,297;0,895183618372115
2535;16,302;0,908099653511606
2536;16,306;0,856593025577294
2537;16,310;0,847102890002241
2538;16,315;0,801581741766717
2539;16,319;0,839384771443276
2540;16,324;0,837809645206753
2541;16,328;0,689196484790778
2542;16,333;0,751453349289362
2543;16,337;0,826035576588741
2544;16,342;0,746767348735705
2545;16,346;0,699592317951832
2546;16,350;0,749287550714143
2547;16,355;0,735741465080042
2548;16,359;0,722864808096464
2549;16,364;0,677934332199636
2550;16,368;0,760431568837545
2551;16,373;0,727590186806034
2552;16,377;0,856396134797728
2553;16,382;0,821625223126476
2554;16,386;0,819144399303952
2555;16,390;0,822215895465172
2556;16,395;0,806700902035418
2557;16,399;0,820128853201779
2558;16,404;0,840999275835713
2559;16,408;0,771496830649121
2560;16,413;0,794178648455057
2561;16,417;0,696166418387394
2562;16,422;0,71451663904289
2563;16,426;0,671279423850325
2564;16,430;0,71451663904289
2565;16,435;0,728377749924296
2566;16,439;0,715894874499848
2567;16,444;0,583741783255542
2568;16,448;0,707389192822622
2569;16,453;0,656630749850658
2570;16,457;0,668444196624583
2571;16,462;0,637807991324205
2572;16,466;0,637571722388726
2573;16,470;0,609495097222698
2574;16,475;0,615441198765574
2575;16,479;0,641391403512295
2576;16,484;0,677894954043723
2577;16,488;0,681438988075901
2578;16,493;0,631625620845851
2579;16,497;0,668995490807366
2580;16,501;0,667971658753626
2581;16,506;0,691322905210084
2582;16,510;0,826114332900567
2583;16,515;0,809378616637507
2584;16,519;0,778821167648955
2585;16,524;0,783310277423046
2586;16,528;0,775119620993125
2587;16,533;0,647061857963779
2588;16,537;0,699041023769049
2589;16,541;0,689038972167126
2590;16,546;0,613314778346267
2591;16,550;0,595279582938075
2592;16,555;0,636350999555421
2593;16,559;0,61603187110427
2594;16,564;0,64489605938856
2595;16,568;0,629814225673849
2596;16,573;0,615165551674182
2597;16,577;0,584017430346933
2598;16,581;0,577598790933101
2599;16,586;0,650251488592739
2600;16,590;0,579016404545972
2601;16,595;0,558342872691603
2602;16,599;0,567557361175265
2603;16,604;0,665372700463363
2604;16,608;0,613747938061311
2605;16,613;0,607250542335652
2606;16,617;0,598351079099296
2607;16,621;0,579213295325537
2608;16,626;0,589294103239287
2609;16,630;0,633830797576983
2610;16,635;0,623474342571843
2611;16,639;0,602092003911038
2612;16,644;0,57720500937397
2613;16,648;0,576299311787969
2614;16,653;0,639461873872554
2615;16,657;0,666199641737538
2616;16,661;0,606817382620608
2617;16,666;0,641430781668208
2618;16,670;0,633515772329679
2619;16,675;0,602800810717474
2620;16,679;0,577677547244927
2621;16,684;0,607014273400174
2622;16,688;0,60965260984635
2623;16,692;0,591735548905898
2624;16,697;0,60760494573887
2625;16,701;0,537826853460887
2626;16,706;0,601225684480951
2627;16,710;0,667026583011712
2628;16,715;0,570550101024659
2629;16,719;0,646864967184214
2630;16,724;0,604494071421737
2631;16,728;0,55727966248195
2632;16,732;0,58819151487372
2633;16,737;0,563422654804391
2634;16,741;0,522745019746176
2635;16,746;0,591774927061811
2636;16,750;0,577401900153535
2637;16,755;0,448399061382276
2638;16,759;0,597721028604686
2639;16,764;0,514160581757124
2640;16,768;0,565391562600045
2641;16,772;0,611267114238787
2642;16,777;0,572715899599879
2643;16,781;0,59086922947581
2644;16,786;0,555350132842209
2645;16,790;0,555389510998122
2646;16,795;0,657693960060312
2647;16,799;0,510262144321729
2648;16,804;0,635839083528551
2649;16,808;0,613275400190354
2650;16,812;0,58716768281998
2651;16,817;0,618276425991316
2652;16,821;0,543339795288719
2653;16,826;0,508923287020684
2654;16,830;0,545702484643504
2655;16,835;0,525580246971918
2656;16,839;0,56149312516465
2657;16,844;0,624104393066452
2658;16,848;0,571101395207442
2659;16,852;0,557515931417429
2660;16,857;0,569014352944049
2661;16,861;0,578780135610493
2662;16,866;0,591814305217724
2663;16,870;0,608668155948523
2664;16,875;0,599374911153036
2665;16,879;0,57566926129336
2666;16,883;0,624695065405148
2667;16,888;0,552436149304641
2668;16,892;0,599453667464862
2669;16,897;0,622962426544972
2670;16,901;0,553381225046555
2671;16,906;0,573188437470836
2672;16,910;0,592562490180072
2673;16,915;0,563265142180739
2674;16,919;0,582363547798584
2675;16,923;0,671318802006238
2676;16,928;0,548301442933767
2677;16,932;0,650566513840044
2678;16,937;0,627136511071759
2679;16,941;0,563462032960304
2680;16,946;0,60811686176574
2681;16,950;0,609298206443133
2682;16,955;0,628199721281413
2683;16,959;0,610597685588264
2684;16,963;0,510340900633555
2685;16,968;0,619339636200969
2686;16,972;0,525698381439658
2687;16,977;0,581812253615801
2688;16,981;0,570668235492398
2689;16,986;0,509395824891641
2690;16,990;0,511916026870079
2691;16,995;0,576338689943882
2692;16,999;0,587443329911372
2693;17,003;0,586498254169458
2694;17,008;0,63954063018438
2695;17,012;0,610676441900091
2696;17,017;0,608668155948523
2697;17,021;0,596579062083207
2698;17,026;0,535267273326537
2699;17,030;0,593113784362856
2700;17,035;0,645880513286387
2701;17,039;0,602052625755125
2702;17,043;0,604257802486258
2703;17,048;0,600241230583124
2704;17,052;0,546923207476809
2705;17,057;0,600359365050863
2706;17,061;0,657378934813007
2707;17,066;0,585198775024326
2708;17,070;0,590475447916679
2709;17,075;0,541292131181238
2710;17,079;0,552318014836902
2711;17,083;0,619418392512795
2712;17,088;0,536960534030799
2713;17,092;0,545229946772547
2714;17,097;0,597287868889642
2715;17,101;0,527076616896615
2716;17,106;0,603982155394866
2717;17,110;0,566572907277438
2718;17,114;0,548498333713333
2719;17,119;0,56302887324526
2720;17,123;0,547907661374636
2721;17,128;0,612763484163484
2722;17,132;0,61500803905053
2723;17,137;0,570865126271964
2724;17,141;0,613314778346267
2725;17,146;0,645092950168125
2726;17,150;0,622883670233146
2727;17,154;0,626033922706193
2728;17,159;0,580276505535191
2729;17,163;0,592523112024159
2730;17,168;0,6290660407115
2731;17,172;0,633358259706026
2732;17,177;0,612684727851658
2733;17,181;0,578662001142754
2734;17,186;0,548262064777854
2735;17,190;0,625718897458888
2736;17,194;0,607408054959305
2737;17,199;0,628278477593239
2738;17,203;0,676044180715808
2739;17,208;0,712272084155845
2740;17,212;0,743026423923962
2741;17,217;0,984138872579769
2742;17,221;1,23001607810106
2743;17,226;1,76185745186316
2744;17,230;2,53500816506063
2745;17,234;3,70946166516833
2746;17,239;5,36310794458233
2747;17,243;7,28125729726452
2748;17,248;9,54648571616462
2749;17,252;11,9794257010985
2750;17,257;14,1363641912377
2751;17,261;16,1643785989173
2752;17,266;17,2073090582753
2753;17,270;17,6138097617661
2754;17,274;17,4941001677903
2755;17,279;16,012772698652
2756;17,283;14,4780878282514
2757;17,288;12,8891004808467
2758;17,292;10,611901102549
2759;17,297;9,32045510122352
2760;17,301;7,69630306058841
2761;17,305;6,34027688356549
2762;17,310;5,35452350659328
2763;17,314;4,56168371543927
2764;17,319;3,83259715870854
2765;17,323;3,41684258857821
2766;17,328;2,88905716487516
2767;17,332;2,53075532422202
2768;17,337;2,32098788767302
2769;17,341;2,04636462833518
2770;17,345;1,80777238165781
2771;17,350;1,78331854683579
2772;17,354;1,65585145614514
2773;17,359;1,47506634234817
2774;17,363;1,44667469193484
2775;17,368;1,40729653602176
2776;17,372;1,31298585260993
2777;17,377;1,29983354853496
2778;17,381;1,22135288380018
2779;17,385;1,14334475693636
2780;17,390;1,12838105768939
2781;17,394;1,06978636169072
2782;17,399;1,04411180403539
2783;17,403;1,04493874530957
2784;17,408;1,03903202192261
2785;17,412;0,978429039972372
2786;17,417;0,905106913662212
2787;17,421;0,96051197903192
2788;17,425;0,984493275982987
2789;17,430;0,846472839507631
2790;17,434;0,903059249554732
2791;17,439;0,810126801599856
2792;17,443;0,873958792334963
2793;17,448;0,780278159417739
2794;17,452;0,845842789013022
2795;17,457;0,80839416273968
2796;17,461;0,829500854309093
2797;17,465;0,872226153474788
2798;17,470;0,816860466260993
2799;17,474;0,739915549606829
2800;17,479;0,855214790120336
2801;17,483;0,800872934960281
2802;17,488;0,8198925842663
2803;17,492;0,79063461442288
2804;17,496;0,725188119295336
2805;17,501;0,739403633579959
2806;17,505;0,729795363537167
2807;17,510;0,666396532517103
2808;17,514;0,708413024876362
2809;17,519;0,725542522698554
2810;17,523;0,710381932672017
2811;17,528;0,712941512806367
2812;17,532;0,695063830021827
2813;17,536;0,668522952936409
2814;17,541;0,705538419494707
2815;17,545;0,653007959506655
2816;17,550;0,670846264135281
2817;17,554;0,712232705999931
2818;17,559;0,757871988703195
2819;17,563;0,657182044033442
2820;17,568;0,643832849178906
2821;17,572;0,671240045694412
2822;17,576;0,674980970506155
2823;17,581;0,679155055032942
2824;17,585;0,622332376050363
2825;17,590;0,663797574226839
2826;17,594;0,684707375016687
2827;17,599;0,735347683520911
2828;17,603;0,673996516608328
2829;17,608;0,643439067619776
2830;17,612;0,726290707660902
2831;17,616;0,634775873318897
2832;17,621;0,646313673001431
2833;17,625;0,625522006679323
2834;17,630;0,666908448543973
2835;17,634;0,613117887566702
2836;17,639;0,606856760776522
2837;17,643;0,63481525147481
2838;17,648;0,681242097296335
2839;17,652;0,71873010172559
2840;17,656;0,585750069207109
2841;17,661;0,638910579689771
2842;17,665;0,652299152700219
2843;17,670;0,635524058281246
2844;17,674;0,600556255830428
2845;17,679;0,683919811898425
2846;17,683;0,612960374943049
2847;17,687;0,629144797023326
2848;17,692;0,702033763618443
2849;17,696;0,681754013323205
2850;17,701;0,628947906243761
2851;17,705;0,667341608259017
2852;17,710;0,670098079172933
2853;17,714;0,711720789973061
2854;17,719;0,670925020447108
2855;17,723;0,629892981985675
2856;17,727;0,70455396559688
2857;17,732;0,701718738371138
2858;17,736;0,689747778973561
2859;17,741;0,642651504501514
2860;17,745;0,588467161965112
2861;17,750;0,64528984094769
2862;17,754;0,638556176286553
2863;17,759;0,681320853608161
2864;17,763;0,636902293738204
2865;17,767;0,630601788792111
2866;17,772;0,578583244830928
2867;17,776;0,651117808022827
2868;17,781;0,63276758736733
2869;17,785;0,642848395281079
2870;17,790;0,595279582938075
2871;17,794;0,65537064886144
2872;17,799;0,578622622986841
2873;17,803;0,652889825038916
2874;17,807;0,701009931564703
2875;17,812;0,678406870070593
2876;17,816;0,659032817361356
2877;17,821;0,610715820056004
2878;17,825;0,673090819022327
2879;17,830;0,691952955704694
2880;17,834;0,625600762991149
2881;17,839;0,6459198914423
2882;17,843;0,628199721281413
2883;17,847;0,66214369167849
2884;17,852;0,661080481468837
2885;17,856;0,663836952382753
2886;17,861;0,66316752373223
2887;17,865;0,589097212459721
2888;17,870;0,5893334813952
2889;17,874;0,615204929830095
2890;17,878;0,57925267348145
2891;17,883;0,612487837072092
2892;17,887;0,627648427098629
2893;17,892;0,608865046728089
2894;17,896;0,618748963862273
2895;17,901;0,561532503320563
2896;17,905;0,623277451792277
2897;17,910;0,544284871030633
2898;17,914;0,6374929660769
2899;17,918;0,575748017605186
2900;17,923;0,618512694926794
2901;17,927;0,64899138760352
2902;17,932;0,637611100544639
2903;17,936;0,611109601615135
2904;17,941;0,61284224047531
2905;17,945;0,681281475452248
2906;17,950;0,651944749297002
2907;17,954;0,680651424957639
2908;17,958;0,664230733941883
2909;17,963;0,670334348108411
2910;17,967;0,66903486896328
2911;17,972;0,637650478700552
2912;17,976;0,731764271332821
2913;17,981;0,720502118741679
2914;17,985;0,601540709728255
2915;17,990;0,666908448543973
2916;17,994;0,707113545731231
2917;17,998;0,682147794882336
2918;18,003;0,673681491361023
2919;18,007;0,739443011735872
2920;18,012;0,615126173518269
2921;18,016;0,647101236119692
2922;18,021;0,670649373355716
2923;18,025;0,601501331572342
2924;18,030;0,683801677430686
2925;18,034;0,6636794397591
2926;18,038;0,661237994092489
2927;18,043;0,72562127901038
2928;18,047;0,73393006990804
2929;18,052;0,745231600655095
2930;18,056;0,740545600101438
2931;18,061;0,630601788792111
2932;18,065;0,680927072049031
2933;18,070;0,71668243761811
2934;18,074;0,712941512806367
2935;18,078;0,664860784436493
2936;18,083;0,696717712570177
2937;18,087;0,715737361876196
2938;18,092;0,721171547392201
2939;18,096;0,649345791006738
2940;18,101;0,591538658126332
2941;18,105;0,637571722388726
2942;18,109;0,555704536245427
2943;18,114;0,673208953490066
2944;18,118;0,623553098883669
2945;18,123;0,637729235012379
2946;18,127;0,747318642918488
2947;18,132;0,693646216408956
2948;18,136;0,657221422189355
2949;18,141;0,661710531963446
2950;18,145;0,621032896905231
2951;18,149;0,661237994092489
2952;18,154;0,600753146609994
2953;18,158;0,647376883211084
2954;18,163;0,706325982612969
2955;18,167;0,629223553335153
2956;18,172;0,734284473311258
2957;18,176;0,672460768527718
2958;18,181;0,614456744867747
2959;18,185;0,652220396388393
2960;18,189;0,627884696034108
2961;18,194;0,668011036909539
2962;18,198;0,592208086776855
2963;18,203;0,63902871415751
2964;18,207;0,649306412850825
2965;18,212;0,612172811824788
2966;18,216;0,696284552855133
2967;18,221;0,680100130774856
2968;18,225;0,768385956331988
2969;18,229;0,711011983166626
2970;18,234;0,640525084082207
2971;18,238;0,653441119221699
2972;18,243;0,655173758081874
2973;18,247;0,652377909012045
2974;18,252;0,677264903549114
2975;18,256;0,614693013803225
2976;18,261;0,627805939722282
2977;18,265;0,639698142808033
2978;18,269;0,61922150173323
2979;18,274;0,670531238887977
2980;18,278;0,670531238887977
2981;18,283;0,693134300382086
2982;18,287;0,711287630258018
2983;18,292;0,74924817255823
2984;18,296;0,613747938061311
2985;18,300;0,586261985233979
2986;18,305;0,696284552855133
2987;18,309;0,617764509964446
2988;18,314;0,674547810791111
2989;18,318;0,663049389264491
2990;18,323;0,678643139006072
2991;18,327;0,651393455114218
2992;18,332;0,683211005091989
2993;18,336;0,728023346521078
2994;18,340;0,684431727925295
2995;18,345;0,724873094048031
2996;18,349;0,710106285580625
2997;18,354;0,731094842682298
2998;18,358;0,689314619258517
2999;18,363;0,717430622580459
3000;18,367;0,715816118188022
