#"+EI TIC Scan 110C_1ml-min_9C-min_2.d "
#Point;X(Minutes);Y(Counts)
0;5,341;2,2947678543473
1;5,345;2,23087742030038
2;5,349;2,14760543066608
3;5,353;2,20587500541268
4;5,357;2,17864506480226
5;5,361;2,19186449315671
6;5,366;2,09832923079998
7;5,370;2,04282844970871
8;5,374;2,07572088561426
9;5,378;2,00294116667388
10;5,382;2,00493969442511
11;5,386;1,97912537763847
12;5,390;1,96230443573234
13;5,394;1,89493739611819
14;5,399;1,90776128252188
15;5,403;1,91848255118729
16;5,407;1,88981616875568
17;5,411;1,92454058843319
18;5,415;1,85879735261691
19;5,419;1,85084487760683
20;5,423;1,85960925451584
21;5,427;1,79927869802579
22;5,432;1,76253493259965
23;5,436;1,76074458482251
24;5,440;1,73114139250752
25;5,444;1,80081922983402
26;5,448;1,70222519410701
27;5,452;1,71600670839148
28;5,456;1,70272482604481
29;5,460;1,70503562375717
30;5,464;1,61216653731751
31;5,469;1,67734768720376
32;5,473;1,73236965435463
33;5,477;1,69966458042575
34;5,481;1,64460097728007
35;5,485;1,67518261547327
36;5,489;1,61337398116721
37;5,493;1,56547176913007
38;5,497;1,5781499295519
39;5,502;1,57619303779549
40;5,506;1,59303479769903
41;5,510;1,61424833705837
42;5,514;1,60565050412863
43;5,518;1,68467562229158
44;5,522;1,5917440818597
45;5,526;1,63706486221817
46;5,530;1,63331762268462
47;5,535;1,65667541577704
48;5,539;1,66250445505145
49;5,543;1,64012510783723
50;5,547;1,66144273718361
51;5,551;1,72466699531345
52;5,555;1,64736977093541
53;5,559;1,66868740028179
54;5,563;1,69362736117727
55;5,568;1,66381598888819
56;5,572;1,71244683083462
57;5,576;1,69000502962817
58;5,580;1,76796842992329
59;5,584;1,76886360381186
60;5,588;1,72062830381619
61;5,592;1,74084257929992
62;5,596;1,80502446531055
63;5,601;1,74575562668834
64;5,605;1,75131403199643
65;5,609;1,72279337554668
66;5,613;1,71869223005719
67;5,617;1,70553525569497
68;5,621;1,72052421382915
69;5,625;1,68915149173442
70;5,629;1,70488989777531
71;5,633;1,68988012164372
72;5,638;1,6878815938925
73;5,642;1,64447606929562
74;5,646;1,5735491521246
75;5,650;1,61114645544449
76;5,654;1,58297970495069
77;5,658;1,60104972670133
78;5,662;1,5878719343417
79;5,666;1,56659594099014
80;5,671;1,51146988385223
81;5,675;1,50176869705983
82;5,679;1,50285123292508
83;5,683;1,49448239796683
84;5,687;1,48199159952169
85;5,691;1,59688612721961
86;5,695;1,67678560127373
87;5,699;2,09331209342451
88;5,704;2,94868197094807
89;5,708;4,37311180763504
90;5,712;6,4811005892326
91;5,716;9,22074904820116
92;5,720;12,3197161424417
93;5,724;15,2815134517572
94;5,728;17,4471264501817
95;5,732;18,7322422482105
96;5,737;19,4557092941533
97;5,741;19,4057252823753
98;5,745;19,2686179514424
99;5,749;18,7350526778606
100;5,753;17,9074748268775
101;5,757;17,0490447037349
102;5,761;16,3611556153633
103;5,765;15,7050139730399
104;5,770;15,3339748052268
105;5,774;14,4857663188118
106;5,778;14,005953114539
107;5,782;13,2501973546154
108;5,786;12,7500033308796
109;5,790;12,0419207850217
110;5,794;11,5062112577068
111;5,798;11,1006558501904
112;5,802;10,461897235703
113;5,807;10,0196396987552
114;5,811;9,47591524243807
115;5,815;8,99635185413412
116;5,819;8,32474243973606
117;5,823;7,92024875008743
118;5,827;7,26833316123789
119;5,831;6,87814143580895
120;5,835;6,31853284746903
121;5,840;5,72780135300329
122;5,844;5,2843155542084
123;5,848;4,84247437720879
124;5,852;4,52941333217863
125;5,856;4,20338267476292
126;5,860;3,78469111088165
127;5,864;3,48772237784832
128;5,868;3,21987802318958
129;5,873;2,95107604065005
130;5,877;2,81426016168089
131;5,881;2,64534293070771
132;5,885;2,40512405861016
133;5,889;2,30438576915006
134;5,893;2,15016604434733
135;5,897;2,02927593339573
136;5,901;1,89050316267017
137;5,906;1,77846070061721
138;5,910;1,74111321326623
139;5,914;1,5764636717618
140;5,918;1,55649921224698
141;5,922;1,48596783702672
142;5,926;1,46660709943675
143;5,930;1,36618107993778
144;5,934;1,35656316513502
145;5,939;1,34696606832966
146;5,943;1,27508152327785
147;5,947;1,20621558785028
148;5,951;1,20201035237375
149;5,955;1,15475349825628
150;5,959;1,1079338220844
151;5,963;1,12504621595425
152;5,967;0,998347883725655
153;5,971;1,05949034211464
154;5,976;1,07579083408556
155;5,980;1,04810289753215
156;5,984;1,01504391764733
157;5,988;1,0416701363329
158;5,992;1,00376056305189
159;5,996;1,0028237531685
160;6,000;0,951673933535629
161;6,004;1,00357320107521
162;6,009;0,974219824729116
163;6,013;1,00072113543023
164;6,017;0,964331275960043
165;6,021;0,969223505351058
166;6,025;0,988521788948808
167;6,029;0,968619783426209
168;6,033;0,928107960469121
169;6,037;0,931896835997482
170;6,042;0,946989884118699
171;6,046;0,894882436605034
172;6,050;0,918198593702639
173;6,054;0,863280716538816
174;6,058;0,88734632154313
175;6,062;0,899753847998641
176;6,066;0,865154336305588
177;6,070;0,906894421109782
178;6,075;0,860678466862744
179;6,079;0,871878549468558
180;6,083;0,849769836220651
181;6,087;0,770723900060289
182;6,091;0,921904197241366
183;6,095;0,865258426292631
184;6,099;0,856202597419901
185;6,103;0,844919242824453
186;6,108;0,824309425389963
187;6,112;0,817689302214036
188;6,116;0,854828609590935
189;6,120;0,817751756206261
190;6,124;0,885764153740078
191;6,128;0,827515396990883
192;6,132;0,807426029491608
193;6,136;0,853912617704957
194;6,140;0,842379447140606
195;6,145;0,779967090909697
196;6,149;0,745742303169998
197;6,153;0,785671222199646
198;6,157;0,820749547833096
199;6,161;0,769329094233914
200;6,165;0,855307423531332
201;6,169;0,850082106181779
202;6,173;0,796246764883203
203;6,178;0,769766272179494
204;6,182;0,841026277309049
205;6,186;0,81718967027623
206;6,190;0,854537157627215
207;6,194;0,786982756036386
208;6,198;0,798994740541135
209;6,202;0,796080220903934
210;6,206;0,80330406600471
211;6,211;0,759877723410421
212;6,215;0,73504185250199
213;6,219;0,741828519657186
214;6,223;0,780071180896739
215;6,227;0,765019768770339
216;6,231;0,766851752542294
217;6,235;0,759419727467432
218;6,239;0,809716009206551
219;6,244;0,763437600967287
220;6,248;0,725465573694045
221;6,252;0,754735678050503
222;6,256;0,726777107530786
223;6,260;0,72671465353856
224;6,264;0,745596577188138
225;6,268;0,73958017593706
226;6,272;0,771806435925535
227;6,277;0,751050892509185
228;6,281;0,731773426908844
229;6,285;0,730170441108383
230;6,289;0,731190522981404
231;6,293;0,692052687853281
232;6,297;0,713516043181523
233;6,301;0,688721808267909
234;6,305;0,697881727127683
235;6,309;0,694592483537128
236;6,314;0,677500907664687
237;6,318;0,717867004639915
238;6,322;0,678999803478104
239;6,326;0,670776694501717
240;6,330;0,678500171540299
241;6,334;0,654788472491931
242;6,338;0,63419947305485
243;6,342;0,654621928512662
244;6,347;0,643005485958677
245;6,351;0,648209985310821
246;6,355;0,619626874868847
247;6,359;0,656453912284617
248;6,363;0,643671661875752
249;6,367;0,635115464940827
250;6,371;0,59472854996819
251;6,375;0,609134604174924
252;6,380;0,63009832756536
253;6,384;0,592605114232515
254;6,388;0,597955339566519
255;6,392;0,661804137618621
256;6,396;0,565541717601367
257;6,400;0,562231656013403
258;6,404;0,610154686047945
259;6,408;0,591897302320624
260;6,413;0,578011698049104
261;6,417;0,580947035683713
262;6,421;0,561211574140383
263;6,425;0,594811821957824
264;6,429;0,588857874698972
265;6,433;0,528381592227059
266;6,437;0,562543925974532
267;6,441;0,557526788599065
268;6,446;0,562419017990081
269;6,450;0,60116131116744
270;6,454;0,635885730844944
271;6,458;0,600411863260731
272;6,462;0,628453705770083
273;6,466;0,616982989197957
274;6,470;0,578761145955813
275;6,474;0,579052597919533
276;6,478;0,588670512722295
277;6,483;0,611882579832856
278;6,487;0,578552965981727
279;6,491;0,635760822860493
280;6,495;0,588503968743026
281;6,499;0,564271819759444
282;6,503;0,568206421269665
283;6,507;0,562377381995263
284;6,511;0,529193494125994
285;6,516;0,567186339396644
286;6,520;0,567727607329267
287;6,524;0,54049766671885
288;6,528;0,546805519933649
289;6,532;0,55263455920805
290;6,536;0,550407033485332
291;6,540;0,550115581521612
292;6,544;0,515786703794871
293;6,549;0,537021061151618
294;6,553;0,497716682044227
295;6,557;0,514724985927034
296;6,561;0,527652962317759
297;6,565;0,530296847988648
298;6,569;0,482248909969656
299;6,573;0,523489362836044
300;6,577;0,541018116654065
301;6,582;0,514579259945174
302;6,586;0,549886583550118
303;6,590;0,508708584675955
304;6,594;0,520574843198844
305;6,598;0,485975331505791
306;6,602;0,496696600171207
307;6,606;0,508313042725192
308;6,610;0,48730768333994
309;6,615;0,488265311220734
310;6,619;0,513413452090293
311;6,623;0,468259215711093
312;6,627;0,48789058726738
313;6,631;0,471381915322379
314;6,635;0,505336069095766
315;6,639;0,49650923819453
316;6,643;0,507563594818484
317;6,647;0,506356150968786
318;6,652;0,502255005479297
319;6,656;0,452853897628747
320;6,660;0,472027273242045
321;6,664;0,464012344239743
322;6,668;0,495905516269681
323;6,672;0,447607762281786
324;6,676;0,490763470909763
325;6,680;0,479396844324681
326;6,685;0,462534266423734
327;6,689;0,473068173112474
328;6,693;0,494677254422575
329;6,697;0,466073325983192
330;6,701;0,459994470739888
331;6,705;0,462804900390046
332;6,709;0,467676311783653
333;6,713;0,446879132372486
334;6,718;0,438010665476432
335;6,722;0,437198763577498
336;6,726;0,450626371906029
337;6,730;0,430974182352334
338;6,734;0,464782610143861
339;6,738;0,424978599098664
340;6,742;0,423646247264515
341;6,746;0,439884285243204
342;6,751;0,399268372299073
343;6,755;0,443922976740468
344;6,759;0,444526698665317
345;6,763;0,444339336688639
346;6,767;0,482810995899687
347;6,771;0,484996885627588
348;6,775;0,486620689425457
349;6,779;0,467613857791427
350;6,784;0,429412832546691
351;6,788;0,444172792709371
352;6,792;0,472214635218722
353;6,796;0,431598722274591
354;6,800;0,428267842689219
355;6,804;0,450085103973406
356;6,808;0,46303389836154
357;6,812;0,464012344239743
358;6,817;0,403598515760057
359;6,821;0,414174058443613
360;6,825;0,492803634655804
361;6,829;0,587816974828543
362;6,833;0,875480063020242
363;6,837;1,44751699581308
364;6,841;2,45773113806163
365;6,845;4,33470260241622
366;6,849;7,1639725402287
367;6,854;10,5686102904194
368;6,858;14,9355183348267
369;6,862;19,3662959952835
370;6,866;22,8951339180137
371;6,870;25,8571185893059
372;6,874;28,2462752439037
373;6,878;29,2917550737623
374;6,882;29,0895290469354
375;6,887;28,4171910026281
376;6,891;27,3905722784216
377;6,895;25,9571907028489
378;6,899;24,646135680049
379;6,903;23,0373832943065
380;6,907;21,2263424277449
381;6,911;19,9691643822384
382;6,915;18,4615666459042
383;6,920;16,837138308113
384;6,924;15,6022563378311
385;6,928;13,9457891020282
386;6,932;12,4617157027656
387;6,936;11,0375356820476
388;6,940;9,73795137581981
389;6,944;8,54699538007002
390;6,948;7,46647886057271
391;6,953;6,35173755333571
392;6,957;5,6448208153327
393;6,961;4,86158529882986
394;6,965;4,16126786600538
395;6,969;3,62793159039508
396;6,973;3,16491851003094
397;6,977;2,75111917554068
398;6,981;2,49208083378578
399;6,986;2,10780141962088
400;6,990;1,94735711359299
401;6,994;1,72468781331086
402;6,998;1,5138223175594
403;7,002;1,39780361800141
404;7,006;1,25007910839015
405;7,010;1,13911918220244
406;7,014;1,09869063123499
407;7,018;0,990811768663751
408;7,023;0,919260311570476
409;7,027;0,882121004193577
410;7,031;0,862177362676162
411;7,035;0,737123652242848
412;7,039;0,749739358672445
413;7,043;0,694530029544902
414;7,047;0,678895713491062
415;7,051;0,682393137055702
416;7,056;0,630577141505757
417;7,060;0,57528454038858
418;7,064;0,561378118119652
419;7,068;0,576533620233095
420;7,072;0,566041349539173
421;7,076;0,554778812941133
422;7,080;0,549303679622678
423;7,084;0,512913820152488
424;7,089;0,50527361510354
425;7,093;0,492199912730955
426;7,097;0,505794065038755
427;7,101;0,47721095459678
428;7,105;0,470944737376799
429;7,109;0,431723630259042
430;7,113;0,477023592620103
431;7,117;0,461368458568854
432;7,122;0,456392957188205
433;7,126;0,455476965302227
434;7,130;0,468051035737007
435;7,134;0,412633526635379
436;7,138;0,395083954819949
437;7,142;0,437573487530852
438;7,146;0,43278534812688
439;7,150;0,384487594138984
440;7,155;0,415901952228525
441;7,159;0,402141255941456
442;7,163;0,412404528663884
443;7,167;0,367375200269135
444;7,171;0,405201501560517
445;7,175;0,422105715456281
446;7,179;0,425020235093481
447;7,183;0,388005835701034
448;7,187;0,414527964399559
449;7,192;0,383446694268555
450;7,196;0,352136426166058
451;7,200;0,378492010885314
452;7,204;0,402703341871488
453;7,208;0,39141998727604
454;7,212;0,381843708468095
455;7,216;0,412279620679433
456;7,220;0,380490538636538
457;7,225;0,388443013646614
458;7,229;0,389192461553322
459;7,233;0,372184157670516
460;7,237;0,399185100309439
461;7,241;0,39960146025761
462;7,245;0,3779715609501
463;7,249;0,39054563138488
464;7,253;0,35736174351561
465;7,258;0,324365217623018
466;7,262;0,351595158233435
467;7,266;0,398352380413096
468;7,270;0,32111761002728
469;7,274;0,354842765829173
470;7,278;0,343455321246682
471;7,282;0,375515037255888
472;7,286;0,360775895090617
473;7,291;0,339749717707955
474;7,295;0,354634585855087
475;7,299;0,341227795523964
476;7,303;0,350179534409652
477;7,307;0,345058307047142
478;7,311;0,335273848265111
479;7,315;0,314934664796933
480;7,319;0,366251028409072
481;7,324;0,337085014039657
482;7,328;0,3063576498646
483;7,332;0,294408119352077
484;7,336;0,294137485385766
485;7,340;0,30606619790088
486;7,344;0,296052741147355
487;7,348;0,320805340066151
488;7,352;0,301465420473584
489;7,356;0,324219491641158
490;7,361;0,282312862857695
491;7,365;0,287246728243527
492;7,369;0,338521455860849
493;7,373;0,297156095010009
494;7,377;0,295220021251012
495;7,381;0,3085435395925
496;7,385;0,311749511193421
497;7,389;0,28603928439383
498;7,394;0,262119405371376
499;7,398;0,312124235146775
500;7,402;0,322595687843289
501;7,406;0,322907957804417
502;7,410;0,303234950253313
503;7,414;0,291327055735608
504;7,418;0,331151884778213
505;7,422;0,317557732470413
506;7,427;0,331255974765256
507;7,431;0,316558468594802
508;7,435;0,286684642313496
509;7,439;0,297843088924492
510;7,443;0,290015521898868
511;7,447;0,270196788365904
512;7,451;0,305608201957891
513;7,455;0,276275643609208
514;7,460;0,25914243174195
515;7,464;0,280855603039095
516;7,468;0,258830161780821
517;7,472;0,297010369028149
518;7,476;0,271674866181913
519;7,480;0,250940140762971
520;7,484;0,276358915598842
521;7,488;0,249753514910682
522;7,493;0,274110571878716
523;7,497;0,283936666655564
524;7,501;0,248754251035071
525;7,505;0,254479200322429
526;7,509;0,263264395228848
527;7,513;0,287683906189107
528;7,517;0,28909953001289
529;7,521;0,312478141102721
530;7,525;0,417400848041942
531;7,530;0,617815709094301
532;7,534;1,05143377711752
533;7,538;1,82417702292644
534;7,542;3,08383241012454
535;7,546;4,83152411057188
536;7,550;7,24212330250049
537;7,554;9,93913650277629
538;7,558;12,8205138881024
539;7,563;15,1816078821935
540;7,567;16,9480149623111
541;7,571;17,8316556803155
542;7,575;18,2240332954723
543;7,579;18,0186637510367
544;7,583;17,2507086446318
545;7,587;16,4524841699948
546;7,591;15,1151360164679
547;7,596;13,6928712515114
548;7,600;12,3337682906925
549;7,604;11,075924069269
550;7,608;9,90820095862714
551;7,612;8,63792839275067
552;7,616;7,35926617391855
553;7,620;6,42943031966451
554;7,624;5,32628463698409
555;7,629;4,63158806345992
556;7,633;3,86032289546701
557;7,637;3,23453389336522
558;7,641;2,71239770036073
559;7,645;2,31700147557966
560;7,649;1,92574803228288
561;7,653;1,70226683010182
562;7,657;1,48690464691011
563;7,662;1,26510970251914
564;7,666;1,13880691224132
565;7,670;1,03076150569081
566;7,674;0,87520942905393
567;7,678;0,860928282831647
568;7,682;0,762188521122773
569;7,686;0,722780052028339
570;7,690;0,686702462519277
571;7,694;0,600744951219268
572;7,699;0,592043028302484
573;7,703;0,564396727743895
574;7,707;0,480999830125141
575;7,711;0,510478114455684
576;7,715;0,43613704570966
577;7,719;0,441716269015159
578;7,723;0,426269314937996
579;7,727;0,41817111394606
580;7,732;0,383779782227093
581;7,736;0,363815322712269
582;7,740;0,36321160078742
583;7,744;0,343705137215584
584;7,748;0,352552786114229
585;7,752;0,351491068246392
586;7,756;0,313414950986107
587;7,760;0,33456603635322
588;7,765;0,308522721595092
589;7,769;0,296760553059246
590;7,773;0,337667917967098
591;7,777;0,29116051175634
592;7,781;0,325864113436435
593;7,785;0,3092721695018
594;7,789;0,300133068639436
595;7,793;0,299758344686081
596;7,798;0,341248613521373
597;7,802;0,345495484992722
598;7,806;0,31337331499129
599;7,810;0,335794298200326
600;7,814;0,34830591464288
601;7,818;0,35063753035264
602;7,822;0,37110162180527
603;7,826;0,347410740754311
604;7,831;0,341040433547287
605;7,835;0,353031600054626
606;7,839;0,373995323445062
607;7,843;0,38484150009493
608;7,847;0,335357120254746
609;7,851;0,359256181279791
610;7,855;0,356133481668504
611;7,859;0,334649308342854
612;7,863;0,291514417712285
613;7,868;0,319472988232002
614;7,872;0,295844561173269
615;7,876;0,284748568554498
616;7,880;0,284915112533767
617;7,884;0,252522308566023
618;7,888;0,220129504598279
619;7,892;0,223710200152554
620;7,896;0,225854453885638
621;7,901;0,211219401707409
622;7,905;0,193690647889388
623;7,909;0,208971057987283
624;7,913;0,198957601233758
625;7,917;0,223210568214748
626;7,921;0,203350198686967
627;7,925;0,190963490228865
628;7,929;0,21588263312693
629;7,934;0,178118785827774
630;7,938;0,208762878013197
631;7,942;0,189922590358436
632;7,946;0,175807988115422
633;7,950;0,169874858853978
634;7,954;0,201205944953884
635;7,958;0,206639442277522
636;7,962;0,204287008570353
637;7,967;0,175058540208713
638;7,971;0,204994820482245
639;7,975;0,171727660623341
640;7,979;0,185509174907818
641;7,983;0,203412652679193
642;7,987;0,183198377195466
643;7,991;0,166585615263423
644;7,995;0,183885371109949
645;8,000;0,170749214745138
646;8,004;0,184322549055529
647;8,008;0,174413182289047
648;8,012;0,165794531361897
649;8,016;0,191442304169262
650;8,020;0,172497926527458
651;8,024;0,160111218069356
652;8,028;0,163192281685825
653;8,032;0,214758461266867
654;8,037;0,192275024065605
655;8,041;0,198770239257081
656;8,045;0,165128355444822
657;8,049;0,180783489496071
658;8,053;0,17553735414911
659;8,057;0,158778866235207
660;8,061;0,152262833046323
661;8,065;0,174496454278681
662;8,070;0,168063693079431
663;8,074;0,156301524543586
664;8,078;0,139085040686694
665;8,082;0,155531258639469
666;8,086;0,169375226916172
667;8,090;0,186924798731601
668;8,094;0,157300788419198
669;8,098;0,207139074215328
670;8,103;0,182448929288757
671;8,107;0,172185656566329
672;8,111;0,178097967830365
673;8,115;0,198541241285586
674;8,119;0,197333797435889
675;8,123;0,188923326482824
676;8,127;0,165773713364488
677;8,131;0,161880747849084
678;8,136;0,149494039390982
679;8,140;0,149931217336562
680;8,144;0,150014489326196
681;8,148;0,193170197954174
682;8,152;0,16633579929452
683;8,156;0,153220460927117
684;8,160;0,150888845217357
685;8,164;0,165274081426682
686;8,169;0,169666678879892
687;8,173;0,131424017640338
688;8,177;0,1682302370587
689;8,181;0,166314981297111
690;8,185;0,188090606586481
691;8,189;0,193107743961948
692;8,193;0,186924798731601
693;8,197;0,176494982029905
694;8,201;0,179367865672288
695;8,206;0,17597453209469
696;8,210;0,142228558295389
697;8,214;0,165627987382628
698;8,218;0,175058540208713
699;8,222;0,172019112587061
700;8,226;0,129508761878749
701;8,230;0,148682137492048
702;8,234;0,155905982592823
703;8,239;0,153699274867514
704;8,243;0,15594761858764
705;8,247;0,177410973915882
706;8,251;0,135400255145376
707;8,255;0,13856459075148
708;8,259;0,171998294589652
709;8,263;0,177556699897742
710;8,267;0,246443453322719
711;8,272;0,4172967580549
712;8,276;0,794935231046462
713;8,280;1,58687267046609
714;8,284;3,11077089877124
715;8,288;5,71426965468771
716;8,292;9,6650883848898
717;8,296;15,0238699158287
718;8,300;21,5880967687137
719;8,305;28,3255709960329
720;8,309;34,8381275793499
721;8,313;39,8767699461397
722;8,317;43,0403769223339
723;8,321;44,6279574047119
724;8,325;44,3705636847522
725;8,329;42,0431948464631
726;8,333;38,5846384829842
727;8,338;34,8969176040317
728;8,342;30,0262556583317
729;8,346;25,6050334586854
730;8,350;21,8017726941153
731;8,354;17,8727712251974
732;8,358;14,68372465617
733;8,362;11,837363142485
734;8,366;9,65736490785122
735;8,370;7,77262833046322
736;8,375;6,34990556956375
737;8,379;5,16808867467632
738;8,383;4,29850010492271
739;8,387;3,47060998397847
740;8,391;2,89934331708974
741;8,395;2,45671105618861
742;8,399;2,13567671815096
743;8,403;1,89899690561287
744;8,408;1,56595058307047
745;8,412;1,44191695451018
746;8,416;1,30339399975351
747;8,420;1,15487840624074
748;8,424;1,02713917414172
749;8,428;0,990957494645611
750;8,432;0,8969850543433
751;8,436;0,819063290043002
752;8,441;0,715410480945703
753;8,445;0,70595911012221
754;8,449;0,618523521006192
755;8,453;0,571849570816165
756;8,457;0,569684499085674
757;8,461;0,549033045656366
758;8,465;0,51010339050233
759;8,469;0,506252060981743
760;8,474;0,473505351058054
761;8,478;0,456538683170065
762;8,482;0,409136103070738
763;8,486;0,419982279720606
764;8,490;0,358652459354942
765;8,494;0,390358269408203
766;8,498;0,36847855413179
767;8,502;0,347535648738762
768;8,507;0,351761702212703
769;8,511;0,363565506743366
770;8,515;0,341519247487684
771;8,519;0,323386771744815
772;8,523;0,34830591464288
773;8,527;0,28909953001289
774;8,531;0,308751719566586
775;8,535;0,274818383790608
776;8,539;0,238615886297094
777;8,544;0,244320017587044
778;8,548;0,238782430276363
779;8,552;0,238636704294503
780;8,556;0,24438247157927
781;8,560;0,226562265797529
782;8,564;0,21923433070971
783;8,568;0,211531671668538
784;8,572;0,21017850183698
785;8,577;0,227769709647227
786;8,581;0,216569627041413
787;8,585;0,19058876627551
788;8,589;0,18357310114882
789;8,593;0,219275966704528
790;8,597;0,193211833948991
791;8,601;0,151471749144797
792;8,605;0,211156947715183
793;8,610;0,177494245905516
794;8,614;0,211531671668538
795;8,618;0,190089134337705
796;8,622;0,183968643099583
797;8,626;0,191817028122616
798;8,630;0,150743119235497
799;8,634;0,171623570636298
800;8,638;0,137960868826631
801;8,643;0,141520746383497
802;8,647;0,194023735847925
803;8,651;0,15961158613155
804;8,655;0,160027946079721
805;8,659;0,156301524543586
806;8,663;0,150056125321014
807;8,667;0,153095552942666
808;8,671;0,119203853161504
809;8,676;0,133193547420067
810;8,680;0,156426432528038
811;8,684;0,11999493706303
812;8,688;0,128530316000546
813;8,692;0,13402626731641
814;8,696;0,155198170680932
815;8,700;0,109669210348377
816;8,704;0,129675305858018
817;8,708;0,109794118332828
818;8,713;0,13286045946153
819;8,717;0,143602546124355
820;8,721;0,119370397140773
821;8,725;0,116726511469884
822;8,729;0,143061278191732
823;8,733;0,122618004736511
824;8,737;0,133027003440799
825;8,741;0,1116677380996
826;8,746;0,10581788082779
827;8,750;0,11810049929885
828;8,754;0,0915783706003244
829;8,758;0,141791380349809
830;8,762;0,143540092132129
831;8,766;0,111917554068503
832;8,770;0,131236655663661
833;8,774;0,103694445092115
834;8,779;0,095034158170148
835;8,783;0,117163689415464
836;8,787;0,125511706376303
837;8,791;0,115331705643509
838;8,795;0,130632933738812
839;8,799;0,133422545391562
840;8,803;0,0877270410797379
841;8,807;0,112146552039997
842;8,812;0,129883485832104
843;8,816;0,111001562182526
844;8,820;0,11941203313559
845;8,824;0,115914609570949
846;8,828;0,101008923426409
847;8,832;0,118079681301441
848;8,836;0,114936163692746
849;8,840;0,0920363665433131
850;8,845;0,141499928386089
851;8,849;0,120515386998245
852;8,853;0,141853834342035
853;8,857;0,120681930977513
854;8,861;0,115477431625369
855;8,865;0,0980735857918
856;8,869;0,107878862571239
857;8,873;0,142686554238378
858;8,877;0,0863114172559548
859;8,882;0,107753954586788
860;8,886;0,129821031839878
861;8,890;0,112958453938932
862;8,894;0,113770355837866
863;8,898;0,121202380912728
864;8,902;0,146933425709727
865;8,906;0,201081036969432
866;8,910;0,177431791913291
867;8,915;0,160839847978656
868;8,919;0,212572571538966
869;8,923;0,221899034378008
870;8,927;0,225896089880455
871;8,931;0,224771918020392
872;8,935;0,195189543702806
873;8,939;0,190984308226273
874;8,943;0,199540505161198
875;8,948;0,166294163299703
876;8,952;0,194231915822011
877;8,956;0,161277025924236
878;8,960;0,16633579929452
879;8,964;0,158987046209292
880;8,968;0,139334856655597
881;8,972;0,162026473830945
882;8,976;0,115893791573541
883;8,981;0,107753954586788
884;8,985;0,0877270410797379
885;8,989;0,101529373361624
886;8,993;0,092140456530356
887;8,997;0,117496777374001
888;9,001;0,0602889204952352
889;9,005;0,0884764889864466
890;9,009;0,0927649964526132
891;9,014;0,0827931756939055
892;9,018;0,0889136669320267
893;9,022;0,0907872866987985
894;9,026;0,0896422968413269
895;9,030;0,0728005369377892
896;9,034;0,063390802109113
897;9,038;0,0879352210538237
898;9,042;0,127989048067923
899;9,046;0,170978212716632
900;9,051;0,338896179814204
901;9,055;0,728858907271643
902;9,059;1,43746190306474
903;9,063;2,74672657808748
904;9,067;4,78855576392058
905;9,071;7,74556493383208
906;9,075;11,447317143038
907;9,079;15,7982786014303
908;9,084;19,9672491264768
909;9,088;23,2528495674853
910;9,092;25,4781477644802
911;9,096;26,0726264984795
912;9,100;25,3376887359645
913;9,104;23,1815271083635
914;9,108;20,3449084174658
915;9,112;17,6418996339363
916;9,117;14,7674962777421
917;9,121;11,7623767158193
918;9,125;9,42195499315504
919;9,129;7,38483067473628
920;9,133;5,9111038201858
921;9,137;4,62122070075045
922;9,141;3,6556611629433
923;9,145;2,96469101095526
924;9,150;2,36148953604178
925;9,154;1,93765592680059
926;9,158;1,67876331102754
927;9,162;1,38897678710017
928;9,166;1,22628413735215
929;9,170;1,06134314388401
930;9,174;0,933083461849771
931;9,178;0,790605087585479
932;9,183;0,748011464887533
933;9,187;0,664697839258413
934;9,191;0,590877220447604
935;9,195;0,552551287218416
936;9,199;0,478210218472392
937;9,203;0,436345225683746
938;9,207;0,400788086109899
939;9,211;0,350075444422609
940;9,215;0,355009309808441
941;9,220;0,316829102561113
942;9,224;0,337813643948958
943;9,228;0,31410194490059
944;9,232;0,300174704634253
945;9,236;0,268510530575809
946;9,240;0,298030450901169
947;9,244;0,265512738948974
948;9,248;0,225896089880455
949;9,253;0,244507379563721
950;9,257;0,203266926697333
951;9,261;0,227415803691281
952;9,265;0,200498133041992
953;9,269;0,213363655440492
954;9,273;0,192129298083745
955;9,277;0,164774449488877
956;9,281;0,161027209955333
957;9,286;0,158008600331089
958;9,290;0,156447250525446
959;9,294;0,128571951995363
960;9,298;0,150701483240679
961;9,302;0,104006715053244
962;9,306;0,146683609740824
963;9,310;0,138793588722974
964;9,314;0,12613624629856
965;9,319;0,105297430892576
966;9,323;0,103298903141353
967;9,327;0,11137628613588
968;9,331;0,13111174767921
969;9,335;0,0963873280017054
970;9,339;0,130945203699941
971;9,343;0,0958044240742653
972;9,347;0,119641031107084
973;9,352;0,094347164255665
974;9,356;0,114665529726435
975;9,360;0,082668267709454
976;9,364;0,107608228604928
977;9,368;0,0704272852332115
978;9,372;0,0745284307227009
979;9,376;0,0894132988698326
980;9,380;0,118017227309216
981;9,384;0,0972616838928656
982;9,389;0,0777552203210302
983;9,393;0,0757358745723983
984;9,397;0,0643484299899074
985;9,401;0,1116677380996
986;9,405;0,0867277772041263
987;9,409;0,0702815592513515
988;9,413;0,0752986966268182
989;9,417;0,0831262636524427
990;9,422;0,0752778786294097
991;9,426;0,0760689625309355
992;9,430;0,0452791443636521
993;9,434;0,0596019265807522
994;9,438;0,0420315367679143
995;9,442;0,0619751782853298
996;9,446;0,0634116201065215
997;9,450;0,10479779895477
998;9,455;0,0692614773783313
999;9,459;0,0981776757788429
1000;9,463;0,114353259765306
1001;9,467;0,114415713757532
1002;9,471;0,148369867530919
1003;9,475;0,179950769599728
1004;9,479;0,160569214012344
1005;9,483;0,185738172879312
1006;9,488;0,215965905116564
1007;9,492;0,195210361700214
1008;9,496;0,154073998820869
1009;9,500;0,158320870292218
1010;9,504;0,129716941852835
1011;9,508;0,12642769826228
1012;9,512;0,112417186006309
1013;9,516;0,091453462615873
1014;9,521;0,0896631148387355
1015;9,525;0,100613381475646
1016;9,529;0,109856572325054
1017;9,533;0,067949943541591
1018;9,537;0,0725090849740691
1019;9,541;0,044009246521729
1020;9,545;0,071530639095866
1021;9,549;0,0712183691347374
1022;9,553;0,0546264252001026
1023;9,558;0,0635157100935644
1024;9,562;0,0522323554981164
1025;9,566;0,0743202507486152
1026;9,570;0,052253173495525
1027;9,574;0,0317058100532608
1028;9,578;0,0401579170011425
1029;9,582;0,0443839704750833
1030;9,586;0,061621272329384
1031;9,591;0,0486724779412499
1032;9,595;0,0718845450518118
1033;9,599;0,0607052804434067
1034;9,603;0,0701150152720829
1035;9,607;0,0429058926590745
1036;9,611;0,0467780401770696
1037;9,615;0,0393876510970252
1038;9,619;0,020068549501867
1039;9,624;0,0568539509228202
1040;9,628;0,0494011078505501
1041;9,632;0,0562294110005629
1042;9,636;0,0374515773380276
1043;9,640;0,0156967700460661
1044;9,644;0,0709060991736088
1045;9,648;0,0793373881240819
1046;9,652;0,0714473671062317
1047;9,657;0,0957003340872224
1048;9,661;0,089683932836144
1049;9,665;0,16310900969619
1050;9,669;0,121098290925685
1051;9,673;0,162734285742836
1052;9,677;0,182490565283574
1053;9,681;0,172997558465264
1054;9,685;0,188423694545018
1055;9,690;0,153949090836417
1056;9,694;0,117496777374001
1057;9,698;0,146475429766738
1058;9,702;0,133505817381196
1059;9,706;0,13533780115315
1060;9,710;0,125823976337431
1061;9,714;0,124304262526605
1062;9,718;0,0892883908853811
1063;9,722;0,100592563478238
1064;9,727;0,0691157513964713
1065;9,731;0,105255794897759
1066;9,735;0,0665967737100336
1067;9,739;0,0541476112597053
1068;9,743;0,0647231539432618
1069;9,747;0,0672837676245166
1070;9,751;0,0280002065145343
1071;9,755;0,0618919062956955
1072;9,760;0,0328299819133238
1073;9,764;0,0656807818240563
1074;9,768;0,0468404941692953
1075;9,772;0,0392627431125737
1076;9,776;0,0562918649927886
1077;9,780;0,0321638059962494
1078;9,784;0,0292076503642317
1079;9,788;0
1080;9,793;0,045383234350695
1081;9,797;0,0179867497610094
1082;9,801;0,0287912904160602
1083;9,805;0,0428642566642573
1084;9,809;0,0219213512712302
1085;9,813;0,0176328438050636
1086;9,817;0,02806266050676
1087;9,821;0,0669506796659794
1088;9,826;0,0837924395695171
1089;9,830;0,191962754104476
1090;9,834;0,45924502283318
1091;9,838;1,07266813447427
1092;9,842;2,26118842452726
1093;9,846;4,54864916178415
1094;9,850;8,56398286595541
1095;9,854;14,3553623830445
1096;9,859;22,2904335472868
1097;9,863;31,6667971261171
1098;9,867;41,5079224970938
1099;9,871;50,3921902531802
1100;9,875;56,5861065681614
1101;9,879;58,8009333124598
1102;9,883;57,0965222286249
1103;9,887;51,9442552319791
1104;9,891;44,3769964459515
1105;9,896;36,9385386098907
1106;9,900;29,3028094303863
1107;9,904;22,5655433830412
1108;9,908;17,4449821964486
1109;9,912;13,1964244673091
1110;9,916;10,1477120188128
1111;9,920;7,77787446581019
1112;9,924;6,15865062737117
1113;9,929;4,99990007361244
1114;9,933;4,12404528663884
1115;9,937;3,39674772917284
1116;9,941;2,82620969219342
1117;9,945;2,49716042515347
1118;9,949;2,14244256730875
1119;9,953;1,88631874519104
1120;9,957;1,76813497390256
1121;9,962;1,5514612568741
1122;9,966;1,44862034967574
1123;9,970;1,27874549082176
1124;9,974;1,26192454891563
1125;9,978;1,13899427421799
1126;9,982;1,0581788082779
1127;9,986;0,946989884118699
1128;9,990;0,871441371522978
1129;9,995;0,823809793452157
1130;9,999;0,687014732480406
1131;10,003;0,647585445388564
1132;10,007;0,618065525063203
1133;10,011;0,54416163426276
1134;10,015;0,513600814066971
1135;10,019;0,457787763014579
1136;10,023;0,423521339280064
1137;10,028;0,407970295215858
1138;10,032;0,363607142738183
1139;10,036;0,361733522971411
1140;10,040;0,318119818400445
1141;10,044;0,284415480595961
1142;10,048;0,322887139807009
1143;10,052;0,274318751852802
1144;10,056;0,280855603039095
1145;10,060;0,230809137268879
1146;10,065;0,258934251767864
1147;10,069;0,204370280559987
1148;10,073;0,213571835414578
1149;10,077;0,219463328681205
1150;10,081;0,214342101318695
1151;10,085;0,179055595711159
1152;10,089;0,175599808141336
1153;10,093;0,172310564550781
1154;10,098;0,156134980564318
1155;10,102;0,149972853331379
1156;10,106;0,168188601063883
1157;10,110;0,165107537447414
1158;10,114;0,17510017620353
1159;10,118;0,186071260837849
1160;10,122;0,181470483410554
1161;10,126;0,230455231312933
1162;10,131;0,194960545731311
1163;10,135;0,22566709190896
1164;10,139;0,234618830794648
1165;10,143;0,219484146678613
1166;10,147;0,219754780644925
1167;10,151;0,252459854573797
1168;10,155;0,228914699504698
1169;10,159;0,210365863813657
1170;10,164;0,169437680908397
1171;10,168;0,154261360797546
1172;10,172;0,142103650310938
1173;10,176;0,168146965069066
1174;10,180;0,141604018373132
1175;10,184;0,16150602389573
1176;10,188;0,108066224547916
1177;10,192;0,101571009356441
1178;10,197;0,11079338220844
1179;10,201;0,0750072446630982
1180;10,205;0,066971497663388
1181;10,209;0,065597509834422
1182;10,213;0,0681164875208596
1183;10,217;0,0558963230420257
1184;10,221;0,0443215164828576
1185;10,225;0,0583944827310548
1186;10,229;0,0795039321033505
1187;10,234;0,06284953417649
1188;10,238;0,0835218056032056
1189;10,242;0,0957836060768567
1190;10,246;0,115144343666832
1191;10,250;0,135421073142785
1192;10,254;0,155781074608372
1193;10,258;0,160236126053807
1194;10,262;0,159694858121184
1195;10,267;0,166065165328208
1196;10,271;0,159861402100453
1197;10,275;0,15623907055136
1198;10,279;0,12613624629856
1199;10,283;0,120973382941233
1200;10,287;0,101716735338301
1201;10,291;0,0798162020644792
1202;10,295;0,0757775105672155
1203;10,300;0,0736124388367236
1204;10,304;0,0689075714223855
1205;10,308;0,052544625459245
1206;10,312;0,043322252607246
1207;10,316;0,0604554644745038
1208;10,320;0,0707187371969316
1209;10,324;0,0512122736250962
1210;10,328;0,0257310447969995
1211;10,333;0,056520862964283
1212;10,337;0,0227748891649818
1213;10,341;0,0419274467808714
1214;10,345;0,0266262186855683
1215;10,349;0,0181116577454608
1216;10,353;0,0483185719853042
1217;10,357;0,0341415157500641
1218;10,361;0,0440717005139547
1219;10,366;0,0173830278361607
1220;10,370;0,000582903927440119
1221;10,374;0,0146142341808201
1222;10,378;0,0365772214468675
1223;10,382;0,0230247051338847
1224;10,386;0,0505669157054303
1225;10,390;0,0667841356867108
1226;10,394;0,107295958643799
1227;10,398;0,13184037758851
1228;10,403;0,285851922417153
1229;10,407;0,625393460151022
1230;10,411;1,34575862447997
1231;10,415;2,54835188078116
1232;10,419;4,70961391774726
1233;10,423;7,80681148220811
1234;10,427;11,9167213486065
1235;10,431;16,6871862727791
1236;10,436;21,2762431675332
1237;10,440;24,8214648542241
1238;10,444;27,0954147111628
1239;10,448;27,1106534852659
1240;10,452;25,8863470576675
1241;10,456;23,3703879808541
1242;10,460;19,7585903384507
1243;10,464;16,1599704884069
1244;10,469;12,8136439489576
1245;10,473;10,1221058820003
1246;10,477;7,90361517015798
1247;10,481;6,16475030061188
1248;10,485;4,82877613491395
1249;10,489;3,93757848385023
1250;10,493;3,16285752828749
1251;10,497;2,66753491594525
1252;10,502;2,19076113929405
1253;10,506;1,84039424290772
1254;10,510;1,53953254435899
1255;10,514;1,30320663777684
1256;10,518;1,16472531901499
1257;10,522;0,973928372765396
1258;10,526;0,826745131086766
1259;10,530;0,807946479426822
1260;10,535;0,675606469900507
1261;10,539;0,610237958037579
1262;10,543;0,565541717601367
1263;10,547;0,498507765945753
1264;10,551;0,402786613861122
1265;10,555;0,398560560387181
1266;10,559;0,395916674716292
1267;10,563;0,359256181279791
1268;10,567;0,350158716412243
1269;10,572;0,331984604674556
1270;10,576;0,279419161217903
1271;10,580;0,293700307440186
1272;10,584;0,266907544775349
1273;10,588;0,250502962817391
1274;10,592;0,248088075117996
1275;10,596;0,252439036576389
1276;10,600;0,215799361137296
1277;10,605;0,215757725142478
1278;10,609;0,311458059229701
1279;10,613;0,447607762281786
1280;10,617;0,873127629313073
1281;10,621;1,67497443549918
1282;10,625;3,17728440049164
1283;10,629;5,72792626098774
1284;10,633;9,37696730075511
1285;10,638;14,2220855636348
1286;10,642;19,5295507309615
1287;10,646;24,6560658648129
1288;10,650;28,3936874835538
1289;10,654;30,2358720742386
1290;10,658;29,8340430882583
1291;10,662;27,4449280696554
1292;10,666;24,1166715519567
1293;10,671;19,9976017666985
1294;10,675;15,5907231672668
1295;10,679;12,2629038275137
1296;10,683;9,23744508212284
1297;10,687;7,08369834222123
1298;10,691;5,39385985657233
1299;10,695;4,19101678430223
1300;10,699;3,25000166543979
1301;10,704;2,71722747575952
1302;10,708;2,16977659790621
1303;10,712;1,85904716858581
1304;10,716;1,49627274574397
1305;10,720;1,32038148563891
1306;10,724;1,12945963140487
1307;10,728;1,00748698458802
1308;10,732;0,88076783436202
1309;10,736;0,749198090739822
1310;10,741;0,695196205461976
1311;10,745;0,639924422342208
1312;10,749;0,521782287048541
1313;10,753;0,504753165168326
1314;10,757;0,495114432368155
1315;10,761;0,420232095689509
1316;10,765;0,411321992798638
1317;10,769;0,417463302034168
1318;10,774;0,320118346151668
1319;10,778;0,35034607838892
1320;10,782;0,302048324401025
1321;10,786;0,284353026603735
1322;10,790;0,253417482454592
1323;10,794;0,222731754274351
1324;10,798;0,214779279264275
1325;10,802;0,198291425316683
1326;10,807;0,214154739342018
1327;10,811;0,181782753371683
1328;10,815;0,213571835414578
1329;10,819;0,162172199812805
1330;10,823;0,158258416299992
1331;10,827;0,159257680175604
1332;10,831;0,141645654367949
1333;10,835;0,126739968223409
1334;10,840;0,109794118332828
1335;10,844;0,1281764100446
1336;10,848;0,107108596667122
1337;10,852;0,147391421652716
1338;10,856;0,108378494509045
1339;10,860;0,0821894537690568
1340;10,864;0,103007451177632
1341;10,868;0,110335386265451
1342;10,873;0,106046878799285
1343;10,877;0,07688086442987
1344;10,881;0,0757775105672155
1345;10,885;0,0970118679239627
1346;10,889;0,0538769772933939
1347;10,893;0,0690116614094284
1348;10,897;0,0772139523884072
1349;10,901;0,0331422518744525
1350;10,905;0,0422397167420001
1351;10,910;0,0438843385372775
1352;10,914;0,0716971830751346
1353;10,918;0,0512539096199133
1354;10,922;0,0492761998660986
1355;10,926;0,0476107600734126
1356;10,930;0,0533565273581795
1357;10,934;0,0383883872214136
1358;10,938;0,0665551377152165
1359;10,943;0,049505197837593
1360;10,947;0,0650770598992076
1361;10,951;0,0391586531255309
1362;10,955;0,0544182452260168
1363;10,959;0,0405326409544969
1364;10,963;0,0602056485056009
1365;10,967;0,0191525576158896
1366;10,971;0,0429058926590745
1367;10,976;0,0388255651669936
1368;10,980;0,0567498609357773
1369;10,984;0,0284373844601144
1370;10,988;0,0209220873956186
1371;10,992;0,0346619656852785
1372;10,996;0,0269176706492884
1373;11,000;0,0559587770342514
1374;11,004;0,0250440508825165
1375;11,009;0,00172789378491178
1376;11,013;0,0433638886020631
1377;11,017;0,0604971004693209
1378;11,021;0,0369519454002218
1379;11,025;0,0352240516153101
1380;11,029;0,039887283034831
1381;11,033;0,0436969765606004
1382;11,037;0,0521907195032992
1383;11,042;0,0341831517448813
1384;11,046;0,0193399195925668
1385;11,050;0,0270425786337398
1386;11,054;0,0270633966311484
1387;11,058;0,0544390632234254
1388;11,062;0,0370143993924476
1389;11,066;0,0434055245968803
1390;11,070;0,0298738262813061
1391;11,074;0,0506918236898818
1392;11,079;0,0519825395292135
1393;11,083;0,0496301058220444
1394;11,087;0,0216715353023273
1395;11,091;0,021733989294553
1396;11,095;0,0363482234753731
1397;11,099;0,0442174264958147
1398;11,103;0,0207347254189414
1399;11,107;0,0339957897682041
1400;11,112;0,056666588946143
1401;11,116;0,0407616389259912
1402;11,120;0,074278614753798
1403;11,124;0,0210886313748872
1404;11,128;0,0192150116081154
1405;11,132;0,0275838465663628
1406;11,136;0,039200289120348
1407;11,140;0,0235451550690991
1408;11,145;0,00811901898934452
1409;11,149;0,019381555587384
1410;11,153;0,0380761172602849
1411;11,157;0,0243154209732164
1412;11,161;0,0256685908047738
1413;11,165;0,045924502283318
1414;11,169;0,0709477351684259
1415;11,173;0,119078945177053
1416;11,178;0,255832370153987
1417;11,182;0,551489569350578
1418;11,186;1,24783076467003
1419;11,190;2,47067993244976
1420;11,194;4,59213795837067
1421;11,198;7,85190326459508
1422;11,202;12,2798704954017
1423;11,206;17,2583280316833
1424;11,211;22,3577173149113
1425;11,215;26,6230127139674
1426;11,219;29,082784015775
1427;11,223;29,3861438740128
1428;11,227;27,3433570602989
1429;11,231;23,7820846976061
1430;11,235;20,0205640178402
1431;11,239;15,8953321053491
1432;11,243;12,4618197927527
1433;11,248;9,53901459258346
1434;11,252;7,33832326852552
1435;11,256;5,65031676664857
1436;11,260;4,3569778596434
1437;11,264;3,44679419494306
1438;11,268;2,76388060795214
1439;11,272;2,18201758038245
1440;11,276;1,86152451027743
1441;11,281;1,51871454695041
1442;11,285;1,3004378441215
1443;11,289;1,18914482997525
1444;11,293;0,992040030510857
1445;11,297;0,884327711918886
1446;11,301;0,760731261304173
1447;11,305;0,751009256514368
1448;11,309;0,658181806069529
1449;11,314;0,590752312463152
1450;11,318;0,493823716528824
1451;11,322;0,479042938368735
1452;11,326;0,454935697369604
1453;11,330;0,373454055512439
1454;11,334;0,400663178125448
1455;11,338;0,310937609294486
1456;11,342;0,322387507869203
1457;11,347;0,327821005192841
1458;11,351;0,301028242528004
1459;11,355;0,262265131353236
1460;11,359;0,2655751929412
1461;11,363;0,263993025138148
1462;11,367;0,308210451633963
1463;11,371;0,466198233967644
1464;11,375;0,891343377045576
1465;11,380;1,83974888498806
1466;11,384;3,87258469594066
1467;11,388;7,65282075537687
1468;11,392;14,3142052021677
1469;11,396;24,1288708984381
1470;11,400;37,9852050656017
1471;11,404;53,8741668637437
1472;11,408;71,0328183238348
1473;11,412;85,4430569480483
1474;11,417;94,7962500957628
1475;11,421;96,1250420523548
1476;11,425;91,3498306247731
1477;11,429;80,1727519060958
1478;11,433;66,2757185539985
1479;11,437;52,1502909523318
1480;11,441;39,2494195942322
1481;11,445;29,4071700513955
1482;11,450;21,9141690621242
1483;11,454;16,4744679752582
1484;11,458;12,7425088518125
1485;11,462;10,176461673234
1486;11,466;8,10767318075684
1487;11,470;6,70118845783606
1488;11,474;5,48845683679689
1489;11,478;4,76950729629173
1490;11,483;3,99728450041803
1491;11,487;3,45212360227965
1492;11,491;3,05947535315651
1493;11,495;2,64247004706533
1494;11,499;2,3396722747576
1495;11,503;2,18555663994191
1496;11,507;1,92826700996932
1497;11,511;1,733764460181
1498;11,516;1,53347450711309
1499;11,520;1,41710190159916
1500;11,524;1,3016661059686
1501;11,528;1,21883129427988
1502;11,532;1,11532421116444
1503;11,536;1,02428710849674
1504;11,540;0,89055229314405
1505;11,544;0,891322559048168
1506;11,549;0,806947215551211
1507;11,553;0,767809380423088
1508;11,557;0,689554528164252
1509;11,561;0,702149416596441
1510;11,565;0,603305564900523
1511;11,569;0,568726871204879
1512;11,573;0,569809407070125
1513;11,577;0,490284656969366
1514;11,581;0,479251118342821
1515;11,586;0,431681994264225
1516;11,590;0,424354059176407
1517;11,594;0,422147351451098
1518;11,598;0,389504731514451
1519;11,602;0,366313482401298
1520;11,606;0,35092898231636
1521;11,610;0,345183215031593
1522;11,614;0,289973885904051
1523;11,619;0,309397077486252
1524;11,623;0,300632700577241
1525;11,627;0,294553845333937
1526;11,631;0,272070408132676
1527;11,635;0,259017523757499
1528;11,639;0,21923433070971
1529;11,643;0,228269341585032
1530;11,647;0,203412652679193
1531;11,652;0,209241691953594
1532;11,656;0,207659524150542
1533;11,660;0,205702632394136
1534;11,664;0,178493509781128
1535;11,668;0,176578254019539
1536;11,672;0,157758784362187
1537;11,676;0,146850153720093
1538;11,680;0,184551547027023
1539;11,685;0,135733343103913
1540;11,689;0,144789171976644
1541;11,693;0,16852168902242
1542;11,697;0,118995673187419
1543;11,701;0,167272609177906
1544;11,705;0,18240729329394
1545;11,709;0,153782546857149
1546;11,713;0,163171463688416
1547;11,718;0,168167783066474
1548;11,722;0,163920911595125
1549;11,726;0,184530729029615
1550;11,730;0,138293956785168
1551;11,734;0,14703751569677
1552;11,738;0,14674606373305
1553;11,742;0,121473014879039
1554;11,746;0,0934936263619134
1555;11,751;0,130945203699941
1556;11,755;0,128551133997955
1557;11,759;0,0879768570486408
1558;11,763;0,107337594638616
1559;11,767;0,0852496993881174
1560;11,771;0,0862905992585462
1561;11,775;0,0563543189850144
1562;11,779;0,0943055282608478
1563;11,783;0,122472278754651
1564;11,788;0,101716735338301
1565;11,792;0,10669223671895
1566;11,796;0,109669210348377
1567;11,800;0,152679192994494
1568;11,804;0,105651336848522
1569;11,808;0,123034364684682
1570;11,812;0,10377771708175
1571;11,816;0,106525692739682
1572;11,821;0,0980527677943915
1573;11,825;0,119932483070804
1574;11,829;0,151742383111108
1575;11,833;0,245589915428967
1576;11,837;0,513933902025508
1577;11,841;1,09923189916761
1578;11,845;2,24730282025574
1579;11,849;4,2625474233981
1580;11,854;7,40471186226147
1581;11,858;11,7531959789622
1582;11,862;17,099340985474
1583;11,866;22,3583834908284
1584;11,870;26,5584561040034
1585;11,874;29,010379020788
1586;11,878;29,3873096818677
1587;11,882;27,5595935993818
1588;11,887;24,4993479803212
1589;11,891;20,4511634762392
1590;11,895;16,2511949530513
1591;11,899;12,7215451284221
1592;11,903;9,69579493106745
1593;11,907;7,40925018569654
1594;11,911;5,82683256667588
1595;11,915;4,495854720356
1596;11,920;3,56564414214862
1597;11,924;2,92199329827027
1598;11,928;2,36815129521253
1599;11,932;2,04405671155582
1600;11,936;1,71669370230597
1601;11,940;1,48036779572382
1602;11,944;1,29562888672012
1603;11,948;1,18614703834842
1604;11,952;1,03502919515957
1605;11,957;0,947468698059096
1606;11,961;0,890718837123319
1607;11,965;0,857097771308469
1608;11,969;0,792645251331519
1609;11,973;0,793269791253776
1610;11,977;0,757795923669563
1611;11,981;0,707374733945993
1612;11,985;0,667050272965582
1613;11,990;0,616191905296432
1614;11,994;0,567456973362956
1615;11,998;0,537603965079058
1616;12,002;0,547554967840358
1617;12,006;0,509999300515287
1618;12,010;0,532378647729506
1619;12,014;0,548221143757432
1620;12,018;0,523385272849001
1621;12,023;0,531670835817614
1622;12,027;0,519679669310275
1623;12,031;0,410031276959307
1624;12,035;0,441653815022933
1625;12,039;0,384071234190813
1626;12,043;0,368207920165478
1627;12,047;0,304900390045999
1628;12,051;0,286747096305721
1629;12,056;0,278170081373388
1630;12,060;0,213717561396438
1631;12,064;0,21879715276413
1632;12,068;0,164149909566619
1633;12,072;0,166897885224551
1634;12,076;0,150639029248454
1635;12,080;0,165065901452597
1636;12,084;0,165190809437048
1637;12,089;0,16662725125824
1638;12,093;0,159445042152281
1639;12,097;0,17510017620353
1640;12,101;0,157113426442521
1641;12,105;0,189880954363619
1642;12,109;0,195210361700214
1643;12,113;0,310458795354089
1644;12,117;0,497154596114196
1645;12,121;0,953152011351638
1646;12,126;1,97964582757369
1647;12,130;3,84512575735875
1648;12,134;7,004964676022
1649;12,138;11,6265809187232
1650;12,142;17,262491631165
1651;12,146;23,1790497666719
1652;12,150;28,4370721901533
1653;12,154;31,6856790497667
1654;12,159;32,5470445105439
1655;12,163;30,9095632883776
1656;12,167;27,1651133664867
1657;12,171;22,7314211863927
1658;12,175;18,1190897705357
1659;12,179;14,0949916894554
1660;12,183;10,621529639832
1661;12,187;8,05839698089074
1662;12,192;6,17363958550534
1663;12,196;4,86462472645151
1664;12,200;3,7141597356614
1665;12,204;3,06251478077816
1666;12,208;2,54144030564151
1667;12,212;2,0869834222123
1668;12,216;1,79151358499239
1669;12,220;1,52375250232329
1670;12,225;1,32504471705843
1671;12,229;1,19424523934035
1672;12,233;1,03871398070088
1673;12,237;0,923840271000363
1674;12,241;0,849374294269888
1675;12,245;0,785754494189281
1676;12,249;0,665967737100336
1677;12,253;0,631368225407283
1678;12,258;0,57164139084208
1679;12,262;0,542746010438977
1680;12,266;0,498362039963893
1681;12,270;0,451126003843835
1682;12,274;0,405971767464634
1683;12,278;0,396333034664464
1684;12,282;0,367645834235447
1685;12,286;0,387464567768411
1686;12,290;0,319681168206088
1687;12,295;0,303713764193711
1688;12,299;0,310125707395552
1689;12,303;0,253917114392398
1690;12,307;0,2784407153397
1691;12,311;0,24496537550671
1692;12,315;0,236700630535505
1693;12,319;0,252876214521969
1694;12,323;0,218526518797819
1695;12,328;0,237970528377429
1696;12,332;0,189610320397307
1697;12,336;0,193295105938625
1698;12,340;0,179950769599728
1699;12,344;0,166814613234917
1700;12,348;0,194669093767591
1701;12,352;0,16092311996829
1702;12,356;0,1803671295479
1703;12,361;0,158966228211884
1704;12,365;0,16619007331266
1705;12,369;0,188819236495781
1706;12,373;0,139917760583037
1707;12,377;0,149306677414305
1708;12,381;0,165815349359305
1709;12,385;0,136003977070225
1710;12,389;0,143644182119172
1711;12,394;0,124283444529197
1712;12,398;0,0965746899783826
1713;12,402;0,0804199239893279
1714;12,406;0,0953880641260938
1715;12,410;0,103465447120621
1716;12,414;0,0914742806132815
1717;12,418;0,110418658255085
1718;12,422;0,0897047508335526
1719;12,427;0,0843128895047315
1720;12,431;0,0840214375410114
1721;12,435;0,130029211813964
1722;12,439;0,103257267146535
1723;12,443;0,101716735338301
1724;12,447;0,0805031959789622
1725;12,451;0,0957627880794481
1726;12,455;0,0953672461286852
1727;12,459;0,103361357133578
1728;12,464;0,095034158170148
1729;12,468;0,0740079807874865
1730;12,472;0,108003770555691
1731;12,476;0,0746117027123352
1732;12,480;0,0645566099639932
1733;12,484;0,059955832536698
1734;12,488;0,0908081046962071
1735;12,492;0,0792541161344476
1736;12,497;0,0930772664137419
1737;12,501;0,0595811085833436
1738;12,505;0,0771514983961815
1739;12,509;0,0839173475539686
1740;12,513;0,0742994327512066
1741;12,517;0,0850831554088488
1742;12,521;0,0929107224344733
1743;12,525;0,0565624989591001
1744;12,530;0,0690949333990627
1745;12,534;0,0630368961531672
1746;12,538;0,0637655260624673
1747;12,542;0,0726339929585205
1748;12,546;0,0737165288237665
1749;12,550;0,0640986140210045
1750;12,554;0,075652602582764
1751;12,558;0,0925359984811189
1752;12,563;0,179097231705977
1753;12,567;0,366500844377975
1754;12,571;0,747241198983415
1755;12,575;1,60985573960516
1756;12,579;3,20628387088178
1757;12,583;6,01663024904987
1758;12,587;10,0146017433824
1759;12,591;15,1363495558272
1760;12,596;21,0113549685065
1761;12,600;26,1532962384377
1762;12,604;29,3492960185996
1763;12,608;31,1468051868457
1764;12,612;30,4910799044704
1765;12,616;27,488729136203
1766;12,620;23,3642050356238
1767;12,624;19,0150131070112
1768;12,628;14,7503006118826
1769;12,633;11,5596926930495
1770;12,637;8,78028185903051
1771;12,641;6,68582477574853
1772;12,645;5,24490708511397
1773;12,649;4,1324349395945
1774;12,653;3,3463889934415
1775;12,657;2,74518604627924
1776;12,661;2,30927799854107
1777;12,666;1,93507449512193
1778;12,670;1,65956911741684
1779;12,674;1,44351994031064
1780;12,678;1,27410307739965
1781;12,682;1,13839055229314
1782;12,686;0,995932996026261
1783;12,690;0,881808734232449
1784;12,694;0,849082842306168
1785;12,699;0,79643412685988
1786;12,703;0,685848924625526
1787;12,707;0,665280743185853
1788;12,711;0,593958284064073
1789;12,715;0,553342371119942
1790;12,719;0,499298849847279
1791;12,723;0,461659910532574
1792;12,727;0,397478024521935
1793;12,732;0,447024858354346
1794;12,736;0,395292134794035
1795;12,740;0,367500108253586
1796;12,744;0,332151148653825
1797;12,748;0,349430086502943
1798;12,752;0,303422312229991
1799;12,756;0,275671921684359
1800;12,760;0,270779692293344
1801;12,765;0,26089114352427
1802;12,769;0,262348403342871
1803;12,773;0,269072616505841
1804;12,777;0,218401610813367
1805;12,781;0,199103327215618
1806;12,785;0,218443246808185
1807;12,789;0,207326436192005
1808;12,793;0,164378907538114
1809;12,797;0,191879482114842
1810;12,802;0,188923326482824
1811;12,806;0,170041402833246
1812;12,810;0,206930894241242
1813;12,814;0,162463651776525
1814;12,818;0,188715146508739
1815;12,822;0,166252527304885
1816;12,826;0,183843735115132
1817;12,830;0,324615033591921
1818;12,835;0,544203270257577
1819;12,839;1,23134291072243
1820;12,843;2,57295875371809
1821;12,847;5,3020316700031
1822;12,851;10,1926580752179
1823;12,855;17,9132830481545
1824;12,859;28,2917001142492
1825;12,863;40,2874257630212
1826;12,868;52,8994265890794
1827;12,872;62,5755693305931
1828;12,876;68,7978189400475
1829;12,880;69,1135446887459
1830;12,884;64,6449199090004
1831;12,888;56,1549866598273
1832;12,892;46,4393105412346
1833;12,896;36,5010900303443
1834;12,901;27,9043812724626
1835;12,905;21,3854127459438
1836;12,909;16,2108913100682
1837;12,913;12,4493081763101
1838;12,917;9,88473907554768
1839;12,921;7,82309115618161
1840;12,925;6,42901395971634
1841;12,929;5,24569816901549
1842;12,934;4,35472951592327
1843;12,938;3,84764473504518
1844;12,942;3,37655427168652
1845;12,946;2,86434826344593
1846;12,950;2,53611089830492
1847;12,954;2,27411640091799
1848;12,958;2,0505727447447
1849;12,962;1,81884761558985
1850;12,966;1,691524743439
1851;12,971;1,4943991259772
1852;12,975;1,36145539452603
1853;12,979;1,32414954316986
1854;12,983;1,16362196515234
1855;12,987;1,10962007987449
1856;12,991;0,998243793738612
1857;12,995;0,933749637766845
1858;12,999;0,897880228231869
1859;13,004;0,83180390445705
1860;13,008;0,800805906315681
1861;13,012;0,758628643565906
1862;13,016;0,702170234593849
1863;13,020;0,658410804041023
1864;13,024;0,67160941439806
1865;13,028;0,636343726787933
1866;13,032;0,595519633869716
1867;13,037;0,564126093777584
1868;13,041;0,535084987392621
1869;13,045;0,447004040356937
1870;13,049;0,44987692399932
1871;13,053;0,439780195256161
1872;13,057;0,418525019902005
1873;13,061;0,429621012520776
1874;13,065;0,385341132032736
1875;13,070;0,389921091462622
1876;13,074;0,36160861498696
1877;13,078;0,427185306823973
1878;13,082;0,505669157054303
1879;13,086;0,610425320014256
1880;13,090;1,070565516736
1881;13,094;2,03801949230733
1882;13,098;3,58577514564271
1883;13,103;6,43823633256834
1884;13,107;10,659897209056
1885;13,111;16,0762405028296
1886;13,115;21,9430228065325
1887;13,119;27,1525809320467
1888;13,123;31,1771994630622
1889;13,127;32,6571508988379
1890;13,131;31,9583115438294
1891;13,135;28,6516641074409
1892;13,140;24,6946832500058
1893;13,144;20,1641457459671
1894;13,148;15,7524790071314
1895;13,152;12,3268775335503
1896;13,156;9,61522928109626
1897;13,160;7,31548592536831
1898;13,164;5,80366213556014
1899;13,168;4,63560593695977
1900;13,173;3,76541364528131
1901;13,177;3,12117989747553
1902;13,181;2,5819521285986
1903;13,185;2,28412985767152
1904;13,189;2,03980984008447
1905;13,193;1,74781660843179
1906;13,197;1,64405970934745
1907;13,201;1,33984631321593
1908;13,206;1,2773923209902
1909;13,210;1,25151555021134
1910;13,214;1,36199666245866
1911;13,218;1,73905223152278
1912;13,222;2,69776264818251
1913;13,226;4,69014909017024
1914;13,230;8,33542207240666
1915;13,234;14,3398946109699
1916;13,239;22,7638764443527
1917;13,243;33,7981228828097
1918;13,247;45,521674033462
1919;13,251;56,2256637610294
1920;13,255;63,719705650171
1921;13,259;66,7915677117856
1922;13,263;64,1695409381755
1923;13,267;57,4540296981224
1924;13,272;48,4640065152005
1925;13,276;39,1033188884189
1926;13,280;30,4433234184151
1927;13,284;23,1931019149227
1928;13,288;17,7328118286196
1929;13,292;13,6670985707196
1930;13,296;10,8211742349802
1931;13,300;8,58838155891826
1932;13,304;7,01949563821318
1933;13,309;5,8411969848878
1934;13,313;5,0192191752076
1935;13,317;4,297750657016
1936;13,321;3,64552279820532
1937;13,325;3,25995266820109
1938;13,329;2,97052005022966
1939;13,333;2,58990460360867
1940;13,337;2,37000409698189
1941;13,342;2,1670910762405
1942;13,346;1,95635048847349
1943;13,350;1,76109849077846
1944;13,354;1,66331635695038
1945;13,358;1,54494522368522
1946;13,362;1,4633386738436
1947;13,366;1,31686324407686
1948;13,370;1,28988311943535
1949;13,375;1,16549558491911
1950;13,379;1,14644711729026
1951;13,383;1,02353766059003
1952;13,387;1,00228248523588
1953;13,391;0,952173565473434
1954;13,395;0,886992415587184
1955;13,399;0,819125744035227
1956;13,403;0,768267376366077
1957;13,408;0,769016824272786
1958;13,412;0,724174857854714
1959;13,416;0,655579556393457
1960;13,420;0,63827980054693
1961;13,424;0,60817697629413
1962;13,428;0,585631085100642
1963;13,432;0,585943355061771
1964;13,436;0,554466542980005
1965;13,441;0,529797216050843
1966;13,445;0,527611326322942
1967;13,449;0,472526905179851
1968;13,453;0,464012344239743
1969;13,457;0,465448786060935
1970;13,461;0,475254062840374
1971;13,465;0,461077006605134
1972;13,469;0,401870621975145
1973;13,473;0,404223055682314
1974;13,478;0,427789028748822
1975;13,482;0,397040846576355
1976;13,486;0,424083425210095
1977;13,490;0,444485062670499
1978;13,494;0,638342254539156
1979;13,498;1,00919406037552
1980;13,502;1,94483813590655
1981;13,506;3,59214545284973
1982;13,511;6,28963746706593
1983;13,515;10,4111429580209
1984;13,519;15,3866027026757
1985;13,523;21,1353261430746
1986;13,527;26,4144371979309
1987;13,531;30,5051945067134
1988;13,535;33,4807108763211
1989;13,539;35,7451677264415
1990;13,544;38,5783514477668
1991;13,548;42,3377695097944
1992;13,552;48,3447610260441
1993;13,556;57,1157164222356
1994;13,560;65,4708115021934
1995;13,564;71,2355231646021
1996;13,568;74,1803538060296
1997;13,572;72,0557730804974
1998;13,577;64,9415347360778
1999;13,581;54,6382290046333
2000;13,585;43,7860359535142
2001;13,589;34,2635716688706
2002;13,593;26,459383254336
2003;13,597;20,2056360148024
2004;13,601;15,7803959416563
2005;13,605;12,5296240103124
2006;13,610;10,2513440099127
2007;13,614;8,5200152554285
2008;13,618;7,16876067963267
2009;13,622;5,96512652346105
2010;13,626;5,23772487600801
2011;13,630;4,54690045000183
2012;13,634;4,04716442220897
2013;13,638;3,63172046592344
2014;13,642;3,282061381449
2015;13,647;2,95172139856972
2016;13,651;2,64180387114825
2017;13,655;2,47257437021394
2018;13,659;2,21957324770752
2019;13,663;2,0772614174225
2020;13,667;1,93163952554951
2021;13,671;1,79848761412426
2022;13,675;1,72035766984988
2023;13,680;1,63346334866648
2024;13,684;1,58922510417326
2025;13,688;1,53443213499389
2026;13,692;1,40159249352977
2027;13,696;1,35710443306764
2028;13,700;1,27054319984278
2029;13,704;1,16709857071957
2030;13,708;1,10907881194187
2031;13,713;1,03885970668274
2032;13,717;1,00990187228741
2033;13,721;1,01023496024595
2034;13,725;0,914159902205375
2035;13,729;0,883057814076963
2036;13,733;0,87433507316277
2037;13,737;0,843857524956615
2038;13,741;0,814066970664943
2039;13,746;0,772326885860749
2040;13,750;0,749780994667262
2041;13,754;0,757712651679929
2042;13,758;0,674628024022303
2043;13,762;0,663823483367253
2044;13,766;0,618731700980278
2045;13,770;0,646835997481855
2046;13,774;0,585256361147288
2047;13,779;0,608510064252667
2048;13,783;0,603430472884975
2049;13,787;0,638696160495102
2050;13,791;0,777989381155882
2051;13,795;1,09879472122203
2052;13,799;1,84343367052938
2053;13,803;3,20324444326013
2054;13,807;5,52363925241739
2055;13,811;9,00732293876844
2056;13,816;13,5387764346931
2057;13,820;18,8010873656406
2058;13,824;23,7944922240616
2059;13,828;27,1186892322656
2060;13,832;29,006048877327
2061;13,836;28,6272029604858
2062;13,840;26,0660063753035
2063;13,844;22,508772704108
2064;13,849;18,4623993658005
2065;13,853;14,8590954663398
2066;13,857;11,524614367416
2067;13,861;9,04425406617125
2068;13,865;6,99755346894454
2069;13,869;5,66476445685012
2070;13,873;4,51394556010406
2071;13,877;3,68840787286699
2072;13,882;3,1386045613065
2073;13,886;2,6873120134834
2074;13,890;2,27755137049041
2075;13,894;1,97402496827337
2076;13,898;1,79821698015795
2077;13,902;1,608981383714
2078;13,906;1,43714963310361
2079;13,910;1,32009003367519
2080;13,915;1,24497869902505
2081;13,919;1,12812727957072
2082;13,923;1,10618511030208
2083;13,927;0,998639335689375
2084;13,931;0,939349679069752
2085;13,935;0,900878019858704
2086;13,939;0,927108696593509
2087;13,943;0,869963293706969
2088;13,948;0,831907994444093
2089;13,952;0,750676168555831
2090;13,956;0,716368108826498
2091;13,960;0,682330683063477
2092;13,964;0,613381475646274
2093;13,968;0,640777960235959
2094;13,972;0,551572841340213
2095;13,976;0,601411127136343
2096;13,980;0,596102537797156
2097;13,985;0,498653491927613
2098;13,989;0,506876600904001
2099;13,993;0,490971650883849
2100;13,997;0,521511653082229
2101;14,001;0,478147764480166
2102;14,005;0,48320653785045
2103;14,009;0,457329767071591
2104;14,013;0,424208333194547
2105;14,018;0,419524283777617
2106;14,022;0,38250988438517
2107;14,026;0,438281299442744
2108;14,030;0,415631318262214
2109;14,034;0,387193933802099
2110;14,038;0,404785141612346
2111;14,042;0,385924035960176
2112;14,046;0,418878925857951
2113;14,051;0,384674956115661
2114;14,055;0,403244609804111
2115;14,059;0,385507676012004
2116;14,063;0,349804810456297
2117;14,067;0,351636794228252
2118;14,071;0,341477611492867
2119;14,075;0,340395075627621
2120;14,079;0,323948857674846
2121;14,084;0,314351760869493
2122;14,088;0,312394869113087
2123;14,092;0,301298876494316
2124;14,096;0,314289306877267
2125;14,100;0,305587383960482
2126;14,104;0,322366689871794
2127;14,108;0,322678959832923
2128;14,112;0,316537650597393
2129;14,117;0,315142844771019
2130;14,121;0,32784182319025
2131;14,125;0,27317376199533
2132;14,129;0,306711555820545
2133;14,133;0,275255561736188
2134;14,137;0,293596217453143
2135;14,141;0,310958427291895
2136;14,145;0,290806605800394
2137;14,149;0,298238630875255
2138;14,154;0,270633966311484
2139;14,158;0,260141695617562
2140;14,162;0,268281532604315
2141;14,166;0,268073352630229
2142;14,170;0,252043494625626
2143;14,174;0,282625132818823
2144;14,178;0,25637363808661
2145;14,182;0,265054743005986
2146;14,187;0,359256181279791
2147;14,191;0,46655213992359
2148;14,195;0,843232985034358
2149;14,199;1,69897758651127
2150;14,203;3,56531105419008
2151;14,207;7,21285319814403
2152;14,211;13,8828146598672
2153;14,215;24,2910847342458
2154;14,220;38,5518293190683
2155;14,224;55,1233507982453
2156;14,228;72,8731709307477
2157;14,232;88,5977330033542
2158;14,236;98,2662563578164
2159;14,240;100
2160;14,244;93,4454118799151
2161;14,248;81,9097223378778
2162;14,253;68,7117573387604
2163;14,257;54,6514900689825
2164;14,261;42,0495651536701
2165;14,265;32,4126018832793
2166;14,269;25,1639209115951
2167;14,273;19,7048174511443
2168;14,277;15,8431413858458
2169;14,281;12,7775663594485
2170;14,286;10,7431275626955
2171;14,290;8,95242587960203
2172;14,294;7,68527601333684
2173;14,298;6,61964436198667
2174;14,302;5,78188651027077
2175;14,306;5,0828389752882
2176;14,310;4,61695301128169
2177;14,314;4,20642210238458
2178;14,318;3,75338084277915
2179;14,323;3,29086739435283
2180;14,327;3,12326169721638
2181;14,331;2,87238401044564
2182;14,335;2,66022779885484
2183;14,339;2,45369244656436
2184;14,343;2,36188507799255
2185;14,347;2,1061567978256
2186;14,351;2,03862321423218
2187;14,356;1,9155888495475
2188;14,360;1,80442074338571
2189;14,364;1,70045566432728
2190;14,368;1,62894584322882
2191;14,372;1,48961098657322
2192;14,376;1,45719736460807
2193;14,380;1,31873686384364
2194;14,384;1,26098773903225
2195;14,389;1,21995546613994
2196;14,393;1,24102327951742
2197;14,397;1,15510740421223
2198;14,401;1,11438740128106
2199;14,405;1,08732400464991
2200;14,409;1,00471819093268
2201;14,413;0,963561010055925
2202;14,417;0,942222562712135
2203;14,422;0,968432421449532
2204;14,426;0,951528207553769
2205;14,430;0,994309192228392
2206;14,434;1,00286538916332
2207;14,438;1,06894171293814
2208;14,442;1,1764042155612
2209;14,446;1,28451207610394
2210;14,450;1,45880035040853
2211;14,455;1,82719563255069
2212;14,459;2,51464754297667
2213;14,463;3,90891210141862
2214;14,467;6,12536264951486
2215;14,471;9,42634759060825
2216;14,475;13,3761878749321
2217;14,479;17,542930874256
2218;14,483;21,8223825115498
2219;14,487;24,3621365594012
2220;14,492;25,5148915299063
2221;14,496;24,8615811352304
2222;14,500;22,4314962977273
2223;14,504;19,1913831810566
2224;14,508;15,7586411343643
2225;14,512;12,713696743399
2226;14,516;10,0357320107521
2227;14,520;7,8594810156518
2228;14,525;6,25224834372013
2229;14,529;5,0296698099067
2230;14,533;4,1028317472795
2231;14,537;3,46215787703059
2232;14,541;3,01071960322562
2233;14,545;2,63932652945663
2234;14,549;2,38393133724823
2235;14,553;2,31660593362889
2236;14,558;2,57087695397724
2237;14,562;3,37865688942479
2238;14,566;4,86464554444892
2239;14,570;7,64397310647823
2240;14,574;11,6327014099613
2241;14,578;16,9948762744778
2242;14,582;23,1471565946419
2243;14,586;28,6503525736041
2244;14,591;32,495436694968
2245;14,595;34,2297840590765
2246;14,599;33,3695011341645
2247;14,603;30,2618529350045
2248;14,607;26,0819321433211
2249;14,611;21,5919897342291
2250;14,615;17,3147448046606
2251;14,619;13,8332470080374
2252;14,624;10,9484971071311
2253;14,628;8,83513728220211
2254;14,632;7,30613864453186
2255;14,636;5,98457053304066
2256;14,640;5,06824555910479
2257;14,644;4,42648915299063
2258;14,648;3,84785291501927
2259;14,652;3,42012634026267
2260;14,656;3,11691220800677
2261;14,661;2,71179397843589
2262;14,665;2,49653588523121
2263;14,669;2,32160225300695
2264;14,673;2,05140546464105
2265;14,677;1,92426995446688
2266;14,681;1,89239760043435
2267;14,685;1,64585005712458
2268;14,689;1,67480789151991
2269;14,694;1,51654947521992
2270;14,698;1,38749870928416
2271;14,702;1,34846496414308
2272;14,706;1,28742659574114
2273;14,710;1,23792139790354
2274;14,714;1,14392813960383
2275;14,718;1,11734355691307
2276;14,722;1,0875530026214
2277;14,727;1,01956142308499
2278;14,731;1,04454301997528
2279;14,735;0,968932053387338
2280;14,739;0,961583300302111
2281;14,743;0,944595814416713
2282;14,747;0,862989264575096
2283;14,751;0,872856995346761
2284;14,755;0,814379240626072
2285;14,760;0,822269261643922
2286;14,764;0,78825265387831
2287;14,768;0,788564923839438
2288;14,772;0,763874778912867
2289;14,776;0,722446964069802
2290;14,780;0,705875838132576
2291;14,784;0,719490808437784
2292;14,788;0,701316696700098
2293;14,793;0,695529293420514
2294;14,797;0,696257923329814
2295;14,801;0,683621398902808
2296;14,805;0,667258452939668
2297;14,809;0,639133338440682
2298;14,813;0,648397347287498
2299;14,817;0,609217876164559
2300;14,821;0,63507382894601
2301;14,825;0,635094646943418
2302;14,830;0,660305241805203
2303;14,834;0,72919199523018
2304;14,838;0,954713361157281
2305;14,842;1,50734792036533
2306;14,846;2,70169724969273
2307;14,850;4,65985890394076
2308;14,854;8,03020941239953
2309;14,858;12,8962705806722
2310;14,863;19,1483731984105
2311;14,867;25,9827552036666
2312;14,871;31,9657435689042
2313;14,875;35,9353817687637
2314;14,879;36,5199303179991
2315;14,883;34,5325610133868
2316;14,887;30,3694403456121
2317;14,891;25,4981954959846
2318;14,896;20,7625382634792
2319;14,900;16,588592237052
2320;14,904;13,2965173988495
2321;14,908;10,6925398289926
2322;14,912;8,78992059183068
2323;14,916;7,28136522761566
2324;14,920;6,03299319501301
2325;14,924;5,28508582011252
2326;14,929;4,5497316976494
2327;14,933;4,09331792246378
2328;14,937;3,52323788142735
2329;14,941;3,24835704364452
2330;14,945;2,88304282511883
2331;14,949;2,67063679755913
2332;14,953;2,40885048014629
2333;14,957;2,27913353829346
2334;14,962;2,09364518138305
2335;14,966;1,98830611449565
2336;14,970;1,7937202927177
2337;14,974;1,64557942315827
2338;14,978;1,64759876890691
2339;14,982;1,56886510270767
2340;14,986;1,45103523737513
2341;14,990;1,40540218705554
2342;14,994;1,37948378028186
2343;14,999;1,3756949047535
2344;15,003;1,30470553359026
2345;15,007;1,27052238184537
2346;15,011;1,1972638489646
2347;15,015;1,17326069795251
2348;15,019;1,11599038708152
2349;15,023;1,07248077249759
2350;15,027;1,0219971287818
2351;15,032;1,04431402200379
2352;15,036;0,989479416829602
2353;15,040;0,962478474190679
2354;15,044;0,893008816838262
2355;15,048;0,942118472725092
2356;15,052;0,868235399922057
2357;15,056;0,869255481795078
2358;15,060;0,885639245755627
2359;15,065;0,812734618830795
2360;15,069;0,814025334670126
2361;15,073;0,811943534929269
2362;15,077;0,806822307566759
2363;15,081;0,777364841233624
2364;15,085;0,765352856728876
2365;15,089;0,736041116377602
2366;15,093;0,783839238427692
2367;15,098;0,893550084770885
2368;15,102;1,10576875035391
2369;15,106;1,66223382108513
2370;15,110;2,82491897635409
2371;15,114;4,6419762441668
2372;15,118;7,86780821461523
2373;15,122;12,0231221333618
2374;15,126;17,189982546191
2375;15,131;22,8677166154266
2376;15,135;27,2005872340709
2377;15,139;30,1633005352723
2378;15,143;30,0426394222922
2379;15,147;27,8996972230457
2380;15,151;24,6573982166471
2381;15,155;20,5895615230114
2382;15,159;16,7536997744995
2383;15,163;13,4327503738912
2384;15,168;10,5099035377272
2385;15,172;8,55540585102308
2386;15,176;7,06519114252501
2387;15,180;5,787299189597
2388;15,184;4,86985004380107
2389;15,188;4,13647363109176
2390;15,192;3,59847412406194
2391;15,196;3,18675658931254
2392;15,201;2,83559860902468
2393;15,205;2,52724243140886
2394;15,209;2,28771055322579
2395;15,213;2,18474473804297
2396;15,217;1,96863310694455
2397;15,221;1,86439739391981
2398;15,225;1,7063263395965
2399;15,229;1,63054882902928
2400;15,234;1,51923499688563
2401;15,238;1,43481801739385
2402;15,242;1,39522218632274
2403;15,246;1,31240819263143
2404;15,250;1,28122283251338
2405;15,254;1,149694724886
2406;15,258;1,20392560813534
2407;15,262;1,140472352034
2408;15,267;1,09473521172736
2409;15,271;1,01060968419931
2410;15,275;0,998680971684193
2411;15,279;0,997723343803398
2412;15,283;0,962540928182905
2413;15,287;0,921342111311334
2414;15,291;0,878852578600431
2415;15,295;0,881558918263546
2416;15,300;0,836009139933582
2417;15,304;0,856931227329201
2418;15,308;0,778988645031493
2419;15,312;0,882245912178029
2420;15,316;0,812672164838569
2421;15,320;0,778260015122193
2422;15,324;0,720052894367816
2423;15,328;0,758795187545175
2424;15,332;0,806968033548619
2425;15,337;0,734229950603056
2426;15,341;0,724653671795111
2427;15,345;0,771410893974772
2428;15,349;0,734105042618604
2429;15,353;0,767746926430863
2430;15,357;0,689554528164252
2431;15,361;0,777448113223259
2432;15,365;0,7115175154303
2433;15,370;0,712641687290363
2434;15,374;0,665655467139207
2435;15,378;0,703835674386535
2436;15,382;0,71108033748472
2437;15,386;0,63594818483717
2438;15,390;0,678062993594719
2439;15,394;0,671775958377329
2440;15,398;0,698235633083628
2441;15,403;0,685182748708451
2442;15,407;0,672691950263306
2443;15,411;0,670131336582051
2444;15,415;0,644504381772094
2445;15,419;0,648896979225304
2446;15,423;0,610175504045353
2447;15,427;0,621854400591564
2448;15,431;0,687909906368975
2449;15,436;0,61065431798575
2450;15,440;0,630889411466886
2451;15,444;0,675981193853861
2452;15,448;0,6292239716742
2453;15,452;0,735416576455345
2454;15,456;0,834947422065745
2455;15,460;1,08767791060585
2456;15,464;1,64181136562732
2457;15,469;2,95596827004107
2458;15,473;5,48502186722448
2459;15,477;9,83011265034758
2460;15,481;16,9435599108657
2461;15,485;26,7411756672584
2462;15,489;40,2154787639772
2463;15,493;53,9113686251128
2464;15,497;68,0673986829702
2465;15,501;78,848144366983
2466;15,506;84,4517455474467
2467;15,510;84,8015087219082
2468;15,514;81,5965988388554
2469;15,518;75,4973835940857
2470;15,522;68,5081573241046
2471;15,526;60,9285534656137
2472;15,530;53,5926034487927
2473;15,534;45,4746253593186
2474;15,539;38,3380909396744
2475;15,543;31,7294801163143
2476;15,547;26,1226313282549
2477;15,551;21,3525827640305
2478;15,555;17,5379137368805
2479;15,559;14,4489809173909
2480;15,563;12,2573246042082
2481;15,567;10,4602942499026
2482;15,572;9,19326929162184
2483;15,576;8,00227165987722
2484;15,580;7,1656796160162
2485;15,584;6,37667751423118
2486;15,588;5,81794328178242
2487;15,592;5,38226423201575
2488;15,596;4,86941286585549
2489;15,600;4,4934190146592
2490;15,605;4,25490721834915
2491;15,609;3,89354841933109
2492;15,613;3,74049450238324
2493;15,617;3,51112180693556
2494;15,621;3,3121642057018
2495;15,625;3,15478014529297
2496;15,629;3,00122659640731
2497;15,633;2,87525689408802
2498;15,638;2,75105672154846
2499;15,642;2,60951515716755
2500;15,646;2,48500271466686
2501;15,650;2,3554731347907
2502;15,654;2,3139412299606
2503;15,658;2,16644571832084
2504;15,662;2,17954023869083
2505;15,666;2,06801822657309
2506;15,670;1,96698848514927
2507;15,675;1,97050672671132
2508;15,679;1,90771964652706
2509;15,683;1,88390385749165
2510;15,687;1,78772470946403
2511;15,691;1,82219931317263
2512;15,695;1,7548739095533
2513;15,699;1,7612025807655
2514;15,703;1,60625422605347
2515;15,708;1,65423971008024
2516;15,712;1,70586834365351
2517;15,716;1,73168266044014
2518;15,720;1,89233514644212
2519;15,724;2,28735664726984
2520;15,728;3,17178844917577
2521;15,732;4,66835264688346
2522;15,736;7,17388190699518
2523;15,741;10,4721605084255
2524;15,745;14,7450128405408
2525;15,749;19,4628915032593
2526;15,753;23,4885509341452
2527;15,757;26,2152505987256
2528;15,761;27,3624887999174
2529;15,765;26,3545646373838
2530;15,769;24,2524881670503
2531;15,774;21,1664074132056
2532;15,778;18,1302690351441
2533;15,782;15,3539809007365
2534;15,786;13,5320105855353
2535;15,790;13,1300983275654
2536;15,794;13,8897678710017
2537;15,798;15,9291197151432
2538;15,802;19,1703778216714
2539;15,807;23,1908535712025
2540;15,811;27,0323153610174
2541;15,815;30,5717912804234
2542;15,819;33,420838315774
2543;15,823;36,4875791500261
2544;15,827;38,9010304075997
2545;15,831;40,9553712098754
2546;15,835;43,272726591411
2547;15,839;44,5493694644945
2548;15,844;44,2001891939604
2549;15,848;42,2635325310355
2550;15,852;38,2910006295362
2551;15,856;33,9428496007941
2552;15,860;28,4158794687913
2553;15,864;23,7756519364068
2554;15,868;19,7780968020225
2555;15,872;16,2753646480426
2556;15,877;13,6582092858261
2557;15,881;11,5782831647353
2558;15,885;9,96932259901872
2559;15,889;8,7596095876038
2560;15,893;7,87884175324178
2561;15,897;6,83842069675339
2562;15,901;6,22403995723151
2563;15,905;5,65283574433501
2564;15,910;5,20793432171634
2565;15,914;4,84330709710513
2566;15,918;4,44507962467649
2567;15,922;4,07499808474424
2568;15,926;3,79736927130347
2569;15,930;3,66013703238614
2570;15,934;3,43740527811179
2571;15,938;3,24594215594512
2572;15,943;3,04777563861289
2573;15,947;2,94289456766848
2574;15,951;2,7492247377765
2575;15,955;2,59025850956462
2576;15,959;2,56036386528591
2577;15,963;2,44800913327182
2578;15,967;2,34516822607346
2579;15,971;2,22852498659321
2580;15,976;2,09004366783136
2581;15,980;2,07132828816105
2582;15,984;1,9770019419028
2583;15,988;2,01574423508016
2584;15,992;1,84420393643349
2585;15,996;1,74937795823743
2586;16,000;1,75131403199643
2587;16,004;1,6983322285916
2588;16,008;1,70224601210442
2589;16,013;1,63096518897745
2590;16,017;1,59422142355132
2591;16,021;1,5538761445735
2592;16,025;1,48109642563312
2593;16,029;1,46748145532791
2594;16,033;1,4943991259772
2595;16,037;1,42871834415314
2596;16,041;1,35635498516093
2597;16,046;1,45238840720669
2598;16,050;1,35154602775955
2599;16,054;1,3188825898255
2600;16,058;1,41023196245433
2601;16,062;1,4048401011255
2602;16,066;1,48145033158906
2603;16,070;1,87326586081587
2604;16,074;2,28818936716619
2605;16,079;3,57353416316647
2606;16,083;5,52855229980581
2607;16,087;8,43545254995487
2608;16,091;12,9023077999207
2609;16,095;18,2680633599915
2610;16,099;24,3182730388614
2611;16,103;29,6195968969526
2612;16,107;33,3068805979595
2613;16,112;34,1073950523115
2614;16,116;32,6024203836507
2615;16,120;29,3583518474724
2616;16,124;25,495614064306
2617;16,128;21,7756877433624
2618;16,132;18,1822099386785
2619;16,136;15,1548775735208
2620;16,140;12,5997806615793
2621;16,145;10,7728348449975
2622;16,149;9,42432824485962
2623;16,153;8,10885980660913
2624;16,157;7,17225810319731
2625;16,161;6,35313235916208
2626;16,165;5,71408229271104
2627;16,169;5,2425754694042
2628;16,173;4,75451833815756
2629;16,177;4,45763287711386
2630;16,182;4,02376499312173
2631;16,186;3,85528494009413
2632;16,190;3,62074938128912
2633;16,194;3,38398629676139
2634;16,198;3,30945786603868
2635;16,202;3,14355924468975
2636;16,206;3,00443256800823
2637;16,210;2,90325710060256
2638;16,215;2,88010748748422
2639;16,219;2,63349749018223
2640;16,223;2,55141212640022
2641;16,227;2,47821604751167
2642;16,231;2,44634369347914
2643;16,235;2,28683619733463
2644;16,239;2,17612608711582
2645;16,243;2,1481466985987
2646;16,248;2,09302064146079
2647;16,252;2,04686714120598
2648;16,256;1,91835764320284
2649;16,260;1,8400819729466
2650;16,264;1,82617555067767
2651;16,268;1,68871431378884
2652;16,272;1,75539435948851
2653;16,276;1,67226809583607
2654;16,281;1,68334327045743
2655;16,285;1,59447123952022
2656;16,289;1,52364841233625
2657;16,293;1,49025634449289
2658;16,297;1,5427176979625
2659;16,301;1,52414804427405
2660;16,305;1,40842079667978
2661;16,309;1,46306803987729
2662;16,314;1,39068386288767
2663;16,318;1,35548062926977
2664;16,322;1,43211167773074
2665;16,326;1,36262120238091
2666;16,330;1,34373927873133
2667;16,334;1,36118476055972
2668;16,338;1,41062750440509
2669;16,342;1,61204162933306
2670;16,346;1,94941809533644
2671;16,351;2,64001352337112
2672;16,355;3,93202007854214
2673;16,359;6,05866178581778
2674;16,363;9,24119232165638
2675;16,367;13,1196060568714
2676;16,371;17,5220296048578
2677;16,375;21,6895012340909
2678;16,379;25,4989449438913
2679;16,384;27,4250468821302
2680;16,388;27,8235866245199
2681;16,392;26,3201524876674
2682;16,396;23,7634734079228
2683;16,400;20,7130955196339
2684;16,404;17,829844514541
2685;16,408;14,9598545737973
2686;16,412;12,5306440921854
2687;16,417;10,5070098360874
2688;16,421;9,09650723966678
2689;16,425;7,72054170094697
2690;16,429;6,82307783266327
2691;16,433;5,99110738422695
2692;16,437;5,45221270330856
2693;16,441;5,17955939124845
2694;16,445;5,12561995996283
2695;16,450;5,42506603468778
2696;16,454;6,37116074491791
2697;16,458;7,84486678147098
2698;16,462;10,2361885077993
2699;16,466;12,8818437084681
2700;16,470;16,0366863077533
2701;16,474;18,8729927286899
2702;16,478;21,1309751816162
2703;16,483;22,1779539072883
2704;16,487;22,2470280226899
2705;16,491;21,2985392427578
2706;16,495;19,3045081789748
2707;16,499;17,1804270853804
2708;16,503;14,7471987302687
2709;16,507;12,6043398030118
2710;16,511;10,642472545225
2711;16,515;8,88532947395419
2712;16,520;7,51594242241549
2713;16,524;6,56318595301461
2714;16,528;5,64419627541045
2715;16,532;5,00002498159689
2716;16,536;4,40377671781787
2717;16,540;3,9523176260155
2718;16,544;3,60811285686211
2719;16,548;3,37826134747403
2720;16,553;3,10512922147351
2721;16,557;2,87511116810616
2722;16,561;2,75578240696021
2723;16,565;2,51377318708551
2724;16,569;2,40481178864903
2725;16,573;2,2806948880991
2726;16,577;2,18982432941067
2727;16,581;2,14240093131393
2728;16,586;2,04076746796527
2729;16,590;1,94227752222529
2730;16,594;1,90082888938482
2731;16,598;1,89851809167247
2732;16,602;1,82704990656883
2733;16,606;1,69316936523428
2734;16,610;1,72676961305172
2735;16,614;1,70738805746433
2736;16,619;1,56899001069212
2737;16,623;1,49496121190723
2738;16,627;1,5497541810866
2739;16,631;1,52987299356141
2740;16,635;1,45178468528184
2741;16,639;1,45738472658475
2742;16,643;1,47308149663082
2743;16,647;1,38799834122197
2744;16,652;1,37442500691158
2745;16,656;1,37542427078719
2746;16,660;1,35600107920499
2747;16,664;1,2972943265128
2748;16,668;1,25130737023726
2749;16,672;1,26102937502706
2750;16,676;1,24245972133861
2751;16,680;1,26571342444399
2752;16,685;1,296794694575
2753;16,689;1,43438083944827
2754;16,693;1,57369487810646
2755;16,697;1,99906901915589
2756;16,701;2,72338960299246
2757;16,705;4,12814643212833
2758;16,709;6,38319354742007
2759;16,713;9,84362353066574
2760;16,717;14,9000652852399
2761;16,722;21,9411283687683
2762;16,726;30,7640246684942
2763;16,730;39,8989827493746
2764;16,734;49,6261504025368
2765;16,738;56,6103803531399
2766;16,742;61,5898371532971
2767;16,746;61,5694146978393
2768;16,750;58,1342161274528
2769;16,755;52,2525073196079
2770;16,759;44,7111461223565
2771;16,763;38,038873862921
2772;16,767;31,6238079614684
2773;16,771;26,6517415503912
2774;16,775;22,3604236545745
2775;16,779;19,468179274601
2776;16,783;16,7449978515827
2777;16,788;14,5790517651996
2778;16,792;12,8415608834825
2779;16,796;11,4990082306035
2780;16,800;10,2488042142289
2781;16,804;9,44477151831484
2782;16,808;8,63595068299686
2783;16,812;7,82319524616866
2784;16,816;7,24362219831391
2785;16,821;6,76761868756683
2786;16,825;6,31782503555714
2787;16,829;5,81278041842509
2788;16,833;5,548433487331
2789;16,837;5,31452246844824
2790;16,841;4,9723786810383
2791;16,845;4,66054589785525
2792;16,849;4,43579479783226
2793;16,854;4,29939527881128
2794;16,858;4,07083448526252
2795;16,862;3,89296551540365
2796;16,866;3,69342501024245
2797;16,870;3,56447833429374
2798;16,874;3,43586474630356
2799;16,878;3,2245412546091
2800;16,882;3,07358995539952
2801;16,886;3,00303776218186
2802;16,891;2,96321293313925
2803;16,895;2,83999120647789
2804;16,899;2,77822420816665
2805;16,903;2,69988608391818
2806;16,907;2,63310194823147
2807;16,911;2,58376329437314
2808;16,915;2,45448353046589
2809;16,919;2,44484479766572
2810;16,924;2,23701872953591
2811;16,928;2,24043288111091
2812;16,932;2,19492473877577
2813;16,936;2,21245349259379
2814;16,940;2,12283201374987
2815;16,944;2,12755769916162
2816;16,948;2,01684758894281
2817;16,952;2,02723576964969
2818;16,957;2,02055319248154
2819;16,961;1,91336132382478
2820;16,965;1,90455531092095
2821;16,969;1,83306630781991
2822;16,973;1,85788136073093
2823;16,977;1,76619890014356
2824;16,981;1,77912687653429
2825;16,985;1,7442150948801
2826;16,990;1,71894204602609
2827;16,994;1,66221300308773
2828;16,998;1,68921394572665
2829;17,002;1,62580232562013
2830;17,006;1,69616715686111
2831;17,010;1,68565406816978
2832;17,014;1,5716130783656
2833;17,018;1,56393123732184
2834;17,023;1,52102534466277
2835;17,027;1,60610850007161
2836;17,031;1,53584775881767
2837;17,035;1,517215651137
2838;17,039;1,49681401367659
2839;17,043;1,45093114738809
2840;17,047;1,51590411730026
2841;17,051;1,57906592143787
2842;17,055;1,50564084457783
2843;17,060;1,79451137661922
2844;17,064;2,09023102980804
2845;17,068;2,66603602013184
2846;17,072;3,57549105492287
2847;17,076;5,16952511649751
2848;17,080;7,31894171293813
2849;17,084;10,1941986070262
2850;17,088;13,9786399019389
2851;17,093;17,9899973686051
2852;17,097;21,9122746243601
2853;17,101;25,1008007434523
2854;17,105;26,7273525169792
2855;17,109;27,2714725152471
2856;17,113;26,3996147837759
2857;17,117;24,708652126267
2858;17,121;22,0997615090217
2859;17,126;19,6734447290496
2860;17,130;16,9536774576062
2861;17,134;14,8516218052701
2862;17,138;13,0515936593376
2863;17,142;11,1917345888529
2864;17,146;10,0778884555044
2865;17,150;8,88605810386349
2866;17,154;7,98211983838572
2867;17,159;7,18787160125374
2868;17,163;6,60761155948451
2869;17,167;6,04525499548666
2870;17,171;5,68279284260595
2871;17,175;5,16813031067114
2872;17,179;4,84033012347571
2873;17,183;4,54885734175824
2874;17,187;4,26621139094201
2875;17,192;4,07062630528844
2876;17,196;3,78398329896976
2877;17,200;3,65724333074635
2878;17,204;3,51141325889928
2879;17,208;3,3463889934415
2880;17,212;3,21338280799811
2881;17,216;3,07681674499785
2882;17,220;2,90825341998061
2883;17,224;2,78059745987123
2884;17,229;2,71835164761959
2885;17,233;2,69268305681481
2886;17,237;2,52062230823294
2887;17,241;2,49218492377282
2888;17,245;2,36515350358569
2889;17,249;2,32895100609218
2890;17,253;2,23333394399459
2891;17,257;2,15141512419185
2892;17,262;2,17543909320134
2893;17,266;2,13276219851376
2894;17,270;2,00972783382908
2895;17,274;1,95870292218066
2896;17,278;1,97238034647809
2897;17,282;1,95693339240093
2898;17,286;1,82842389439779
2899;17,290;1,82538446677614
2900;17,295;1,78029268438917
2901;17,299;1,74217493113406
2902;17,303;1,67197664387235
2903;17,307;1,72075321180064
2904;17,311;1,73122466449715
2905;17,315;1,6303614670526
2906;17,319;1,63136073092822
2907;17,323;1,61029291755074
2908;17,328;1,57762947961668
2909;17,332;1,66081819726135
2910;17,336;1,53884555044451
2911;17,340;1,55649921224698
2912;17,344;1,52739565186979
2913;17,348;1,51251078372266
2914;17,352;1,45932080034375
2915;17,356;1,49152624233481
2916;17,361;1,48988162053954
2917;17,365;1,50449585472036
2918;17,369;1,36557735801293
2919;17,373;1,40812934471606
2920;17,377;1,35887396284737
2921;17,381;1,35633416716352
2922;17,385;1,35762488300285
2923;17,389;1,39378574450155
2924;17,393;1,37146885127956
2925;17,398;1,37796406647103
2926;17,402;1,3417199329827
2927;17,406;1,29733596250762
2928;17,410;1,26469334257097
2929;17,414;1,23386188840887
2930;17,418;1,25420107187705
2931;17,422;1,25305608201958
2932;17,426;1,29783559444543
2933;17,431;1,30222819189863
2934;17,435;1,29281845706996
2935;17,439;1,22613841137029
2936;17,443;1,1926630715373
2937;17,447;1,21980974015808
2938;17,451;1,23230053860323
2939;17,455;1,27489416130117
2940;17,459;1,23706786000979
2941;17,464;1,20835984158337
2942;17,468;1,14759210714773
2943;17,472;1,19445341931444
2944;17,476;1,15325460244287
2945;17,480;1,13868200425686
2946;17,484;1,18090090300146
2947;17,488;1,1276068296355
2948;17,492;1,11603202307633
2949;17,497;1,14399059359605
2950;17,501;1,1365793865186
2951;17,505;1,06902498492777
2952;17,509;1,09107124418345
2953;17,513;1,09102960818863
2954;17,517;1,07162723460384
2955;17,521;1,10962007987449
2956;17,525;1,09939844314688
2957;17,530;1,13376895686844
2958;17,534;1,13420613481402
2959;17,538;1,21612495461677
2960;17,542;1,2713134657469
2961;17,546;1,29290172905959
2962;17,550;1,51448849347647
2963;17,554;1,63542024042289
2964;17,558;1,85875571662209
2965;17,562;2,00512705640178
2966;17,567;2,17260784555378
2967;17,571;2,23052351434443
2968;17,575;2,30971517648665
2969;17,579;2,3717319907668
2970;17,583;2,31504458382325
2971;17,587;2,17856179281263
2972;17,591;2,0763037895417
2973;17,595;2,01622304902055
2974;17,600;1,8415600507626
2975;17,604;1,74461063683087
2976;17,608;1,63631541431146
2977;17,612;1,51946399485712
2978;17,616;1,44418611622771
2979;17,620;1,3361407096772
2980;17,624;1,27021011188425
2981;17,628;1,2421890873723
2982;17,633;1,26117510100892
2983;17,637;1,18214998284597
2984;17,641;1,18021390908697
2985;17,645;1,17938118919063
2986;17,649;1,13310278095137
2987;17,653;1,07121087465567
2988;17,657;1,04139950236659
2989;17,661;1,05224567901646
2990;17,666;1,07962134560873
2991;17,670;1,06752608911435
2992;17,674;0,988084611003228
2993;17,678;1,02755553408989
2994;17,682;1,02826334600178
2995;17,686;1,00534273085494
2996;17,690;1,05782490232196
2997;17,694;1,00211594125661
2998;17,699;0,987147801119842
2999;17,703;0,978570786187508
3000;17,707;0,941327388823567
3001;17,711;0,966496347690535
3002;17,715;0,975260724599545
3003;17,719;0,91846922766895
3004;17,723;0,974761092661739
3005;17,727;0,951611479543403
3006;17,731;0,978466696200466
3007;17,736;0,998493609707515
3008;17,740;0,948447143937299
3009;17,744;0,939453769056795
3010;17,748;0,934915445621725
3011;17,752;0,939807675012741
3012;17,756;0,945886530256045
3013;17,760;0,982338843718461
3014;17,764;0,982193117736601
3015;17,769;0,983338107594072
3016;17,773;0,921966651233591
3017;17,777;0,964060641993731
3018;17,781;0,995246002111778
3019;17,785;0,973116470866462
3020;17,789;0,95048730768334
3021;17,793;0,989375326842559
3022;17,797;0,961853934268422
3023;17,802;0,969348413335509
3024;17,806;0,948863503885471
3025;17,810;0,96685025364648
3026;17,814;0,956940886879998
3027;17,818;0,916782969878856
3028;17,822;1,05287021893872
3029;17,826;0,936664157404046
3030;17,830;0,964581091928946
3031;17,835;0,940682030903901
3032;17,839;0,961437574320251
3033;17,843;0,858513395132253
3034;17,847;0,948509597929525
3035;17,851;0,932542193917148
3036;17,855;0,95005012973776
3037;17,859;0,923507183041826
3038;17,863;0,965143177858977
3039;17,868;0,915055076093944
3040;17,872;0,93089757212187
3041;17,876;0,861656912740947
3042;17,880;0,851227096039251
3043;17,884;0,954172093224658
3044;17,888;0,889199123312493
3045;17,892;0,899337488050469
3046;17,896;0,917469963793339
3047;17,900;0,970243587224078
3048;17,905;0,934124361720199
3049;17,909;0,869567751756206
3050;17,913;0,934311723696877
3051;17,917;0,904750167376699
3052;17,921;0,878373764660034
3053;17,925;0,903105545581422
3054;17,929;0,910246118692563
3055;17,933;0,87622951092695
3056;17,938;0,931230660080407
3057;17,942;0,899524850027147
3058;17,946;0,8275570329857
3059;17,950;0,910475116664057
3060;17,954;0,880663744374977
3061;17,958;0,885056341828186
3062;17,962;0,856952045326609
3063;17,966;0,864092618437751
3064;17,971;0,875001249079844
3065;17,975;0,907872866987985
3066;17,979;0,884910615846326
3067;17,983;0,921300475316517
3068;17,987;0,917345055808887
3069;17,991;0,917428327798522
3070;17,995;0,946948248123882
3071;17,999;0,907539779029448
3072;18,004;0,908809676871371
3073;18,008;0,91468035214059
3074;18,012;0,868360307906509
3075;18,016;0,876250328924359
3076;18,020;0,937371969315937
3077;18,024;0,852663537860443
3078;18,028;0,915221620073213
3079;18,032;0,835322146019099
3080;18,037;0,919510127539379
3081;18,041;0,947239700087602
3082;18,045;0,887533683519807
3083;18,049;0,875729878989145
3084;18,053;0,859970654950853
3085;18,057;0,941140026846889
3086;18,061;0,859387751023413
3087;18,065;0,822373351630965
3088;18,069;0,845647872733753
3089;18,074;0,864342434406654
3090;18,078;0,884036259955166
3091;18,082;0,845085786803721
3092;18,086;0,857888855209995
3093;18,090;0,891718100998931
3094;18,094;0,837487217749591
3095;18,098;0,899129308076384
3096;18,102;0,869859203719926
3097;18,107;0,857347587277372
3098;18,111;0,859533477005273
3099;18,115;0,897755320247418
3100;18,119;0,901356833799101
3101;18,123;0,870067383694012
3102;18,127;0,904646077389656
3103;18,131;0,888637037382462
3104;18,135;0,869130573810626
3105;18,140;0,880871924349063
3106;18,144;0,94551180630269
3107;18,148;0,86804803794538
3108;18,152;0,941827020761372
3109;18,156;0,928961498362873
3110;18,160;1,04368948208153
3111;18,164;1,09261177599169
3112;18,168;1,27345771947998
3113;18,173;1,5771923016711
3114;18,177;2,02092791643489
3115;18,181;2,74408269241659
3116;18,185;3,62624533260498
3117;18,189;4,87128648562226
3118;18,193;6,4136294596314
3119;18,197;8,1760394842466
3120;18,201;9,8787226742966
3121;18,206;11,4939494572332
3122;18,210;12,721441038435
3123;18,214;13,4805276779439
3124;18,218;13,8568754350961
3125;18,222;13,6586880997665
3126;18,226;13,007334596847
3127;18,230;12,125754860586
3128;18,234;11,1045904517006
3129;18,238;10,0433097618088
3130;18,243;8,99768420596827
3131;18,247;7,95709660550061
3132;18,251;7,15273082162807
3133;18,255;6,31976110931614
3134;18,259;5,74620446271247
3135;18,263;5,14356507372902
3136;18,267;4,61349722371187
3137;18,271;4,2009053330713
3138;18,276;3,8862829382355
3139;18,280;3,50040053827014
3140;18,284;3,23699041705943
3141;18,288;2,99660500098261
3142;18,292;2,74612285616263
3143;18,296;2,71447950010159
3144;18,300;2,52461936373538
3145;18,304;2,33469677337695
3146;18,309;2,25814899690561
3147;18,313;2,13740461193587
3148;18,317;2,05267536248297
3149;18,321;2,05463225423938
3150;18,325;1,88600647522991
3151;18,329;1,82546773876578
3152;18,333;1,73399345815249
3153;18,337;1,71875468404942
3154;18,342;1,6832599984678
3155;18,346;1,62471978975488
3156;18,350;1,6444344333008
3157;18,354;1,63285962674163
3158;18,358;1,54359205385366
3159;18,362;1,48617601700081
3160;18,366;1,4596955242971
3161;18,370;1,47560047431725
3162;18,375;1,38454255365214
3163;18,379;1,37280120311371
3164;18,383;1,30687060532075
3165;18,387;1,38281465986723
3166;18,391;1,33691097558132
3167;18,395;1,30297763980534
3168;18,399;1,33004103643649
3169;18,403;1,30774496121191
3170;18,407;1,26177882293377
3171;18,412;1,26221600087935
3172;18,416;1,25222336212324
3173;18,420;1,20969219341752
3174;18,424;1,26429780062021
3175;18,428;1,20677767378032
3176;18,432;1,15498249622778
3177;18,436;1,18377378664384
3178;18,440;1,16630748681804
3179;18,445;1,15183897861908
3180;18,449;1,17428077982553
3181;18,453;1,16666139277399
3182;18,457;1,15113116670719
3183;18,461;1,14444858953904
3184;18,465;1,11921717667985
3185;18,469;1,13189533710167
3186;18,473;1,11444985527328
3187;18,478;1,0576999943375
3188;18,482;1,0807455174688
3189;18,486;1,08295222519411
3190;18,490;1,11457476325773
3191;18,494;1,06067696796693
3192;18,498;1,04121214038991
3193;18,502;1,02409974652006
3194;18,506;1,02988714979965
3195;18,511;0,970868127146335
3196;18,515;1,04564637383794
3197;18,519;1,02453692446564
3198;18,523;0,954900723133958
3199;18,527;1,04829025950883
3200;18,531;1,05457729472622
3201;18,535;0,974448822700611
3202;18,539;0,999680235559804
3203;18,544;0,981568577814343
3204;18,548;0,968765509408069
3205;18,552;0,953568371299809
3206;18,556;0,953693279284261
3207;18,560;1,03392584129691
3208;18,564;0,946282072206808
3209;18,568;0,97869569417196
3210;18,572;0,955212993095087
3211;18,576;0,944387634442627
3212;18,581;0,991457126583417
3213;18,585;0,947073156108333
3214;18,589;0,978466696200466
3215;18,593;0,975343996589179
3216;18,597;0,92067593539426
3217;18,601;0,989999866764817
3218;18,605;0,966829435649072
3219;18,609;0,978175244236746
3220;18,614;0,958752052654544
3221;18,618;0,938142235220054
3222;18,622;0,962790744151808
3223;18,626;0,940577940916858
3224;18,630;0,924527264914846
3225;18,634;0,943950456497047
3226;18,638;0,888283131426516
3227;18,642;0,955441991066581
3228;18,647;0,914055812218332
3229;18,651;0,982609477684772
3230;18,655;0,947322972077236
3231;18,659;0,933916181746114
3232;18,663;0,941327388823567
3233;18,667;0,93587307350252
3234;18,671;0,881142558315374
3235;18,675;0,899982845970135
3236;18,680;0,909538306780671
3237;18,684;0,882391638159889
3238;18,688;0,93937049706716
3239;18,692;0,894819982612808
3240;18,696;0,930418758181473
3241;18,700;0,976634712428511
3242;18,704;0,926858880624607
3243;18,708;0,8697967497277
3244;18,713;0,941452296808018
3245;18,717;0,922299739192128
3246;18,721;0,921591927280237
3247;18,725;0,927712418518358
3248;18,729;0,973886736770579
3249;18,733;0,985107637373801
3250;18,737;0,935644075531025
3251;18,741;0,901440105788736
3252;18,745;0,976280806472565
3253;18,750;0,919551763534196
3254;18,754;0,902043827713584
3255;18,758;0,899150126073792
3256;18,762;0,947926694002085
3257;18,766;0,873648079248287
3258;18,770;0,869026483823583
3259;18,774;0,938891683126763
3260;18,778;0,906124155205665
3261;18,783;0,909684032762532
3262;18,787;0,906040883216031
3263;18,791;0,918531681661176
3264;18,795;0,906602969146062
3265;18,799;0,927629146528724
3266;18,803;0,870525379637001
3267;18,807;0,834447790127939
3268;18,811;0,930980844111505
3269;18,816;0,908705586884328
3270;18,820;0,880497200395708
3271;18,824;0,932916917870502
3272;18,828;0,905145709327462
3273;18,832;0,914326446184644
3274;18,836;0,86965102374584
3275;18,840;0,935394259562123
3276;18,844;0,883411720032909
3277;18,849;0,938225507209689
3278;18,853;0,878998304582291
3279;18,857;0,931230660080407
3280;18,861;0,883203540058823
3281;18,865;0,924693808894115
