#"+EI TIC Scan 150C_1ml-min_6C-min_2.d "
#Point;X(Minutes);Y(Counts)
0;4,941;15,2430026248613
1;4,945;14,3980633755175
2;4,949;13,9036017426914
3;4,953;13,2780548965841
4;4,958;12,5164166583982
5;4,962;11,9823566022929
6;4,966;11,4194320918611
7;4,970;11,0268078619557
8;4,974;10,5744928425173
9;4,978;10,1367679027268
10;4,982;9,66384185887086
11;4,986;9,33945500302175
12;4,991;8,90195556678062
13;4,995;8,59475208139776
14;4,999;8,33253655412536
15;5,003;7,81078899181873
16;5,007;7,58420302535562
17;5,011;7,41137710507563
18;5,015;7,02308254331923
19;5,019;6,80321658262901
20;5,024;6,5323642694136
21;5,028;6,33222986929814
22;5,032;6,06940548244229
23;5,036;5,91376293262856
24;5,040;5,70465349124595
25;5,044;5,44859421087288
26;5,048;5,24699403768615
27;5,052;5,15949866050892
28;5,056;5,00135302129656
29;5,061;4,89985387369997
30;5,065;4,69929101684061
31;5,069;4,49705943371549
32;5,073;4,40031841101179
33;5,077;4,32626304538033
34;5,081;4,19127662069401
35;5,085;4,087590088668
36;5,089;3,95801574916789
37;5,094;3,90736765196684
38;5,098;3,89755824756682
39;5,102;3,77116350811362
40;5,106;3,66781523141174
41;5,110;3,59680416369754
42;5,114;3,57100655764322
43;5,118;3,49465105580762
44;5,122;3,35709389065784
45;5,127;3,34121844077826
46;5,131;3,26686992053255
47;5,135;3,27516845115142
48;5,139;3,20440543734158
49;5,143;3,00312096912405
50;5,147;2,99838539458611
51;5,151;2,95932817982555
52;5,155;2,94985703074966
53;5,160;3,32087802062004
54;5,164;3,85412626394739
55;5,168;5,12565057774009
56;5,172;7,62932628559574
57;5,176;11,0674436015623
58;5,180;15,2438369879942
59;5,184;19,6386080116901
60;5,188;23,3121284829023
61;5,193;25,7834444314154
62;5,197;27,3563316886608
63;5,201;27,8808980453352
64;5,205;28,0429674463076
65;5,209;27,8216131621912
66;5,213;26,935993072531
67;5,217;26,283182847298
68;5,221;25,4729711445658
69;5,225;24,6788829456176
70;5,230;24,0071304222328
71;5,234;23,0163805778303
72;5,238;22,4616869469525
73;5,242;21,6781523141174
74;5,246;20,9435294011528
75;5,250;20,0969214255432
76;5,254;19,2346409532486
77;5,258;18,6656278469823
78;5,263;17,8533640619503
79;5,267;17,2011401459459
80;5,271;16,6955611881331
81;5,275;15,9335395939132
82;5,279;15,4010806130088
83;5,283;14,9157293235796
84;5,287;14,1951778320991
85;5,291;13,7708027024345
86;5,296;13,1969412698556
87;5,300;12,6593408080243
88;5,304;11,9814094873853
89;5,308;11,4579480981031
90;5,312;11,0072116035106
91;5,316;10,3919251689022
92;5,320;10,0281653933233
93;5,324;9,69631436998818
94;5,329;9,21996067218098
95;5,333;8,81867710597765
96;5,337;8,3952490912207
97;5,341;7,94755689454552
98;5,345;7,44218088992721
99;5,349;7,11226919711716
100;5,353;6,62777482117569
101;5,357;6,26678873925476
102;5,362;5,84877280968402
103;5,366;5,45042078962323
104;5,370;5,11868251806283
105;5,374;4,73503332942461
106;5,378;4,50707179131
107;5,382;4,17937003328432
108;5,386;4,04294038588167
109;5,390;3,73632320972732
110;5,394;3,57048789947954
111;5,399;3,38465042439768
112;5,403;3,1824413916275
113;5,407;3,07018572472331
114;5,411;2,85708487051586
115;5,415;2,70886138747824
116;5,419;2,68385304384691
117;5,423;2,52945076355502
118;5,427;2,50498362844231
119;5,432;2,34097489694488
120;5,436;2,2236454001786
121;5,440;2,19548000685531
122;5,444;2,07806030866926
123;5,448;2,05368337497632
124;5,452;2,07406889584442
125;5,456;2,01588898009255
126;5,460;1,8745884560223
127;5,465;1,89215518252257
128;5,469;1,86545556227055
129;5,473;1,79191885480277
130;5,477;1,82840532909988
131;5,481;1,81523592181341
132;5,485;1,69107366749953
133;5,489;1,67573942613857
134;5,493;1,69941729882828
135;5,498;1,72289221832352
136;5,502;1,64222959869388
137;5,506;1,66602022315831
138;5,510;1,72124604241271
139;5,514;1,75006539602933
140;5,518;2,08225467468858
141;5,522;2,63424226297322
142;5,526;3,7891586913578
143;5,531;5,22577415368518
144;5,535;7,30451097300272
145;5,539;9,56403398789497
146;5,543;11,689720646203
147;5,547;13,2358857328414
148;5,551;14,4126985558753
149;5,555;15,2622831783372
150;5,559;15,3277694090905
151;5,563;15,1370159566312
152;5,568;14,8728159981238
153;5,572;14,6053011374399
154;5,576;14,0937012348574
155;5,580;13,9664946826263
156;5,584;13,4469345047491
157;5,588;13,1450303527778
158;5,592;12,6813499544483
159;5,596;12,4130232809864
160;5,601;11,8891559853152
161;5,605;11,4525811136267
162;5,609;11,1752568485428
163;5,613;10,7216790092276
164;5,617;10,1932790922129
165;5,621;9,81213299297331
166;5,625;9,59479267203666
167;5,629;9,30328423369384
168;5,634;8,95276151646627
169;5,638;8,49780810549958
170;5,642;8,14460189603384
171;5,646;7,7836609148228
172;5,650;7,49170146938113
173;5,654;7,13910411949884
174;5,658;6,82847298016471
175;5,662;6,47409415224196
176;5,667;6,25269476741564
177;5,671;5,97956486835103
178;5,675;5,67204567799897
179;5,679;5,43129808863192
180;5,683;5,18649143537519
181;5,687;4,8761985513652
182;5,691;4,63594706980688
183;5,695;4,33690681291324
184;5,700;4,04578173060444
185;5,704;3,80065937237852
186;5,708;3,4985071665028
187;5,712;3,35337308209231
188;5,716;3,10955864445306
189;5,720;2,91296465006359
190;5,724;2,78435997582602
191;5,728;2,54575467017851
192;5,732;2,46112318807898
193;5,737;2,34169650830304
194;5,741;2,16212803189522
195;5,745;2,06017787719979
196;5,749;2,02193247521716
197;5,753;1,88320269161037
198;5,757;1,80804235858672
199;5,761;1,74889277757232
200;5,765;1,74569062717047
201;5,770;1,60371359245195
202;5,774;1,63981671071503
203;5,778;1,52697473458232
204;5,782;1,48812047301625
205;5,786;1,45576071367363
206;5,790;1,47114005574448
207;5,794;1,46160125560376
208;5,798;1,33437215301769
209;5,803;1,38064548135988
210;5,807;1,30311736106726
211;5,811;1,4129601399926
212;5,815;1,28101801322353
213;5,819;1,27373424857707
214;5,823;1,25025932908184
215;5,827;1,2461100637724
216;5,831;1,20024264181918
217;5,836;1,19681498786791
218;5,840;1,22374011166936
219;5,844;1,2014152602762
220;5,848;1,21695245483164
221;5,852;1,13044929327188
222;5,856;1,0940304700396
223;5,860;1,16501898739886
224;5,864;1,14289708920018
225;5,869;1,12190270874864
226;5,873;1,16289925403426
227;5,877;1,10429088153848
228;5,881;1,07459206407909
229;5,885;1,16749952644255
230;5,889;1,07479501727357
231;5,893;1,0912793267366
232;5,897;1,11700928172609
233;5,901;1,06480521003401
234;5,906;1,06516601571309
235;5,910;1,08994885579499
236;5,914;1,05436439569559
237;5,918;1,0727429349738
238;5,922;1,02637940521184
239;5,926;1,05107204387397
240;5,930;1,0768245492184
241;5,934;1,01305214544077
242;5,939;1,07659904566898
243;5,943;1,04322452035395
244;5,947;1,10347906876054
245;5,951;1,19460505308354
246;5,955;1,5332662836113
247;5,959;2,29887338426707
248;5,963;3,62887076842589
249;5,967;5,82423802350649
250;5,972;8,96211991376744
251;5,976;13,2557300451909
252;5,980;17,7391014134562
253;5,984;22,1399384826317
254;5,988;26,0090832829709
255;5,992;28,7845809693045
256;5,996;30,1876640538322
257;6,000;30,969755463951
258;6,005;31,0383987443962
259;6,009;30,6242614758756
260;6,013;30,2154235407665
261;6,017;29,3918169271984
262;6,021;28,6073577298107
263;6,025;27,6254476245456
264;6,029;26,9451936173475
265;6,033;26,3157004591252
266;6,038;25,45560737126
267;6,042;24,7189098256407
268;6,046;23,5608137972092
269;6,050;22,7625312322416
270;6,054;22,0544500870444
271;6,058;21,117843644859
272;6,062;20,4433174278163
273;6,066;19,4173890297033
274;6,070;18,443033293344
275;6,075;17,8781920027421
276;6,079;16,9529058387379
277;6,083;15,8853494854009
278;6,087;15,164189134337
279;6,091;14,18108386026
280;6,095;13,5488170083797
281;6,099;12,726225160784
282;6,103;12,1026401955567
283;6,108;11,3136032761156
284;6,112;10,5666904197072
285;6,116;9,78976304087026
286;6,120;8,94804849228327
287;6,124;8,21802585172691
288;6,128;7,5845638310347
289;6,132;6,86813905450872
290;6,136;6,28083761038399
291;6,141;5,65111894861225
292;6,145;5,15945355979903
293;6,149;4,64537311817288
294;6,153;4,23646753199895
295;6,157;3,90470671008362
296;6,161;3,55132009777834
297;6,165;3,18629750232269
298;6,169;2,93691312701262
299;6,174;2,74171725462959
300;6,178;2,44475163039066
301;6,182;2,22817802152206
302;6,186;2,11114167937003
303;6,190;2,01963233901302
304;6,194;1,85855515365812
305;6,198;1,75164392087531
306;6,202;1,64423658028377
307;6,207;1,53200346373452
308;6,211;1,43215049204874
309;6,215;1,35401351217268
310;6,219;1,30426742916934
311;6,223;1,27531277342305
312;6,227;1,18217980751017
313;6,231;1,1746254386044
314;6,235;1,14210782677719
315;6,239;1,07617058892507
316;6,244;1,00948918935984
317;6,248;0,988224204648981
318;6,252;0,964230626990069
319;6,256;0,957510621217178
320;6,260;0,951985784256244
321;6,264;0,878652029982952
322;6,268;0,884966129366876
323;6,272;0,882688543517675
324;6,277;0,859484228281753
325;6,281;0,833709172582376
326;6,285;0,826628361130404
327;6,289;0,855109459422891
328;6,293;0,838647700314803
329;6,297;0,848682608264254
330;6,301;0,785045506616274
331;6,305;0,761187231087017
332;6,310;0,760307767244256
333;6,314;0,788766315181801
334;6,318;0,795057864210783
335;6,322;0,782429665442934
336;6,326;0,787999603113753
337;6,330;0,731691366822114
338;6,334;0,773432073820842
339;6,338;0,731713917177056
340;6,343;0,744793123043757
341;6,347;0,731375661852918
342;6,351;0,650487538673859
343;6,355;0,685711193094179
344;6,359;0,742650839324211
345;6,363;0,714643298485518
346;6,367;0,702962214625258
347;6,371;0,722829077329677
348;6,376;0,669429836825632
349;6,380;0,649179618087189
350;6,384;0,660432245203539
351;6,388;0,687537771844529
352;6,392;0,666205136068842
353;6,396;0,650915995417768
354;6,400;0,644173439289934
355;6,404;0,68084031642658
356;6,408;0,65547116711617
357;6,413;0,670354401378278
358;6,417;0,620585768019989
359;6,421;0,663882449509755
360;6,425;0,598441319466368
361;6,429;0,61179112959238
362;6,433;0,647150086142356
363;6,437;0,643970486095451
364;6,441;0,607326159313748
365;6,446;0,620811271569415
366;6,450;0,648683510278452
367;6,454;0,648525657793854
368;6,458;0,612693143790083
369;6,462;0,609761597647547
370;6,466;0,595599974743602
371;6,470;0,612151935271461
372;6,474;0,629132352543229
373;6,479;0,627576378052191
374;6,483;0,684290520732796
375;6,487;0,938929128744486
376;6,491;1,3608011690104
377;6,495;2,09722811037046
378;6,499;3,17215842977368
379;6,503;4,83326267555451
380;6,507;6,73606162560999
381;6,512;9,0886499553503
382;6,516;11,4098481910105
383;6,520;13,3236066135681
384;6,524;14,9000117261846
385;6,528;15,9522338381606
386;6,532;16,5967680831296
387;6,536;16,9323399150303
388;6,540;17,0480457862407
389;6,545;16,5419256199093
390;6,549;16,3608011690104
391;6,553;15,8923400954331
392;6,557;15,4683934225125
393;6,561;15,1074524413014
394;6,565;14,5998665018987
395;6,569;14,247855461245
396;6,573;14,1044577541651
397;6,577;13,6570812624591
398;6,582;13,0791833163454
399;6,586;12,5780242281014
400;6,590;12,0820517214941
401;6,594;11,593859087342
402;6,598;11,0808610627531
403;6,602;10,3942253051063
404;6,606;9,85355799500284
405;6,610;9,44798986136042
406;6,615;8,8965434815944
407;6,619;8,18011870506842
408;6,623;7,75387189594364
409;6,627;7,10415106933783
410;6,631;6,67492761336063
411;6,635;6,18596826714052
412;6,639;5,78218161153857
413;6,643;5,11739714783111
414;6,648;4,56031317932944
415;6,652;4,25085465845232
416;6,656;3,85139767099934
417;6,660;3,3206976177805
418;6,664;3,00645842165556
419;6,668;2,72760073243553
420;6,672;2,41654113635749
421;6,676;2,197171283476
422;6,681;2,01214562117208
423;6,685;1,87319033401586
424;6,689;1,68063285316111
425;6,693;1,52239701252898
426;6,697;1,43706646942623
427;6,701;1,30293695822772
428;6,705;1,26793880735683
429;6,709;1,16459053065495
430;6,714;1,11994082786863
431;6,718;1,0199525540532
432;6,722;1,03167873862335
433;6,726;0,931577713033203
434;6,730;0,829199101593859
435;6,734;0,863633493591189
436;6,738;0,838670250669746
437;6,742;0,800920956495855
438;6,746;0,767027773017147
439;6,751;0,740869361283747
440;6,755;0,735547477517296
441;6,759;0,739223185372938
442;6,763;0,676803802891857
443;6,767;0,653847541560304
444;6,771;0,664423658028377
445;6,775;0,648796262053165
446;6,779;0,647330488981897
447;6,784;0,613256902663648
448;6,788;0,581618754679199
449;6,792;0,619210196368491
450;6,796;0,583873790173457
451;6,800;0,605973138017192
452;6,804;0,591540910853937
453;6,808;0,575011500681021
454;6,812;0,610460658650767
455;6,817;0,600245347861775
456;6,821;0,606672199020413
457;6,825;0,58188935893851
458;6,829;0,563894175694325
459;6,833;0,550093358469462
460;6,837;0,607371260023633
461;6,841;0,567795387099393
462;6,845;0,569824919044226
463;6,850;0,601012059929823
464;6,854;0,585407214309553
465;6,858;0,552867052127401
466;6,862;0,537374958281843
467;6,866;0,589082922165195
468;6,870;0,536427843374255
469;6,874;0,479758801403534
470;6,878;0,515230509728223
471;6,883;0,508736007504758
472;6,887;0,493875323597593
473;6,891;0,499219757718986
474;6,895;0,485757195818262
475;6,899;0,460162542958426
476;6,903;0,439867223510098
477;6,907;0,49227424839667
478;6,911;0,457073144331292
479;6,915;0,49227424839667
480;6,920;0,436078763879743
481;6,924;0,491282032779196
482;6,928;0,480097056727673
483;6,932;0,474707521896395
484;6,936;0,441964406519759
485;6,940;0,42410452540523
486;6,944;0,428659697103632
487;6,948;0,397382354798265
488;6,953;0,435830709975375
489;6,957;0,470468055167188
490;6,961;0,418557138089354
491;6,965;0,40205027827138
492;6,969;0,441919305809873
493;6,973;0,426562514093972
494;6,977;0,402974842824026
495;6,981;0,413934315326123
496;6,986;0,383604087928344
497;6,990;0,388294561756402
498;6,994;0,39237617600101
499;6,998;0,357603528679541
500;7,002;0,361279236535183
501;7,006;0,416730559339004
502;7,010;0,38322073189432
503;7,014;0,394946916464465
504;7,019;0,377154686414764
505;7,023;0,403561152052533
506;7,027;0,394631211495269
507;7,031;0,375508510503955
508;7,035;0,37406528778763
509;7,039;0,402230681110921
510;7,043;0,369780720348538
511;7,047;0,389083824179393
512;7,052;0,393368391618484
513;7,056;0,391609463932962
514;7,060;0,390842751864914
515;7,064;0,404959274058974
516;7,068;0,375440859439128
517;7,072;0,397089200184011
518;7,076;0,341502575250534
519;7,080;0,396683293795044
520;7,084;0,388813219920082
521;7,089;0,382341268051559
522;7,093;0,377673344578444
523;7,097;0,414407872779918
524;7,101;0,509502719572806
525;7,105;0,798057061418147
526;7,109;1,26572887257245
527;7,113;2,21144565815466
528;7,117;3,79526983754724
529;7,122;6,21850842932268
530;7,126;9,67031381073938
531;7,130;14,0016506859818
532;7,134;18,9193193400864
533;7,138;23,732895555776
534;7,142;28,0960509818425
535;7,146;31,6190929345228
536;7,150;34,54243074786
537;7,155;36,0736900498814
538;7,159;36,7370538412275
539;7,163;37,0165654907408
540;7,167;36,8013449031688
541;7,171;36,5284630580085
542;7,175;35,6107989139749
543;7,179;35,0228435095568
544;7,183;34,2932267753894
545;7,188;33,2043828869866
546;7,192;32,5338480827688
547;7,196;31,3829230672091
548;7,200;30,348402983863
549;7,204;28,9793709352985
550;7,208;27,8885877163707
551;7,212;26,634314424109
552;7,216;25,068350125831
553;7,221;23,5528309715595
554;7,225;22,1181548397572
555;7,229;20,3654059514897
556;7,233;19,0657613450836
557;7,237;17,3702678080153
558;7,241;15,6510738479024
559;7,245;14,3141535047762
560;7,249;12,7801656098067
561;7,253;11,3524349873267
562;7,258;10,0618781739625
563;7,262;8,77644029117018
564;7,266;7,76117821094504
565;7,270;6,79627107330669
566;7,274;5,94190577559691
567;7,278;5,2074632654718
568;7,282;4,537311817288
569;7,286;4,09997023353148
570;7,291;3,45769102405672
571;7,295;3,04666570451819
572;7,299;2,71977575927045
573;7,303;2,48613153171031
574;7,307;2,18278415702263
575;7,311;1,92237265814564
576;7,315;1,6859772872825
577;7,319;1,57895330272498
578;7,324;1,49208933548614
579;7,328;1,29727681913713
580;7,332;1,23954791048411
581;7,336;1,09186563596511
582;7,340;1,05745379432272
583;7,344;0,975077347717453
584;7,348;0,895294191930581
585;7,352;0,859935235380605
586;7,357;0,84437549047022
587;7,361;0,787165239980877
588;7,365;0,738163318690636
589;7,369;0,709276314009182
590;7,373;0,632063898685765
591;7,377;0,655042710372261
592;7,381;0,620833821924357
593;7,385;0,621239728313324
594;7,390;0,513403930977874
595;7,394;0,629583359642081
596;7,398;0,640678134273833
597;7,402;0,594156752027277
598;7,406;0,526483136844574
599;7,410;0,547996175459802
600;7,414;0,594833262675554
601;7,418;0,591473259789109
602;7,422;0,588023055482893
603;7,427;0,58581312069852
604;7,431;0,564322632438235
605;7,435;0,55600155146442
606;7,439;0,590864400205659
607;7,443;0,553453361355908
608;7,447;0,543373352696571
609;7,451;0,549507049240955
610;7,455;0,529053877308029
611;7,460;0,518500311194898
612;7,464;0,553836717389932
613;7,468;0,504970098229346
614;7,472;0,554625979812922
615;7,476;0,574109486483317
616;7,480;0,534240458944824
617;7,484;0,56324021540099
618;7,488;0,484020818487683
619;7,493;0,508239899696021
620;7,497;0,499851167657379
621;7,501;0,497348078258752
622;7,505;0,501970901021982
623;7,509;0,515997221796271
624;7,513;0,481134373055032
625;7,517;0,47222698285271
626;7,521;0,453104281861397
627;7,526;0,442843870362519
628;7,530;0,416144250110497
629;7,534;0,442956622137232
630;7,538;0,439371115701361
631;7,542;0,430238221949613
632;7,546;0,362542056411968
633;7,550;0,365022595455652
634;7,554;0,411859682671405
635;7,559;0,398487322190451
636;7,563;0,362406754282312
637;7,567;0,357783931519082
638;7,571;0,315592217421502
639;7,575;0,329821491390275
640;7,579;0,355145539990799
641;7,583;0,371133741645093
642;7,587;0,425029089957876
643;7,591;0,424217277179943
644;7,596;0,469475839549715
645;7,600;0,449902131459549
646;7,604;0,46428925791292
647;7,608;0,514914804759027
648;7,612;0,492544852655981
649;7,616;0,52941468298711
650;7,620;0,509074262828897
651;7,624;0,515523664342477
652;7,629;0,521183803433066
653;7,633;0,521296555207779
654;7,637;0,577221435465394
655;7,641;0,649427671991557
656;7,645;0,815601237563479
657;7,649;1,1650415377538
658;7,653;1,73957948098103
659;7,657;2,73321577081623
660;7,662;4,07166953807853
661;7,666;5,76865139857301
662;7,670;7,6844844537853
663;7,674;9,92856047554188
664;7,678;12,2769318889079
665;7,682;14,4178851375121
666;7,686;16,1740842300858
667;7,690;17,4048375021423
668;7,695;18,2404409045398
669;7,699;18,8241342918738
670;7,703;18,8509692142554
671;7,707;18,7883243282249
672;7,711;18,4731380171924
673;7,715;18,2599695119201
674;7,719;17,7095378981265
675;7,723;17,2583954971451
676;7,728;16,7526586868477
677;7,732;16,1199633782236
678;7,736;15,4519316634044
679;7,740;14,6251003490795
680;7,744;13,7570920866294
681;7,748;13,0838061391086
682;7,752;12,2177823078935
683;7,756;11,2954953410967
684;7,760;10,6318383951363
685;7,765;9,68564805210034
686;7,769;8,75643812633611
687;7,773;7,70935749528698
688;7,777;7,04425732661032
689;7,781;6,14607668924709
690;7,785;5,58387379017346
691;7,789;4,82667797191128
692;7,793;4,20004870876668
693;7,798;3,78363385439687
694;7,802;3,3223888944012
695;7,806;2,886490533361
696;7,810;2,79256830502512
697;7,814;2,66231745487674
698;7,818;2,95211206624392
699;7,822;3,59484228281753
700;7,826;4,61226919711716
701;7,831;6,11245411002769
702;7,835;8,20774288987309
703;7,839;10,514148092691
704;7,843;12,9877416270532
705;7,847;15,5369916022478
706;7,851;17,5062238979642
707;7,855;18,8839829338914
708;7,859;20,0840902735809
709;7,864;20,8006278018816
710;7,868;21,040067470662
711;7,872;21,0944138260736
712;7,876;20,8853945861108
713;7,880;20,6418507527308
714;7,884;20,3557092988644
715;7,888;19,7253141264443
716;7,892;19,3987173358109
717;7,897;18,5424803586408
718;7,901;18,1131892515988
719;7,905;17,223893454083
720;7,909;16,2970287652328
721;7,913;15,3676609869839
722;7,917;14,3823457781225
723;7,921;13,1848542796064
724;7,925;12,0216393206029
725;7,929;10,8674219532215
726;7,934;9,75113428285361
727;7,938;8,61180014973436
728;7,942;7,59376437585128
729;7,946;6,80998168911179
730;7,950;5,9137854829835
731;7,954;5,09942451494187
732;7,958;4,42277856453461
733;7,962;3,95030352777753
734;7,967;3,29695209402596
735;7,971;2,98875639302563
736;7,975;2,49688805101792
737;7,979;2,21841371783192
738;7,983;1,9221922553061
739;7,987;1,77773468154389
740;7,991;1,52907191759198
741;7,995;1,35261539016624
742;8,000;1,22477742799672
743;8,004;1,02658235840632
744;8,008;1,02861189035115
745;8,012;0,948152223916004
746;8,016;0,855650667941513
747;8,020;0,82162218233315
748;8,024;0,707923292712627
749;8,028;0,669407286470689
750;8,033;0,63524349873267
751;8,037;0,613437305503189
752;8,041;0,550363962728773
753;8,045;0,530474549669412
754;8,049;0,5279263595609
755;8,053;0,491079079584713
756;8,057;0,488869144800339
757;8,061;0,441400647646194
758;8,066;0,428479294264092
759;8,070;0,391834967482388
760;8,074;0,408409478365189
761;8,078;0,34608029730388
762;8,082;0,364052930193121
763;8,086;0,333925655989825
764;8,090;0,352529698817459
765;8,094;0,310044830105626
766;8,098;0,336789551067534
767;8,103;0,339179888691448
768;8,107;0,304880798823774
769;8,111;0,27076211179564
770;8,115;0,289884812786953
771;8,119;0,273896611132659
772;8,123;0,258427067642045
773;8,127;0,250354040572599
774;8,131;0,268642378431036
775;8,136;0,220046363529762
776;8,140;0,233644227560142
777;8,144;0,229945969349558
778;8,148;0,195376275222572
779;8,152;0,243769336929363
780;8,156;0,227127174981734
781;8,160;0,185927676501628
782;8,164;0,207891722215708
783;8,169;0,183785392782082
784;8,173;0,219640457140795
785;8,177;0,191407412752677
786;8,181;0,208568232863985
787;8,185;0,183469687812886
788;8,189;0,185589421177489
789;8,193;0,189152377258418
790;8,197;0,23328342188106
791;8,202;0,157829934243165
792;8,206;0,161077185354897
793;8,210;0,147975429133255
794;8,214;0,176817333104823
795;8,218;0,131513670025166
796;8,222;0,159656512993515
797;8,226;0,158438793826615
798;8,230;0,139338643190244
799;8,235;0,177426192688273
800;8,239;0,172126859276765
801;8,243;0,143623210629335
802;8,247;0,145878246123594
803;8,251;0,151763888763609
804;8,255;0,185950226856571
805;8,259;0,129506688435276
806;8,263;0,101747201500952
807;8,267;0,143014351045885
808;8,272;0,109617275375914
809;8,276;0,0961096127653049
810;8,280;0,143352606370024
811;8,284;0,124996617446759
812;8,288;0,163490073333754
813;8,292;0,150501068886824
814;8,296;0,0992666624572671
815;8,300;0,111691908030632
816;8,305;0,101251093692215
817;8,309;0,114600903818226
818;8,313;0,129912594824243
819;8,317;0,142473142527263
820;8,321;0,100529482334052
821;8,325;0,125830980579634
822;8,329;0,125312322415955
823;8,333;0,114803857012709
824;8,338;0,0922986027800078
825;8,342;0,113135130746958
826;8,346;0,108174052659589
827;8,350;0,10914371792212
828;8,354;0,125402523835725
829;8,358;0,0944859872094387
830;8,362;0,117712852800303
831;8,366;0,116946140732255
832;8,371;0,126191786258716
833;8,375;0,108850563307866
834;8,379;0,0824215473151547
835;8,383;0,146216501447733
836;8,387;0,109076066857292
837;8,391;0,151876640538322
838;8,395;0,123372991890892
839;8,399;0,169240413844114
840;8,404;0,314577451449086
841;8,408;0,499107005944274
842;8,412;0,901585740959563
843;8,416;1,55780106978884
844;8,420;2,57658100538502
845;8,424;4,03890387234695
846;8,428;5,82845493988075
847;8,432;8,16424325518884
848;8,436;10,4934919675636
849;8,441;13,0120283593264
850;8,445;15,2770311104697
851;8,449;17,7760839955621
852;8,453;19,0866204234055
853;8,457;20,2963342143005
854;8,461;21,1379360111128
855;8,465;21,4312935785609
856;8,469;21,5247873501529
857;8,474;21,6247981743233
858;8,478;21,0836347564111
859;8,482;20,5924654754066
860;8,486;19,8965389715234
861;8,490;19,0762923608418
862;8,494;18,2654041474613
863;8,498;17,0492184046977
864;8,502;15,8762391420041
865;8,507;14,5265327476254
866;8,511;13,4127707170111
867;8,515;12,2963702948684
868;8,519;10,9419734266617
869;8,523;9,67159918097111
870;8,527;8,51887013701596
871;8,531;7,24554179482785
872;8,535;6,5022369952103
873;8,540;5,53194032274068
874;8,544;4,76658127598928
875;8,548;4,12707576017247
876;8,552;3,53778988481279
877;8,556;3,04680100664784
878;8,560;2,64781757664866
879;8,564;2,26216140642054
880;8,568;2,03783047545168
881;8,573;1,80353228759821
882;8,577;1,59119814545881
883;8,581;1,668500762202
884;8,585;1,97764357810992
885;8,589;2,7351551013413
886;8,593;4,06655060750656
887;8,597;6,31984972443466
888;8,601;9,81957461010436
889;8,605;14,6062257019925
890;8,610;20,9540153162011
891;8,614;28,4900958841092
892;8,618;36,7138495259915
893;8,622;45,5198307821365
894;8,626;53,5158934901635
895;8,630;60,3839648936074
896;8,634;65,3789587148102
897;8,638;69,2617915805995
898;8,643;71,8740697978586
899;8,647;72,8060985179907
900;8,651;73,4954177678757
901;8,655;72,8749222012755
902;8,659;71,1172573356305
903;8,663;68,9603609860819
904;8,667;66,9226883631148
905;8,671;63,5264470562767
906;8,676;60,2889151475244
907;8,680;56,170859529329
908;8,684;51,4123287300542
909;8,688;46,7924375129665
910;8,692;42,1670665596276
911;8,696;37,5635017995183
912;8,700;33,1304402731299
913;8,704;28,514517918512
914;8,709;24,5483389408549
915;8,713;20,7806707377574
916;8,717;17,7604565995869
917;8,721;15,1116242569658
918;8,725;12,8952175207238
919;8,729;10,9950569621966
920;8,733;9,41738902970333
921;8,737;8,01836500906524
922;8,742;6,96990880636461
923;8,746;6,02547739101413
924;8,750;5,36624031462255
925;8,754;4,5332302030434
926;8,758;4,03488990916717
927;8,762;3,49925132821591
928;8,766;3,12933530573771
929;8,770;2,78079701974509
930;8,775;2,59827444683979
931;8,779;2,34277892534028
932;8,783;2,12767108954295
933;8,787;1,88798336685819
934;8,791;1,8017282592028
935;8,795;1,60714124640322
936;8,799;1,5243137926991
937;8,803;1,45122809233017
938;8,807;1,35759901860855
939;8,812;1,24613261412735
940;8,816;1,14485897008019
941;8,820;1,1192868675753
942;8,824;1,01801322352814
943;8,828;1,01420221354284
944;8,832;0,886296600308489
945;8,836;0,884064115169173
946;8,840;0,778438252618096
947;8,845;0,772552609978081
948;8,849;0,703706376338364
949;8,853;0,673488900715297
950;8,857;0,680321658262901
951;8,861;0,628455841894951
952;8,865;0,639189810847623
953;8,869;0,609896899777203
954;8,873;0,554896584072233
955;8,878;0,554490677683267
956;8,882;0,51703453812363
957;8,886;0,481675581573654
958;8,890;0,475835039643524
959;8,894;0,416099149400612
960;8,898;0,408003571976223
961;8,902;0,409965452856228
962;8,906;0,409356593272778
963;8,911;0,400088397391375
964;8,915;0,343577207905252
965;8,919;0,397021549119183
966;8,923;0,325266319691872
967;8,927;0,376117370087405
968;8,931;0,278045876442095
969;8,935;0,323958399105202
970;8,939;0,295680254007198
971;8,944;0,329911692810045
972;8,948;0,30972912513643
973;8,952;0,289050449654078
974;8,956;0,29804804127617
975;8,960;0,275024128879789
976;8,964;0,290922129114312
977;8,968;0,263207742889873
978;8,972;0,31505100890288
979;8,976;0,218061932294814
980;8,981;0,263275393954701
981;8,985;0,292726157509719
982;8,989;0,271821978477941
983;8,993;0,230599929642893
984;8,997;0,22805173953438
985;9,001;0,256217132857671
986;9,005;0,23571886021486
987;9,009;0,231524494195539
988;9,014;0,242574168117406
989;9,018;0,231253889936228
990;9,022;0,240657387947286
991;9,026;0,226157509719203
992;9,030;0,182590223970125
993;9,034;0,186942442474045
994;9,038;0,158822149860639
995;9,042;0,199051983078214
996;9,047;0,171292496143889
997;9,051;0,154334629227064
998;9,055;0,199818695146262
999;9,059;0,162069400972371
1000;9,063;0,175329009678612
1001;9,067;0,168315849291468
1002;9,071;0,18777680560692
1003;9,075;0,157536779628911
1004;9,080;0,172825920279985
1005;9,084;0,159318257669376
1006;9,088;0,1644146378864
1007;9,092;0,153725769643614
1008;9,096;0,156116107267528
1009;9,100;0,197879364621199
1010;9,104;0,163151818009615
1011;9,108;0,219302201816657
1012;9,113;0,319966986280364
1013;9,117;0,571155389985838
1014;9,121;0,983849435790119
1015;9,125;1,60865212018437
1016;9,129;2,58415792464573
1017;9,133;4,05780106978884
1018;9,137;5,90979407015866
1019;9,141;8,31765331986325
1020;9,145;10,9582096822204
1021;9,150;13,7115403696454
1022;9,154;16,2328053543563
1023;9,158;18,8305836933873
1024;9,162;20,7157031651678
1025;9,166;22,3586543752199
1026;9,170;23,3768254512326
1027;9,174;24,0669565138955
1028;9,178;24,3795495341097
1029;9,183;24,1664486799022
1030;9,187;23,6285099627468
1031;9,191;22,9869523646302
1032;9,195;21,9686234361329
1033;9,199;20,5387730802883
1034;9,203;19,0705645706863
1035;9,207;17,5296762671044
1036;9,211;15,9461226919712
1037;9,216;14,2308975943281
1038;9,220;12,3586543752199
1039;9,224;10,9577135744117
1040;9,228;9,42212460424127
1041;9,232;8,13467973985911
1042;9,236;6,9676763212253
1043;9,240;5,80006404300804
1044;9,244;4,99043864950434
1045;9,249;4,36261421754778
1046;9,253;3,68441229264949
1047;9,257;3,22449780359543
1048;9,261;2,85897910033104
1049;9,265;2,39879400701767
1050;9,269;2,15662574528923
1051;9,273;1,93637642856499
1052;9,277;1,74979479177002
1053;9,282;1,49567484192201
1054;9,286;1,36373271515294
1055;9,290;1,31407683356936
1056;9,294;1,17381362582647
1057;9,298;1,062843329154
1058;9,302;0,93520832017896
1059;9,306;0,867670007125912
1060;9,310;0,78919477192571
1061;9,314;0,752505344434121
1062;9,319;0,781211946276034
1063;9,323;0,705397652959058
1064;9,327;0,619751404887113
1065;9,331;0,556903565662124
1066;9,335;0,481269675184687
1067;9,339;0,458944823791526
1068;9,343;0,453239583991052
1069;9,347;0,40728196061806
1070;9,352;0,387437648268584
1071;9,356;0,356430910222527
1072;9,360;0,365202998295193
1073;9,364;0,306166169055501
1074;9,368;0,305128852728142
1075;9,372;0,255112165465484
1076;9,376;0,266252040807122
1077;9,380;0,229224357991395
1078;9,385;0,202660039869028
1079;9,389;0,237094431866358
1080;9,393;0,191971171626241
1081;9,397;0,232246105553701
1082;9,401;0,26361364927884
1083;9,405;0,275159431009444
1084;9,409;0,333384447471203
1085;9,413;0,502692512380145
1086;9,418;0,745469633692034
1087;9,422;1,19922787584677
1088;9,426;2,05048122457447
1089;9,430;3,42476750584054
1090;9,434;5,18410109775128
1091;9,438;7,4857030749664
1092;9,442;10,3563181584478
1093;9,446;13,3952265408658
1094;9,451;16,4095324860413
1095;9,455;19,7160459305629
1096;9,459;22,6299125948242
1097;9,463;24,5963260961728
1098;9,467;25,8726536355682
1099;9,471;26,8843978604223
1100;9,475;27,5067200057729
1101;9,479;27,6176903024454
1102;9,483;27,3685539810397
1103;9,488;26,6500771222139
1104;9,492;25,3535219144349
1105;9,496;23,8678594301074
1106;9,500;21,883360544095
1107;9,504;19,879400701767
1108;9,508;17,8796577758134
1109;9,512;16,0122854333727
1110;9,516;14,0821780034818
1111;9,521;12,2381678287616
1112;9,525;10,4915075363286
1113;9,529;9,00174088740157
1114;9,533;7,69941278875729
1115;9,537;6,47402650117713
1116;9,541;5,39923148390356
1117;9,545;4,63486465276963
1118;9,549;3,96890757060516
1119;9,554;3,36814356457971
1120;9,558;2,99687452080496
1121;9,562;2,61166935767569
1122;9,566;2,18997772024932
1123;9,570;1,96555658786069
1124;9,574;1,71630751468028
1125;9,578;1,5988201654294
1126;9,582;1,3632366073442
1127;9,587;1,26399249524188
1128;9,591;1,09707476795685
1129;9,595;0,983015072657244
1130;9,599;0,987074136546909
1131;9,603;0,787435844240188
1132;9,607;0,799883640168496
1133;9,611;0,685350387415098
1134;9,615;0,633958128500943
1135;9,620;0,669114131856435
1136;9,624;0,576544924817117
1137;9,628;0,514373596240405
1138;9,632;0,469385638129944
1139;9,636;0,474572219766739
1140;9,640;0,456261331553359
1141;9,644;0,414024516745894
1142;9,648;0,392669330615264
1143;9,652;0,386806238330191
1144;9,657;0,348560836347564
1145;9,661;0,336518946808223
1146;9,665;0,327025247377394
1147;9,669;0,28776507942235
1148;9,673;0,255021964045714
1149;9,677;0,274009362907372
1150;9,681;0,232719663007496
1151;9,685;0,262959688985505
1152;9,690;0,214002868405149
1153;9,694;0,217137367742168
1154;9,698;0,229224357991395
1155;9,702;0,216009849995039
1156;9,706;0,200247151890171
1157;9,710;0,182049015451503
1158;9,714;0,165406853503874
1159;9,718;0,144389922697383
1160;9,723;0,141435826199904
1161;9,727;0,163061616589845
1162;9,731;0,154424830646834
1163;9,735;0,134873672911612
1164;9,739;0,149553953979236
1165;9,743;0,15002751143303
1166;9,747;0,127454606135501
1167;9,751;0,104137539124866
1168;9,756;0,127116350811362
1169;9,760;0,0984774000342765
1170;9,764;0,117329496766279
1171;9,768;0,0853079927478058
1172;9,772;0,0852177913280355
1173;9,776;0,105783715035675
1174;9,780;0,0943281347248406
1175;9,784;0,0821734934107863
1176;9,789;0,0719581826217945
1177;9,793;0,0819254395064178
1178;9,797;0,116247079729035
1179;9,801;0,0759721458015749
1180;9,805;0,0432966814897666
1181;9,809;0,0673804605684493
1182;9,813;0,0858717516213705
1183;9,817;0,0682148237013251
1184;9,821;0,0446497027863219
1185;9,826;0,0427780233260871
1186;9,830;0,0408161424460821
1187;9,834;0,0234298187853477
1188;9,838;0,0359678161334259
1189;9,842;0,0489568205803559
1190;9,846;0,0648097201049944
1191;9,850;0,0193031038308543
1192;9,854;0,0614271668636064
1193;9,859;0,048190108512308
1194;9,863;0,0767163075146803
1195;9,867;0,0422593651624077
1196;9,871;0,0405680885417136
1197;9,875;0,0259554585389174
1198;9,879;0,0162813562685477
1199;9,883;0,00877208807266626
1200;9,887;0,0213326357756871
1201;9,892;0,0340059352534209
1202;9,896;0,0368698303311294
1203;9,900;0,0356295608092871
1204;9,904;0,0194158556055672
1205;9,908;0,0349981508708947
1206;9,912;0,0214228371954575
1207;9,916;0,0213326357756871
1208;9,920;0,0393954700846991
1209;9,925;0,0344118416423874
1210;9,929;0,017792230049701
1211;9,933;0,0181304853738398
1212;9,937;0
1213;9,941;0,0308263352065162
1214;9,945;0,0351785537104354
1215;9,949;0,0580897143321036
1216;9,953;0,0289997564561666
1217;9,958;0,070672812390067
1218;9,962;0,157491678919026
1219;9,966;0,277121311889449
1220;9,970;0,454344551383239
1221;9,974;0,91062843329154
1222;9,978;1,59861721223492
1223;9,982;2,55209131991738
1224;9,986;4,05399005980354
1225;9,990;6,09942000487088
1226;9,995;8,47264190938365
1227;9,999;11,5396931347699
1228;10,003;14,5620946573699
1229;10,007;18,0443204676042
1230;10,011;20,8020033735331
1231;10,015;23,4436421529275
1232;10,019;25,7702750241289
1233;10,023;27,1948485969169
1234;10,028;28,2469579571182
1235;10,032;28,62528526199
1236;10,036;28,2626755545132
1237;10,040;27,3127869532666
1238;10,044;26,1346436592912
1239;10,048;24,0989554675591
1240;10,052;21,9305133362799
1241;10,056;20,0283457961628
1242;10,061;17,6466449581916
1243;10,065;15,5623607515582
1244;10,069;13,489013467072
1245;10,073;11,5409785050017
1246;10,077;9,80331580419076
1247;10,081;8,45624780134039
1248;10,085;6,96152007432597
1249;10,089;6,04631391898108
1250;10,094;5,08124892885814
1251;10,098;4,36908616941631
1252;10,102;3,76658578606027
1253;10,106;3,15601237563479
1254;10,110;2,77470842391059
1255;10,114;2,40053038434825
1256;10,118;2,11648611349143
1257;10,122;1,84682896908797
1258;10,127;1,67226667147741
1259;10,131;1,44329036739038
1260;10,135;1,35971875197316
1261;10,139;1,23756347924916
1262;10,143;1,05075633890477
1263;10,147;0,988043801809441
1264;10,151;0,878020620044559
1265;10,155;0,826966616454543
1266;10,159;0,791269404580428
1267;10,164;0,725444918503017
1268;10,168;0,664288355898722
1269;10,172;0,627734230536789
1270;10,176;0,540689860458404
1271;10,180;0,54492932718761
1272;10,184;0,519424875747544
1273;10,188;0,416189350820382
1274;10,192;0,473489802729495
1275;10,197;0,37929697013431
1276;10,201;0,34817748031354
1277;10,205;0,352394396687804
1278;10,209;0,311691006016435
1279;10,213;0,305850464086305
1280;10,217;0,266161839387352
1281;10,221;0,247309742655349
1282;10,225;0,223316164996437
1283;10,230;0,220790525242867
1284;10,234;0,23179509845485
1285;10,238;0,240589736882459
1286;10,242;0,197608760361888
1287;10,246;0,177786998367354
1288;10,250;0,155980805137873
1289;10,254;0,133453000550229
1290;10,258;0,220880726662638
1291;10,263;0,152124694442691
1292;10,267;0,212289041429512
1293;10,271;0,240228931203377
1294;10,275;0,334421763798562
1295;10,279;0,652088613874782
1296;10,283;1,20362519506057
1297;10,287;2,25681697229914
1298;10,291;3,85514102991981
1299;10,296;6,42809142815908
1300;10,300;9,95476398798517
1301;10,304;14,6083003346473
1302;10,308;20,4943939817613
1303;10,312;27,0927856904468
1304;10,316;34,6360598215816
1305;10,320;42,2194961348692
1306;10,324;48,9231529004267
1307;10,328;55,0338706331238
1308;10,333;59,8480782587518
1309;10,337;63,097404003139
1310;10,341;64,9948359687181
1311;10,345;64,8355628117586
1312;10,349;62,7323137566185
1313;10,353;60,2560367300181
1314;10,357;56,3865311239999
1315;10,361;51,2679839080667
1316;10,366;45,870398600074
1317;10,370;40,3231240359723
1318;10,374;35,240386783688
1319;10,378;30,2532855867151
1320;10,382;25,8663395361843
1321;10,386;21,6819633241027
1322;10,390;18,2358631824865
1323;10,394;15,2950713944237
1324;10,399;12,9226838530438
1325;10,403;10,9511063204135
1326;10,407;9,36495945446181
1327;10,411;8,0917889647583
1328;10,415;6,93279092212911
1329;10,419;6,13525251887465
1330;10,423;5,34578714268963
1331;10,427;4,67342575972146
1332;10,432;4,2381362582647
1333;10,436;3,8574637164789
1334;10,440;3,55328197865834
1335;10,444;3,10969394658272
1336;10,448;2,82979894103533
1337;10,452;2,54225936516241
1338;10,456;2,30038425804822
1339;10,460;2,16654790146397
1340;10,465;1,94611818190018
1341;10,469;1,83501258309806
1342;10,473;1,72413248784536
1343;10,477;1,57369907002336
1344;10,481;1,45348312782443
1345;10,485;1,3620188881773
1346;10,489;1,20105445459712
1347;10,493;1,1545556227055
1348;10,497;1,07118696048276
1349;10,502;1,00137106158051
1350;10,506;0,900142518243237
1351;10,510;0,864084500690041
1352;10,514;0,815308082949226
1353;10,518;0,78466215058225
1354;10,522;0,737080901653392
1355;10,526;0,708983159394929
1356;10,530;0,662732381407683
1357;10,535;0,604011257137187
1358;10,539;0,602568034420862
1359;10,543;0,555325040816142
1360;10,547;0,529798039021134
1361;10,551;0,529459783696995
1362;10,555;0,519109170778348
1363;10,559;0,498047139261972
1364;10,563;0,453284684700937
1365;10,568;0,466950199796145
1366;10,572;0,425209492797417
1367;10,576;0,402952292469083
1368;10,580;0,40737216203783
1369;10,584;0,365563803974275
1370;10,588;0,395871481017111
1371;10,592;0,338052370944319
1372;10,596;0,423067209077871
1373;10,601;0,446000920054482
1374;10,605;0,618623887139984
1375;10,609;0,8222310419166
1376;10,613;1,35182612774325
1377;10,617;2,17175703345571
1378;10,621;3,42952563073343
1379;10,625;5,18250002255035
1380;10,629;7,6403759595176
1381;10,634;10,7122980615715
1382;10,638;14,1121699755554
1383;10,642;17,8891514752442
1384;10,646;21,5007261214291
1385;10,650;24,7026284693721
1386;10,654;27,5635469002282
1387;10,658;29,4644516204685
1388;10,662;30,9457167855822
1389;10,666;31,5760217565824
1390;10,671;30,9974247494656
1391;10,675;30,263140091825
1392;10,679;28,3134815041989
1393;10,683;26,401797714296
1394;10,687;23,9127120860882
1395;10,691;21,2180123215139
1396;10,695;18,58011690104
1397;10,699;16,2080450646293
1398;10,704;13,8466620964614
1399;10,708;11,7319123603006
1400;10,712;9,981147903268
1401;10,716;8,44422846215599
1402;10,720;7,19780269341439
1403;10,724;6,17047617329497
1404;10,728;5,18362754029748
1405;10,732;4,45757376221102
1406;10,737;3,83565752324942
1407;10,741;3,32475668167017
1408;10,745;2,90358370240748
1409;10,749;2,55233937382174
1410;10,753;2,30924654754066
1411;10,757;2,03771772367697
1412;10,761;1,85799139478455
1413;10,765;1,7970152350198
1414;10,770;1,77859159503171
1415;10,774;1,88514202213543
1416;10,778;2,38706782244753
1417;10,782;3,32782352994236
1418;10,786;4,64986063880646
1419;10,790;6,98903150735593
1420;10,794;10,5124117153604
1421;10,798;14,9809900507834
1422;10,803;20,8132108999396
1423;10,807;27,3270613279453
1424;10,811;34,489798219424
1425;10,815;42,1324743151457
1426;10,819;49,5694460730812
1427;10,823;56,2673750484833
1428;10,827;60,5429674463076
1429;10,831;63,6204820363873
1430;10,835;64,837006034475
1431;10,840;65,0286164004221
1432;10,844;62,7703336550517
1433;10,848;58,9334133119255
1434;10,852;54,1886382291657
1435;10,856;48,4722360029947
1436;10,860;42,7272624771114
1437;10,864;37,4491714999594
1438;10,868;32,0867421953222
1439;10,873;27,4122791192733
1440;10,877;23,0144637976602
1441;10,881;19,2962710733067
1442;10,885;16,5395578326403
1443;10,889;14,0549146243562
1444;10,893;11,8471221237022
1445;10,897;10,0625321342558
1446;10,901;8,72991890892363
1447;10,906;7,49303194032274
1448;10,910;6,46069924140606
1449;10,914;5,68052461145738
1450;10,918;5,04144755238447
1451;10,922;4,53613919883099
1452;10,926;3,90779610871075
1453;10,930;3,58431126705934
1454;10,934;3,29857571958183
1455;10,939;2,92146613387695
1456;10,943;2,70843293073433
1457;10,947;2,42542597620487
1458;10,951;2,1807546250778
1459;10,955;2,12137954051397
1460;10,959;1,90273129899065
1461;10,963;1,77552474675951
1462;10,967;1,70494213578922
1463;10,972;1,48049845304565
1464;10,976;1,38937246872266
1465;10,980;1,31682797687236
1466;10,984;1,31098743494223
1467;10,988;1,22078601517188
1468;10,992;1,16014811073126
1469;10,996;1,10388497514951
1470;11,000;1,01774261926883
1471;11,004;0,923143880284676
1472;11,009;0,886296600308489
1473;11,013;0,866700341863381
1474;11,017;0,809377339599325
1475;11,021;0,747341313152269
1476;11,025;0,661266608336415
1477;11,029;0,676555748987489
1478;11,033;0,651953311745127
1479;11,037;0,663205938861478
1480;11,042;0,602319980516493
1481;11,046;0,566577667932493
1482;11,050;0,542967446307605
1483;11,054;0,501023786114393
1484;11,058;0,513403930977874
1485;11,062;0,499084455589331
1486;11,066;0,43919071286182
1487;11,070;0,417023713953258
1488;11,075;0,404102360571155
1489;11,079;0,356791715901608
1490;11,083;0,343983114294219
1491;11,087;0,347252915760894
1492;11,091;0,373005421105328
1493;11,095;0,314374498254603
1494;11,099;0,293132063898686
1495;11,103;0,325153567917159
1496;11,108;0,268619828076094
1497;11,112;0,315614767776445
1498;11,116;0,284021720501881
1499;11,120;0,265868684773098
1500;11,124;0,231840199164735
1501;11,128;0,317869803270703
1502;11,132;0,378237103452008
1503;11,136;0,553070005321884
1504;11,141;0,771019185841985
1505;11,145;1,25168000144322
1506;11,149;2,09495052452126
1507;11,153;3,36692584541281
1508;11,157;5,3180276557553
1509;11,161;7,87947737297385
1510;11,165;11,2338201203287
1511;11,169;15,3361355907742
1512;11,173;20,0915544410669
1513;11,178;25,2706493600209
1514;11,182;31,0531917772386
1515;11,186;37,6124811704536
1516;11,190;43,9895411453776
1517;11,194;50,5199435339112
1518;11,198;57,7054562838819
1519;11,202;64,6755229427311
1520;11,206;71,1821121564453
1521;11,211;76,4830466431542
1522;11,215;80,1304763536978
1523;11,219;82,6011383419175
1524;11,223;82,7858708496072
1525;11,227;81,3071087738921
1526;11,231;78,2942235010779
1527;11,235;72,850364864743
1528;11,239;67,0888168279769
1529;11,244;59,835833416018
1530;11,248;52,0957172365893
1531;11,252;45,1097751278605
1532;11,256;38,4396732904576
1533;11,260;32,265498858952
1534;11,264;26,7995859754833
1535;11,268;22,8971794016038
1536;11,272;19,3025175216258
1537;11,277;16,4485897008019
1538;11,281;13,9739362997574
1539;11,285;11,9602798048041
1540;11,289;10,4334403723515
1541;11,293;9,00437927892985
1542;11,297;7,88466395461065
1543;11,301;7,11272020421601
1544;11,305;6,24590711057792
1545;11,310;5,67249668509782
1546;11,314;4,96477634557968
1547;11,318;4,46587229282989
1548;11,322;4,07593155516268
1549;11,326;3,73237689761237
1550;11,330;3,38873203864229
1551;11,334;3,1625294282132
1552;11,338;2,89354879445802
1553;11,342;2,71939240323643
1554;11,347;2,48834146649468
1555;11,351;2,29916653888132
1556;11,355;2,16578118939592
1557;11,359;2,00132145079964
1558;11,363;1,89073451016119
1559;11,367;1,82982600146126
1560;11,371;1,67558157365397
1561;11,375;1,56359651100908
1562;11,380;1,5194429160315
1563;11,384;1,48074650695002
1564;11,388;1,4444629858474
1565;11,392;1,31130313991142
1566;11,396;1,27876297772927
1567;11,400;1,2093078845061
1568;11,404;1,16594355195151
1569;11,408;1,12447344921209
1570;11,413;1,06654158736459
1571;11,417;1,01018825036306
1572;11,421;0,995643271425092
1573;11,425;0,90661447011176
1574;11,429;0,884966129366876
1575;11,433;0,857251743142437
1576;11,437;0,816593453180953
1577;11,441;0,753159304727456
1578;11,446;0,734059154091085
1579;11,450;0,739899696021215
1580;11,454;0,66453640980309
1581;11,458;0,681404075300145
1582;11,462;0,626651813499544
1583;11,466;0,647961898920289
1584;11,470;0,594427356286588
1585;11,474;0,571764249569288
1586;11,479;0,550386513083716
1587;11,483;0,542944895952662
1588;11,487;0,468483623932241
1589;11,491;0,491868342007703
1590;11,495;0,432403056024102
1591;11,499;0,491417334908851
1592;11,503;0,445346959761147
1593;11,507;0,436214066009399
1594;11,511;0,372644615426247
1595;11,516;0,395713628532513
1596;11,520;0,438784806472854
1597;11,524;0,522694677214219
1598;11,528;0,641151691727628
1599;11,532;0,929976637832279
1600;11,536;1,51136988896205
1601;11,540;2,39146514166133
1602;11,544;3,63270432876613
1603;11,549;5,44311447462183
1604;11,553;7,84576459233468
1605;11,557;10,8209682220398
1606;11,561;14,3489712528075
1607;11,565;17,948549110163
1608;11,569;21,5157672081759
1609;11,573;24,7519686459865
1610;11,577;27,4776751486068
1611;11,582;29,2745776318519
1612;11,586;30,0734690564029
1613;11,590;29,5066433345661
1614;11,594;28,6346887600011
1615;11,598;26,8645760984278
1616;11,602;24,3725363737225
1617;11,606;21,8244590169849
1618;11,610;19,0815916942533
1619;11,615;16,7575070131604
1620;11,619;14,1798210403832
1621;11,623;12,0280887221165
1622;11,627;10,2091545420925
1623;11,631;8,68051108124442
1624;11,635;7,25625321342558
1625;11,639;6,10771853548975
1626;11,643;5,27283674445036
1627;11,648;4,45579228417055
1628;11,652;3,91104335982248
1629;11,656;3,4332689896539
1630;11,660;2,91470102739417
1631;11,664;2,59473404111381
1632;11,668;2,35229517512606
1633;11,672;2,1462300316607
1634;11,676;1,79451214562117
1635;11,680;1,67668654104616
1636;11,685;1,57974256514798
1637;11,689;1,48737631130314
1638;11,693;1,33410154875838
1639;11,697;1,25923437034899
1640;11,701;1,17489604286371
1641;11,705;1,10530564751089
1642;11,709;1,05761164680732
1643;11,713;0,916717029126038
1644;11,718;0,88212478464411
1645;11,722;0,802837736665975
1646;11,726;0,75205433733527
1647;11,730;0,696242208852367
1648;11,734;0,707787990582972
1649;11,738;0,582408017102189
1650;11,742;0,575913514878724
1651;11,746;0,571967202763771
1652;11,751;0,530429448959527
1653;11,755;0,494799888150239
1654;11,759;0,517620847352137
1655;11,763;0,496829420095072
1656;11,767;0,430396074434212
1657;11,771;0,425886003445694
1658;11,775;0,381146099239602
1659;11,779;0,323935848750259
1660;11,784;0,34111921921651
1661;11,788;0,341908481639501
1662;11,792;0,331332365171428
1663;11,796;0,337240558166386
1664;11,800;0,304745496694118
1665;11,804;0,289614208527642
1666;11,808;0,259532035034231
1667;11,812;0,244829203611665
1668;11,817;0,183717741717255
1669;11,821;0,2395524205551
1670;11,825;0,25080504767145
1671;11,829;0,197992116395912
1672;11,833;0,164685242145711
1673;11,837;0,203043395903052
1674;11,841;0,219617906785853
1675;11,845;0,177674246592641
1676;11,849;0,166827525865257
1677;11,854;0,165316652084104
1678;11,858;0,171698402532856
1679;11,862;0,133498101260114
1680;11,866;0,162948864815132
1681;11,870;0,155597449103849
1682;11,874;0,112661573293164
1683;11,878;0,155123891650055
1684;11,882;0,152508050476715
1685;11,887;0,137061057341043
1686;11,891;0,123012186211811
1687;11,895;0,156048456202701
1688;11,899;0,14357810991945
1689;11,903;0,093922228335874
1690;11,907;0,108219153369474
1691;11,911;0,0847893345841264
1692;11,915;0,0794223501077907
1693;11,920;0,109865329280283
1694;11,924;0,107091635622345
1695;11,928;0,0718679812020241
1696;11,932;0,0754534876378954
1697;11,936;0,0701316038714449
1698;11,940;0,0696805967725932
1699;11,944;0,105039553322569
1700;11,948;0,0870894707882702
1701;11,953;0,0516854135284089
1702;11,957;0,0165068598179735
1703;11,961;0,075092681958814
1704;11,965;0,0909004807735674
1705;11,969;0,0467017850860973
1706;11,973;0,0814067813427383
1707;11,977;0,0779114763266374
1708;11,981;0,0764457032553692
1709;11,986;0,0645165654907408
1710;11,990;0,0567141426806058
1711;11,994;0,0444918503017237
1712;11,998;0,055338571029108
1713;12,002;0,0637498534226929
1714;12,006;0,0512344064295572
1715;12,010;0,0363962728773351
1716;12,014;0,0271055266409893
1717;12,018;0,0326303636019231
1718;12,023;0,0537374958281843
1719;12,027;0,0428231240359723
1720;12,031;0,017408874015677
1721;12,035;0,0397788261187231
1722;12,039;0,0284134472276594
1723;12,043;0,024286732273166
1724;12,047;0,0910132325482803
1725;12,051;0,177719347302527
1726;12,056;0,312412617374597
1727;12,060;0,652562171328577
1728;12,064;1,26796135771177
1729;12,068;2,39060822817351
1730;12,072;4,43159575331716
1731;12,076;7,35186671838215
1732;12,080;11,6840605071124
1733;12,084;17,736463021928
1734;12,089;25,9957334728449
1735;12,093;35,8427293145594
1736;12,097;47,6303636019231
1737;12,101;59,9723307144854
1738;12,105;72,816561882684
1739;12,109;84,0689860458404
1740;12,113;92,6558680533632
1741;12,117;98,062045046589
1742;12,122;100
1743;12,126;97,9014414186879
1744;12,130;93,2439362095559
1745;12,134;84,758823953889
1746;12,138;75,9981238104688
1747;12,142;66,6723568728972
1748;12,146;58,1512993514518
1749;12,150;49,4258454128068
1750;12,155;41,7571687578362
1751;12,159;35,2886219929102
1752;12,163;29,6784093881638
1753;12,167;25,1088956640178
1754;12,171;21,1684691917051
1755;12,175;17,9011933647836
1756;12,179;15,4828707503856
1757;12,183;13,4093430630598
1758;12,187;11,7279885985405
1759;12,192;10,2625537825965
1760;12,196;8,99581014405167
1761;12,200;8,03378945184597
1762;12,204;7,06843130710877
1763;12,208;6,53576937300993
1764;12,212;5,75018265787504
1765;12,216;5,31687758765323
1766;12,220;4,76687443060354
1767;12,225;4,30935027917339
1768;12,229;4,00072612142915
1769;12,233;3,72125957262567
1770;12,237;3,36505416595257
1771;12,241;3,18566609238429
1772;12,245;2,97432416586237
1773;12,249;2,76938654014414
1774;12,253;2,53328432389526
1775;12,258;2,35276873257985
1776;12,262;2,27248946898424
1777;12,266;2,17818388461434
1778;12,270;1,9567168487232
1779;12,274;1,83871084130864
1780;12,278;1,7889647583053
1781;12,282;1,68473701776066
1782;12,286;1,62770717011086
1783;12,291;1,52573446506048
1784;12,295;1,44798084121844
1785;12,299;1,36564949532306
1786;12,303;1,32133804786087
1787;12,307;1,26678873925476
1788;12,311;1,17609121167567
1789;12,315;1,16492878597909
1790;12,319;1,10771853548975
1791;12,324;1,06591017742619
1792;12,328;0,972619359028711
1793;12,332;0,930946303094811
1794;12,336;0,932412076166079
1795;12,340;0,887987876929183
1796;12,344;0,919242668879608
1797;12,348;0,82554594409316
1798;12,352;0,911214742520047
1799;12,356;0,899263054400476
1800;12,361;0,906343865852449
1801;12,365;0,924496901581231
1802;12,369;0,875111624256966
1803;12,373;0,963869821310987
1804;12,377;0,821396678783724
1805;12,381;0,948851284919225
1806;12,385;0,875472429936047
1807;12,389;0,938906578389544
1808;12,394;0,883297403101125
1809;12,398;0,90609581194808
1810;12,402;0,84507455147344
1811;12,406;0,927902005177561
1812;12,410;1,01514932845043
1813;12,414;1,28888808709849
1814;12,418;1,71181999404671
1815;12,422;2,46064963062519
1816;12,427;3,65809602843149
1817;12,431;5,37485455021062
1818;12,435;7,68987398861658
1819;12,439;10,4814275276693
1820;12,443;13,756889133435
1821;12,447;17,2297339960131
1822;12,451;20,2770536608246
1823;12,455;23,0897368824585
1824;12,460;25,2211964316318
1825;12,464;27,128843708
1826;12,468;27,2903719004537
1827;12,472;26,8034420861784
1828;12,476;25,3016786484219
1829;12,480;23,1745036666877
1830;12,484;21,1678828824766
1831;12,488;18,6162876703679
1832;12,493;16,1216321044893
1833;12,497;13,9711400557445
1834;12,501;11,6591198145459
1835;12,505;9,82176199453379
1836;12,509;8,44849047924014
1837;12,513;7,08640393999802
1838;12,517;6,04651687217557
1839;12,521;5,11248117045362
1840;12,525;4,42020782407115
1841;12,530;3,80783038525026
1842;12,534;3,3117451268683
1843;12,538;3,00413573509647
1844;12,542;2,64299180069094
1845;12,546;2,41839026546278
1846;12,550;2,26737053841227
1847;12,554;2,25632086449041
1848;12,558;2,46103298665921
1849;12,563;2,84154767596042
1850;12,567;3,6197153243192
1851;12,571;5,00198443123495
1852;12,575;6,8779259085538
1853;12,579;9,64873312105933
1854;12,583;13,1217358361221
1855;12,587;17,1462751323706
1856;12,591;21,3580274753525
1857;12,596;25,4395740688958
1858;12,600;29,321685323327
1859;12,604;31,8996193500086
1860;12,608;33,8670927180394
1861;12,612;34,424176686541
1862;12,616;33,6842769905198
1863;12,620;31,629240594247
1864;12,624;29,2389480710426
1865;12,629;26,0567096326096
1866;12,633;22,9420771582945
1867;12,637;19,5589827083878
1868;12,641;16,9919856038534
1869;12,645;14,4636623580455
1870;12,649;12,2514048871129
1871;12,653;10,5760713673633
1872;12,657;8,93059451755771
1873;12,662;7,75795351018825
1874;12,666;6,80468235570028
1875;12,670;5,91944562207409
1876;12,674;5,28934360426833
1877;12,678;4,66970495115593
1878;12,682;4,18760091283837
1879;12,686;3,76922417758856
1880;12,690;3,4005484246322
1881;12,694;3,12144268150781
1882;12,699;2,81877181746841
1883;12,703;2,56411065910177
1884;12,707;2,36415666182586
1885;12,711;2,10261764520174
1886;12,715;2,03501168108386
1887;12,719;1,83830493491968
1888;12,723;1,70825703796578
1889;12,727;1,62051360688417
1890;12,732;1,54600723415387
1891;12,736;1,43323290908599
1892;12,740;1,29962205605116
1893;12,744;1,2464257687416
1894;12,748;1,21848587896773
1895;12,752;1,07944039039174
1896;12,756;1,03312196133967
1897;12,760;1,00545267582512
1898;12,765;0,904765341006467
1899;12,769;0,867579805706142
1900;12,773;0,914213939727411
1901;12,777;0,801935722468272
1902;12,781;0,779543220010283
1903;12,785;0,724633105725084
1904;12,789;0,69313025987029
1905;12,793;0,680930517846351
1906;12,798;0,688890793141084
1907;12,802;0,59618628397211
1908;12,806;0,561571489135239
1909;12,810;0,588271109387262
1910;12,814;0,559767460739832
1911;12,818;0,54161442501105
1912;12,822;0,527137097137909
1913;12,826;0,492995859754833
1914;12,831;0,464311808267862
1915;12,835;0,469317987065116
1916;12,839;0,442595816458151
1917;12,843;0,439934874574926
1918;12,847;0,436552321333538
1919;12,851;0,413348006097616
1920;12,855;0,385430666678694
1921;12,859;0,365135347230365
1922;12,863;0,311014495368157
1923;12,868;0,356115205253331
1924;12,872;0,341592776670305
1925;12,876;0,323732895555776
1926;12,880;0,318027655755302
1927;12,884;0,318140407530014
1928;12,888;0,288847496459594
1929;12,892;0,260862505975844
1930;12,896;0,269499291918855
1931;12,901;0,271979830962539
1932;12,905;0,255653373984106
1933;12,909;0,299243210088127
1934;12,913;0,27094251463518
1935;12,917;0,210620315163761
1936;12,921;0,212717498173421
1937;12,925;0,21506273508745
1938;12,929;0,220452269918729
1939;12,934;0,23450114104796
1940;12,938;0,221196431631834
1941;12,942;0,241604502854875
1942;12,946;0,313697987606325
1943;12,950;0,455133813806229
1944;12,954;0,796095180538142
1945;12,958;1,22655890603718
1946;12,962;2,02583368662223
1947;12,967;3,28687208536662
1948;12,971;5,12630453803343
1949;12,975;7,68788955738163
1950;12,979;11,2005357964334
1951;12,983;15,3096840244265
1952;12,987;20,1454272390247
1953;12,991;25,17674968204
1954;12,995;29,4631662502368
1955;13,000;32,6313107168307
1956;13,004;34,8759730478158
1957;13,008;35,4923418994615
1958;13,012;34,3623661636434
1959;13,016;31,7719617906786
1960;13,020;29,4130593615543
1961;13,024;25,8148570758504
1962;13,028;22,50392376176
1963;13,032;19,1658172699638
1964;13,037;16,4909392673841
1965;13,041;14,0969710363241
1966;13,045;11,9242668879608
1967;13,049;10,4060642414512
1968;13,053;9,01105418399286
1969;13,057;7,81387839044587
1970;13,061;6,80738839829339
1971;13,065;5,90532909988003
1972;13,070;5,32346229129647
1973;13,074;4,73812272805174
1974;13,078;4,28413898234758
1975;13,082;3,74784644110298
1976;13,086;3,47088298169813
1977;13,090;3,107619313928
1978;13,094;2,84423116819859
1979;13,098;2,6832667346184
1980;13,103;2,45381687307758
1981;13,107;2,25974851844168
1982;13,111;2,0674390914913
1983;13,115;1,91039841967113
1984;13,119;1,81207887212145
1985;13,123;1,68990104904251
1986;13,127;1,61135816277748
1987;13,131;1,51630841669448
1988;13,136;1,43936660563037
1989;13,140;1,34190397156851
1990;13,144;1,31159629452568
1991;13,148;1,21395325762428
1992;13,152;1,17315966553314
1993;13,156;1,14210782677719
1994;13,160;1,06514346535814
1995;13,164;1,03113753010472
1996;13,169;0,989938031624618
1997;13,173;0,918273003617077
1998;13,177;0,889250696805968
1999;13,181;0,829447155498228
2000;13,185;0,78073838882224
2001;13,189;0,836460315885372
2002;13,193;0,790637994642036
2003;13,197;0,757962530330227
2004;13,201;0,701316038714449
2005;13,206;0,699331607479502
2006;13,210;0,674233062428403
2007;13,214;0,609310590548695
2008;13,218;0,566149211188584
2009;13,222;0,594156752027277
2010;13,226;0,506075065621533
2011;13,230;0,544703823638184
2012;13,234;0,478698934721232
2013;13,239;0,504857346454633
2014;13,243;0,462688182711996
2015;13,247;0,441738902970333
2016;13,251;0,423969223275574
2017;13,255;0,429291107042025
2018;13,259;0,430396074434212
2019;13,263;0,421533784941775
2020;13,267;0,384325699286507
2021;13,272;0,386806238330191
2022;13,276;0,401779674012069
2023;13,280;0,367818839468533
2024;13,284;0,373884884948089
2025;13,288;0,322447525324049
2026;13,292;0,347929426409172
2027;13,296;0,331287264461543
2028;13,300;0,333429548181088
2029;13,305;0,360422323047365
2030;13,309;0,487606324923554
2031;13,313;0,613910862956983
2032;13,317;0,903209366515429
2033;13,321;1,38689192967897
2034;13,325;2,18046147046355
2035;13,329;3,52942370312909
2036;13,333;5,424194726825
2037;13,338;7,90721430955323
2038;13,342;10,980737486808
2039;13,346;14,8139821220786
2040;13,350;18,9257010905352
2041;13,354;22,856250507383
2042;13,358;26,3948747553286
2043;13,362;28,613130620676
2044;13,366;30,0981616950651
2045;13,370;30,3151863110325
2046;13,375;29,2762012574078
2047;13,379;27,4337921578886
2048;13,383;24,9987146297683
2049;13,387;22,1536490984368
2050;13,391;19,5422954457303
2051;13,395;16,7052578407584
2052;13,399;14,2785239439669
2053;13,403;12,0442573266103
2054;13,408;10,437927892985
2055;13,412;8,87399312665181
2056;13,416;7,67239746353608
2057;13,420;6,60804326060092
2058;13,424;5,71554531268322
2059;13,428;4,97965957984179
2060;13,432;4,38762256117911
2061;13,436;3,9429295617113
2062;13,441;3,51239818514743
2063;13,445;3,10750656215329
2064;13,449;2,84341935542065
2065;13,453;2,58783363250138
2066;13,457;2,38140768335694
2067;13,461;2,10329415585001
2068;13,465;1,96276034384781
2069;13,469;1,78353012276413
2070;13,474;1,66919982320522
2071;13,478;1,57879545024039
2072;13,482;1,43104552465656
2073;13,486;1,34776706385359
2074;13,490;1,22468722657695
2075;13,494;1,15045145810595
2076;13,498;1,04638157004591
2077;13,502;1,04498344803947
2078;13,507;0,910560782226712
2079;13,511;0,983240576206669
2080;13,515;0,891505732300226
2081;13,519;0,803717200508736
2082;13,523;0,814180565202096
2083;13,527;0,786015171878805
2084;13,531;0,685102333510729
2085;13,535;0,728150961096128
2086;13,539;0,68859763852683
2087;13,544;0,648886463472935
2088;13,548;0,659101774261927
2089;13,552;0,609490993388236
2090;13,556;0,587572048384042
2091;13,560;0,597426553493952
2092;13,564;0,556249605368789
2093;13,568;0,468145368608102
2094;13,572;0,494033176082192
2095;13,577;0,491214381714368
2096;13,581;0,475248730415017
2097;13,585;0,44999233287932
2098;13,589;0,419842508321081
2099;13,593;0,431501041826398
2100;13,597;0,407913370556453
2101;13,601;0,379364621199138
2102;13,605;0,403809205956902
2103;13,610;0,404418065540352
2104;13,614;0,34172807879996
2105;13,618;0,36046742375725
2106;13,622;0,336857202132362
2107;13,626;0,326213434599461
2108;13,630;0,308736909518956
2109;13,634;0,325920279985207
2110;13,638;0,328513570803604
2111;13,643;0,294146829871102
2112;13,647;0,322176921064738
2113;13,651;0,273626006873348
2114;13,655;0,220159115304475
2115;13,659;0,256126931437901
2116;13,663;0,229517512605648
2117;13,667;0,240364233333033
2118;13,671;0,249181422115584
2119;13,676;0,245798868874196
2120;13,680;0,23371187862497
2121;13,684;0,238853359551879
2122;13,688;0,20207373064052
2123;13,692;0,210800718003301
2124;13,696;0,203697356196387
2125;13,700;0,236260068733482
2126;13,704;0,224533884163337
2127;13,709;0,196954800068553
2128;13,713;0,231456843130711
2129;13,717;0,248572562532134
2130;13,721;0,230464627513237
2131;13,725;0,230532278578065
2132;13,729;0,231389192065883
2133;13,733;0,264132307442519
2134;13,737;0,212943001722847
2135;13,741;0,244987056096263
2136;13,746;0,231637245970252
2137;13,750;0,223902474224944
2138;13,754;0,235470806310491
2139;13,758;0,249001019276043
2140;13,762;0,236891478671874
2141;13,766;0,216393206029063
2142;13,770;0,243588934089823
2143;13,774;0,173344578443665
2144;13,779;0,213123404562388
2145;13,783;0,193301642567854
2146;13,787;0,197947015686027
2147;13,791;0,185003111948982
2148;13,795;0,219279651461714
2149;13,799;0,215265688281934
2150;13,803;0,168744306035377
2151;13,807;0,196819497938898
2152;13,812;0,175509412518153
2153;13,816;0,153703219288672
2154;13,820;0,209267293867205
2155;13,824;0,260907606685729
2156;13,828;0,413190153613018
2157;13,832;0,623855569486664
2158;13,836;1,07418615769012
2159;13,840;1,7040852223014
2160;13,845;2,85672406483678
2161;13,849;4,87371801232151
2162;13,853;7,76314009182505
2163;13,857;12,1706295157086
2164;13,861;17,9136411607119
2165;13,865;25,4594183812453
2166;13,869;35,004307117794
2167;13,873;46,3915598531521
2168;13,878;58,4512416225431
2169;13,882;70,9317355655178
2170;13,886;81,727424839667
2171;13,890;90,0634792491634
2172;13,894;95,0554513228038
2173;13,898;95,9748067434581
2174;13,902;92,9025689364351
2175;13,906;86,7828536121159
2176;13,910;79,3521057521445
2177;13,915;70,3651578975853
2178;13,919;62,0920189783787
2179;13,923;53,7713439109532
2180;13,927;46,1894861225116
2181;13,931;39,6627368914787
2182;13,935;33,8792699097084
2183;13,939;28,8556145873736
2184;13,943;25,1178932556398
2185;13,948;21,4811975140489
2186;13,952;18,6068841723569
2187;13,956;16,4177182648855
2188;13,960;14,4103307686063
2189;13,964;12,8352561269314
2190;13,968;11,5855380063682
2191;13,972;10,3785753587761
2192;13,976;9,45157536779629
2193;13,981;8,33416017968123
2194;13,985;7,73456879211279
2195;13,989;6,93795495341097
2196;13,993;6,45788044703824
2197;13,997;6,00177696796948
2198;14,001;5,54301254701749
2199;14,005;5,1285144728178
2200;14,009;4,87083156688886
2201;14,014;4,49893111317572
2202;14,018;4,2363322298693
2203;14,022;3,90666859096362
2204;14,026;3,7607226937752
2205;14,030;3,50732435528535
2206;14,034;3,33794863931158
2207;14,038;3,16597963251942
2208;14,042;2,90980760037163
2209;14,047;2,77730171472899
2210;14,051;2,67945572463311
2211;14,055;2,55723280084429
2212;14,059;2,50976430369014
2213;14,063;2,30737486808042
2214;14,067;2,26432624049503
2215;14,071;2,13445874638067
2216;14,075;2,03801087829122
2217;14,079;2,00937192751414
2218;14,084;1,85472159331788
2219;14,088;1,83697446397806
2220;14,092;1,78418408305747
2221;14,096;1,66207391104336
2222;14,100;1,6418687930148
2223;14,104;1,5192850635469
2224;14,108;1,53493500987706
2225;14,112;1,4254530366308
2226;14,117;1,4333456608607
2227;14,121;1,33112490190596
2228;14,125;1,30077212415323
2229;14,129;1,22576964361419
2230;14,133;1,21115701361139
2231;14,137;1,19313928001227
2232;14,141;1,11055988021251
2233;14,145;1,13261412734636
2234;14,150;1,07964334358623
2235;14,154;1,05107204387397
2236;14,158;1,000784752352
2237;14,162;1,00060434951246
2238;14,166;1,00035629560809
2239;14,170;0,919558373848804
2240;14,174;0,994831458647159
2241;14,178;1,03492598973508
2242;14,183;1,20053579643344
2243;14,187;1,35376545826831
2244;14,191;1,79784959815267
2245;14,195;2,52189639464925
2246;14,199;3,46098337587834
2247;14,203;5,14880979226613
2248;14,207;7,41595482712898
2249;14,211;10,1251995706412
2250;14,216;13,4479492707215
2251;14,220;17,164563470229
2252;14,224;20,6795774965498
2253;14,228;24,1033978874827
2254;14,232;26,1828563181584
2255;14,236;28,0081947989861
2256;14,240;28,1773224610555
2257;14,244;27,5970567276729
2258;14,248;25,8133462020692
2259;14,253;24,0044694803496
2260;14,257;21,8968231059957
2261;14,261;19,9143537519281
2262;14,265;18,1175189197478
2263;14,269;16,9214706439479
2264;14,273;16,5211341926522
2265;14,277;16,774555081497
2266;14,281;18,1043946131712
2267;14,286;19,8423504685964
2268;14,290;22,1646762220037
2269;14,294;24,4891668094856
2270;14,298;26,8779484589087
2271;14,302;28,6227596222365
2272;14,306;29,8946447417082
2273;14,310;29,7048609545114
2274;14,314;29,2646554756772
2275;14,319;27,8289645779025
2276;14,323;26,174783291089
2277;14,327;24,7525775055699
2278;14,331;23,405351650235
2279;14,335;22,5121320909591
2280;14,339;22,5470625907652
2281;14,343;23,151231700387
2282;14,347;25,2869532666444
2283;14,352;27,5713042223285
2284;14,356;30,4600046904738
2285;14,360;33,3817414286101
2286;14,364;35,6740752099438
2287;14,368;36,8043441003761
2288;14,372;37,1041510693378
2289;14,376;35,9956432714251
2290;14,380;33,7179446704491
2291;14,385;30,6600488891695
2292;14,389;27,6490127454606
2293;14,393;24,5767523880826
2294;14,397;21,4698997862226
2295;14,401;18,7253862875802
2296;14,405;16,437923382914
2297;14,409;14,5194970368834
2298;14,413;12,689693585777
2299;14,417;11,0768245492184
2300;14,422;9,84309463030948
2301;14,426;8,9342476750584
2302;14,430;8,06452558563272
2303;14,434;7,2779241045254
2304;14,438;6,46493870813527
2305;14,442;6,09863074244789
2306;14,446;5,53599938663035
2307;14,450;5,13025085014838
2308;14,455;4,7233296952094
2309;14,459;4,45213912666985
2310;14,463;4,16261511956198
2311;14,467;3,85408116323751
2312;14,471;3,63466620964614
2313;14,475;3,48829185571381
2314;14,479;3,28488765413168
2315;14,483;3,06515699557111
2316;14,488;2,897878462607
2317;14,492;2,73795134535418
2318;14,496;2,58740517575747
2319;14,500;2,38458728340384
2320;14,504;2,30541298720042
2321;14,508;2,20995733472845
2322;14,512;2,13644317761562
2323;14,516;2,04813598766045
2324;14,521;1,97570424758486
2325;14,525;1,81787431334169
2326;14,529;1,8411237292875
2327;14,533;1,65255766125759
2328;14,537;1,6430865121817
2329;14,541;1,62556488639131
2330;14,545;1,50994921660067
2331;14,549;1,45634702290214
2332;14,554;1,41535047761652
2333;14,558;1,35072116035106
2334;14,562;1,26493961014946
2335;14,566;1,2569116837899
2336;14,570;1,16316985829357
2337;14,574;1,19708559212722
2338;14,578;1,10717732697113
2339;14,582;1,16402677178139
2340;14,586;1,10740283052055
2341;14,591;1,05030533180592
2342;14,595;0,984796550697708
2343;14,599;1,01375120644399
2344;14,603;1,0045957623373
2345;14,607;0,95674390914913
2346;14,611;0,918972064620297
2347;14,615;0,906298765142563
2348;14,619;0,886341701018374
2349;14,624;0,852606370024264
2350;14,628;0,835174945653645
2351;14,632;0,826921515744658
2352;14,636;0,825117487349251
2353;14,640;0,807280156589665
2354;14,644;0,778753957587292
2355;14,648;0,748807086223537
2356;14,652;0,785113157681102
2357;14,657;0,734983718643731
2358;14,661;0,687425020069816
2359;14,665;0,717214038948973
2360;14,669;0,683929715053715
2361;14,673;0,6482325031796
2362;14,677;0,708983159394929
2363;14,681;0,678991187321288
2364;14,685;0,694573482586616
2365;14,690;0,765359046751396
2366;14,694;0,838377096055492
2367;14,698;0,94646094729531
2368;14,702;1,31396408179465
2369;14,706;1,88006819227335
2370;14,710;2,64287904891623
2371;14,714;3,85250263839153
2372;14,718;5,74368815565157
2373;14,723;8,11927784743332
2374;14,727;11,1734528201474
2375;14,731;15,21014675771
2376;14,735;19,5453622940025
2377;14,739;23,6811424911828
2378;14,743;27,6209375535571
2379;14,747;30,5495972506607
2380;14,751;31,846039706665
2381;14,755;31,8061706791265
2382;14,760;30,5122538628758
2383;14,764;28,2801520795937
2384;14,768;25,5512885272814
2385;14,772;22,838976935497
2386;14,776;19,8489802729495
2387;14,780;17,479569378422
2388;14,784;15,3060308669258
2389;14,788;13,4861495719943
2390;14,793;11,857044279877
2391;14,797;10,6532161316219
2392;14,801;9,34998601877994
2393;14,805;8,47911386125218
2394;14,809;7,60109324120762
2395;14,813;6,84225124703463
2396;14,817;6,21266788739255
2397;14,821;5,79792175928849
2398;14,826;5,30878201022884
2399;14,830;4,89662917294318
2400;14,834;4,53839423432525
2401;14,838;4,18563903195836
2402;14,842;3,97964153955783
2403;14,846;3,65980985540712
2404;14,850;3,36927108232684
2405;14,854;3,25358776147137
2406;14,859;2,99044766964632
2407;14,863;2,84032995679352
2408;14,867;2,75123350441536
2409;14,871;2,57664865644985
2410;14,875;2,44781847866285
2411;14,879;2,45474143763023
2412;14,883;2,34176415936787
2413;14,887;2,19953907074497
2414;14,892;2,11529094467947
2415;14,896;1,9956387613541
2416;14,900;1,99622507058261
2417;14,904;1,97741807456049
2418;14,908;1,83816963279002
2419;14,912;1,77405897368825
2420;14,916;1,67959553683375
2421;14,920;1,69828978108115
2422;14,924;1,62008515014026
2423;14,929;1,56743007134932
2424;14,933;1,59178445468732
2425;14,937;1,52075083661817
2426;14,941;1,48922544040843
2427;14,945;1,39088334250381
2428;14,949;1,29080486726861
2429;14,953;1,29912594824243
2430;14,957;1,26784860593706
2431;14,962;1,27317048970351
2432;14,966;1,18993712961042
2433;14,970;1,13940178418408
2434;14,974;1,15825388091609
2435;14,978;1,09222644164419
2436;14,982;1,07959824287634
2437;14,986;1,06678964126895
2438;14,990;1,05197405807167
2439;14,995;1,01260113834192
2440;14,999;1,02737162082931
2441;15,003;0,938139866321496
2442;15,007;0,953248604133029
2443;15,011;0,884019014459288
2444;15,015;0,934351406691141
2445;15,019;0,892385196142987
2446;15,023;0,863949198560385
2447;15,028;0,905667355204171
2448;15,032;0,901112183505768
2449;15,036;0,861626512001299
2450;15,040;0,879554044180655
2451;15,044;0,930991403804696
2452;15,048;0,975776408720673
2453;15,052;1,05862641277974
2454;15,056;1,33117000261584
2455;15,061;1,68033969854686
2456;15,065;2,338178652932
2457;15,069;3,31388741058784
2458;15,073;5,01781478040464
2459;15,077;7,05127048699747
2460;15,081;9,91200851501403
2461;15,085;13,1989482514455
2462;15,089;17,3221679009228
2463;15,093;21,1867349792086
2464;15,098;24,4214931943029
2465;15,102;26,8257218368617
2466;15,106;28,3502385827553
2467;15,110;28,7495377177237
2468;15,114;27,4905288509241
2469;15,118;26,0068282474766
2470;15,122;23,7109540604169
2471;15,126;20,8944823791526
2472;15,131;18,2859700711689
2473;15,135;16,1224890179771
2474;15,139;14,0035900165069
2475;15,143;12,4461497523971
2476;15,147;11,0576792978721
2477;15,151;9,76644597385963
2478;15,155;9,02192345507518
2479;15,159;8,49995038921913
2480;15,164;8,57626079034484
2481;15,168;8,91546322939123
2482;15,172;10,0154469931357
2483;15,176;11,6624798174323
2484;15,180;13,8455345787143
2485;15,184;16,0860476443899
2486;15,188;19,1752658686848
2487;15,192;21,8782867142329
2488;15,197;24,2374822979714
2489;15,201;25,8832072016814
2490;15,205;26,7349341078629
2491;15,209;26,8430179591027
2492;15,213;25,6581997600642
2493;15,217;23,9973210178328
2494;15,221;22,0370186626737
2495;15,225;19,6714638788415
2496;15,230;17,2897855912252
2497;15,234;15,2151980372171
2498;15,238;12,975632086449
2499;15,242;11,5858537113374
2500;15,246;10,0676285144728
2501;15,250;8,77111840740373
2502;15,254;7,62350829402055
2503;15,258;6,79088153847542
2504;15,262;5,95701451340844
2505;15,267;5,38558851916329
2506;15,271;4,89112688633719
2507;15,275;4,4337380370367
2508;15,279;4,00672451584388
2509;15,283;3,71057070438289
2510;15,287;3,40196909699359
2511;15,291;3,0542426237789
2512;15,295;2,84420861784364
2513;15,300;2,67043558265607
2514;15,304;2,53869640908148
2515;15,308;2,36343505046769
2516;15,312;2,18443033293344
2517;15,316;2,14828211396047
2518;15,320;2,02051180285578
2519;15,324;1,8885696760867
2520;15,328;1,83898144556795
2521;15,333;1,70455877975519
2522;15,337;1,64365027105527
2523;15,341;1,58490659642983
2524;15,345;1,52943272327106
2525;15,349;1,44951426535454
2526;15,353;1,3897107240468
2527;15,357;1,3235254322903
2528;15,361;1,25208590783219
2529;15,366;1,27129881024327
2530;15,370;1,26207571507176
2531;15,374;1,19083914380812
2532;15,378;1,23977341403354
2533;15,382;1,17539215067245
2534;15,386;1,13678594301074
2535;15,390;1,07382535201104
2536;15,394;1,01368355537916
2537;15,399;0,98463869821311
2538;15,403;0,989983132334503
2539;15,407;1,03952626214337
2540;15,411;0,994538304032905
2541;15,415;0,895361842995409
2542;15,419;0,91707783480512
2543;15,423;0,924045894482379
2544;15,427;0,870669204333276
2545;15,431;0,856282077879906
2546;15,436;0,829334403723515
2547;15,440;0,846337371350225
2548;15,444;0,831611989572716
2549;15,448;0,822614397950624
2550;15,452;0,791923364873763
2551;15,456;0,840587030839865
2552;15,460;0,779159863976259
2553;15,464;0,743192047842833
2554;15,469;0,765426697816224
2555;15,473;0,713673633222987
2556;15,477;0,678449978802666
2557;15,481;0,702037650072612
2558;15,485;0,693468515194429
2559;15,489;0,654118145819615
2560;15,493;0,64439894283936
2561;15,497;0,670534804217818
2562;15,502;0,658109558644453
2563;15,506;0,65215626493961
2564;15,510;0,625997853206209
2565;15,514;0,647668744306035
2566;15,518;0,657117343026979
2567;15,522;0,624464429070114
2568;15,526;0,585429764664496
2569;15,530;0,632582556849445
2570;15,535;0,675924339049097
2571;15,539;0,716582629010581
2572;15,543;0,838422196765377
2573;15,547;1,04390103100223
2574;15,551;1,28818902609527
2575;15,555;1,80064584216556
2576;15,559;2,44328585731939
2577;15,563;3,60370457230997
2578;15,568;5,3309490091374
2579;15,572;7,74210061066361
2580;15,576;11,0453668040735
2581;15,580;15,2999197207364
2582;15,584;20,6968059677259
2583;15,588;27,0605837835888
2584;15,592;34,5646202971235
2585;15,596;42,8410741185066
2586;15,600;49,6090444963604
2587;15,605;56,1867349792086
2588;15,609;60,635897459026
2589;15,613;62,0664243255189
2590;15,617;60,5292117297926
2591;15,621;56,9538304032905
2592;15,625;51,8578335423
2593;15,629;45,725444918503
2594;15,633;39,9683844023705
2595;15,638;34,9124595221129
2596;15,642;30,2710778167648
2597;15,646;26,2627296753651
2598;15,650;23,068336595618
2599;15,654;20,3583476903926
2600;15,658;17,9512551527561
2601;15,662;16,2069400972371
2602;15,666;14,4390824711581
2603;15,671;12,9932664640141
2604;15,675;11,7946699981058
2605;15,679;10,8745253150285
2606;15,683;10,0896376608968
2607;15,687;9,1911638689193
2608;15,691;8,61491209871643
2609;15,695;7,84547143772043
2610;15,699;7,46017607317139
2611;15,704;6,84642306269901
2612;15,708;6,40998349314018
2613;15,712;6,08498777770762
2614;15,716;5,80261223311655
2615;15,720;5,41655015649946
2616;15,724;5,12195231952951
2617;15,728;4,81955205974942
2618;15,732;4,61686946952545
2619;15,737;4,46663900489794
2620;15,741;4,2281239006702
2621;15,745;3,94195989644877
2622;15,749;3,75997853206209
2623;15,753;3,72653635568224
2624;15,757;3,52764222508862
2625;15,761;3,474468488134
2626;15,765;3,28206885976385
2627;15,769;3,13697987606325
2628;15,774;3,04294489595266
2629;15,778;3,00790164437188
2630;15,782;2,89593913208194
2631;15,786;2,76368130034367
2632;15,790;2,70112661573293
2633;15,794;2,58602960410597
2634;15,798;2,46455084203025
2635;15,802;2,49086710624825
2636;15,807;2,36194672704148
2637;15,811;2,3080513787287
2638;15,815;2,22741130945401
2639;15,819;2,18894040392196
2640;15,823;2,06789009859015
2641;15,827;2,03979235633169
2642;15,831;1,99088063646122
2643;15,835;2,01672334322542
2644;15,840;1,90570794584307
2645;15,844;1,81726545375824
2646;15,848;1,79981147903268
2647;15,852;1,8563226685188
2648;15,856;1,80928262810857
2649;15,860;1,73179960852584
2650;15,864;1,68155741771375
2651;15,868;1,61697320115819
2652;15,873;1,65668437621208
2653;15,877;1,56028160883252
2654;15,881;1,55166737324445
2655;15,885;1,56061986415666
2656;15,889;1,46807320747229
2657;15,893;1,43841949072278
2658;15,897;1,38565166015713
2659;15,901;1,34668464681634
2660;15,906;1,39338643190244
2661;15,910;1,40675879238339
2662;15,914;1,30106527876749
2663;15,918;1,32136059821582
2664;15,922;1,29745722197667
2665;15,926;1,29272164743873
2666;15,930;1,27998069689617
2667;15,934;1,24937986523908
2668;15,938;1,29707386594265
2669;15,943;1,21203647745416
2670;15,947;1,19852881484355
2671;15,951;1,20836076959851
2672;15,955;1,12242136691232
2673;15,959;1,20358009435069
2674;15,963;1,10798913974906
2675;15,967;1,07768146270622
2676;15,971;1,12233116549254
2677;15,976;1,02338020800447
2678;15,980;1,1156337100746
2679;15,984;1,14957199426319
2680;15,988;1,0535751332726
2681;15,992;1,05851366100502
2682;15,996;1,06548172068228
2683;16,000;1,041240089119
2684;16,004;1,08331905144187
2685;16,009;1,22770897413925
2686;16,013;1,3360183289285
2687;16,017;1,60481855984413
2688;16,021;1,9933611755049
2689;16,025;2,72216609689437
2690;16,029;3,5806355592037
2691;16,033;4,8822871471997
2692;16,037;6,90703841678468
2693;16,042;9,28533415115954
2694;16,046;12,3380208004474
2695;16,050;15,8264930590007
2696;16,054;19,6636163553214
2697;16,058;22,7015776228318
2698;16,062;25,4977990853576
2699;16,066;27,5906298765143
2700;16,070;28,0650667941513
2701;16,075;27,4671666832036
2702;16,079;26,4915481269675
2703;16,083;24,6567384970639
2704;16,087;22,415954827129
2705;16,091;20,0958615588609
2706;16,095;17,6746750493853
2707;16,099;16,0157356376789
2708;16,103;14,2971956378593
2709;16,107;12,7172501195169
2710;16,112;11,2935109098617
2711;16,116;10,1875738524124
2712;16,120;9,15905216348105
2713;16,124;8,50001804028395
2714;16,128;7,75741230166963
2715;16,132;7,17653770870353
2716;16,136;6,60044379098527
2717;16,140;6,02804813147759
2718;16,145;5,71967202763772
2719;16,149;5,35830258968276
2720;16,153;5,06167522076797
2721;16,157;4,63939727411309
2722;16,161;4,42907011356359
2723;16,165;4,11634179121979
2724;16,169;3,92579129195494
2725;16,173;3,80244085041899
2726;16,178;3,59466187997799
2727;16,182;3,39452747986253
2728;16,186;3,25816548352471
2729;16,190;3,14273021657361
2730;16,194;2,96460496288212
2731;16,198;2,87623012186212
2732;16,202;2,8131567790877
2733;16,206;2,6714052479186
2734;16,211;2,5322470075679
2735;16,215;2,45230599929643
2736;16,219;2,45061472267574
2737;16,223;2,30038425804822
2738;16,227;2,39103668491742
2739;16,231;2,19768994163968
2740;16,235;2,11993631779764
2741;16,239;2,06595076806509
2742;16,244;1,97750827598026
2743;16,248;1,92255306098518
2744;16,252;1,91148083670837
2745;16,256;1,86326817784112
2746;16,260;1,79613577117704
2747;16,264;1,74501411652219
2748;16,268;1,77333736233008
2749;16,272;1,72539530772214
2750;16,276;1,64725832784608
2751;16,281;1,68088090706548
2752;16,285;1,54517287102099
2753;16,289;1,60175171157194
2754;16,293;1,59126579652364
2755;16,297;1,51434653581447
2756;16,301;1,48906758792383
2757;16,305;1,48721845881854
2758;16,309;1,43742727510531
2759;16,314;1,31966932159512
2760;16,318;1,40648818812408
2761;16,322;1,35904224132488
2762;16,326;1,3644543265111
2763;16,330;1,34663954610646
2764;16,334;1,28791842183596
2765;16,338;1,28832432822493
2766;16,342;1,28140136925755
2767;16,347;1,21102171148174
2768;16,351;1,17909040888304
2769;16,355;1,21650144773279
2770;16,359;1,18353282880673
2771;16,363;1,17660986983935
2772;16,367;1,11917411580058
2773;16,371;1,06365514193193
2774;16,375;1,06106185111354
2775;16,380;1,11612981788333
2776;16,384;1,06329433625285
2777;16,388;1,10034456942352
2778;16,392;1,10559880212515
2779;16,396;1,08503287841751
2780;16,400;1,04602076436683
2781;16,404;1,02845403786656
2782;16,408;1,05411634179122
2783;16,413;0,996184479943714
2784;16,417;1,00642234108765
2785;16,421;1,0286344407061
2786;16,425;1,03535444647899
2787;16,429;0,987705546485302
2788;16,433;1,031814040753
2789;16,437;1,04678747643488
2790;16,441;1,11295021783643
2791;16,445;1,22396561521878
2792;16,450;1,21530627892083
2793;16,454;1,40033194122475
2794;16,458;1,58671062482523
2795;16,462;1,7147289898343
2796;16,466;1,96668410560782
2797;16,470;2,17180213416559
2798;16,474;2,37306405202818
2799;16,478;2,59371927514139
2800;16,483;2,70128446821753
2801;16,487;2,76300478969539
2802;16,491;2,79719112778835
2803;16,495;2,64871959084636
2804;16,499;2,57942235010779
2805;16,503;2,43309309688535
2806;16,507;2,34018563452189
2807;16,511;2,20344028215004
2808;16,516;1,99022667616788
2809;16,520;1,74203746966977
2810;16,524;1,55002119733365
2811;16,528;1,55728241162516
2812;16,532;1,38562910980219
2813;16,536;1,30045641918404
2814;16,540;1,16727402289312
2815;16,544;1,12880311736107
2816;16,549;1,08117676772232
2817;16,553;1,03972921533785
2818;16,557;1,05456734889007
2819;16,561;0,952075985676014
2820;16,565;0,974536139198831
2821;16,569;0,906546819046932
2822;16,573;0,92161045614858
2823;16,577;0,939064430874142
2824;16,582;0,882665993162732
2825;16,586;0,896737414646906
2826;16,590;0,858243958759911
2827;16,594;0,842097904621019
2828;16,598;0,84306756988355
2829;16,602;0,76513354320197
2830;16,606;0,792103767713304
2831;16,610;0,807302706944607
2832;16,614;0,795621623084347
2833;16,619;0,789059469796055
2834;16,623;0,788969268376284
2835;16,627;0,813278551004393
2836;16,631;0,760104814049773
2837;16,635;0,751490578461705
2838;16,639;0,744567619494331
2839;16,643;0,766283611304042
2840;16,647;0,743124396778005
2841;16,652;0,735299423612928
2842;16,656;0,808091969367598
2843;16,660;0,707472285613776
2844;16,664;0,758323336009309
2845;16,668;0,809873447408062
2846;16,672;0,715049204874485
2847;16,676;0,77681462706223
2848;16,680;0,695520597494205
2849;16,685;0,713403028963676
2850;16,689;0,753971117505389
2851;16,693;0,755910448030452
2852;16,697;0,771898649684746
2853;16,701;0,746867755698475
2854;16,705;0,745650036531575
2855;16,709;0,720213236156337
2856;16,713;0,695069590395353
2857;16,718;0,688823142076256
2858;16,722;0,683907164698772
2859;16,726;0,72948143203774
2860;16,730;0,778415702263154
2861;16,734;0,715026654519542
2862;16,738;0,679825550454164
2863;16,742;0,675766486564499
2864;16,746;0,703683825983421
2865;16,751;0,72084464609473
2866;16,755;0,704608390536067
2867;16,759;0,6911232782804
2868;16,763;0,642617464798896
2869;16,767;0,680817766071638
2870;16,771;0,638761354103714
2871;16,775;0,725196864598649
2872;16,779;0,683771862569117
2873;16,783;0,708938058685044
2874;16,788;0,734893517223961
2875;16,792;0,729007874583946
2876;16,796;0,713357928253791
2877;16,800;0,671278965930924
2878;16,804;0,635040545538187
2879;16,808;0,663544194185616
2880;16,812;0,687560322199471
2881;16,816;0,68467387676682
2882;16,821;0,661379360111128
2883;16,825;0,67743521283025
2884;16,829;0,686838710841309
2885;16,833;0,661898018274808
2886;16,837;0,709975375012403
2887;16,841;0,701518991908933
2888;16,845;0,715590413393107
2889;16,849;0,757939979975285
2890;16,854;0,642256659119815
2891;16,858;0,718025851726906
2892;16,862;0,6768263532468
2893;16,866;0,642549813734068
2894;16,870;0,674345814203116
2895;16,874;0,656982040897324
2896;16,878;0,687131865455562
2897;16,882;0,724723307144854
2898;16,887;0,659868486329975
2899;16,891;0,676082191533695
2900;16,895;0,710223428916771
2901;16,899;0,654749555758008
2902;16,903;0,647555992531322
2903;16,907;0,657094792672037
2904;16,911;0,661875467919865
2905;16,915;0,671910375869316
2906;16,920;0,642797867638437
2907;16,924;0,626110604980922
2908;16,928;0,694393079747075
2909;16,932;0,703909329532847
2910;16,936;0,676713601472087
2911;16,940;0,644421493194303
2912;16,944;0,729098076003716
2913;16,948;0,617766973652165
2914;16,952;0,699106103930076
2915;16,957;0,625186040428276
2916;16,961;0,667828761624708
2917;16,965;0,712613766540685
2918;16,969;0,715319809133796
2919;16,973;0,723911494366921
2920;16,977;0,719266121248748
2921;16,981;0,755932998385395
2922;16,985;0,60333474648891
2923;16,990;0,739087883243282
2924;16,994;0,709118461524584
2925;16,998;0,715207057359083
2926;17,002;0,67874313341692
2927;17,006;0,611407773558356
2928;17,010;0,672068228353914
2929;17,014;0,689048645625682
2930;17,018;0,686523005872112
2931;17,023;0,710155777851943
2932;17,027;0,667107150266545
2933;17,031;0,624847785104138
2934;17,035;0,63071087738921
2935;17,039;0,652968077717543
2936;17,043;0,645233305972236
2937;17,047;0,589533929264047
2938;17,051;0,639821220786015
2939;17,056;0,686996563325907
2940;17,060;0,666633592812751
2941;17,064;0,589691781748645
2942;17,068;0,667716009849995
2943;17,072;0,657636001190659
2944;17,076;0,617451268682969
2945;17,080;0,613414755148246
2946;17,084;0,706254566446876
2947;17,089;0,680231456843131
2948;17,093;0,671617221255063
2949;17,097;0,636235714350144
2950;17,101;0,640971288888087
2951;17,105;0,668640574402641
2952;17,109;0,653531836591108
2953;17,113;0,639392764042106
2954;17,117;0,720551491480476
2955;17,121;0,621983890026429
2956;17,126;0,65982338562009
2957;17,130;0,591089903755085
2958;17,134;0,674616418462427
2959;17,138;0,615669790642505
2960;17,142;0,56175189197478
2961;17,146;0,713042223284594
2962;17,150;0,759698907660807
2963;17,154;0,667986614109306
2964;17,159;0,675315479465647
2965;17,163;0,704969196215148
2966;17,167;0,646045118750169
2967;17,171;0,622231943930798
2968;17,175;0,699850265643181
2969;17,179;0,58721124270496
2970;17,183;0,706931077095153
2971;17,187;0,608205623156509
2972;17,192;0,681133471040834
2973;17,196;0,597110848524756
2974;17,200;0,642166457700044
2975;17,204;0,666498290683095
2976;17,208;0,649991430865122
2977;17,212;0,611813679947322
2978;17,216;0,660635198398023
2979;17,220;0,67037695173322
2980;17,225;0,651840559970414
2981;17,229;0,711576450213326
2982;17,233;0,65921452603664
2983;17,237;0,709141011879527
2984;17,241;0,700774830195827
2985;17,245;0,638220145585092
2986;17,249;0,668144466593904
2987;17,253;0,67813427383347
2988;17,258;0,663814798444928
2989;17,262;0,657545799770888
2990;17,266;0,658831170002616
2991;17,270;0,699760064223411
2992;17,274;0,727677403642333
2993;17,278;0,83993307054653
2994;17,282;0,997311997690844
2995;17,286;1,19063619061364
2996;17,290;1,53921957731615
2997;17,295;2,05140578912712
2998;17,299;2,73720718364107
2999;17,303;3,77093800456419
3000;17,307;5,21501763437757
3001;17,311;6,75455291666291
3002;17,315;8,80359091852106
3003;17,319;10,7097724218179
3004;17,323;12,7739642621975
3005;17,328;14,5458584018112
3006;17,332;16,0114736205948
3007;17,336;16,8038254422125
3008;17,340;17,1513489622327
3009;17,344;16,8591414628866
3010;17,348;16,1834877280968
3011;17,352;15,3907074497353
3012;17,356;14,0492995859755
3013;17,361;12,8611439344055
3014;17,365;11,5983015072657
3015;17,369;10,2785870849607
3016;17,373;9,31453686081019
3017;17,377;8,15233666777915
3018;17,381;7,22707305412987
3019;17,385;6,58317021909925
3020;17,389;5,97151439163652
3021;17,394;5,18304123106898
3022;17,398;4,7893571344813
3023;17,402;4,41671251905505
3024;17,406;4,04984079449411
3025;17,410;3,66905550093358
3026;17,414;3,42907462363458
3027;17,418;3,17218098012863
3028;17,422;2,92067687145396
3029;17,427;2,68067344380001
3030;17,431;2,5746642252149
3031;17,435;2,38357251743142
3032;17,439;2,2792996761769
3033;17,443;2,07145305467108
3034;17,447;2,06180150275565
3035;17,451;1,96916464465151
3036;17,455;1,88412725616301
3037;17,459;1,82100881267871
3038;17,464;1,73428014756952
3039;17,468;1,67594237933305
3040;17,472;1,63566744540559
3041;17,476;1,57511974238475
3042;17,480;1,5459170327341
3043;17,484;1,48415161054635
3044;17,488;1,43501438712645
3045;17,492;1,35060840857635
3046;17,497;1,39706213975808
3047;17,501;1,34889458160071
3048;17,505;1,37302346138928
3049;17,509;1,31511414989672
3050;17,513;1,27220082444098
3051;17,517;1,20908238095668
3052;17,521;1,1510603176894
3053;17,525;1,2061282844592
3054;17,530;1,16752207679749
3055;17,534;1,15793817594689
3056;17,538;1,18666732814374
3057;17,542;1,089159593372
3058;17,546;1,06694749375355
3059;17,550;1,0593480241379
3060;17,554;1,04248035864085
3061;17,558;1,05743124396778
3062;17,563;0,978820706637922
3063;17,567;1,07181837042115
3064;17,571;0,996297231718427
3065;17,575;1,03321216275944
3066;17,579;1,03670746777554
3067;17,583;0,972596808673769
3068;17,587;0,954624175784527
3069;17,591;0,928285361211585
3070;17,596;0,909455814834526
3071;17,600;0,940417452170697
3072;17,604;0,887040762021594
3073;17,608;0,910042124063033
3074;17,612;0,914056087242813
3075;17,616;0,874344912188918
3076;17,620;0,930450195286074
3077;17,624;0,910132325482803
3078;17,628;0,862934432587969
3079;17,633;0,852020060795757
3080;17,637;0,852899524638518
3081;17,641;0,84890811181368
3082;17,645;0,849314018202647
3083;17,649;0,87741176046111
3084;17,653;0,892001840108963
3085;17,657;0,837069175468822
3086;17,661;0,838309444990664
3087;17,666;0,85283187357369
3088;17,670;0,792148868423189
3089;17,674;0,821982988012231
3090;17,678;0,793704842914227
3091;17,682;0,788134905243409
3092;17,686;0,778009795874187
3093;17,690;0,856913487818298
3094;17,694;0,807821365108287
3095;17,699;0,789397725120193
3096;17,703;0,827891181007189
3097;17,707;0,833934676131802
3098;17,711;0,751355276332049
3099;17,715;0,760916626827706
3100;17,719;0,86843671919396
3101;17,723;0,813030497100024
3102;17,727;0,825613595157988
3103;17,732;0,78265516899236
3104;17,736;0,858717516213705
3105;17,740;0,825117487349251
3106;17,744;0,798102162128032
3107;17,748;0,783827787449374
3108;17,752;0,82040446316625
3109;17,756;0,860386242479457
3110;17,760;0,875246926386621
3111;17,765;0,78849571092249
3112;17,769;0,83914380812354
3113;17,773;0,863137385782452
3114;17,777;0,853891740255992
3115;17,781;0,883319953456067
3116;17,785;0,818194528381877
3117;17,789;0,847758043711608
3118;17,793;0,864310004239467
3119;17,797;0,827079368229256
3120;17,802;0,872450682373741
3121;17,806;0,85998033609049
3122;17,810;0,822546746885796
3123;17,814;0,841195890423315
3124;17,818;0,788811415891686
3125;17,822;0,85292207499346
3126;17,826;0,83077762643984
3127;17,830;0,827936281717074
3128;17,835;0,890107610293786
3129;17,839;0,82171238375292
3130;17,843;0,868459269548903
3131;17,847;0,84708153306333
3132;17,851;0,793095983330778
3133;17,855;0,853327981382427
3134;17,859;0,793208735105491
3135;17,863;0,84820905081046
3136;17,868;0,747905072025834
3137;17,872;0,791517458484796
3138;17,876;0,812872644615426
3139;17,880;0,812105932547378
3140;17,884;0,804168207607588
3141;17,888;0,797245248640214
3142;17,892;0,786353427202944
3143;17,896;0,810504857346455
3144;17,901;0,814766874430603
3145;17,905;0,770793682292559
3146;17,909;0,760488170083797
3147;17,913;0,722874178039562
3148;17,917;0,809715594923464
3149;17,921;0,801777869983674
3150;17,925;0,76120978144196
3151;17,929;0,760149914759658
3152;17,934;0,779723622849824
3153;17,938;0,738681976854316
3154;17,942;0,768786700702669
3155;17,946;0,743710706006513
3156;17,950;0,794922562081127
3157;17,954;0,731172708658434
3158;17,958;0,776183217123838
3159;17,962;0,770703480872789
3160;17,966;0,764344280778979
3161;17,971;0,726640087314974
3162;17,975;0,746552050729278
3163;17,979;0,795463770599749
3164;17,983;0,786421078267772
3165;17,987;0,752009236625384
3166;17,991;0,826650911485347
3167;17,995;0,766982672307262
3168;17,999;0,799928740878381
3169;18,004;0,775912612864527
3170;18,008;0,761277432506788
3171;18,012;0,755572192706313
3172;18,016;0,857161541722667
3173;18,020;0,738591775434545
3174;18,024;0,77228200571877
3175;18,028;0,841015487583775
3176;18,032;0,829266752658687
3177;18,037;0,8054986785492
3178;18,041;0,760082263694831
3179;18,045;0,844082335855966
3180;18,049;0,787368193175361
3181;18,053;0,779024561846603
3182;18,057;0,738118217980751
3183;18,061;0,778009795874187
3184;18,065;0,817991575187393
3185;18,070;0,80139451394965
3186;18,074;0,840316426580554
3187;18,078;0,820675067425561
3188;18,082;0,829898162597079
3189;18,086;0,861062753127734
3190;18,090;0,772214354653942
3191;18,094;0,744545069139388
3192;18,098;0,793366587590089
3193;18,103;0,780512885272814
3194;18,107;0,775461605765675
3195;18,111;0,800808204721142
3196;18,115;0,767117974436918
3197;18,119;0,78666913217214
3198;18,123;0,780873690951896
3199;18,127;0,820765268845332
3200;18,131;0,749235542967446
3201;18,135;0,75920279985207
3202;18,140;0,806287940972191
3203;18,144;0,752167089109983
3204;18,148;0,69696382021053
3205;18,152;0,780445234207986
3206;18,156;0,716717931140236
3207;18,160;0,805047671450349
3208;18,164;0,77106428655187
3209;18,168;0,729887338426707
3210;18,173;0,701969999007784
3211;18,177;0,803288743764827
3212;18,181;0,740914461993632
3213;18,185;0,805882034583224
3214;18,189;0,743530303166972
3215;18,193;0,766915021242434
3216;18,197;0,823854667472466
3217;18,201;0,785564164779954
3218;18,206;0,750881718878255
3219;18,210;0,72756465186762
3220;18,214;0,745041176948125
3221;18,218;0,753181855082399
3222;18,222;0,742087080450646
3223;18,226;0,703819128113076
3224;18,230;0,703774027403191
3225;18,234;0,736607344199598
3226;18,239;0,72555767027773
3227;18,243;0,697978586182947
3228;18,247;0,710088126787116
3229;18,251;0,74770211883135
3230;18,255;0,734081704446028
3231;18,259;0,731826668951769
3232;18,263;0,755820246610682
3233;18,267;0,762968709127482
3234;18,272;0,690401666922237
3235;18,276;0,716965985044605
3236;18,280;0,722896728394505
3237;18,284;0,729616734167396
3238;18,288;0,728128410741185
3239;18,292;0,764051126164726
3240;18,296;0,724790958209682
3241;18,300;0,804235858672416
3242;18,304;0,738479023659832
3243;18,309;0,79311853368572
3244;18,313;0,777716641259933
3245;18,317;0,760939177182649
3246;18,321;0,705014296925034
3247;18,325;0,723979145431749
3248;18,329;0,726820490154515
3249;18,333;0,723144782298873
3250;18,337;0,704946645860206
3251;18,342;0,744454867719618
3252;18,346;0,786127923653518
3253;18,350;0,757962530330227
3254;18,354;0,740283052055239
3255;18,358;0,667535607010454
3256;18,362;0,727970558256587
3257;18,366;0,751648430946303
3258;18,370;0,701767045813301
3259;18,375;0,739290836437765
3260;18,379;0,732525729954989
3261;18,383;0,718364107051045
3262;18,387;0,779655971784996
3263;18,391;0,790637994642036
3264;18,395;0,800537600461831
3265;18,399;0,805047671450349
3266;18,403;0,691574285379252
3267;18,408;0,774717444052569
3268;18,412;0,740801710218919
3269;18,416;0,81377465881313
3270;18,420;0,771357441166124
3271;18,424;0,781911007279255
3272;18,428;0,712433363701145
3273;18,432;0,753565211116423
3274;18,436;0,686229851257859
3275;18,441;0,773432073820842
3276;18,445;0,792464573392385
3277;18,449;0,75144547775182
3278;18,453;0,700504225936516
3279;18,457;0,751287625267222
3280;18,461;0,766689517693009
3281;18,465;0,754286822474586
3282;18,469;0,717326790723686
3283;18,473;0,775777310734871
3284;18,478;0,752437693369294
3285;18,482;0,732074722856138
3286;18,486;0,699354157834444
3287;18,490;0,748491381254341
3288;18,494;0,724610555370142
3289;18,498;0,708870407620216
3290;18,502;0,703909329532847
3291;18,506;0,705578055798598
3292;18,511;0,698835499670765
3293;18,515;0,739110433598225
3294;18,519;0,696422611691908
3295;18,523;0,741816476191335
3296;18,527;0,727068544058883
3297;18,531;0,75162588059136
3298;18,535;0,73270613279453
3299;18,539;0,744838223753642
3300;18,544;0,745650036531575
3301;18,548;0,792532224457213
3302;18,552;0,748716884803767
3303;18,556;0,711350946663901
3304;18,560;0,692295896737415
3305;18,564;0,694505831521788
3306;18,568;0,750363060714576
3307;18,572;0,755572192706313
3308;18,577;0,699128654285018
3309;18,581;0,714801150970116
3310;18,585;0,694550932231673
3311;18,589;0,754805480638265
3312;18,593;0,693536166259257
3313;18,597;0,681110920685892
3314;18,601;0,739922246376158
3315;18,605;0,701902347942957
3316;18,610;0,705465304023885
3317;18,614;0,715229607714025
3318;18,618;0,697121672695128
3319;18,622;0,774762544762455
3320;18,626;0,747544266346752
