#"+EI TIC Scan 150C_1ml-min_6C-min_1.d "
#Point;X(Minutes);Y(Counts)
0;4,641;100
1;4,646;93,2457207223392
2;4,650;87,3114566790506
3;4,655;81,360760218527
4;4,659;76,3945828153407
5;4,663;71,5361564828721
6;4,668;67,33987740642
7;4,672;63,1139054516776
8;4,677;59,2037592789543
9;4,681;56,0570496248895
10;4,686;52,7376845011821
11;4,690;49,7461031535869
12;4,695;46,860594266271
13;4,699;43,9275228785059
14;4,703;41,4544075931129
15;4,708;39,0541574745435
16;4,712;36,8778193918467
17;4,717;34,6331467062856
18;4,721;32,7046703321381
19;4,726;30,8441861018691
20;4,730;29,1440007473466
21;4,735;27,4064368366401
22;4,739;25,7555655760677
23;4,743;24,4361721573883
24;4,748;22,8979418327237
25;4,752;21,560100541467
26;4,757;20,3715208412679
27;4,761;19,2081202976451
28;4,766;18,1056774534885
29;4,770;17,0934304464677
30;4,775;16,062746795033
31;4,779;15,2309644453467
32;4,783;14,3467802567567
33;4,788;13,4807520084939
34;4,792;12,7695489062871
35;4,797;12,0495204675946
36;4,801;11,3715695714974
37;4,806;10,8410276194856
38;4,810;10,2224231813968
39;4,815;9,62501751593501
40;4,819;9,1016279040522
41;4,823;8,56845856178903
42;4,828;8,08327277610503
43;4,832;7,68371296502562
44;4,837;7,26249402661704
45;4,841;6,83055780617854
46;4,846;6,43806050992031
47;4,850;6,10213070121228
48;4,854;5,74395790067477
49;4,859;5,50232782285012
50;4,863;5,14343641985067
51;4,868;4,91201274261816
52;4,872;4,65079513362413
53;4,877;4,40790188740937
54;4,881;4,18085157984751
55;4,886;3,92757228242514
56;4,890;3,73266259278954
57;4,894;3,5255535035463
58;4,899;3,35570507477059
59;4,903;3,21142878829253
60;4,908;2,98799394936727
61;4,912;2,82916596303509
62;4,917;2,68821321294347
63;4,921;2,56785852873332
64;4,926;2,48034060858443
65;4,930;2,34076330851759
66;4,934;2,18857116679482
67;4,939;2,10710522675501
68;4,943;1,96827459955878
69;4,948;1,8849896970372
70;4,952;1,79437280377123
71;4,957;1,74405378919078
72;4,961;1,63375953944768
73;4,966;1,56107963732134
74;4,970;1,47257925286902
75;4,974;1,44501411155585
76;4,979;1,38333780962784
77;4,983;1,29208652512594
78;4,988;1,26017608455077
79;4,992;1,18288702132094
80;4,997;1,1525092250591
81;5,001;1,10470531909542
82;5,006;1,0604438987058
83;5,010;1,02267235680049
84;5,014;0,962236766935664
85;5,019;0,936703923210141
86;5,023;0,908560531478381
87;5,028;0,849977588585718
88;5,032;0,808837597640109
89;5,037;0,799265588283905
90;5,041;0,794128703497438
91;5,046;0,753858895220575
92;5,050;0,709226945436515
93;5,054;0,698223345238181
94;5,059;0,675127012985146
95;5,063;0,643727453847757
96;5,068;0,627008718444369
97;5,072;0,612075261032344
98;5,077;0,576055312628001
99;5,081;0,570901585596332
100;5,085;0,567965420849532
101;5,090;0,529256327294677
102;5,094;0,523894879238856
103;5,099;0,51202671045351
104;5,103;0,507748780172321
105;5,108;0,49711570936842
106;5,112;0,483855248313081
107;5,117;0,463942100403136
108;5,121;0,454650795133624
109;5,125;0,455122377999267
110;5,130;0,450546901386184
111;5,134;0,430139714283661
112;5,139;0,4243403678526
113;5,143;0,43298605372272
114;5,148;0,419405590008551
115;5,152;0,412663077846205
116;5,157;0,390717632348608
117;5,161;0,396455223880597
118;5,165;0,404354236880116
119;5,170;0,464217190408094
120;5,174;0,596608465855604
121;5,179;0,856074481348673
122;5,183;1,22580667617617
123;5,188;1,70212782680243
124;5,192;2,15184384409201
125;5,197;2,47025210370871
126;5,201;2,61708279737566
127;5,205;2,70965900516675
128;5,210;2,67934296380399
129;5,214;2,64926832795579
130;5,219;2,58792887093181
131;5,223;2,53311297688256
132;5,228;2,43404689060715
133;5,232;2,38675386608125
134;5,237;2,3423071809944
135;5,241;2,24699691539893
136;5,245;2,16384675083897
137;5,250;2,12375097909585
138;5,254;2,04314399356132
139;5,259;1,99676606435804
140;5,263;1,93836277208086
141;5,268;1,89329853800329
142;5,272;1,84382163568292
143;5,276;1,75497879224484
144;5,281;1,71024578898957
145;5,285;1,63882344117161
146;5,290;1,56651968252143
147;5,294;1,50675216838293
148;5,299;1,47634630171243
149;5,303;1,40941521928154
150;5,308;1,3499901641288
151;5,312;1,30426346840664
152;5,316;1,22399332777614
153;5,321;1,19543449399608
154;5,325;1,13791822663284
155;5,330;1,09491997463333
156;5,334;1,04572377639966
157;5,339;0,990761916225325
158;5,343;0,947875945860491
159;5,348;0,918390788594342
160;5,352;0,857550984844674
161;5,356;0,810965334617236
162;5,361;0,759792979613248
163;5,365;0,693114530860383
164;5,370;0,663281300526736
165;5,374;0,61404018963919
166;5,379;0,588642083875279
167;5,383;0,534718828821708
168;5,388;0,515423229902486
169;5,392;0,469606708872585
170;5,396;0,446841607441847
171;5,401;0,426518631565332
172;5,405;0,394074853225447
173;5,410;0,39534924977903
174;5,414;0,363444423285594
175;5,419;0,354259785569025
176;5,423;0,325307966067592
177;5,428;0,319295284530645
178;5,432;0,300050212347028
179;5,436;0,297956159860304
180;5,441;0,281299179355988
181;5,445;0,271889978370066
182;5,450;0,26303095739406
183;5,454;0,253908074576564
184;5,459;0,259668122435487
185;5,463;0,256529850746269
186;5,467;0,256316515640383
187;5,472;0,240726210665498
188;5,476;0,243550093777621
189;5,481;0,231564029275864
190;5,485;0,227493820018827
191;5,490;0,232389299290739
192;5,494;0,215395473882394
193;5,499;0,227027851234918
194;5,503;0,216961802686136
195;5,507;0,21162281095725
196;5,512;0,211263509726284
197;5,516;0,218028478215566
198;5,521;0,221817983385911
199;5,525;0,248153640799373
200;5,530;0,295435437161808
201;5,534;0,417468731810375
202;5,539;0,615017039860879
203;5,543;0,829604085973598
204;5,547;1,11790402525169
205;5,552;1,34168132316271
206;5,556;1,54614056582758
207;5,561;1,62737071443457
208;5,565;1,68100765131971
209;5,570;1,66510857184947
210;5,574;1,62825773934851
211;5,579;1,60104628518457
212;5,583;1,56009717301791
213;5,587;1,50767287778728
214;5,592;1,46487673273019
215;5,596;1,43515578403122
216;5,601;1,38300096472381
217;5,605;1,32663558411601
218;5,610;1,31539619248486
219;5,614;1,27681060872815
220;5,619;1,24446788385947
221;5,623;1,19802819975711
222;5,627;1,17605468385085
223;5,632;1,13003605587853
224;5,636;1,10847236793883
225;5,641;1,06797799639262
226;5,645;1,0138975470505
227;5,650;0,97883760662264
228;5,654;0,950610003664872
229;5,658;0,904361198341465
230;5,663;0,885548410451354
231;5,667;0,826415287548775
232;5,672;0,79938909808205
233;5,676;0,787509701133236
234;5,681;0,758591566122205
235;5,685;0,705504809246976
236;5,690;0,674133320518256
237;5,694;0,635396156554732
238;5,698;0,606932762164143
239;5,703;0,537121655803793
240;5,707;0,510314415524688
241;5,712;0,484180865053644
242;5,716;0,452646567954642
243;5,721;0,423531940082927
244;5,725;0,401339474989041
245;5,730;0,376412952090774
246;5,734;0,350767826730574
247;5,738;0,332353638643566
248;5,743;0,30334006424306
249;5,747;0,297142118008896
250;5,752;0,284880963502181
251;5,756;0,27072786345116
252;5,761;0,257680737501707
253;5,765;0,240905861280981
254;5,770;0,222856588506672
255;5,774;0,223603261377273
256;5,778;0,211729478510193
257;5,783;0,206474698007315
258;5,787;0,198912529911827
259;5,792;0,195274604948297
260;5,796;0,198446561127918
261;5,801;0,185803649063302
262;5,805;0,172223185349133
263;5,810;0,183687140249642
264;5,814;0,174474432124404
265;5,818;0,186780499284991
266;5,823;0,175529879490367
267;5,827;0,169270178357131
268;5,832;0,166648402187426
269;5,836;0,158721318779238
270;5,841;0,165025932566345
271;5,845;0,165761377273479
272;5,850;0,15764341508634
273;5,854;0,161157830251726
274;5,858;0,159018865111132
275;5,863;0,15482514605595
276;5,867;0,161242041477734
277;5,872;0,152057403761165
278;5,876;0,150625812919035
279;5,881;0,148834920845939
280;5,885;0,153522679093699
281;5,889;0,161056776780517
282;5,894;0,15871009061577
283;5,898;0,156228666489411
284;5,903;0,146151389777161
285;5,907;0,14683630774869
286;5,912;0,145820158954865
287;5,916;0,148402636552433
288;5,921;0,138325359840183
289;5,925;0,151804770083142
290;5,929;0,151434240688709
291;5,934;0,155959190566187
292;5,938;0,148582287167916
293;5,943;0,145354190170956
294;5,947;0,144568218728217
295;5,952;0,147667191845299
296;5,956;0,152141614987173
297;5,961;0,158541668163755
298;5,965;0,197228305391674
299;5,969;0,278873896046968
300;5,974;0,424054049684174
301;5,978;0,728685352726018
302;5,983;1,14854006927328
303;5,987;1,67960974496799
304;5,992;2,25853385336198
305;5,996;2,80566541689722
306;6,001;3,21622321409323
307;6,005;3,50026767941707
308;6,009;3,58436100970832
309;6,014;3,57443531320288
310;6,018;3,52069170876479
311;6,023;3,4540244881754
312;6,027;3,33393366580674
313;6,032;3,23362686746815
314;6,036;3,13700290674696
315;6,041;3,04124351461278
316;6,045;2,94233462262592
317;6,049;2,89475527993159
318;6,054;2,81602901177789
319;6,058;2,7284605648934
320;6,063;2,64983535021091
321;6,067;2,57614491337247
322;6,072;2,47968376102156
323;6,076;2,39516937460028
324;6,080;2,27775646921866
325;6,085;2,22810553036455
326;6,089;2,11416212749445
327;6,094;2,05085774186362
328;6,098;1,93109815031726
329;6,103;1,83748333740541
330;6,107;1,71022333266264
331;6,112;1,61179725170488
332;6,116;1,50166019625033
333;6,120;1,43163014070236
334;6,125;1,30232099612673
335;6,129;1,20986829813379
336;6,134;1,10603585646634
337;6,138;0,988813829863681
338;6,143;0,910744409272846
339;6,147;0,811403232992476
340;6,152;0,724800408166198
341;6,156;0,651811731544492
342;6,160;0,575005479343772
343;6,165;0,514631644378014
344;6,169;0,474693066923447
345;6,174;0,425665291141787
346;6,178;0,383307044459934
347;6,183;0,348146050560869
348;6,187;0,309599765376296
349;6,192;0,291825582606946
350;6,196;0,266522916232511
351;6,200;0,239900940650623
352;6,205;0,226191353056576
353;6,209;0,204285206131116
354;6,214;0,188599461766756
355;6,218;0,179134119963495
356;6,223;0,171875112281635
357;6,227;0,160748002285156
358;6,232;0,150771779044115
359;6,236;0,147526839801953
360;6,240;0,141334507649523
361;6,245;0,13686008450765
362;6,249;0,135967445511968
363;6,254;0,126232627785483
364;6,258;0,13323900178932
365;6,263;0,120214332166802
366;6,267;0,116851497208229
367;6,271;0,114145509812517
368;6,276;0,107088609073075
369;6,280;0,103332788393133
370;6,285;0,112977780811877
371;6,289;0,115189729015012
372;6,294;0,109760911978384
373;6,298;0,101873127142334
374;6,303;0,0952821951868007
375;6,307;0,107127907645212
376;6,311;0,110541269339389
377;6,316;0,0928737541229816
378;6,320;0,0973257209379199
379;6,325;0,0965790480673187
380;6,329;0,102979101243901
381;6,334;0,0969944901156231
382;6,338;0,0909593522517408
383;6,343;0,0973088786927184
384;6,347;0,0948835953836978
385;6,351;0,0938562184264043
386;6,356;0,0935025312771721
387;6,360;0,0930927033106015
388;6,365;0,0913804083817791
389;6,369;0,0883319620003018
390;6,374;0,0851094790850753
391;6,378;0,0964779945961095
392;6,383;0,0891796883421123
393;6,387;0,0990941566840808
394;6,391;0,0892077587507815
395;6,396;0,0827852492472639
396;6,400;0,0842112260076603
397;6,405;0,085446323989106
398;6,409;0,0916386561415359
399;6,414;0,092031641862905
400;6,418;0,0909088255161362
401;6,423;0,0827852492472639
402;6,427;0,082313666381621
403;6,431;0,0918576053291559
404;6,436;0,0833803419110514
405;6,440;0,0815613794292859
406;6,445;0,0825494578144425
407;6,449;0,0822687537277503
408;6,454;0,0851993043928169
409;6,458;0,0849971974503985
410;6,462;0,079686276130182
411;6,467;0,0814210273859398
412;6,471;0,0862266813501103
413;6,476;0,0866252811532132
414;6,480;0,0829480576175454
415;6,485;0,0843964907048771
416;6,489;0,0882645930194957
417;6,494;0,0839866627383065
418;6,498;0,104208585143613
419;6,502;0,151361257626169
420;6,507;0,222486059112239
421;6,511;0,344693390294555
422;6,516;0,549354739901839
423;6,520;0,822709993604438
424;6,525;1,11500154499529
425;6,529;1,44353760805985
426;6,534;1,69408284767784
427;6,538;1,87432855582463
428;6,542;1,98588597395785
429;6,547;2,02448278587802
430;6,551;2,01473112590634
431;6,556;1,97406271782637
432;6,560;1,91805663844954
433;6,565;1,88833568975057
434;6,569;1,80853151790398
435;6,574;1,74867417845774
436;6,578;1,72610556988768
437;6,582;1,69414460257691
438;6,587;1,62898756997391
439;6,591;1,58825740699488
440;6,596;1,53334607355615
441;6,600;1,46746482440949
442;6,605;1,44073618127466
443;6,609;1,36650117850804
444;6,614;1,31050632729468
445;6,618;1,27201618292744
446;6,622;1,19902750630574
447;6,627;1,14266773977968
448;6,631;1,05041714872915
449;6,636;1,01351578949259
450;6,640;0,920423086181993
451;6,645;0,856731328911533
452;6,649;0,781940532053263
453;6,653;0,71121994445203
454;6,658;0,648432054340718
455;6,662;0,566034176733089
456;6,667;0,516910961561954
457;6,671;0,455504135557168
458;6,676;0,407498122651068
459;6,680;0,36307389389116
460;6,685;0,322399871729461
461;6,689;0,288698539081195
462;6,693;0,257327050352474
463;6,698;0,241950080483476
464;6,702;0,205666270237642
465;6,707;0,189508943007639
466;6,711;0,180386060190142
467;6,716;0,158266578158797
468;6,720;0,145045415675594
469;6,725;0,141923986231577
470;6,729;0,132767418923677
471;6,733;0,122280314244857
472;6,738;0,109294943194475
473;6,742;0,115930787803879
474;6,747;0,106869659885455
475;6,751;0,104668939845788
476;6,756;0,103315946147931
477;6,760;0,0957706202976451
478;6,765;0,0939685000610812
479;6,769;0,0878716072981266
480;6,773;0,0866645797253501
481;6,778;0,082672967612587
482;6,782;0,083896837430565
483;6,787;0,0833971841562529
484;6,791;0,077131868941283
485;6,796;0,0836498178342759
486;6,800;0,0746392166514562
487;6,805;0,083464553137059
488;6,809;0,0782041585524472
489;6,813;0,0788104793797024
490;6,818;0,0773676603741044
491;6,822;0,0744427237907717
492;6,827;0,0771992379220891
493;6,831;0,0680482846959234
494;6,836;0,084256138661531
495;6,840;0,0730223611121092
496;6,845;0,0752062389065745
497;6,849;0,0776427503790628
498;6,853;0,0747514982861331
499;6,858;0,0730953441746491
500;6,862;0,0743416703195625
501;6,867;0,0703893567789363
502;6,871;0,0737746480644443
503;6,876;0,0721577925250972
504;6,880;0,0676889834649573
505;6,884;0,069934616158495
506;6,889;0,0677675806092312
507;6,893;0,0620917439763149
508;6,898;0,0742967576656918
509;6,902;0,067952845306448
510;6,907;0,0720230545634849
511;6,911;0,0630012252171976
512;6,916;0,0618054258078888
513;6,920;0,0663865165027055
514;6,924;0,068924081446403
515;6,929;0,06672897548847
516;6,933;0,0704904102501455
517;6,938;0,0716637533325189
518;6,942;0,0551078262994129
519;6,947;0,0627205211305054
520;6,951;0,0587345230994761
521;6,956;0,063635616453122
522;6,960;0,0572748618486767
523;6,964;0,0635345629819128
524;6,969;0,0637366699243312
525;6,973;0,0566966114300908
526;6,978;0,0596103198499558
527;6,982;0,0643261485063848
528;6,987;0,0632426307317529
529;6,991;0,0608566459948692
530;6,996;0,0624959578611516
531;7,000;0,0598461112827773
532;7,004;0,0641857964630387
533;7,009;0,0549843165012683
534;7,013;0,0550797558907437
535;7,018;0,0596720747490281
536;7,022;0,0591611933112483
537;7,027;0,0636131601261866
538;7,031;0,0471358302373544
539;7,036;0,0574264420554905
540;7,040;0,0637478980877988
541;7,044;0,0529744752405522
542;7,049;0,0627429774574408
543;7,053;0,0603794490474924
544;7,058;0,0590376835131037
545;7,062;0,055680462636265
546;7,067;0,0610250684468845
547;7,071;0,0571232816418629
548;7,075;0,0635289489001789
549;7,080;0,0635794756357835
550;7,084;0,0592173341285867
551;7,089;0,0622377101013948
552;7,093;0,0649549256605753
553;7,098;0,0553155473235651
554;7,102;0,0617661272357519
555;7,107;0,0614966513125274
556;7,111;0,0635121066549774
557;7,115;0,0722756882415079
558;7,120;0,0817859426986397
559;7,124;0,136360431233337
560;7,129;0,237172496927974
561;7,133;0,437786093605157
562;7,138;0,753443453172271
563;7,142;1,21723958745033
564;7,147;1,82771483518853
565;7,151;2,5060474888437
566;7,155;3,14324015155326
567;7,160;3,71443366939975
568;7,164;4,15122607053802
569;7,169;4,41714266594327
570;7,173;4,54260616453122
571;7,178;4,54637882745636
572;7,182;4,48014389116047
573;7,187;4,35022842575759
574;7,191;4,1957288964422
575;7,195;4,09943616654331
576;7,200;3,97763304924583
577;7,204;3,87851082215308
578;7,209;3,77350503740326
579;7,213;3,62239641345511
580;7,218;3,55465128917282
581;7,222;3,4104985124929
582;7,227;3,29921618436465
583;7,231;3,08183893963021
584;7,235;2,95510104448868
585;7,240;2,77744342802118
586;7,244;2,58116951652426
587;7,249;2,39404094417177
588;7,253;2,18081250583864
589;7,258;1,96083594126143
590;7,262;1,75723565310185
591;7,266;1,51763787286485
592;7,271;1,35976989450916
593;7,275;1,12331038596138
594;7,280;0,983216590375039
595;7,284;0,840484176373788
596;7,289;0,717125958436034
597;7,293;0,645546416329522
598;7,298;0,547754726607693
599;7,302;0,463751221624185
600;7,306;0,409614631464727
601;7,311;0,341701084730416
602;7,315;0,295165961238583
603;7,320;0,269644345676528
604;7,324;0,22400747526211
605;7,329;0,19117632528259
606;7,333;0,174401449061864
607;7,338;0,164464524392961
608;7,342;0,147060871018044
609;7,346;0,137646055950388
610;7,351;0,123032601197192
611;7,355;0,108188969092908
612;7,360;0,110670393219267
613;7,364;0,096062552547805
614;7,369;0,0933565651520922
615;7,373;0,0914365491991175
616;7,378;0,0861424701241026
617;7,382;0,0797255747023189
618;7,386;0,0826448972039178
619;7,391;0,0781985444707134
620;7,395;0,0673970512147975
621;7,400;0,0726630598811431
622;7,404;0,0716862096594543
623;7,409;0,0751276417623007
624;7,413;0,0743528984830302
625;7,418;0,0743416703195625
626;7,422;0,0710798888321991
627;7,426;0,0808820755394908
628;7,431;0,0724104262031202
629;7,435;0,0698560190142211
630;7,440;0,0793606593896191
631;7,444;0,0651401903577922
632;7,449;0,0775866095617243
633;7,453;0,0733592060161398
634;7,457;0,0736455241845659
635;7,462;0,0558825695786834
636;7,466;0,0624791156159501
637;7,471;0,0687556589943877
638;7,475;0,0621254284667179
639;7,480;0,0710574325052638
640;7,484;0,064427201977594
641;7,489;0,0663809024209717
642;7,493;0,0626812225583685
643;7,497;0,0580664473731487
644;7,502;0,0718995447653404
645;7,506;0,063848951559008
646;7,511;0,0670377499838314
647;7,515;0,0583752218685101
648;7,520;0,058773821671613
649;7,524;0,0525365768653123
650;7,529;0,0658363364927888
651;7,533;0,0631135068518745
652;7,537;0,0527106133990615
653;7,542;0,0517000786869696
654;7,546;0,0583583796233086
655;7,551;0,0537997452554272
656;7,555;0,0473042526893697
657;7,560;0,0552987050783636
658;7,564;0,0517000786869696
659;7,569;0,0534572862696628
660;7,573;0,0460186279723194
661;7,577;0,0534965848417997
662;7,582;0,0428073732205606
663;7,586;0,0493590066039566
664;7,591;0,0442894907982955
665;7,595;0,0471358302373544
666;7,600;0,0527218415625292
667;7,604;0,0507176143835469
668;7,609;0,0497295359983903
669;7,613;0,0544341364913516
670;7,617;0,0503077864169763
671;7,622;0,0453393240825243
672;7,626;0,0524972782931754
673;7,631;0,0516383237878973
674;7,635;0,056146431420174
675;7,640;0,0563541524443263
676;7,644;0,0534292158609935
677;7,648;0,0534516721879289
678;7,653;0,0593408439267313
679;7,657;0,0609633135478122
680;7,662;0,0741620197040795
681;7,666;0,107728614390733
682;7,671;0,189217010757479
683;7,675;0,291943478323357
684;7,680;0,483619456880259
685;7,684;0,717737893345023
686;7,688;0,997622324104082
687;7,693;1,33175562665728
688;7,697;1,66015133767848
689;7,702;1,90415617207655
690;7,706;2,08467135614657
691;7,711;2,22241846556816
692;7,715;2,27118799359007
693;7,720;2,22036371165358
694;7,724;2,23396663169468
695;7,728;2,18514657693717
696;7,733;2,12464923217327
697;7,737;2,02540349528237
698;7,742;2,02246171645384
699;7,746;1,92907708089308
700;7,751;1,86060212598538
701;7,755;1,81771615562055
702;7,760;1,74663626678835
703;7,764;1,64870983910491
704;7,768;1,55141780265739
705;7,773;1,4302097780237
706;7,777;1,28958825875437
707;7,782;1,15014008256742
708;7,786;1,04371954922068
709;7,791;0,92053536781667
710;7,795;0,832158493162498
711;7,800;0,728309209249851
712;7,804;0,622399557340883
713;7,808;0,546738577813868
714;7,813;0,453410083070445
715;7,817;0,404517045250397
716;7,822;0,340432302258568
717;7,826;0,314444717912604
718;7,831;0,282955333467472
719;7,835;0,292650852621821
720;7,840;0,357892096450822
721;7,844;0,44646546396568
722;7,848;0,639758298061929
723;7,853;0,907825086771247
724;7,857;1,23314428100231
725;7,862;1,6181692344728
726;7,866;1,88904867813077
727;7,871;2,1652614994359
728;7,875;2,37689553855662
729;7,879;2,49521231109738
730;7,884;2,53458948037856
731;7,888;2,55121277639247
732;7,893;2,45335933177157
733;7,897;2,41667692172263
734;7,902;2,3342116751342
735;7,906;2,22423181396819
736;7,911;2,18249111627706
737;7,915;2,12334676521102
738;7,919;2,07460530759778
739;7,924;1,95820855101
740;7,928;1,8666934046666
741;7,933;1,73900111563032
742;7,937;1,63771746707004
743;7,942;1,53710750831782
744;7,946;1,34720557958882
745;7,951;1,2297421474716
746;7,955;1,09324697827665
747;7,959;0,939600789384804
748;7,964;0,824585096903542
749;7,968;0,698588260550881
750;7,973;0,600746044093447
751;7,977;0,507945273033005
752;7,982;0,435826779080045
753;7,986;0,363057051645959
754;7,991;0,318604752477382
755;7,995;0,253110874970358
756;7,999;0,232535265415819
757;8,004;0,197419184170625
758;8,008;0,171077912675429
759;8,013;0,14880685043727
760;8,017;0,140503623552914
761;8,022;0,118676073771729
762;8,026;0,0969608056252201
763;8,031;0,0996106522035944
764;8,035;0,0840371894739111
765;8,039;0,0710462043417961
766;8,044;0,0720511249721542
767;8,048;0,0685367098067678
768;8,053;0,0691374165522891
769;8,057;0,055933096314288
770;8,062;0,0555681810015881
771;8,066;0,05866715411867
772;8,070;0,054456592818287
773;8,075;0,0450754622410336
774;8,079;0,0485730351612185
775;8,084;0,0491119870076675
776;8,088;0,0460803828713917
777;8,093;0,0415778893208488
778;8,097;0,035705559827248
779;8,102;0,0394669945889235
780;8,106;0,0341111606148363
781;8,110;0,0408649009406506
782;8,115;0,0264086404760023
783;8,119;0,0393490988725127
784;8,124;0,036963114135629
785;8,128;0,0368452184192183
786;8,133;0,0358964386061987
787;8,137;0,0268914515051129
788;8,142;0,0351160812451943
789;8,146;0,0364129341257123
790;8,150;0,033291504681695
791;8,155;0,034302039393787
792;8,159;0,0365981988229292
793;8,164;0,0323090403782723
794;8,168;0,0354248557405558
795;8,173;0,0290528729726428
796;8,177;0,0271665415100712
797;8,182;0,0246738892202445
798;8,186;0,0295749825738903
799;8,190;0,0324774628302877
800;8,195;0,030198145646347
801;8,199;0,0273461921255542
802;8,204;0,0313321901565835
803;8,208;0,0222991326468284
804;8,213;0,0354248557405558
805;8,217;0,0351160812451943
806;8,222;0,0279019862172048
807;8,226;0,0309953452525528
808;8,230;0,0236970389985556
809;8,235;0,031062714233359
810;8,239;0,0279974256066801
811;8,244;0,03239325160428
812;8,248;0,0227089606133991
813;8,253;0,0230514195991635
814;8,257;0,0259370576103594
815;8,261;0,0281265494865585
816;8,266;0,0253868776004427
817;8,270;0,0198850775012755
818;8,275;0,027138471101402
819;8,279;0,0168254029563305
820;8,284;0,0272507527360789
821;8,288;0,0267398712982991
822;8,293;0,0246795033019783
823;8,297;0,0300914780934039
824;8,301;0,025195998821492
825;8,306;0,0239889712487155
826;8,310;0,0278458453998663
827;8,315;0,0240114275756509
828;8,319;0,0266781163992268
829;8,324;0,0259314435286255
830;8,328;0,0247244159558491
831;8,333;0,0300072668673963
832;8,337;0,0275651413131741
833;8,341;0,0232703687867835
834;8,346;0,0218163216177179
835;8,350;0,0203173617947815
836;8,355;0,0282837437751062
837;8,359;0,0254654747447165
838;8,364;0,0258528463843517
839;8,368;0,0245279230951645
840;8,373;0,0199299901551463
841;8,377;0,029047258890909
842;8,381;0,023214227969445
843;8,386;0,0231244026617035
844;8,390;0,0332241357008889
845;8,395;0,0268802233416452
846;8,399;0,0194584072895034
847;8,404;0,0262570602691885
848;8,408;0,0314388577095265
849;8,413;0,0260717955719716
850;8,417;0,0327132542631091
851;8,421;0,03037779626183
852;8,426;0,0435259756824927
853;8,430;0,0806182136980001
854;8,435;0,146797009176553
855;8,439;0,251611915147421
856;8,444;0,436567837868913
857;8,448;0,695826132337829
858;8,452;0,998952861475003
859;8,457;1,30927684339497
860;8,461;1,66885316436594
861;8,466;1,99327971960132
862;8,470;2,23671191766253
863;8,475;2,45984359617416
864;8,479;2,54435798259545
865;8,484;2,6317187084558
866;8,488;2,60584340574451
867;8,492;2,53143436644414
868;8,497;2,48648241400125
869;8,501;2,408295097694
870;8,506;2,31601643623481
871;8,510;2,19813756206929
872;8,515;2,10531433468191
873;8,519;2,00094855524975
874;8,524;1,85296697482736
875;8,528;1,68900771779044
876;8,532;1,54105420777672
877;8,537;1,37159315064063
878;8,541;1,21714976214259
879;8,546;1,04016022140142
880;8,550;0,888973000308999
881;8,555;0,761342466171789
882;8,559;0,646629934104154
883;8,564;0,54793999130491
884;8,568;0,45445430227294
885;8,572;0,392306417479286
886;8,577;0,31543279629776
887;8,581;0,277475989695241
888;8,586;0,226140826320971
889;8,590;0,18948087259897
890;8,595;0,158676406125367
891;8,599;0,152018105189028
892;8,604;0,170724225526197
893;8,608;0,202112556500119
894;8,612;0,301711980540245
895;8,617;0,497065182632816
896;8,621;0,858870294052127
897;8,626;1,42066022499443
898;8,630;2,18169953075259
899;8,635;3,10642300354271
900;8,639;4,26805511141931
901;8,644;5,4247748977788
902;8,648;6,62869226927471
903;8,652;7,50846378962194
904;8,657;8,170936662379
905;8,661;8,59051067483957
906;8,666;8,76332895285249
907;8,670;8,73366414497086
908;8,675;8,58312815735957
909;8,679;8,28108494599702
910;8,683;7,98028244669766
911;8,688;7,53031379573006
912;8,692;7,24416404975603
913;8,697;6,78919325196358
914;8,701;6,3372372160622
915;8,706;5,76017136872211
916;8,710;5,18524448652261
917;8,715;4,56057684016125
918;8,719;4,04702309947614
919;8,723;3,44593459639693
920;8,728;2,89098823108818
921;8,732;2,43619146982948
922;8,737;2,03748499917361
923;8,741;1,74437940593134
924;8,746;1,41908266802722
925;8,750;1,17209114214675
926;8,755;0,94207659942943
927;8,759;0,803363867949612
928;8,763;0,683099009047205
929;8,768;0,581882729467731
930;8,772;0,472655155254062
931;8,777;0,408480586954491
932;8,781;0,345743223578784
933;8,786;0,302189177487622
934;8,790;0,267550293189804
935;8,795;0,23976620268901
936;8,799;0,203521691015313
937;8,803;0,189301221983487
938;8,808;0,170662470627124
939;8,812;0,153988647877608
940;8,817;0,137460791253171
941;8,821;0,128298609863537
942;8,826;0,120332227883213
943;8,830;0,10905353767992
944;8,835;0,109794596468788
945;8,839;0,100570660180082
946;8,843;0,0965397494951818
947;8,848;0,0892807418133214
948;8,852;0,085519307051646
949;8,857;0,0832792884398422
950;8,861;0,074757112367867
951;8,866;0,0802813687939695
952;8,870;0,0759641399406434
953;8,874;0,0759922103493127
954;8,879;0,0632314025682852
955;8,883;0,0548551926213899
956;8,888;0,0573085463390798
957;8,892;0,0473828498336435
958;8,897;0,0545015054721577
959;8,901;0,0470347767661452
960;8,906;0,0554615134486451
961;8,910;0,0431835166967282
962;8,914;0,0455470451066765
963;8,919;0,041246658498552
964;8,923;0,0440424712020063
965;8,928;0,041212974008149
966;8,932;0,0370697816885721
967;8,937;0,0392480454013035
968;8,941;0,0322809699696031
969;8,946;0,0327300965083106
970;8,950;0,0360255624860771
971;8,954;0,0349925714470498
972;8,959;0,0329715020228659
973;8,963;0,0268465388512421
974;8,968;0,0383610204873562
975;8,972;0,0358683681975294
976;8,977;0,0353350304328143
977;8,981;0,027604439885311
978;8,986;0,0291483123621182
979;8,990;0,0286093605156691
980;8,994;0,032140617926257
981;8,999;0,0286711154147414
982;9,003;0,0233770363397265
983;9,008;0,028109707241357
984;9,012;0,0289069068475629
985;9,017;0,027604439885311
986;9,021;0,0194808636164387
987;9,026;0,0268746092599113
988;9,030;0,0258360041391502
989;9,034;0,0209517530307059
990;9,039;0,0233152814406542
991;9,043;0,0249602073886705
992;9,048;0,0268465388512421
993;9,052;0,0290528729726428
994;9,057;0,0232479124598481
995;9,061;0,0193741960634957
996;9,065;0,0250781031050812
997;9,070;0,0243931851335523
998;9,074;0,0210303501749797
999;9,079;0,0238598473688371
1000;9,083;0,0226191353056576
1001;9,088;0,0252240692301612
1002;9,092;0,030989731170819
1003;9,097;0,0265658347645499
1004;9,101;0,0257630210766102
1005;9,105;0,0303946385070315
1006;9,110;0,0240394979843201
1007;9,114;0,0247468722827844
1008;9,119;0,0241237092103278
1009;9,123;0,0202443787322415
1010;9,128;0,0263075870047931
1011;9,132;0,029513227674818
1012;9,137;0,0474614469779173
1013;9,141;0,0718827025201388
1014;9,145;0,137224999820349
1015;9,150;0,247726970587601
1016;9,154;0,417682066916261
1017;9,159;0,653237708304889
1018;9,163;0,97201649731602
1019;9,168;1,3536730017462
1020;9,172;1,70673698790592
1021;9,177;2,11658179672174
1022;9,181;2,40580805948591
1023;9,185;2,68426651348457
1024;9,190;2,8153665501333
1025;9,194;2,96544218304242
1026;9,199;2,92140532592215
1027;9,203;2,8336796847491
1028;9,208;2,77999222112835
1029;9,212;2,60252548343981
1030;9,217;2,44524698366617
1031;9,221;2,34211068813372
1032;9,225;2,1601358428129
1033;9,230;1,94175929152983
1034;9,234;1,72979963566855
1035;9,239;1,56290982796657
1036;9,243;1,34894594492631
1037;9,248;1,15719136922513
1038;9,252;0,989734539268031
1039;9,256;0,804245278781825
1040;9,261;0,677451242822958
1041;9,265;0,566472075108329
1042;9,270;0,489149327388096
1043;9,274;0,400098762925862
1044;9,279;0,332864520081346
1045;9,283;0,276319488858069
1046;9,288;0,23371983666166
1047;9,292;0,200512543205973
1048;9,296;0,167602796082179
1049;9,301;0,15892903980339
1050;9,305;0,125929467371855
1051;9,310;0,118664845608261
1052;9,314;0,10776791296287
1053;9,319;0,0997903028190775
1054;9,323;0,0849859692869308
1055;9,328;0,0786252146824855
1056;9,332;0,0718939306836065
1057;9,336;0,063489650328042
1058;9,341;0,0670209077386299
1059;9,345;0,0464452981840916
1060;9,350;0,0493983051760935
1061;9,354;0,0366880241306707
1062;9,359;0,0388943582520714
1063;9,363;0,0418249089171379
1064;9,368;0,0319553532290402
1065;9,372;0,0338978255089502
1066;9,376;0,0284297099001861
1067;9,381;0,0267510994617668
1068;9,385;0,0335834369318549
1069;9,390;0,023287211031985
1070;9,394;0,0199243760734124
1071;9,399;0,0227314169403344
1072;9,403;0,0270430317119266
1073;9,408;0,0209180685403028
1074;9,412;0,0224619410171099
1075;9,416;0,0256114408697964
1076;9,421;0,0217264963099764
1077;9,425;0,0235454587917418
1078;9,430;0,0297434050259056
1079;9,434;0,0334992257058473
1080;9,439;0,0549450179291314
1081;9,443;0,0978759009478366
1082;9,447;0,172969858219734
1083;9,452;0,291528036275052
1084;9,456;0,492141632952234
1085;9,461;0,778027517084773
1086;9,465;1,15432818754087
1087;9,470;1,58428825120905
1088;9,474;2,04765771527533
1089;9,479;2,44758805574918
1090;9,483;2,82175537514642
1091;9,487;3,06868514612781
1092;9,492;3,20195783240753
1093;9,496;3,26511063783154
1094;9,501;3,22222466746671
1095;9,505;3,1301593411134
1096;9,510;2,98009493636775
1097;9,514;2,8135251313246
1098;9,519;2,62335372667237
1099;9,523;2,37353831767978
1100;9,527;2,11125964723805
1101;9,532;1,87060080555336
1102;9,536;1,60394315135924
1103;9,541;1,38315254493062
1104;9,545;1,16363072097385
1105;9,550;0,961686586925747
1106;9,554;0,795874682916664
1107;9,559;0,656347909585438
1108;9,563;0,540630456887445
1109;9,567;0,443798775142104
1110;9,572;0,348696230570786
1111;9,576;0,297843878225627
1112;9,581;0,250320676348637
1113;9,585;0,206536452906388
1114;9,590;0,184141880870084
1115;9,594;0,141744335616094
1116;9,599;0,138853083523164
1117;9,603;0,107650017246459
1118;9,607;0,107212118871219
1119;9,612;0,0890449503805
1120;9,616;0,0712876098563514
1121;9,621;0,0708609396445792
1122;9,625;0,0630517519528022
1123;9,630;0,060177342105074
1124;9,634;0,0512284958213267
1125;9,639;0,0538165875006288
1126;9,643;0,0461645940973994
1127;9,647;0,0422571932106439
1128;9,652;0,0369182014817583
1129;9,656;0,0423414044366516
1130;9,661;0,0347960785863652
1131;9,665;0,0301756893194116
1132;9,670;0,0310402579064236
1133;9,674;0,0333925581529042
1134;9,678;0,0249882777973397
1135;9,683;0,0288226956215552
1136;9,687;0,0282949719385739
1137;9,692;0,0202668350591769
1138;9,696;0,026599519254953
1139;9,701;0,0221419383582808
1140;9,705;0,0174822505191903
1141;9,710;0,0177741827693502
1142;9,714;0,0244886245230276
1143;9,718;0,0213559669155427
1144;9,723;0,0205699954728045
1145;9,727;0,0187847174814421
1146;9,732;0,0176169884808025
1147;9,736;0,0168871578554028
1148;9,741;0,0186724358467652
1149;9,745;0,0141306437240854
1150;9,750;0,0164043468262922
1151;9,754;0,0183580472696699
1152;9,758;0,0166457523408475
1153;9,763;0,0144618745463822
1154;9,767;0,015298372724725
1155;9,772;0,0171229492882243
1156;9,776;0,0147088941426713
1157;9,781;0,0116772900063956
1158;9,785;0,0171734760238289
1159;9,790;0,0168927719371367
1160;9,794;0,022422642444973
1161;9,798;0,012418348795263
1162;9,803;0,0176338307260041
1163;9,807;0,0147425786330744
1164;9,812;0,0122106277711107
1165;9,816;0,014360821075173
1166;9,821;0,0193124411644234
1167;9,825;0,0118120279680078
1168;9,830;0,013063968194655
1169;9,834;0,0151187221092419
1170;9,838;0,0166345241773798
1171;9,843;0,0120983461364339
1172;9,847;0,0134288835073549
1173;9,852;0,0209742093576413
1174;9,856;0,0157867978355694
1175;9,861;0,0187678752362406
1176;9,865;0,0107004397847067
1177;9,869;0,00855586056237829
1178;9,874;0,0219791299879993
1179;9,878;0,0158317104894401
1180;9,883;0,0129123879878412
1181;9,887;0,0154667951767403
1182;9,892;0,0124295769587307
1183;9,896;0,0102007865103946
1184;9,901;0,0148829306764205
1185;9,905;0,00958323751967174
1186;9,909;0,0159720625327862
1187;9,914;0,00873551117786129
1188;9,918;0,0150850376188389
1189;9,923;0,00559723948864249
1190;9,927;0,0162303102925431
1191;9,932;0,0175215490913272
1192;9,936;0,0190205089142635
1193;9,941;0,0151018798640404
1194;9,945;0,0167299635668552
1195;9,949;0,0115257097995818
1196;9,954;0,0138667818825947
1197;9,958;0,0201489393427662
1198;9,963;0,0153208290516603
1199;9,967;0,0143495929117053
1200;9,972;0,0101165752843869
1201;9,976;0,0188689287074498
1202;9,981;0,0137769565748532
1203;9,985;0,0229110675558174
1204;9,989;0,0286374309243383
1205;9,994;0,051902185629388
1206;9,998;0,0954618458022837
1207;10,003;0,166362084019
1208;10,007;0,296142811460272
1209;10,012;0,49330374787114
1210;10,016;0,769774816936023
1211;10,021;1,14002912136477
1212;10,025;1,55972664362348
1213;10,029;2,0307817855834
1214;10,034;2,44544347652685
1215;10,038;2,83683479868352
1216;10,043;3,16909299793761
1217;10,047;3,33642631809657
1218;10,052;3,39382468974339
1219;10,056;3,35192679776371
1220;10,060;3,23916796613945
1221;10,065;3,02472127207008
1222;10,069;2,83651479602469
1223;10,074;2,56324936762983
1224;10,078;2,31204728044898
1225;10,083;2,0421952137483
1226;10,087;1,75633740002443
1227;10,092;1,49906087640756
1228;10,096;1,2348509618494
1229;10,100;1,0102483939235
1230;10,105;0,842202085384344
1231;10,109;0,694164364144612
1232;10,114;0,560891677864888
1233;10,118;0,467815816799488
1234;10,123;0,366127954354372
1235;10,127;0,295199645728986
1236;10,132;0,251561388411817
1237;10,136;0,214727398156066
1238;10,140;0,171976165752844
1239;10,145;0,148542988595779
1240;10,149;0,127445269439993
1241;10,154;0,108722306857623
1242;10,158;0,0992794213812977
1243;10,163;0,0974829152264676
1244;10,167;0,0736792086749689
1245;10,172;0,0666447642624624
1246;10,176;0,0622489382648625
1247;10,180;0,0586503118734685
1248;10,185;0,0528565795241414
1249;10,189;0,0477533792280772
1250;10,194;0,0438572065047895
1251;10,198;0,0425154409704008
1252;10,203;0,0417238554459288
1253;10,207;0,0307595538197314
1254;10,212;0,0341111606148363
1255;10,216;0,0380634741554625
1256;10,220;0,0309616607621498
1257;10,225;0,0271946119187404
1258;10,229;0,0255047733168534
1259;10,234;0,0283230423472431
1260;10,238;0,0175047068461257
1261;10,243;0,018464714822613
1262;10,247;0,0220240426418701
1263;10,251;0,0184198021687422
1264;10,256;0,0150625812919035
1265;10,260;0,0153208290516603
1266;10,265;0,0193966523904311
1267;10,269;0,0119804504200231
1268;10,274;0,0156408317104894
1269;10,278;0,0114751830639772
1270;10,283;0,0128057204348982
1271;10,287;0,0133222159544119
1272;10,291;0,0124351910404645
1273;10,296;0,0212885979347365
1274;10,300;0,0285756760252661
1275;10,305;0,0581057459452856
1276;10,309;0,114336388591467
1277;10,314;0,212100007904627
1278;10,318;0,419220325311335
1279;10,323;0,730925371337822
1280;10,327;1,19418816785116
1281;10,331;1,8362706957509
1282;10,336;2,60443988531105
1283;10,340;3,55072704604086
1284;10,345;4,54482934089782
1285;10,349;5,52273500995264
1286;10,354;6,38394637608778
1287;10,358;7,08163638356125
1288;10,363;7,54142406348134
1289;10,367;7,71410760353265
1290;10,371;7,56859060499141
1291;10,376;7,24054858111944
1292;10,380;6,79685647353028
1293;10,385;6,1092998835864
1294;10,389;5,3496809405069
1295;10,394;4,54377389353186
1296;10,398;3,86367841821226
1297;10,403;3,14787738306541
1298;10,407;2,53092909908809
1299;10,411;2,04727595771743
1300;10,416;1,67264266953629
1301;10,420;1,31576672187929
1302;10,425;1,05556526167909
1303;10,429;0,864259812516618
1304;10,434;0,736118396941628
1305;10,438;0,614455631687494
1306;10,442;0,513716549055397
1307;10,447;0,43320500291034
1308;10,451;0,388028487198097
1309;10,456;0,327020260996414
1310;10,460;0,296844571677003
1311;10,465;0,255541772361112
1312;10,469;0,231232798453568
1313;10,474;0,210522450937417
1314;10,478;0,194011436558182
1315;10,482;0,171723532074821
1316;10,487;0,152265124785318
1317;10,491;0,137690968604258
1318;10,496;0,119175727046041
1319;10,500;0,11245567121063
1320;10,505;0,104135602081073
1321;10,509;0,0882140662838911
1322;10,514;0,0799445238899388
1323;10,518;0,0803543518565095
1324;10,522;0,0778055587493443
1325;10,527;0,0663303756853671
1326;10,531;0,0614573527403905
1327;10,536;0,0626699943949008
1328;10,540;0,0605085729273708
1329;10,545;0,0587513653446777
1330;10,549;0,0523569262498293
1331;10,554;0,0467989853333238
1332;10,558;0,0422571932106439
1333;10,562;0,0386248823288469
1334;10,567;0,0403091068490001
1335;10,571;0,043621415071968
1336;10,576;0,0387596202904591
1337;10,580;0,0291033997082474
1338;10,585;0,0393322566273112
1339;10,589;0,0349420447114452
1340;10,594;0,0324157079312154
1341;10,598;0,033184837128752
1342;10,602;0,0308325368822714
1343;10,607;0,0292325235881258
1344;10,611;0,0253363508648381
1345;10,616;0,0205082405737322
1346;10,620;0,0247075737106475
1347;10,625;0,0244437118691569
1348;10,629;0,0355820500291034
1349;10,634;0,0567752085743646
1350;10,638;0,103506824926882
1351;10,642;0,182547481657672
1352;10,647;0,329490456959306
1353;10,651;0,549787024195345
1354;10,656;0,824674922211283
1355;10,660;1,204843694982
1356;10,665;1,69384705624501
1357;10,669;2,17895424478474
1358;10,673;2,66515056518084
1359;10,678;3,13074320561372
1360;10,682;3,43493661028033
1361;10,687;3,62061674954548
1362;10,691;3,72412357447237
1363;10,696;3,66250341336169
1364;10,700;3,45376624041564
1365;10,705;3,15784237814299
1366;10,709;2,84543557189977
1367;10,713;2,46366117175317
1368;10,718;2,1223811431528
1369;10,722;1,78566536300203
1370;10,727;1,44473340746915
1371;10,731;1,15003341501448
1372;10,736;0,954612843941103
1373;10,740;0,775456267650673
1374;10,745;0,62584098944373
1375;10,749;0,5144800641712
1376;10,753;0,434221151704166
1377;10,758;0,337344557304953
1378;10,762;0,278699859513219
1379;10,767;0,242157801507628
1380;10,771;0,204324504703253
1381;10,776;0,166738227495167
1382;10,780;0,147611051027961
1383;10,785;0,129095809469743
1384;10,789;0,118389755603303
1385;10,793;0,119293622762452
1386;10,798;0,121106971162483
1387;10,802;0,156290421388484
1388;10,807;0,228886112288821
1389;10,811;0,351413446129966
1390;10,816;0,60638819623596
1391;10,820;0,963775025330737
1392;10,825;1,51322520462205
1393;10,829;2,20864150899331
1394;10,833;3,09727205031654
1395;10,838;4,02085025043296
1396;10,842;5,01793362269059
1397;10,847;5,99036556205492
1398;10,851;6,83416766073341
1399;10,856;7,36516435336557
1400;10,860;7,56230844753124
1401;10,864;7,53246398903413
1402;10,869;7,21442064473013
1403;10,873;6,67917409222544
1404;10,878;5,9576186233014
1405;10,882;5,1954284307878
1406;10,887;4,3829416800207
1407;10,891;3,65110682744199
1408;10,896;2,93094926486968
1409;10,900;2,36932214229766
1410;10,904;1,93262518054887
1411;10,909;1,52286458295906
1412;10,913;1,2264915941477
1413;10,918;0,983570277524271
1414;10,922;0,81451904835476
1415;10,927;0,666391501807285
1416;10,931;0,548551926213899
1417;10,936;0,466204575341875
1418;10,940;0,411012537816455
1419;10,944;0,354669613535596
1420;10,949;0,30436182711862
1421;10,953;0,257927757097996
1422;10,958;0,219561122528906
1423;10,962;0,200074644830733
1424;10,967;0,181913090421748
1425;10,971;0,164352242758284
1426;10,976;0,154392861762444
1427;10,980;0,147526839801953
1428;10,984;0,127237548415841
1429;10,989;0,108974940535646
1430;10,993;0,109682314834111
1431;10,998;0,0985720470828333
1432;11,002;0,0894267079384014
1433;11,007;0,0808483910490877
1434;11,011;0,0815333090206167
1435;11,016;0,0761494046378603
1436;11,020;0,0685030253163647
1437;11,024;0,0625240282698209
1438;11,029;0,063309999712559
1439;11,033;0,0645731681026739
1440;11,038;0,0531035991204306
1441;11,042;0,0552650205879605
1442;11,047;0,0444747554955123
1443;11,051;0,0466137206361069
1444;11,055;0,0481912776033171
1445;11,060;0,0436326432354357
1446;11,064;0,0434305362930173
1447;11,069;0,0325841303832307
1448;11,073;0,0319721954742417
1449;11,078;0,0338978255089502
1450;11,082;0,0324830769120215
1451;11,087;0,0264984657837438
1452;11,091;0,0327244824265768
1453;11,095;0,0253195086196365
1454;11,100;0,0220577271322732
1455;11,104;0,0233658081762588
1456;11,109;0,021378423242478
1457;11,113;0,0168871578554028
1458;11,118;0,0219847440697332
1459;11,122;0,0189082272795867
1460;11,127;0,0209854375211089
1461;11,131;0,0210584205836489
1462;11,135;0,0203791166938538
1463;11,140;0,0165952256052429
1464;11,144;0,0151299502727096
1465;11,149;0,0204633279198615
1466;11,153;0,0244268696239553
1467;11,158;0,0286711154147414
1468;11,162;0,0408480586954491
1469;11,167;0,0715402435343743
1470;11,171;0,112680234479983
1471;11,175;0,219942880086807
1472;11,180;0,36720585804727
1473;11,184;0,620148310565612
1474;11,189;0,941032380226935
1475;11,193;1,36769697791735
1476;11,198;1,86311162052041
1477;11,202;2,35111006115307
1478;11,207;2,84316186879756
1479;11,211;3,2331216001121
1480;11,215;3,47585765203832
1481;11,220;3,57728726672368
1482;11,224;3,50628597503575
1483;11,229;3,33703825300555
1484;11,233;3,11326656917627
1485;11,238;2,74924389547209
1486;11,242;2,33577800393794
1487;11,246;1,95431237828671
1488;11,251;1,61744501792913
1489;11,255;1,32862296904979
1490;11,260;1,0799191482405
1491;11,264;0,85366042620312
1492;11,269;0,688606423228106
1493;11,273;0,564086090371446
1494;11,278;0,441665424083243
1495;11,282;0,359862639139402
1496;11,286;0,299685297034328
1497;11,291;0,248715048972758
1498;11,295;0,214923891016751
1499;11,300;0,180380446108408
1500;11,304;0,158827986332181
1501;11,309;0,13345795097694
1502;11,313;0,114510425125216
1503;11,318;0,110569339748058
1504;11,322;0,0892189869142492
1505;11,326;0,0809662867654985
1506;11,331;0,0752286952335099
1507;11,335;0,0660665138438764
1508;11,340;0,0551078262994129
1509;11,344;0,0544116801644162
1510;11,349;0,0573871434833536
1511;11,353;0,0572748618486767
1512;11,358;0,0432228152688651
1513;11,362;0,0404887574644831
1514;11,366;0,0426614070954807
1515;11,371;0,0286542731695399
1516;11,375;0,0347118673603576
1517;11,380;0,0336564199943949
1518;11,384;0,0294009460401411
1519;11,389;0,0317251758779526
1520;11,393;0,0274640878419649
1521;11,398;0,0270261894667251
1522;11,402;0,0263300433317285
1523;11,406;0,0255665282159257
1524;11,411;0,022748259185536
1525;11,415;0,031062714233359
1526;11,420;0,0213278965068734
1527;11,424;0,031422015464325
1528;11,429;0,0255047733168534
1529;11,433;0,0192394581018835
1530;11,438;0,0290865574630459
1531;11,442;0,0233265096041219
1532;11,446;0,0278626876450679
1533;11,451;0,0176057603173348
1534;11,455;0,0184254162504761
1535;11,460;0,0207552601700213
1536;11,464;0,0198177085204694
1537;11,469;0,018896999116119
1538;11,473;0,0279188284624063
1539;11,477;0,0156127613018202
1540;11,482;0,0209573671124397
1541;11,486;0,0182513797167269
1542;11,491;0,0179538333848332
1543;11,495;0,0204296434294584
1544;11,500;0,0169713690814105
1545;11,504;0,0174036533749165
1546;11,509;0,0162639947829461
1547;11,513;0,0189924385055943
1548;11,517;0,0103579807989422
1549;11,522;0,0124239628769968
1550;11,526;0,00627654337843761
1551;11,531;0,00885340689427202
1552;11,535;0,0110204424435358
1553;11,540;0,0124913318578029
1554;11,544;0,0186050668659591
1555;11,549;0,0189643680969251
1556;11,553;0,0316185083250095
1557;11,557;0,0600201478165264
1558;11,562;0,123532254471504
1559;11,566;0,216209515733801
1560;11,571;0,395871359380277
1561;11,575;0,64856679230233
1562;11,580;0,986792760439497
1563;11,584;1,35971936777355
1564;11,589;1,83277873691245
1565;11,593;2,31522485071034
1566;11,597;2,77252549242234
1567;11,602;3,1184483666166
1568;11,606;3,41120027270963
1569;11,611;3,49583255484733
1570;11,615;3,44426160004024
1571;11,620;3,24769575629316
1572;11,624;2,9395781084946
1573;11,629;2,58747413031137
1574;11,633;2,23390487679561
1575;11,637;1,88424863824833
1576;11,642;1,54505143397121
1577;11,646;1,2631683901149
1578;11,651;0,977035486386076
1579;11,655;0,807361094144109
1580;11,660;0,653136654833679
1581;11,664;0,523468209027084
1582;11,668;0,416239247910663
1583;11,673;0,333560666216342
1584;11,677;0,281394618745464
1585;11,682;0,236813195697008
1586;11,686;0,207002421690297
1587;11,691;0,179515877521396
1588;11,695;0,150317038423674
1589;11,700;0,126810878204069
1590;11,704;0,12059047564297
1591;11,708;0,10380998534051
1592;11,713;0,0958604456053866
1593;11,717;0,0944400829267241
1594;11,722;0,0848175468349154
1595;11,726;0,081595063919689
1596;11,731;0,0744876364446425
1597;11,735;0,0660216011900057
1598;11,740;0,066442657320044
1599;11,744;0,0625857831688931
1600;11,748;0,0557309893718696
1601;11,753;0,051756219504308
1602;11,757;0,0438965050769264
1603;11,762;0,0444073865147062
1604;11,766;0,0402248956229924
1605;11,771;0,0309279762717467
1606;11,775;0,0253868776004427
1607;11,780;0,0239159881861755
1608;11,784;0,021092105074052
1609;11,788;0,0304620074878377
1610;11,793;0,0254935451533857
1611;11,797;0,0246233624846399
1612;11,802;0,0157924119173032
1613;11,806;0,0245391512586322
1614;11,811;0,0252465255570966
1615;11,815;0,0256395112784656
1616;11,820;0,0206092940449414
1617;11,824;0,0198963056647432
1618;11,828;0,0194640213712372
1619;11,833;0,0166120678504445
1620;11,837;0,0189138413613205
1621;11,842;0,0190878778950697
1622;11,846;0,015764341508634
1623;11,851;0,0175440054182626
1624;11,855;0,0133671286082826
1625;11,859;0,0145516998541237
1626;11,864;0,0129909851321151
1627;11,868;0,0132604610553396
1628;11,873;0,00852217607197522
1629;11,877;0,0147088941426713
1630;11,882;0,013855553719127
1631;11,886;0,0155173219123449
1632;11,891;0,00750602727814946
1633;11,895;0,00841550851903219
1634;11,899;0,00843235076423372
1635;11,904;0,0112225493859542
1636;11,908;0,0130808104398566
1637;11,913;0,0181727825724531
1638;11,917;0,00997622324104082
1639;11,922;0,00831445504782299
1640;11,926;0,00412635007437535
1641;11,931;0,00493477784404889
1642;11,935;0,0120702757277646
1643;11,939;0,00990324017850085
1644;11,944;0,0154218825228695
1645;11,948;0,0128562471705028
1646;11,953;0,00769129197536631
1647;11,957;0,00298669148240502
1648;11,962;0,00638882501311449
1649;11,966;0,00893200403854584
1650;11,971;0,00979657262555782
1651;11,975;0,0109811438713989
1652;11,979;0,0148211757773482
1653;11,984;0,00804497912459848
1654;11,988;0,015332057215128
1655;11,993;0,00846603525463678
1656;11,997;0,0122162418528446
1657;12,002;0,00793831157165544
1658;12,006;0,00485618069977508
1659;12,011;0,00386248823288469
1660;12,015;0,00566460846944862
1661;12,019;0,00167299635668552
1662;12,024;0,00811796218713845
1663;12,028;0,00704567257597425
1664;12,033;0,00395231354062619
1665;12,037;0,00532776356541797
1666;12,042;0,00279019862172048
1667;12,046;0,00459231885828441
1668;12,050;0
1669;12,055;0,00326178148736338
1670;12,059;0,000404213884836769
1671;12,064;0,000948779813019639
1672;12,068;0,0103355244720068
1673;12,073;0,00431722885332605
1674;12,077;0,00791024116298622
1675;12,082;0,0163706623358892
1676;12,086;0,0316185083250095
1677;12,090;0,0762055454551987
1678;12,095;0,159327639606493
1679;12,099;0,320620207819832
1680;12,104;0,598337603029628
1681;12,108;1,03688721175059
1682;12,113;1,7541591363117
1683;12,117;2,63362188216357
1684;12,122;3,86178085858622
1685;12,126;5,29120466516718
1686;12,130;6,98899280678936
1687;12,135;8,72025771779044
1688;12,139;10,1272308115178
1689;12,144;11,4343125489548
1690;12,148;12,1616561361464
1691;12,153;12,410882066557
1692;12,157;12,1118030903499
1693;12,162;11,1801013139646
1694;12,166;9,77093872836108
1695;12,170;8,15103474263253
1696;12,175;6,69517983924863
1697;12,179;5,30960762509072
1698;12,184;4,18687548954793
1699;12,188;3,29009330154715
1700;12,193;2,58823203134544
1701;12,197;2,07666006151237
1702;12,202;1,65414427022327
1703;12,206;1,34623434344886
1704;12,210;1,09357259501721
1705;12,215;0,918194295733657
1706;12,219;0,786280217233524
1707;12,224;0,644962551829203
1708;12,228;0,578345857975409
1709;12,233;0,489115642897693
1710;12,237;0,44537071802758
1711;12,241;0,391481147464411
1712;12,246;0,352822580645161
1713;12,250;0,32269180397962
1714;12,255;0,274478070049368
1715;12,259;0,25992075611351
1716;12,264;0,226651707758751
1717;12,268;0,207451548229004
1718;12,273;0,188975605242924
1719;12,277;0,180127812430385
1720;12,281;0,17354810863832
1721;12,286;0,138796942705826
1722;12,290;0,136669205728699
1723;12,295;0,137202543493414
1724;12,299;0,128781420892648
1725;12,304;0,120994689527806
1726;12,308;0,107498437039645
1727;12,313;0,102776994301482
1728;12,317;0,093435162296366
1729;12,321;0,087534762394096
1730;12,326;0,0867712472782932
1731;12,330;0,0823361227085564
1732;12,335;0,0790799553029269
1733;12,339;0,0664875699739147
1734;12,344;0,0672510850897175
1735;12,348;0,0706307622934916
1736;12,353;0,0596889169942296
1737;12,357;0,0545576462894962
1738;12,361;0,0539906240343779
1739;12,366;0,0565225748963416
1740;12,370;0,0638601797224757
1741;12,375;0,0600875167973325
1742;12,379;0,0746279884879886
1743;12,384;0,0787711808075654
1744;12,388;0,0813199739147306
1745;12,393;0,0777494179320058
1746;12,397;0,0897579387606982
1747;12,401;0,0918969039012928
1748;12,406;0,0867375627878901
1749;12,410;0,0968934366444139
1750;12,415;0,08292560129061
1751;12,419;0,0823698071989595
1752;12,424;0,0778616995666827
1753;12,428;0,0771936238403553
1754;12,433;0,084834389080117
1755;12,437;0,0810448839097723
1756;12,441;0,123734361413922
1757;12,446;0,177404982789471
1758;12,450;0,276527209882221
1759;12,455;0,426546701974001
1760;12,459;0,661467952126704
1761;12,464;0,987814523315057
1762;12,468;1,38062059406866
1763;12,472;1,82428463124915
1764;12,477;2,26181247709455
1765;12,481;2,68715215149577
1766;12,486;2,9762549044618
1767;12,490;3,16141293412571
1768;12,495;3,20581470655868
1769;12,499;3,13940573372904
1770;12,504;2,85957182970559
1771;12,508;2,53079436112648
1772;12,512;2,18651641288023
1773;12,517;1,80449499313735
1774;12,521;1,52676636976408
1775;12,526;1,20790336952694
1776;12,530;0,984199054678461
1777;12,535;0,771122196552145
1778;12,539;0,630534361773223
1779;12,544;0,493494626650091
1780;12,548;0,399503670262074
1781;12,552;0,334206285615735
1782;12,557;0,262351653504265
1783;12,561;0,225444680185974
1784;12,566;0,197750414992922
1785;12,570;0,173278632715096
1786;12,575;0,148397022470699
1787;12,579;0,148520532268844
1788;12,584;0,153707943790915
1789;12,588;0,171482126560266
1790;12,592;0,238076364087123
1791;12,597;0,335890510135888
1792;12,601;0,517275876874654
1793;12,606;0,766507421366926
1794;12,610;1,17928278084781
1795;12,615;1,64858632930676
1796;12,619;2,2067158789586
1797;12,624;2,79188284624063
1798;12,628;3,33944669406937
1799;12,632;3,79879647561423
1800;12,637;4,06208006668631
1801;12,641;4,12734376684225
1802;12,646;3,99275177135507
1803;12,650;3,67692037525421
1804;12,655;3,26965242995422
1805;12,659;2,77783641374255
1806;12,663;2,30360370152128
1807;12,668;1,86526181382447
1808;12,672;1,48509865513549
1809;12,677;1,19302043885052
1810;12,681;0,924908737487335
1811;12,686;0,754605568091176
1812;12,690;0,636810905151661
1813;12,695;0,521250646742216
1814;12,699;0,433367811280621
1815;12,703;0,36589216292155
1816;12,708;0,306051665720507
1817;12,712;0,272384017562644
1818;12,717;0,234359841979319
1819;12,721;0,215457228781466
1820;12,726;0,187695594607607
1821;12,730;0,164559963782436
1822;12,735;0,152641268261485
1823;12,739;0,142496622568429
1824;12,743;0,135703583670478
1825;12,748;0,115127974115939
1826;12,752;0,11279251611466
1827;12,757;0,0989145060685978
1828;12,761;0,0958043047880482
1829;12,766;0,0884386295532448
1830;12,770;0,082313666381621
1831;12,775;0,0768230944459216
1832;12,779;0,0680089861237865
1833;12,783;0,0780020516100288
1834;12,788;0,0621647270388548
1835;12,792;0,0591050524939098
1836;12,797;0,0631864899144144
1837;12,801;0,0485056661804123
1838;12,806;0,0524130670671678
1839;12,810;0,0614517386586566
1840;12,815;0,0471807428912251
1841;12,819;0,0361995990198262
1842;12,823;0,0455863436788134
1843;12,828;0,0393996256081173
1844;12,832;0,0391413778483605
1845;12,837;0,0478993453531572
1846;12,841;0,045962487154981
1847;12,846;0,0438515924230556
1848;12,850;0,0454796761258704
1849;12,854;0,0565674875502123
1850;12,859;0,0506670876479423
1851;12,863;0,043155446288059
1852;12,868;0,0432789560862036
1853;12,872;0,0332072934556874
1854;12,877;0,0439414177307971
1855;12,881;0,0333869440711704
1856;12,886;0,0285644478617984
1857;12,890;0,0285981323522014
1858;12,894;0,017925762976164
1859;12,899;0,029838844415381
1860;12,903;0,0291763827707874
1861;12,908;0,023287211031985
1862;12,912;0,0236408981812172
1863;12,917;0,0153152149699265
1864;12,921;0,0232086138877112
1865;12,926;0,0248984524895982
1866;12,930;0,0198570070926063
1867;12,934;0,023899145940974
1868;12,939;0,0124857177760691
1869;12,943;0,0180885713464454
1870;12,948;0,0192450721836173
1871;12,952;0,021956673661064
1872;12,957;0,0164043468262922
1873;12,961;0,0142653816856977
1874;12,966;0,0217545667186456
1875;12,970;0,0210864909923181
1876;12,974;0,0221531665217485
1877;12,979;0,0377996123139718
1878;12,983;0,0482249620937201
1879;12,988;0,0975222137986045
1880;12,992;0,152270738867051
1881;12,997;0,275162988020897
1882;13,001;0,480419430291968
1883;13,006;0,787885844609404
1884;13,010;1,1769922355004
1885;13,014;1,73639056762408
1886;13,019;2,37643518385444
1887;13,023;3,10238086469434
1888;13,028;3,76288319476282
1889;13,032;4,27985591122385
1890;13,037;4,5786990959981
1891;13,041;4,66559385307454
1892;13,045;4,48973835684361
1893;13,050;4,03356053147838
1894;13,054;3,46793618271186
1895;13,059;2,87188912502964
1896;13,063;2,2898716576003
1897;13,068;1,86276354745291
1898;13,072;1,44715307669644
1899;13,077;1,14134281649049
1900;13,081;0,941779053097536
1901;13,085;0,744432851989451
1902;13,090;0,599668140400549
1903;13,094;0,491787945803002
1904;13,099;0,424811950718243
1905;13,103;0,360985455486171
1906;13,108;0,309633449866699
1907;13,112;0,265663961727233
1908;13,117;0,234915636070969
1909;13,121;0,206474698007315
1910;13,125;0,184040827398875
1911;13,130;0,160843441674631
1912;13,134;0,156559897311708
1913;13,139;0,152124772741971
1914;13,143;0,140666431923196
1915;13,148;0,125121039602182
1916;13,152;0,110737762200073
1917;13,157;0,103911038811719
1918;13,161;0,093760779036929
1919;13,165;0,0991334552562177
1920;13,170;0,0764918636236248
1921;13,174;0,0815894498379551
1922;13,179;0,0799669802168742
1923;13,183;0,075582382382742
1924;13,188;0,0798154000100604
1925;13,192;0,0772553787394276
1926;13,197;0,0807192671692093
1927;13,201;0,0688117998117262
1928;13,205;0,070293917389461
1929;13,210;0,0655107197522259
1930;13,214;0,0578306559403272
1931;13,219;0,0631528054240114
1932;13,223;0,0571513520505321
1933;13,228;0,0477533792280772
1934;13,232;0,0471751288094913
1935;13,236;0,0465912643091715
1936;13,241;0,0393659411177143
1937;13,245;0,0477702214732788
1938;13,250;0,0404719152192815
1939;13,254;0,0341953718408439
1940;13,259;0,0332072934556874
1941;13,263;0,0413645542149627
1942;13,268;0,0306753425937237
1943;13,272;0,0318767560847663
1944;13,276;0,0345209885814069
1945;13,281;0,034695025115156
1946;13,285;0,0363455651449062
1947;13,290;0,0305799032042484
1948;13,294;0,0271216288562005
1949;13,299;0,0306248158581191
1950;13,303;0,0275932117218434
1951;13,308;0,0229896647000913
1952;13,312;0,0259426716920932
1953;13,316;0,0285700619435322
1954;13,321;0,0188296301353128
1955;13,325;0,0226247493873914
1956;13,330;0,0275932117218434
1957;13,334;0,0237868643062971
1958;13,339;0,028794625212886
1959;13,343;0,0573534589929505
1960;13,348;0,0879558185241343
1961;13,352;0,160366244727254
1962;13,356;0,28095110628849
1963;13,361;0,465587026351152
1964;13,365;0,746661642437787
1965;13,370;1,10437408827313
1966;13,374;1,56614353904526
1967;13,379;2,09511354817152
1968;13,383;2,6160273500097
1969;13,388;3,17507760906589
1970;13,392;3,49783678202632
1971;13,396;3,70834800480026
1972;13,401;3,6940545527059
1973;13,405;3,49532728749129
1974;13,410;3,14316716849072
1975;13,414;2,69237324750825
1976;13,419;2,26760620944387
1977;13,423;1,84755500003593
1978;13,428;1,51796348960542
1979;13,432;1,18963514756502
1980;13,436;0,946685760532916
1981;13,441;0,759703154305507
1982;13,445;0,607011359308417
1983;13,450;0,493326204198076
1984;13,454;0,412489041312456
1985;13,459;0,340224581234415
1986;13,463;0,293638931006978
1987;13,467;0,24778311140494
1988;13,472;0,223367469944452
1989;13,476;0,199451481758276
1990;13,481;0,170134746944143
1991;13,485;0,158541668163755
1992;13,490;0,131240388692072
1993;13,494;0,124660684900006
1994;13,499;0,114201650629855
1995;13,503;0,107178434380816
1996;13,507;0,0940695535322904
1997;13,512;0,0829873561896823
1998;13,516;0,0802083857314295
1999;13,521;0,0779346826292227
2000;13,525;0,0736623664297674
2001;13,530;0,0699514584036965
2002;13,534;0,0597057592394312
2003;13,539;0,0645731681026739
2004;13,543;0,0612777021249075
2005;13,547;0,0544060660826824
2006;13,552;0,0524692078845062
2007;13,556;0,0480453114782371
2008;13,561;0,046215120833004
2009;13,565;0,0454010789815966
2010;13,570;0,0455133606162735
2011;13,574;0,0470235486026775
2012;13,579;0,0342402844947147
2013;13,583;0,0425042128069331
2014;13,587;0,0295805966556241
2015;13,592;0,0345490589900761
2016;13,596;0,0314332436277927
2017;13,601;0,0324213220129492
2018;13,605;0,0330950118210105
2019;13,610;0,0312985056661804
2020;13,614;0,0313546464835188
2021;13,619;0,0390290962136836
2022;13,623;0,0239945853304493
2023;13,627;0,0293784897132058
2024;13,632;0,0255103873985872
2025;13,636;0,0258528463843517
2026;13,641;0,0269981190580559
2027;13,645;0,0343301098024562
2028;13,650;0,0314444717912604
2029;13,654;0,0291202419534489
2030;13,658;0,0267510994617668
2031;13,663;0,027570755394908
2032;13,667;0,0238823036957725
2033;13,672;0,0216142146752995
2034;13,676;0,021990358151467
2035;13,681;0,02022753648704
2036;13,685;0,0261054800623747
2037;13,690;0,023753179815894
2038;13,694;0,0129797569686474
2039;13,698;0,0171790901055627
2040;13,703;0,0214907048771549
2041;13,707;0,0206935052709491
2042;13,712;0,0194022664721649
2043;13,716;0,022136324276547
2044;13,721;0,0233152814406542
2045;13,725;0,0195819170876479
2046;13,730;0,0233882645031942
2047;13,734;0,0207103475161506
2048;13,738;0,0216198287570333
2049;13,743;0,0247917849366552
2050;13,747;0,0203791166938538
2051;13,752;0,0223103608102961
2052;13,756;0,0220184285601362
2053;13,761;0,018930683606522
2054;13,765;0,0175608476634641
2055;13,770;0,0260661814902378
2056;13,774;0,0255721422976595
2057;13,778;0,0246626610567768
2058;13,783;0,0188352442170467
2059;13,787;0,0158148682442386
2060;13,792;0,0168703156102013
2061;13,796;0,0246795033019783
2062;13,801;0,0231973857242435
2063;13,805;0,0188015597266436
2064;13,810;0,0282051466308324
2065;13,814;0,0191608609576096
2066;13,818;0,0201545534245
2067;13,823;0,0174710223557226
2068;13,827;0,0211426318096566
2069;13,832;0,0171454056151596
2070;13,836;0,023753179815894
2071;13,841;0,0132997596274765
2072;13,845;0,0122836108336507
2073;13,849;0,0179875178752362
2074;13,854;0,0218724624350563
2075;13,858;0,0318767560847663
2076;13,863;0,04261649444161
2077;13,867;0,0738644733721858
2078;13,872;0,125845256145848
2079;13,876;0,23569037935024
2080;13,881;0,43053270000503
2081;13,885;0,704999541890931
2082;13,889;1,17513958852823
2083;13,894;1,83669736596268
2084;13,898;2,70378106159142
2085;13,903;3,87899363318219
2086;13,907;5,263555312628
2087;13,912;6,82267563542423
2088;13,916;8,49091686488118
2089;13,921;10,2331853760806
2090;13,925;11,7626745754856
2091;13,929;12,6223589113891
2092;13,934;12,9954483270935
2093;13,938;12,4164456215552
2094;13,943;11,2754228077235
2095;13,947;9,78687710640347
2096;13,952;8,14100799265588
2097;13,956;6,5637148872872
2098;13,961;5,18471676283963
2099;13,965;4,1386000007186
2100;13,969;3,27288614103292
2101;13,974;2,59043275138511
2102;13,978;2,11226456786841
2103;13,983;1,68507224649502
2104;13,987;1,41688756206929
2105;13,992;1,20735318951703
2106;13,996;0,972241060585374
2107;14,001;0,878777827880338
2108;14,005;0,767675150367565
2109;14,009;0,666818172019057
2110;14,014;0,594458272551542
2111;14,018;0,530890025079226
2112;14,023;0,487880544916247
2113;14,027;0,450109003010944
2114;14,032;0,40554442220769
2115;14,036;0,363725127372286
2116;14,040;0,341588803095739
2117;14,045;0,329782389209465
2118;14,049;0,307241851048082
2119;14,054;0,291078909736345
2120;14,058;0,278991791763379
2121;14,063;0,261874456556888
2122;14,067;0,237223023663579
2123;14,072;0,227426451038021
2124;14,076;0,215401087964127
2125;14,080;0,200675351576254
2126;14,085;0,189508943007639
2127;14,089;0,178106743006202
2128;14,094;0,16016975186657
2129;14,098;0,168905263044431
2130;14,103;0,145528226704705
2131;14,107;0,145893142017405
2132;14,112;0,141474859692869
2133;14,116;0,12590701104492
2134;14,120;0,134749189775724
2135;14,125;0,127243162497575
2136;14,129;0,107706158063798
2137;14,134;0,10934546993008
2138;14,138;0,1088345884923
2139;14,143;0,0997903028190775
2140;14,147;0,0954337753936145
2141;14,152;0,101115226108265
2142;14,156;0,0892807418133214
2143;14,160;0,0885172266975187
2144;14,165;0,0855922901141859
2145;14,169;0,0779627530378919
2146;14,174;0,0823810353624271
2147;14,178;0,0831445504782299
2148;14,183;0,0775585391530551
2149;14,187;0,0734378031604136
2150;14,192;0,0747739546130685
2151;14,196;0,0752118529883083
2152;14,200;0,0698223345238181
2153;14,205;0,0786645132546224
2154;14,209;0,0892021446690476
2155;14,214;0,0907797016362578
2156;14,218;0,127731587608419
2157;14,223;0,193478098793466
2158;14,227;0,286946945580236
2159;14,232;0,424093348256311
2160;14,236;0,691856976552002
2161;14,240;1,02743309811079
2162;14,245;1,48508742697202
2163;14,249;1,94861969940859
2164;14,254;2,42697876170424
2165;14,258;2,90673573035161
2166;14,263;3,24136868617912
2167;14,267;3,44846654725889
2168;14,271;3,45231219324657
2169;14,276;3,23323949582851
2170;14,280;2,98598972218829
2171;14,285;2,62203441746491
2172;14,289;2,23457856660367
2173;14,294;1,91947138704647
2174;14,298;1,72981086383202
2175;14,303;1,5958083469269
2176;14,307;1,63791957401246
2177;14,311;1,74399203429171
2178;14,316;1,98036171753174
2179;14,320;2,33284183919114
2180;14,325;2,71578958242011
2181;14,329;3,02247002529481
2182;14,334;3,25635828440848
2183;14,338;3,35947773769573
2184;14,343;3,292838587515
2185;14,347;3,1891464978909
2186;14,351;2,90091954167535
2187;14,356;2,62743516409287
2188;14,360;2,29140430191364
2189;14,365;2,08964543256275
2190;14,369;1,98000241630078
2191;14,374;2,02920984269792
2192;14,378;2,21928019387894
2193;14,383;2,56893643242622
2194;14,387;2,98016791943029
2195;14,391;3,5302974026114
2196;14,396;3,99313352891297
2197;14,400;4,37167421798087
2198;14,405;4,5328825749682
2199;14,409;4,48110951321869
2200;14,414;4,18277159580049
2201;14,418;3,75650559791318
2202;14,423;3,27604686904907
2203;14,427;2,77874589498344
2204;14,431;2,24693516049986
2205;14,436;1,80536517580609
2206;14,440;1,48103967404192
2207;14,445;1,22278630020336
2208;14,449;1,00740205448444
2209;14,454;0,84222454171128
2210;14,458;0,717917543960506
2211;14,462;0,60199237023836
2212;14,467;0,531844418973979
2213;14,471;0,474788506312923
2214;14,476;0,41778312038747
2215;14,480;0,384424246724969
2216;14,485;0,336395777491934
2217;14,489;0,310907846420282
2218;14,494;0,285627636372782
2219;14,498;0,266023262958199
2220;14,502;0,24137183006489
2221;14,507;0,223406768516589
2222;14,511;0,206255748819695
2223;14,516;0,19982201115271
2224;14,520;0,18692646541007
2225;14,525;0,164621718681508
2226;14,529;0,159305183279558
2227;14,534;0,154449002579783
2228;14,538;0,151439854770442
2229;14,542;0,141761177861295
2230;14,547;0,143821545857616
2231;14,551;0,139116945364655
2232;14,556;0,120231174412004
2233;14,560;0,124975073477102
2234;14,565;0,110210038517092
2235;14,569;0,107565806020451
2236;14,574;0,103714545951034
2237;14,578;0,106005091298443
2238;14,582;0,100817679776371
2239;14,587;0,0948274545663593
2240;14,591;0,095270967023333
2241;14,596;0,0809943571741677
2242;14,600;0,0746672870601255
2243;14,605;0,0866533515618824
2244;14,609;0,0756160668731451
2245;14,614;0,0673521385609267
2246;14,618;0,0825831423048455
2247;14,622;0,0717423504767927
2248;14,627;0,077564153234789
2249;14,631;0,0674307357052005
2250;14,636;0,0750378164545592
2251;14,640;0,0702658469807918
2252;14,645;0,0611036655911583
2253;14,649;0,0627485915391746
2254;14,653;0,0590882102487083
2255;14,658;0,0564159073433986
2256;14,662;0,0665998516085916
2257;14,667;0,0649717679057768
2258;14,671;0,0565001185694062
2259;14,676;0,0633605264481636
2260;14,680;0,0574994251180305
2261;14,685;0,0599247084270511
2262;14,689;0,0536762354572827
2263;14,693;0,0507625270374176
2264;14,698;0,0618784088704288
2265;14,702;0,0536930777024842
2266;14,707;0,0514306027637451
2267;14,711;0,052368154413297
2268;14,716;0,0528621936058753
2269;14,720;0,0549843165012683
2270;14,725;0,0532102666733736
2271;14,729;0,0771880097586214
2272;14,733;0,0952821951868007
2273;14,738;0,128730894157043
2274;14,742;0,194533546159429
2275;14,747;0,323702338691712
2276;14,751;0,508108081403287
2277;14,756;0,802824916103163
2278;14,760;1,17737960714003
2279;14,765;1,68954666963689
2280;14,769;2,27178870033559
2281;14,773;2,99168801514814
2282;14,778;3,64246114157187
2283;14,782;4,17131886906345
2284;14,787;4,55512556679769
2285;14,791;4,5948058964925
2286;14,796;4,42851118145431
2287;14,800;4,02424676988193
2288;14,805;3,47078813623265
2289;14,809;2,89326193419039
2290;14,813;2,37834958572568
2291;14,818;1,90402704819667
2292;14,822;1,53006744982358
2293;14,827;1,25168197888746
2294;14,831;1,04465710087023
2295;14,836;0,880321700357145
2296;14,840;0,733378725055512
2297;14,844;0,635295103083523
2298;14,849;0,536021295783959
2299;14,853;0,468691613549968
2300;14,858;0,417564171199851
2301;14,862;0,377939982322379
2302;14,867;0,34075791899913
2303;14,871;0,296552639426843
2304;14,876;0,285829743315201
2305;14,880;0,250191552468759
2306;14,884;0,219802528043461
2307;14,889;0,218045320460768
2308;14,893;0,206474698007315
2309;14,898;0,188958762997722
2310;14,902;0,187459803174786
2311;14,907;0,172015464324981
2312;14,911;0,164750842561387
2313;14,916;0,149733173923354
2314;14,920;0,152860217449105
2315;14,924;0,150507917202624
2316;14,929;0,139240455162799
2317;14,933;0,137747109421597
2318;14,938;0,126024906761331
2319;14,942;0,137623599623452
2320;14,947;0,116160965154967
2321;14,951;0,117850803756854
2322;14,956;0,111254257719587
2323;14,960;0,109356698093548
2324;14,964;0,102344710007976
2325;14,969;0,107852124188877
2326;14,973;0,109474593809958
2327;14,978;0,102311025517573
2328;14,982;0,0876526581105067
2329;14,987;0,083537536199599
2330;14,991;0,0978759009478366
2331;14,996;0,0820498045401303
2332;15,000;0,0718490180297358
2333;15,004;0,0771767815951537
2334;15,009;0,0853172001092276
2335;15,013;0,0667570458971392
2336;15,018;0,0752343093152437
2337;15,022;0,0709900635244576
2338;15,027;0,0734939439777521
2339;15,031;0,0725676204916678
2340;15,035;0,0819262947419858
2341;15,040;0,0770757281239445
2342;15,044;0,0715739280247774
2343;15,049;0,0788048652979685
2344;15,053;0,0733704341796075
2345;15,058;0,0804497912459848
2346;15,062;0,0681605663306002
2347;15,067;0,0702040920817195
2348;15,071;0,067088276719436
2349;15,075;0,0799164534812696
2350;15,080;0,0870744076919207
2351;15,084;0,0976794080871521
2352;15,089;0,118232561314755
2353;15,093;0,148818078600737
2354;15,098;0,218303568220525
2355;15,102;0,361883708563586
2356;15,107;0,566320494901515
2357;15,111;0,879704151366423
2358;15,115;1,32864542537673
2359;15,120;1,83612472962582
2360;15,124;2,44457890793984
2361;15,129;2,95473051509424
2362;15,133;3,43285378595707
2363;15,138;3,70323357634073
2364;15,142;3,83090902313181
2365;15,147;3,7043395504423
2366;15,151;3,40408723115285
2367;15,155;2,9871855215976
2368;15,160;2,51545107574789
2369;15,164;2,04491804338922
2370;15,169;1,68503856200461
2371;15,173;1,35817549529675
2372;15,178;1,09410593278193
2373;15,182;0,915263745068591
2374;15,187;0,804671948993597
2375;15,191;0,744983031999368
2376;15,195;0,757783138352532
2377;15,200;0,856590976868187
2378;15,204;1,03306402208984
2379;15,209;1,29715042684986
2380;15,213;1,64138907652398
2381;15,218;2,00797177149879
2382;15,222;2,39456305377302
2383;15,227;2,70355088424033
2384;15,231;2,92073725019582
2385;15,235;3,04105824991556
2386;15,240;2,97994897024267
2387;15,244;2,83992254363713
2388;15,249;2,56678623912215
2389;15,253;2,22221635862574
2390;15,258;1,87346960131935
2391;15,262;1,56032173628727
2392;15,266;1,28889772670111
2393;15,271;1,02647309013431
2394;15,275;0,874067613305643
2395;15,280;0,69135732327769
2396;15,284;0,587014000172465
2397;15,289;0,501163462298522
2398;15,293;0,425597922160981
2399;15,298;0,376059264941542
2400;15,302;0,323359879705948
2401;15,306;0,295064907767374
2402;15,311;0,262778323716037
2403;15,315;0,230177351087605
2404;15,320;0,21293650608297
2405;15,324;0,204964510020911
2406;15,329;0,193955295740843
2407;15,333;0,166592261370087
2408;15,338;0,164380313166953
2409;15,342;0,155740241378567
2410;15,346;0,144523306074347
2411;15,351;0,147167538570987
2412;15,355;0,138123252897764
2413;15,360;0,126395436155764
2414;15,364;0,121118199325951
2415;15,369;0,118260631723424
2416;15,373;0,104006478201194
2417;15,378;0,118524493564915
2418;15,382;0,106594569880496
2419;15,386;0,108334935217988
2420;15,391;0,107021240092269
2421;15,395;0,106920186621059
2422;15,400;0,0981397627893273
2423;15,404;0,0972976505292507
2424;15,409;0,0984485372846887
2425;15,413;0,0889831954814277
2426;15,418;0,0818364694342443
2427;15,422;0,0839642064113712
2428;15,426;0,091565673078996
2429;15,431;0,0778336291580135
2430;15,435;0,082386649444161
2431;15,440;0,082672967612587
2432;15,444;0,0753409768681867
2433;15,449;0,0710069057696592
2434;15,453;0,0781367895716411
2435;15,457;0,0738588592904519
2436;15,462;0,0694574192111182
2437;15,466;0,0683795155182202
2438;15,471;0,0736286819393643
2439;15,475;0,0676272285658851
2440;15,480;0,0698728612594227
2441;15,484;0,0666391501807285
2442;15,489;0,0652693142376706
2443;15,493;0,0532944778993813
2444;15,497;0,0720118264000172
2445;15,502;0,069103732061886
2446;15,506;0,0621647270388548
2447;15,511;0,0652805424011383
2448;15,515;0,0668693275318161
2449;15,520;0,0588243484072176
2450;15,524;0,057589250425772
2451;15,529;0,0595148804604805
2452;15,533;0,0656903703677089
2453;15,537;0,0548495785396561
2454;15,542;0,0657184407763781
2455;15,546;0,0567920508195661
2456;15,551;0,0589983849409668
2457;15,555;0,0602110265954771
2458;15,560;0,0599415506722526
2459;15,564;0,0586166273830654
2460;15,569;0,0580608332914149
2461;15,573;0,0629001717459884
2462;15,577;0,0709563790340546
2463;15,582;0,0772273083307583
2464;15,586;0,103024013897772
2465;15,591;0,15507216565224
2466;15,595;0,223962562608239
2467;15,600;0,35137414755783
2468;15,604;0,541169408733894
2469;15,609;0,822704379522704
2470;15,613;1,21360727656853
2471;15,617;1,75313175935441
2472;15,622;2,39786413383252
2473;15,626;3,19322793531141
2474;15,631;4,16717006266213
2475;15,635;5,23170101287017
2476;15,640;6,33477824826278
2477;15,644;7,381607998764
2478;15,648;8,1862967900028
2479;15,653;8,66343759656221
2480;15,657;8,79664852794286
2481;15,662;8,35913191026092
2482;15,666;7,4717140105922
2483;15,671;6,32490869257468
2484;15,675;5,14925822260867
2485;15,680;4,09214908845278
2486;15,684;3,21345547179845
2487;15,688;2,60132406994876
2488;15,693;2,12485695319742
2489;15,697;1,70395240336593
2490;15,702;1,42942380658096
2491;15,706;1,24056609705445
2492;15,711;1,09041186700106
2493;15,715;0,936788134436149
2494;15,720;0,841797871499508
2495;15,724;0,74878376533318
2496;15,728;0,664100956459877
2497;15,733;0,59784356383705
2498;15,737;0,551572302186707
2499;15,742;0,494566916261255
2500;15,746;0,469488813156174
2501;15,751;0,445466157417055
2502;15,755;0,408368305319814
2503;15,760;0,388533754554143
2504;15,764;0,35812227380191
2505;15,768;0,336569814025683
2506;15,773;0,319452478819192
2507;15,777;0,309543624558958
2508;15,782;0,291780669953075
2509;15,786;0,271631730610309
2510;15,791;0,251039278810569
2511;15,795;0,253150173542495
2512;15,800;0,23590932853786
2513;15,804;0,222239039515949
2514;15,808;0,223636945867677
2515;15,813;0,202252908543465
2516;15,817;0,199681659109364
2517;15,822;0,192826865312341
2518;15,826;0,194825478409589
2519;15,831;0,196234612924784
2520;15,835;0,176815504207417
2521;15,839;0,162780299872807
2522;15,844;0,163442761517401
2523;15,848;0,157261657528439
2524;15,853;0,155094621979175
2525;15,857;0,151557750486853
2526;15,862;0,152130386823705
2527;15,866;0,148537374514045
2528;15,871;0,152192141722778
2529;15,875;0,135159017742295
2530;15,879;0,135647442853139
2531;15,884;0,13756184472438
2532;15,888;0,136354817151604
2533;15,893;0,126518945953909
2534;15,897;0,113342696124577
2535;15,902;0,123470499572432
2536;15,906;0,117193956193994
2537;15,911;0,110748990363541
2538;15,915;0,113954631033566
2539;15,919;0,111467592825473
2540;15,924;0,108879501146171
2541;15,928;0,10927248686754
2542;15,933;0,0904989975495656
2543;15,937;0,103416999619141
2544;15,942;0,109985475247738
2545;15,946;0,107127907645212
2546;15,951;0,104736308826594
2547;15,955;0,104433148412966
2548;15,959;0,0995376691410545
2549;15,964;0,0861761546145057
2550;15,968;0,094299730883378
2551;15,973;0,0896288148808198
2552;15,977;0,0925818218728217
2553;15,982;0,0960793947930066
2554;15,986;0,0872709005526053
2555;15,991;0,0953944768214776
2556;15,995;0,0865410699272056
2557;15,999;0,0918463771656882
2558;16,004;0,0898646063136412
2559;16,008;0,0868049317686962
2560;16,013;0,0988078385156548
2561;16,017;0,0763009848446741
2562;16,022;0,0975615123707414
2563;16,026;0,0839642064113712
2564;16,030;0,0896961838616259
2565;16,035;0,0923067318678634
2566;16,039;0,0920091855359696
2567;16,044;0,107678087655128
2568;16,048;0,117328694155606
2569;16,053;0,144865765060111
2570;16,057;0,197896381118002
2571;16,062;0,284841664930044
2572;16,066;0,421898242298378
2573;16,070;0,628984875214682
2574;16,075;0,989229271911986
2575;16,079;1,37317632168958
2576;16,084;1,91114008975345
2577;16,088;2,48325993108602
2578;16,093;3,09289306656415
2579;16,097;3,64842891045495
2580;16,102;3,97569619104765
2581;16,106;4,24929846434654
2582;16,110;4,16951113474515
2583;16,115;3,85811486321402
2584;16,119;3,4738309685324
2585;16,124;2,95405682528618
2586;16,128;2,51353105979491
2587;16,133;2,06406767618336
2588;16,137;1,72723961439792
2589;16,142;1,40960048397876
2590;16,146;1,18352141255686
2591;16,150;0,986590653497079
2592;16,155;0,835296764851716
2593;16,159;0,709518877686675
2594;16,164;0,627351177430134
2595;16,168;0,556473395540353
2596;16,173;0,485662982631378
2597;16,177;0,449025485236312
2598;16,182;0,389072706400592
2599;16,186;0,368087268879483
2600;16,190;0,324566907278724
2601;16,195;0,304367441200354
2602;16,199;0,29139329831344
2603;16,204;0,281652866505221
2604;16,208;0,248243466107115
2605;16,213;0,235420903427015
2606;16,217;0,223552734641669
2607;16,222;0,215092313468766
2608;16,226;0,222104301554337
2609;16,230;0,193955295740843
2610;16,235;0,191956682643595
2611;16,239;0,177848495246445
2612;16,244;0,176051989091615
2613;16,248;0,164773298888322
2614;16,253;0,155004796671433
2615;16,257;0,161101689434388
2616;16,261;0,149458083918395
2617;16,266;0,154201982983494
2618;16,270;0,144994888939989
2619;16,275;0,137073419613536
2620;16,279;0,13734289553676
2621;16,284;0,133716198736697
2622;16,288;0,130005290710626
2623;16,293;0,127709131281484
2624;16,297;0,121673993417601
2625;16,301;0,116278860871377
2626;16,306;0,112332161412485
2627;16,310;0,115386221875696
2628;16,315;0,118193262742618
2629;16,319;0,119344149498056
2630;16,324;0,118204490906086
2631;16,328;0,106280181303401
2632;16,333;0,102675940830273
2633;16,337;0,111843736301641
2634;16,341;0,107431068058839
2635;16,346;0,0953271078406715
2636;16,350;0,0981004642171904
2637;16,355;0,104068233100267
2638;16,359;0,0962141327546188
2639;16,364;0,0988808215781947
2640;16,368;0,0915207604251252
2641;16,373;0,0934576186233014
2642;16,377;0,0938225339360013
2643;16,381;0,0920709404350419
2644;16,386;0,0898814485588428
2645;16,390;0,0912063718480299
2646;16,395;0,0897130261068274
2647;16,399;0,0790125863221207
2648;16,404;0,0871193203457915
2649;16,408;0,0883095056733664
2650;16,413;0,0896793416164244
2651;16,417;0,0909088255161362
2652;16,421;0,088000731178005
2653;16,426;0,0947881559942224
2654;16,430;0,0908190002083947
2655;16,435;0,0996948634296021
2656;16,439;0,105011398831552
2657;16,444;0,105039469240222
2658;16,448;0,105730001293484
2659;16,452;0,103534895335551
2660;16,457;0,0852610592918891
2661;16,461;0,0933958637242291
2662;16,466;0,0943614857824503
2663;16,470;0,0889495109910246
2664;16,475;0,0928793682047155
2665;16,479;0,0857045717488628
2666;16,484;0,0914590055260529
2667;16,488;0,0806462841066694
2668;16,492;0,0874898497402252
2669;16,497;0,0843908766231433
2670;16,501;0,0774013448645075
2671;16,506;0,0904147863235579
2672;16,510;0,080477861654654
2673;16,515;0,0840652598825804
2674;16,519;0,080623827779734
2675;16,524;0,0838519247766943
2676;16,528;0,0811515514627153
2677;16,532;0,078030122018698
2678;16,537;0,0775866095617243
2679;16,541;0,0817185737178336
2680;16,546;0,0856652731767259
2681;16,550;0,0735276284681551
2682;16,555;0,0811290951357799
2683;16,559;0,0776259081338613
2684;16,564;0,0759136132050388
2685;16,568;0,0774743279270475
2686;16,572;0,069429348802449
2687;16,577;0,0703612863702671
2688;16,581;0,0690139067541445
2689;16,586;0,0754925570750005
2690;16,590;0,0665773952816562
2691;16,595;0,071770420885462
2692;16,599;0,0772946773115645
2693;16,604;0,0771880097586214
2694;16,608;0,0692609263504337
2695;16,612;0,0822126129104118
2696;16,617;0,0762336158638679
2697;16,621;0,0726911302898124
2698;16,626;0,07896767366825
2699;16,630;0,0688398702203954
2700;16,635;0,0741283352136764
2701;16,639;0,0766546719939062
2702;16,643;0,0713549788371575
2703;16,648;0,0773059054750322
2704;16,652;0,0752904501325821
2705;16,657;0,0818308553525104
2706;16,661;0,0762729144360049
2707;16,666;0,0770925703691461
2708;16,670;0,0699626865671642
2709;16,675;0,0770869562874122
2710;16,679;0,0770869562874122
2711;16,683;0,0793775016348206
2712;16,688;0,0845761413203602
2713;16,692;0,0863165066578518
2714;16,697;0,0827010380212563
2715;16,701;0,0949621925279716
2716;16,706;0,0938337620994689
2717;16,710;0,0989201201503316
2718;16,715;0,101418386521892
2719;16,719;0,104332094941757
2720;16,723;0,0996387226122637
2721;16,728;0,092104624925445
2722;16,732;0,0927951569787078
2723;16,737;0,0939965704697504
2724;16,741;0,0776371362973289
2725;16,746;0,0862042250231749
2726;16,750;0,0810617261549738
2727;16,755;0,0767051987295108
2728;16,759;0,0773676603741044
2729;16,763;0,070939536788853
2730;16,768;0,0673128399887898
2731;16,772;0,0720848094625572
2732;16,777;0,0763009848446741
2733;16,781;0,072668673962877
2734;16,786;0,0770532717970092
2735;16,790;0,0730841160111814
2736;16,795;0,0775585391530551
2737;16,799;0,0714728745535682
2738;16,803;0,0700693541201072
2739;16,808;0,0666784487528654
2740;16,812;0,0759922103493127
2741;16,817;0,0722813023232418
2742;16,821;0,0805452306354602
2743;16,826;0,0798939971543342
2744;16,830;0,0790967975481284
2745;16,834;0,0893031981402568
2746;16,839;0,0828582323098039
2747;16,843;0,0688847828742661
2748;16,848;0,0694405769659167
2749;16,852;0,0776764348694659
2750;16,857;0,0751332558440345
2751;16,861;0,0830266547618192
2752;16,866;0,0725563923282001
2753;16,870;0,0757002780991528
2754;16,874;0,0706139200482901
2755;16,879;0,0805340024719925
2756;16,883;0,0790069722403869
2757;16,888;0,0785129330478086
2758;16,892;0,0737746480644443
2759;16,897;0,0778448573214812
2760;16,901;0,0788610061153069
2761;16,906;0,0750827291084299
2762;16,910;0,0752679938056468
2763;16,914;0,0849971974503985
2764;16,919;0,0731121864198507
2765;16,923;0,0881017846492142
2766;16,928;0,067267927334919
2767;16,932;0,0733760482613413
2768;16,937;0,0788273216249039
2769;16,941;0,0742293886848856
2770;16,946;0,0821171735209365
2771;16,950;0,0738364029635166
2772;16,954;0,0796076789859082
2773;16,959;0,0783781950861964
2774;16,963;0,0720960376260249
2775;16,968;0,0731683272371891
2776;16,972;0,0813368161599322
2777;16,977;0,0832175335407699
2778;16,981;0,0748357095121408
2779;16,986;0,07090585229845
2780;16,990;0,0823080522998872
2781;16,994;0,0803206673661064
2782;16,999;0,0800792618515511
2783;17,003;0,078355738759261
2784;17,008;0,0785522316199455
2785;17,012;0,0765480044409632
2786;17,017;0,0679809157151172
2787;17,021;0,0836273615073405
2788;17,026;0,0787711808075654
2789;17,030;0,0779402967109565
2790;17,034;0,0838126262045574
2791;17,039;0,0729156935591661
2792;17,043;0,0673521385609267
2793;17,048;0,0695753149275289
2794;17,052;0,0724048121213863
2795;17,057;0,0732300821362614
2796;17,061;0,0677338961188281
2797;17,065;0,0768174803641877
2798;17,070;0,074251845011821
2799;17,074;0,0694574192111182
2800;17,079;0,0633156137942929
2801;17,083;0,0779346826292227
2802;17,088;0,0909368959248054
2803;17,092;0,0737297354105735
2804;17,097;0,0679921438785849
2805;17,101;0,0775416969078536
2806;17,105;0,0661619532333518
2807;17,110;0,0677788087726989
2808;17,114;0,0720679672173557
2809;17,119;0,0720062123182834
2810;17,123;0,0711360296495376
2811;17,128;0,0697044388074074
2812;17,132;0,085519307051646
2813;17,137;0,0741900901127487
2814;17,141;0,07687923526326
2815;17,145;0,0764750213784232
2816;17,150;0,07277534151582
2817;17,154;0,0709956776061915
2818;17,159;0,0759023850415712
2819;17,163;0,0800792618515511
2820;17,168;0,0728258682514246
2821;17,172;0,075980982185845
2822;17,177;0,0746897433870608
2823;17,181;0,076699584647777
2824;17,185;0,0731121864198507
2825;17,190;0,0719893700730819
2826;17,194;0,0778841558936181
2827;17,199;0,0692946108408367
2828;17,203;0,0682616198018094
2829;17,208;0,0659654603726672
2830;17,212;0,0763178270898756
2831;17,217;0,0785297752930102
2832;17,221;0,077384502619306
2833;17,225;0,0742743013387564
2834;17,230;0,0760258948397157
2835;17,234;0,0765648466861647
2836;17,239;0,0705353229040163
2837;17,243;0,0725058655925955
2838;17,248;0,0774013448645075
2839;17,252;0,0786869695815578
2840;17,256;0,0761830891282634
2841;17,261;0,0716581392507851
2842;17,265;0,0733928905065429
2843;17,270;0,0710742747504653
2844;17,274;0,0761494046378603
2845;17,279;0,0683346028643494
2846;17,283;0,0753971176855252
2847;17,288;0,0778055587493443
2848;17,292;0,080298211039171
2849;17,296;0,0740665803146042
2850;17,301;0,0805171602267909
2851;17,305;0,0812245345252553
2852;17,310;0,0971460703224369
2853;17,314;0,0966801015385279
2854;17,319;0,127563165156404
2855;17,323;0,177259016664391
2856;17,328;0,23573529200411
2857;17,332;0,344064613140365
2858;17,336;0,491524083961512
2859;17,341;0,704993927809197
2860;17,345;1,00160270805338
2861;17,350;1,29849780646598
2862;17,354;1,63145776593681
2863;17,359;1,93003147478783
2864;17,363;2,23337715311263
2865;17,368;2,38316085377158
2866;17,372;2,49357861331283
2867;17,376;2,39580937991794
2868;17,381;2,29905068123513
2869;17,385;2,08295344713601
2870;17,390;1,86756920141708
2871;17,394;1,59202445583829
2872;17,399;1,3422595735813
2873;17,403;1,13785085765204
2874;17,408;0,963230459402554
2875;17,412;0,802156840376835
2876;17,416;0,671292595160931
2877;17,421;0,56809454472941
2878;17,425;0,504284891742539
2879;17,430;0,443203682478316
2880;17,434;0,385951276956575
2881;17,439;0,355696990492889
2882;17,443;0,302570935045523
2883;17,447;0,273057707370705
2884;17,452;0,253077190479955
2885;17,456;0,244880631148542
2886;17,461;0,230093139861597
2887;17,465;0,211555441976444
2888;17,470;0,218281111893589
2889;17,474;0,189946841382879
2890;17,479;0,177253402582657
2891;17,483;0,164874352359531
2892;17,487;0,163375392536595
2893;17,492;0,151613891304192
2894;17,496;0,149514224735734
2895;17,501;0,143063644823547
2896;17,505;0,146510691008127
2897;17,510;0,137320439209825
2898;17,514;0,141491701938071
2899;17,519;0,130027747037561
2900;17,523;0,128669139257971
2901;17,527;0,128955457426397
2902;17,532;0,126889475348343
2903;17,536;0,117120973131454
2904;17,541;0,12022556033027
2905;17,545;0,123436815082028
2906;17,550;0,119484501541402
2907;17,554;0,111293556291724
2908;17,559;0,11150689139761
2909;17,563;0,113853577562357
2910;17,567;0,111372153435998
2911;17,572;0,109115292578992
2912;17,576;0,103416999619141
2913;17,581;0,102322253681041
2914;17,585;0,106358778447675
2915;17,590;0,102990329407369
2916;17,594;0,109513892382095
2917;17,599;0,105207891692237
2918;17,603;0,0982857289144073
2919;17,607;0,0937327086282598
2920;17,612;0,0947937700759563
2921;17,616;0,0987236272896471
2922;17,621;0,0960120258122004
2923;17,625;0,0936035847483813
2924;17,630;0,098510292183761
2925;17,634;0,0935699002579783
2926;17,638;0,104281568206153
2927;17,643;0,102473833887855
2928;17,647;0,102193129801163
2929;17,652;0,0906505777563794
2930;17,656;0,0955123725378883
2931;17,661;0,0909368959248054
2932;17,665;0,0971853688945738
2933;17,670;0,0945972772152717
2934;17,674;0,0881523113848188
2935;17,678;0,0900049583569873
2936;17,683;0,0806350559432017
2937;17,687;0,0872652864708715
2938;17,692;0,0867600191148255
2939;17,696;0,0860807152250304
2940;17,701;0,0909200536796039
2941;17,705;0,0877593256634497
2942;17,710;0,0809494445202969
2943;17,714;0,0933172665799553
2944;17,718;0,096388169288368
2945;17,723;0,0846322821376986
2946;17,727;0,089729868352029
2947;17,732;0,0877873960721189
2948;17,736;0,0922562051322588
2949;17,741;0,082566300059644
2950;17,745;0,0907853157179916
2951;17,750;0,0891853024238461
2952;17,754;0,0924583120746772
2953;17,758;0,086922827485107
2954;17,763;0,0852161466380184
2955;17,767;0,0769634464892677
2956;17,772;0,0889158265006216
2957;17,776;0,0822575255642826
2958;17,781;0,0851712339841476
2959;17,785;0,0893144263037245
2960;17,790;0,0890168799718308
2961;17,794;0,092536909218951
2962;17,798;0,0937439367917274
2963;17,803;0,0815445371840844
2964;17,807;0,0902800483619457
2965;17,812;0,092284275540928
2966;17,816;0,0939292014889443
2967;17,821;0,0807585657413462
2968;17,825;0,0885509111879217
2969;17,829;0,0892582854863861
2970;17,834;0,0954730739657514
2971;17,838;0,0872259878987345
2972;17,843;0,0918856757378251
2973;17,847;0,0779908234465611
2974;17,852;0,0846940370367709
2975;17,856;0,0910154930690792
2976;17,861;0,0939685000610812
2977;17,865;0,0892414432411845
2978;17,869;0,0924021712573387
2979;17,874;0,0904035581600903
2980;17,878;0,0941032380226935
2981;17,883;0,0954000909032114
2982;17,887;0,0866814219705517
2983;17,892;0,082386649444161
2984;17,896;0,0817634863717043
2985;17,901;0,0825943704683132
2986;17,905;0,0817410300447689
2987;17,909;0,081668046982229
2988;17,914;0,0881298550578834
2989;17,918;0,0920428700263727
2990;17,923;0,0821452439296057
2991;17,927;0,0811403232992476
2992;17,932;0,0889158265006216
2993;17,936;0,0801354026688895
2994;17,941;0,0933565651520922
2995;17,945;0,0883712605724387
2996;17,949;0,0953214937589376
2997;17,954;0,087894063625062
2998;17,958;0,0968934366444139
2999;17,963;0,0768680070997923
3000;17,967;0,0790518848942576
3001;17,972;0,0842392964163295
3002;17,976;0,0838294684497589
3003;17,981;0,0901284681551319
3004;17,985;0,0885565252696556
3005;17,989;0,0837228008968159
3006;17,994;0,0834420968101237
3007;17,998;0,0818757680063812
3008;18,003;0,0858505378739428
3009;18,007;0,0844807019308848
3010;18,012;0,085373340926566
3011;18,016;0,0731570990737214
3012;18,021;0,0783445105957933
3013;18,025;0,0911726873576269
3014;18,029;0,0839417500844358
3015;18,034;0,0752623797239129
3016;18,038;0,0812076922800537
3017;18,043;0,0889551250727585
3018;18,047;0,0792259214280068
3019;18,052;0,0807248812509432
3020;18,056;0,0810673402367076
3021;18,060;0,0756385232000805
3022;18,065;0,0903979440783564
3023;18,069;0,0893537248758614
3024;18,074;0,0919755010455666
3025;18,078;0,0812975175877953
3026;18,083;0,0856035182776536
3027;18,087;0,103332788393133
3028;18,092;0,0934520045415676
3029;18,096;0,0880288015866742
3030;18,100;0,0814322555494075
3031;18,105;0,0807080390057416
3032;18,109;0,0869789683024454
3033;18,114;0,0949341221193024
3034;18,118;0,0907291749006532
3035;18,123;0,0895333754913444
3036;18,127;0,0951867557973254
3037;18,132;0,0806462841066694
3038;18,136;0,0803375096113079
3039;18,140;0,0809382163568292
3040;18,145;0,0865691403358748
3041;18,149;0,0881859958752219
3042;18,154;0,0901902230542042
3043;18,158;0,0928400696325786
3044;18,163;0,0899656597848504
3045;18,167;0,0858729942008781
3046;18,172;0,08494105663306
3047;18,176;0,0872035315717992
3048;18,180;0,0724721811021925
3049;18,185;0,0808708473760231
3050;18,189;0,0934070918876968
3051;18,194;0,0840877162095157
3052;18,198;0,100694169978226
3053;18,203;0,0854070254169691
3054;18,207;0,0876077454566359
3055;18,212;0,0843122794788695
3056;18,216;0,0910660198046838
3057;18,220;0,0889551250727585
3058;18,225;0,083717186815082
3059;18,229;0,0843908766231433
3060;18,234;0,0878491509711912
3061;18,238;0,0848456172435847
3062;18,243;0,09904924403021
3063;18,247;0,0809438304385631
3064;18,251;0,0835543784448005
3065;18,256;0,0841775415172572
3066;18,260;0,0892638995681199
3067;18,265;0,092357258603468
3068;18,269;0,0884779281253818
3069;18,274;0,0834196404831883
3070;18,278;0,0767950240372523
3071;18,283;0,0909481240882731
3072;18,287;0,0857607125662012
3073;18,291;0,0836161333438728
3074;18,296;0,0817185737178336
3075;18,300;0,0883207338368341
