#"+EI TIC Scan 130C_1ml-min_10C-min_2.d "
#Point;X(Minutes);Y(Counts)
0;5,191;3,15309969806673
1;5,195;3,05893331931321
2;5,199;2,93044268525334
3;5,203;2,90783524357453
4;5,207;2,74849408901774
5;5,212;2,64788721815806
6;5,216;2,63755989845428
7;5,220;2,54675459284073
8;5,224;2,4568130266933
9;5,228;2,39133781977137
10;5,232;2,30667257514533
11;5,236;2,3076865301708
12;5,240;2,26126992233856
13;5,245;2,25824683420709
14;5,249;2,24115981433357
15;5,253;2,139632873173
16;5,257;2,08390290066245
17;5,261;2,00924576767662
18;5,265;2,00171621276532
19;5,269;1,93364978744498
20;5,273;1,95794715416623
21;5,277;1,88858511964669
22;5,282;1,82511904583077
23;5,286;1,85903020834898
24;5,290;1,8118625227201
25;5,294;1,82804824923766
26;5,298;1,78863544185907
27;5,302;1,66570278349431
28;5,306;1,7279483558907
29;5,310;1,65289690706163
30;5,315;1,65175151342176
31;5,319;1,6406167850866
32;5,323;1,5369304952607
33;5,327;1,63663607276442
34;5,331;1,56875741689324
35;5,335;1,51037989514954
36;5,339;1,54939838668489
37;5,343;1,4284185305914
38;5,348;1,48934971684367
39;5,352;1,47690060236439
40;5,356;1,4151244535909
41;5,360;1,42933860089228
42;5,364;1,42346141713359
43;5,368;1,45680927130432
44;5,372;1,42926349311262
45;5,376;1,32918237671058
46;5,381;1,35806131799132
47;5,385;1,3756928692674
48;5,389;1,2899010079464
49;5,393;1,35222168812246
50;5,397;1,32358684712563
51;5,401;1,30833996785387
52;5,405;1,24968079193643
53;5,409;1,27493578284839
54;5,414;1,28336663111565
55;5,418;1,28011821964519
56;5,422;1,21524387496057
57;5,426;1,23993555752505
58;5,430;1,20655014946448
59;5,434;1,17329618001833
60;5,438;1,18037508825164
61;5,442;1,17076129245467
62;5,446;1,16901503657749
63;5,451;1,1824405521924
64;5,455;1,18450601613315
65;5,459;1,1826846524763
66;5,463;1,20067296570579
67;5,467;1,20270087575671
68;5,471;1,1880924126121
69;5,475;1,16967222964955
70;5,479;1,18234666746782
71;5,484;1,20452223941356
72;5,488;1,19167880909105
73;5,492;1,13692523771612
74;5,496;1,15220967087771
75;5,500;1,16843295128509
76;5,504;1,13465322738129
77;5,508;1,14652025656818
78;5,512;1,14695212630124
79;5,517;1,1260721635547
80;5,521;1,13307596400835
81;5,525;1,12663547190218
82;5,529;1,08448123056586
83;5,533;1,05900091631491
84;5,537;1,02480809962296
85;5,541;1,06624881705247
86;5,545;1,03785807633955
87;5,550;1,0455754007
88;5,554;1,05231632392483
89;5,558;1,02942722807228
90;5,562;1,05047618332307
91;5,566;1,05838127713269
92;5,570;0,97328416277358
93;5,574;0,975668834777906
94;5,578;0,994689879977768
95;5,583;0,992718300761593
96;5,587;1,00864115005032
97;5,591;1,00054828679155
98;5,595;1,02067717174145
99;5,599;1,1946831202776
100;5,603;1,67300701506662
101;5,607;2,67425004882006
102;5,611;4,53819981673702
103;5,615;7,8097632602785
104;5,620;12,0862875726668
105;5,624;16,6340824082558
106;5,628;21,0059372699824
107;5,632;24,1453297982605
108;5,636;26,0990333628757
109;5,640;26,4779145573899
110;5,644;25,7465149990236
111;5,648;25,2528315632933
112;5,653;23,7788601643358
113;5,657;22,3913565967163
114;5,661;21,1664613720689
115;5,665;19,9182076279461
116;5,669;18,6705547460606
117;5,673;17,5989357227622
118;5,677;16,450838202821
119;5,681;15,4786243259077
120;5,686;14,453985218789
121;5,690;13,6317803548092
122;5,694;12,6909990836851
123;5,698;11,8932981328206
124;5,702;11,3075513361674
125;5,706;10,638960658545
126;5,710;9,89004221057217
127;5,714;9,25164486037464
128;5,719;8,84827852969011
129;5,723;8,32105947033994
130;5,727;7,56748434002794
131;5,731;7,23740442535038
132;5,735;6,77939718496042
133;5,739;6,27266377251356
134;5,743;5,73879767466314
135;5,747;5,29320199486263
136;5,752;4,90707289961094
137;5,756;4,55188820958075
138;5,760;4,14001592284929
139;5,764;3,79838818704841
140;5,768;3,47818494539664
141;5,772;3,18558381277133
142;5,776;2,78336287572667
143;5,780;2,64127773354764
144;5,784;2,40665980682279
145;5,789;2,28894713914467
146;5,793;2,05389734268676
147;5,797;1,9117746466179
148;5,801;1,80307491249944
149;5,805;1,68746526265191
150;5,809;1,57010935692719
151;5,813;1,47691937930931
152;5,817;1,45487524597798
153;5,822;1,29968379624762
154;5,826;1,24633849574139
155;5,830;1,20168692073125
156;5,834;1,10909780535068
157;5,838;1,13562962851692
158;5,842;1,10746421114299
159;5,846;1,04382914482282
160;5,850;1,00862237310541
161;5,855;0,908597587538117
162;5,859;0,933458262606841
163;5,863;0,940537170840156
164;5,867;0,933608478166169
165;5,871;0,901030478736988
166;5,875;0,831142689759805
167;5,879;0,872921392197804
168;5,883;0,879080230130237
169;5,888;0,803934896576587
170;5,892;0,85237941445975
171;5,896;0,780651484880804
172;5,900;0,789457872046387
173;5,904;0,748956001862673
174;5,908;0,782022201859669
175;5,912;0,763789788346277
176;5,916;0,73787760436226
177;5,921;0,7807641465503
178;5,925;0,716997641615719
179;5,929;0,714049661263914
180;5,933;0,690409487614727
181;5,937;0,672270958825915
182;5,941;0,703497018221147
183;5,945;0,675331600847216
184;5,949;0,704980396869508
185;5,953;0,702445509305854
186;5,958;0,719795406408196
187;5,962;0,719851737242944
188;5,966;0,723888780399874
189;5,970;0,726630214357603
190;5,974;0,719175767225969
191;5,978;0,709956287272236
192;5,982;0,721335115891304
193;5,986;0,686766760301032
194;5,991;0,704999173814424
195;5,995;0,716697210497063
196;5,999;0,656066455363447
197;6,003;0,697751273076865
198;6,007;0,695573147466615
199;6,011;0,651447326914122
200;6,015;0,687217406979015
201;6,019;0,651973081371769
202;6,024;0,677378287843055
203;6,028;0,791917651830377
204;6,032;0,990746721545418
205;6,036;1,46916450105902
206;6,040;2,39655781045801
207;6,044;3,9859698667588
208;6,048;6,09120337684577
209;6,052;8,71201424043502
210;6,057;11,1068633489057
211;6,061;13,3557780414895
212;6,065;14,4962896756846
213;6,069;15,2618632737979
214;6,073;15,0606307551336
215;6,077;14,7253496267143
216;6,081;14,1765934115456
217;6,085;13,2555467095282
218;6,090;12,3843152423728
219;6,094;11,5708041038891
220;6,098;10,8319313214463
221;6,102;10,2968259452314
222;6,106;9,5291117753977
223;6,110;8,83526610686335
224;6,114;8,11483228432801
225;6,118;7,54281143440838
226;6,122;7,10697976596416
227;6,127;6,49098331105136
228;6,131;5,97557495005333
229;6,135;5,58370010965736
230;6,139;5,16737768698082
231;6,143;4,81072839524718
232;6,147;4,35842934611167
233;6,151;4,0369304952607
234;6,155;3,68644004145949
235;6,160;3,29633023388563
236;6,164;3,04047558246083
237;6,168;2,6861921857866
238;6,172;2,44188535548512
239;6,176;2,16263463069505
240;6,180;2,00778116597317
241;6,184;1,7951510417449
242;6,188;1,64576166799357
243;6,193;1,44884784665996
244;6,197;1,33934070391011
245;6,201;1,22134638205825
246;6,205;1,09768142284178
247;6,209;1,01498775743191
248;6,213;1,00107404124919
249;6,217;0,900298177885265
250;6,221;0,902157095431945
251;6,226;0,853299484760632
252;6,230;0,810919920085322
253;6,234;0,777534512024756
254;6,238;0,814581424343934
255;6,242;0,723043817878656
256;6,246;0,688268915894308
257;6,250;0,679931952351625
258;6,254;0,675256493067552
259;6,259;0,644969280918118
260;6,263;0,591868080695799
261;6,267;0,593126136005167
262;6,271;0,599491520331676
263;6,275;0,585634134983702
264;6,279;0,534429406197894
265;6,283;0,546521758723769
266;6,287;0,54025025912184
267;6,291;0,50906175361644
268;6,296;0,467452043682685
269;6,300;0,518487779964249
270;6,304;0,479131303420408
271;6,308;0,478098571450031
272;6,312;0,486022442204564
273;6,316;0,471075994051464
274;6,320;0,481835183488306
275;6,324;0,477647924772048
276;6,329;0,432958795872076
277;6,333;0,422199606435235
278;6,337;0,446816181220051
279;6,341;0,42398341620225
280;6,345;0,424302624265821
281;6,349;0,408886752489823
282;6,353;0,455021706148323
283;6,357;0,414670051523937
284;6,362;0,444562947830136
285;6,366;0,431794625287287
286;6,370;0,429560168842289
287;6,374;0,411534301722973
288;6,378;0,403854531252347
289;6,382;0,423082122846284
290;6,386;0,44050712772829
291;6,390;0,373755088552072
292;6,395;0,418951194964774
293;6,399;0,36220726742876
294;6,403;0,390898439260339
295;6,407;0,403385107629448
296;6,411;0,388626428925508
297;6,415;0,362226044373676
298;6,419;0,38393219269652
299;6,423;0,389659160895886
300;6,428;0,353044118309775
301;6,432;0,339768818254195
302;6,436;0,365605894458548
303;6,440;0,39437217406979
304;6,444;0,387988012798366
305;6,448;0,353776419161497
306;6,452;0,38058989650148
307;6,456;0,377097384747112
308;6,460;0,365962656411951
309;6,465;0,346941611212089
310;6,469;0,385997656637275
311;6,473;0,337947454597347
312;6,477;0,339036517402473
313;6,481;0,319827702753451
314;6,485;0,3506031154707
315;6,489;0,328296104910547
316;6,493;0,340050472427934
317;6,498;0,371426747382494
318;6,502;0,340275795766926
319;6,506;0,354020519445404
320;6,510;0,371182647098587
321;6,514;0,366300641420438
322;6,518;0,42987937690586
323;6,522;0,644330864790975
324;6,526;1,22968334560094
325;6,531;2,42643192981929
326;6,535;4,60251085307416
327;6,539;8,04049435940575
328;6,543;13,1325764972736
329;6,547;18,9105241020865
330;6,551;24,7403336287573
331;6,555;29,7607066139911
332;6,559;33,0195205119346
333;6,564;34,8673972150035
334;6,568;34,8125873127939
335;6,572;33,9812568535849
336;6,576;32,1414730137748
337;6,580;30,2512542999204
338;6,584;27,8369522765168
339;6,588;25,5985714500308
340;6,592;23,5258408315933
341;6,597;21,7655961304472
342;6,601;19,8439072569137
343;6,605;17,8401443571525
344;6,609;16,3635254089619
345;6,613;14,8493713478842
346;6,617;13,3511213591504
347;6,621;12,1110543630109
348;6,625;10,6996289675685
349;6,629;9,56352991542864
350;6,634;8,22670532213727
351;6,638;7,21521007645972
352;6,642;6,23663081521984
353;6,646;5,3962686455063
354;6,650;4,72702077481186
355;6,654;4,09780535067822
356;6,658;3,4649471992309
357;6,662;2,97186462573793
358;6,667;2,59681392798666
359;6,671;2,28558606600472
360;6,675;1,89833035405807
361;6,679;1,69565201063526
362;6,683;1,48613885926304
363;6,687;1,31183247960824
364;6,691;1,14990010665305
365;6,695;1,06442745339562
366;6,700;0,946752339607337
367;6,704;0,839085337459254
368;6,708;0,750251611061874
369;6,712;0,733333583692599
370;6,716;0,675425485571796
371;6,720;0,602345615958901
372;6,724;0,59111700289916
373;6,728;0,548211683766205
374;6,733;0,504799387120518
375;6,737;0,5057194574214
376;6,741;0,458551771792522
377;6,745;0,460391912394286
378;6,749;0,431306424719472
379;6,753;0,437915909329888
380;6,757;0,417636808820658
381;6,761;0,410820777816166
382;6,766;0,359184179297292
383;6,770;0,326737618482522
384;6,774;0,372365594628292
385;6,778;0,376252422225894
386;6,782;0,365230355560229
387;6,786;0,366450856979766
388;6,790;0,329403944660588
389;6,794;0,353720088326749
390;6,798;0,324597046762104
391;6,803;0,264492046086134
392;6,807;0,318982740232233
393;6,811;0,30869297441829
394;6,815;0,318400654939839
395;6,819;0,320653888329753
396;6,823;0,299417163629809
397;6,827;0,287888119451413
398;6,831;0,277147706959487
399;6,836;0,283081221552928
400;6,840;0,28567243995133
401;6,844;0,286799056646287
402;6,848;0,275758213035706
403;6,852;0,257676015081642
404;6,856;0,287381141938682
405;6,860;0,247912003725346
406;6,864;0,270256568175332
407;6,869;0,26283967493353
408;6,873;0,270481891514323
409;6,877;0,266613840861636
410;6,881;0,266764056420964
411;6,885;0,251423292424629
412;6,889;0,251817608267864
413;6,893;0,227520241546619
414;6,897;0,22742635682204
415;6,902;0,226731609860149
416;6,906;0,225548662330444
417;6,910;0,221699388622674
418;6,914;0,217718676300491
419;6,918;0,220178456084481
420;6,922;0,244043953072659
421;6,926;0,257225368403659
422;6,930;0,19437893376996
423;6,935;0,207935887999279
424;6,939;0,229454266872963
425;6,943;0,210583437232429
426;6,947;0,213118324796082
427;6,951;0,19999324029983
428;6,955;0,186079524117108
429;6,959;0,210376890838353
430;6,963;0,207166033257725
431;6,967;0,185685208273873
432;6,972;0,184652476303496
433;6,976;0,253751633594208
434;6,980;0,203992729566929
435;6,984;0,209757251656127
436;6,988;0,1744190413243
437;6,992;0,208799627465413
438;6,996;0,193815625422481
439;7,000;0,180728094816061
440;7,005;0,214207387601208
441;7,009;0,205401000435625
442;7,013;0,189534481981644
443;7,017;0,222638235868471
444;7,021;0,198040438028571
445;7,025;0,173498971023419
446;7,029;0,183431974883958
447;7,033;0,176897598053206
448;7,038;0,206001862672936
449;7,042;0,202321581469409
450;7,046;0,200763095041384
451;7,050;0,165180784425651
452;7,054;0,195130011566598
453;7,058;0,190379444502862
454;7,062;0,224140391461748
455;7,066;0,258182992594373
456;7,071;0,371839840170645
457;7,075;0,724865181535503
458;7,079;1,43716858692223
459;7,083;2,6743063796548
460;7,087;4,70711721320094
461;7,091;7,65812065313725
462;7,095;11,0283944961019
463;7,099;14,4157929128299
464;7,104;17,4484197323159
465;7,108;19,3120127382794
466;7,112;20,6207845758664
467;7,116;20,4332404500458
468;7,120;19,8007578374968
469;7,124;18,8570473629659
470;7,128;17,5361643959081
471;7,132;16,1866841417434
472;7,137;14,7452156344354
473;7,141;13,1991219900557
474;7,145;11,8401218248186
475;7,149;10,4199275961004
476;7,153;9,10903396373796
477;7,157;7,93087455498641
478;7,161;6,90441408421084
479;7,165;5,88116447101591
480;7,169;5,03535698727674
481;7,174;4,28921752715146
482;7,178;3,5651034234126
483;7,182;2,88723693500173
484;7,186;2,41719367292064
485;7,190;2,06238452178877
486;7,194;1,74449084436166
487;7,198;1,4274796833456
488;7,202;1,25685358489432
489;7,207;1,03834627690736
490;7,211;0,940837601958811
491;7,215;0,834747863183669
492;7,219;0,733502576196842
493;7,223;0,5992849739376
494;7,227;0,552436496372294
495;7,231;0,497720478887203
496;7,235;0,441783959982575
497;7,240;0,411534301722973
498;7,244;0,372647248802031
499;7,248;0,416040768502802
500;7,252;0,355222243920025
501;7,256;0,33101876192336
502;7,260;0,31212915533791
503;7,264;0,288000781120908
504;7,268;0,296769614396659
505;7,273;0,283381652671584
506;7,277;0,269561821213441
507;7,281;0,265524778056511
508;7,285;0,239518709347914
509;7,289;0,252963001907738
510;7,293;0,230543329678088
511;7,297;0,176766159438795
512;7,301;0,242297697195476
513;7,306;0,229322828258551
514;7,310;0,221943488906581
515;7,314;0,192858001231768
516;7,318;0,168410418951195
517;7,322;0,166232293340944
518;7,326;0,223558306169353
519;7,330;0,208273873007766
520;7,334;0,180427663697406
521;7,338;0,173010770455604
522;7,343;0,171658830421655
523;7,347;0,173799402142074
524;7,351;0,140845863814574
525;7,355;0,145220891979991
526;7,359;0,151267068242929
527;7,363;0,184840245752655
528;7,367;0,179319823947364
529;7,371;0,156224181700741
530;7,376;0,191092968409668
531;7,380;0,237791230415646
532;7,384;0,22644995568641
533;7,388;0,269881029277013
534;7,392;0,258408315933364
535;7,396;0,269693259827853
536;7,400;0,276377852217933
537;7,404;0,258220546484205
538;7,409;0,237528353186823
539;7,413;0,229473043817879
540;7,417;0,235800874254555
541;7,421;0,215352781241081
542;7,425;0,207804449384867
543;7,429;0,165011791921407
544;7,433;0,168278980336783
545;7,437;0,142948881645161
546;7,442;0,167152363641826
547;7,446;0,136358173979661
548;7,450;0,122125249733367
549;7,454;0,131739045530336
550;7,458;0,145446215318983
551;7,462;0,154384041098977
552;7,466;0,109413258025266
553;7,470;0,1335791861321
554;7,475;0,133804509471091
555;7,479;0,133917171140587
556;7,483;0,137803998738189
557;7,487;0,12197503417404
558;7,491;0,119083384656983
559;7,495;0,127251355695423
560;7,499;0,144282044734194
561;7,503;0,118782953538328
562;7,507;0,132302353877815
563;7,512;0,131889261089664
564;7,516;0,128396749335296
565;7,520;0,138724069039071
566;7,524;0,12680070901744
567;7,528;0,109732466088837
568;7,532;0,132734223610882
569;7,536;0,128528187949708
570;7,540;0,108774841898124
571;7,545;0,0837076204353247
572;7,549;0,0887022877829686
573;7,553;0,0921009148127563
574;7,557;0,0882328641600697
575;7,561;0,101827372279221
576;7,565;0,097565005783299
577;7,569;0,118651514923916
578;7,573;0,12257589641135
579;7,578;0,11459569482207
580;7,582;0,0961942888044344
581;7,586;0,108756064953208
582;7,590;0,106446500728545
583;7,594;0,109713689143922
584;7,598;0,112905769779634
585;7,602;0,12995523576332
586;7,606;0,116492166258581
587;7,611;0,114764687326313
588;7,615;0,104963122080185
589;7,619;0,117900437127278
590;7,623;0,101564495050397
591;7,627;0,108267864385393
592;7,631;0,139043277102642
593;7,635;0,156937705607547
594;7,639;0,174794580222619
595;7,644;0,163716182722206
596;7,648;0,240213456309805
597;7,652;0,308674197473374
598;7,656;0,543780324766039
599;7,660;1,14670802601734
600;7,664;2,39227666701717
601;7,668;4,80595905123853
602;7,672;8,83194258761323
603;7,676;14,6177765092908
604;7,681;21,9964962220787
605;7,685;30,3365391837287
606;7,689;37,881810397921
607;7,693;44,1994261765634
608;7,697;47,9849333793994
609;7,701;49,2402472548107
610;7,705;48,542664974238
611;7,709;46,0968927911553
612;7,714;42,5475244475823
613;7,718;38,2188002283277
614;7,722;33,7462821649066
615;7,726;29,200402577699
616;7,730;24,9735620615583
617;7,734;20,9541880097941
618;7,738;17,0916202250229
619;7,742;13,9035015246879
620;7,747;11,1681700740563
621;7,751;9,00085998407715
622;7,755;7,03055760015622
623;7,759;5,70233284763636
624;7,763;4,66270973847471
625;7,767;3,69254254855718
626;7,771;2,99069790148864
627;7,775;2,53939403043367
628;7,780;2,04447131633895
629;7,784;1,7513632062009
630;7,788;1,49845653512791
631;7,792;1,27887894128074
632;7,796;1,08189001216746
633;7,800;0,993037508825164
634;7,804;0,850914812756305
635;7,808;0,77250229078728
636;7,813;0,708810893632362
637;7,817;0,676045124754022
638;7,821;0,568565892055099
639;7,825;0,529660062189242
640;7,829;0,551741749410404
641;7,833;0,471019663216716
642;7,837;0,443905754758078
643;7,841;0,420490904447883
644;7,845;0,361061873788887
645;7,850;0,360104249598173
646;7,854;0,345608448123057
647;7,858;0,340839104114404
648;7,862;0,334905589520963
649;7,866;0,292244370671914
650;7,870;0,312748794520136
651;7,874;0,337628246533776
652;7,878;0,371896171005393
653;7,883;0,374036742725812
654;7,887;0,382993345450722
655;7,891;0,389903261179793
656;7,895;0,393170449595169
657;7,899;0,378749755899716
658;7,903;0,386636072764417
659;7,907;0,34763635817398
660;7,911;0,324465608147692
661;7,916;0,329366390770756
662;7,920;0,309988583617491
663;7,924;0,261487734899581
664;7,928;0,288601643358219
665;7,932;0,259253278454582
666;7,936;0,230937645521323
667;7,940;0,241734388847997
668;7,944;0,206828048249238
669;7,949;0,182136365684758
670;7,953;0,179056946718541
671;7,957;0,156900151717715
672;7,961;0,139831908789112
673;7,965;0,12178726472488
674;7,969;0,144976791696084
675;7,973;0,187318802481561
676;7,977;0,155060011115951
677;7,982;0,171564945697075
678;7,986;0,179301047002449
679;7,990;0,185103122981478
680;7,994;0,216892490724189
681;7,998;0,223577083114269
682;8,002;0,193552748193658
683;8,006;0,209794805545958
684;8,010;0,198697631100629
685;8,014;0,15562331946343
686;8,019;0,185872977723033
687;8,023;0,164993014976491
688;8,027;0,132208469153235
689;8,031;0,174306379654805
690;8,035;0,151698937975996
691;8,039;0,197195475507353
692;8,043;0,189384266422316
693;8,047;0,203973952622013
694;8,052;0,189703474485887
695;8,056;0,192050592600382
696;8,060;0,171846599870815
697;8,064;0,174944795781947
698;8,068;0,176578389989635
699;8,072;0,155792311967674
700;8,076;0,205945531838188
701;8,080;0,1335791861321
702;8,085;0,161462949332292
703;8,089;0,148168872331796
704;8,093;0,175019903561611
705;8,097;0,128622072674288
706;8,101;0,111985699478752
707;8,105;0,185028015201815
708;8,109;0,230956422466239
709;8,113;0,27081987652281
710;8,118;0,428433552147331
711;8,122;0,760071953252918
712;8,126;1,40750101395503
713;8,130;2,59057998227456
714;8,134;4,62545627976146
715;8,138;7,52112406303045
716;8,142;11,2532296345255
717;8,146;15,3328025716904
718;8,151;19,1261022066666
719;8,155;22,1616206756696
720;8,159;24,1852683600967
721;8,163;24,999324029983
722;8,167;24,1540986315363
723;8,171;22,6492203812471
724;8,175;20,4919935106878
725;8,179;17,98256748434
726;8,183;15,7213726697811
727;8,188;13,0981208033528
728;8,192;10,9289705727719
729;8,196;8,69023298433252
730;8,200;6,97064036892941
731;8,204;5,6300040558201
732;8,208;4,44600501719968
733;8,212;3,42134713313605
734;8,216;2,80675894909195
735;8,221;2,25740187168587
736;8,225;1,85797869943369
737;8,229;1,45500668459239
738;8,233;1,24493022487269
739;8,237;1,06683090234486
740;8,241;0,904767090775263
741;8,245;0,797569512250079
742;8,249;0,703928887954214
743;8,254;0,57213351158913
744;8,258;0,539048534647219
745;8,262;0,567965029817789
746;8,266;0,557074401766535
747;8,270;0,877840951765784
748;8,274;1,49218503552598
749;8,278;2,80583887879107
750;8,282;5,08729401691427
751;8,287;8,38215964909645
752;8,291;12,9146700515239
753;8,295;17,6825494584729
754;8,299;22,5071352390681
755;8,303;25,8703489507443
756;8,307;28,0021518378874
757;8,311;28,8832036472338
758;8,315;27,7866676180319
759;8,320;26,146783133797
760;8,324;23,2931757071397
761;8,328;20,233697856424
762;8,332;17,2390004656682
763;8,336;14,1050720283607
764;8,340;11,224313139355
765;8,344;8,88802932207718
766;8,348;7,05470475131814
767;8,352;5,43042390830842
768;8,357;4,25594478076039
769;8,361;3,22396388817954
770;8,365;2,66953703564615
771;8,369;2,10395667783269
772;8,373;1,72184584879302
773;8,377;1,44240735455378
774;8,381;1,21561941385889
775;8,385;1,06829550404831
776;8,390;0,924351444322603
777;8,394;0,799616199245918
778;8,398;0,662150185516216
779;8,402;0,627356506586952
780;8,406;0,577541271724925
781;8,410;0,532420273091887
782;8,414;0,478868426191585
783;8,418;0,411477970888225
784;8,423;0,384758378272821
785;8,427;0,38295579156089
786;8,431;0,30238392092653
787;8,435;0,296600621892416
788;8,439;0,297483138303466
789;8,443;0,266106863348906
790;8,447;0,270143906505836
791;8,451;0,223539529224437
792;8,456;0,245583662555768
793;8,460;0,214582926499527
794;8,464;0,211860269486713
795;8,468;0,195768427693741
796;8,472;0,219784140241246
797;8,476;0,181873488455934
798;8,480;0,171133075964008
799;8,484;0,154008502200658
800;8,489;0,164786468582416
801;8,493;0,142103919123943
802;8,497;0,131494945246429
803;8,501;0,132978323894789
804;8,505;0,0936594012407805
805;8,509;0,0929083234441423
806;8,513;0,15316353967944
807;8,517;0,112473900046567
808;8,521;0,130593651890463
809;8,526;0,12610596205555
810;8,530;0,0995553619443902
811;8,534;0,123233089483409
812;8,538;0,127833440987818
813;8,542;0,0865617160625498
814;8,546;0,108493187724385
815;8,550;0,0974711210587193
816;8,554;0,101714710609725
817;8,559;0,113976055639843
818;8,563;0,105394991813252
819;8,567;0,0991047152664073
820;8,571;0,0847403524057022
821;8,575;0,0828063270793589
822;8,579;0,0897913505880939
823;8,583;0,0547160174850911
824;8,587;0,0562745039131153
825;8,592;0,0774924516681438
826;8,596;0,0521435760316054
827;8,600;0,0868997010710369
828;8,604;0,0810037403674273
829;8,608;0,0820176953928888
830;8,612;0,0566688197563504
831;8,616;0,0843835904522991
832;8,620;0,0890590497363717
833;8,625;0,070394766489913
834;8,629;0,0583962986886182
835;8,633;0,0833508584819216
836;8,637;0,0619263643328176
837;8,641;0,0730423157230626
838;8,645;0,0443323669465683
839;8,649;0,0518243679680341
840;8,653;0,0589032762013489
841;8,658;0,0553544336122336
842;8,662;0,0407084165777891
843;8,666;0,0474868936924487
844;8,670;0,0697563503627706
845;8,674;0,0446703519550555
846;8,678;0,0589971609259287
847;8,682;0,00647804599600427
848;8,686;0,0250296675729672
849;8,690;0,00687236183923931
850;8,695;0,0151529945471752
851;8,699;0,0588281684216851
852;8,703;0
853;8,707;0,044069489717745
854;8,711;0,0248606750687236
855;8,715;0,0593163689894999
856;8,719;0,0429804269126196
857;8,723;0,0194153610430968
858;8,728;0,0404079854591339
859;8,732;0,014420693695453
860;8,736;0,0906738669991438
861;8,740;0,174212494930225
862;8,744;0,453970197233029
863;8,748;1,01556984272431
864;8,752;2,10630379594718
865;8,756;3,98219570083069
866;8,761;6,92418620720734
867;8,765;11,0865842483964
868;8,769;16,0944705652612
869;8,773;21,0763320364723
870;8,777;24,9668399152784
871;8,781;27,4603430923375
872;8,785;28,6039529224437
873;8,789;27,8749380360818
874;8,794;25,9158079343858
875;8,798;23,0022457226119
876;8,802;19,4700019528023
877;8,806;15,9928872932658
878;8,810;13,0451885956347
879;8,814;10,216272851542
880;8,818;7,84115831217798
881;8,822;6,0338022562377
882;8,827;4,66684066635622
883;8,831;3,6879797509426
884;8,835;2,87471271274279
885;8,839;2,34662991392648
886;8,843;1,86402487569662
887;8,847;1,51004191014105
888;8,851;1,29311186552703
889;8,855;1,09246143215514
890;8,859;0,902720403779424
891;8,864;0,810431719517508
892;8,868;0,670656141563143
893;8,872;0,648217692388578
894;8,876;0,588112691712608
895;8,880;0,59190563458563
896;8,884;0,710219164501059
897;8,888;1,13793919274158
898;8,892;2,29824172687807
899;8,897;4,9078427543525
900;8,901;9,63873157981704
901;8,905;17,6035924051013
902;8,909;29,3578848147091
903;8,913;44,6504108395548
904;8,917;61,7883913415752
905;8,921;77,9422721605504
906;8,925;90,8499571885656
907;8,930;98,9624423547791
908;8,934;100
909;8,938;94,7641240179658
910;8,942;84,6001637349597
911;8,946;71,9201116101606
912;8,950;58,4757063886677
913;8,954;45,8497694191164
914;8,958;35,2260368628983
915;8,963;26,3728387736402
916;8,967;19,9333981763831
917;8,971;15,4049060401676
918;8,975;11,6723122681047
919;8,979;9,15178906731159
920;8,983;7,15394090519896
921;8,987;5,91858692223341
922;8,991;4,82712066815881
923;8,996;4,02864986255276
924;9,000;3,46327605113338
925;9,004;2,90392963903201
926;9,008;2,55334530050623
927;9,012;2,24157290712172
928;9,016;1,95828513917472
929;9,020;1,82568235417825
930;9,024;1,58207027083865
931;9,028;1,40474080305238
932;9,033;1,30005933514593
933;9,037;1,18709723453155
934;9,041;1,12047663396975
935;9,045;1,04281518979736
936;9,049;0,954450887022878
937;9,053;0,907001547220261
938;9,057;0,818393144161872
939;9,061;0,7873548542158
940;9,066;0,750890027189016
941;9,070;0,620972345315528
942;9,074;0,664290757236635
943;9,078;0,582498385182737
944;9,082;0,560604467410734
945;9,086;0,511953403133497
946;9,090;0,47592044583978
947;9,094;0,485684457196076
948;9,099;0,438329002118039
949;9,103;0,43637619984678
950;9,107;0,377566808370011
951;9,111;0,357024830631957
952;9,115;0,352537140797044
953;9,119;0,382148382929504
954;9,123;0,34489492421625
955;9,127;0,318982740232233
956;9,132;0,287906896396329
957;9,136;0,270838653467726
958;9,140;0,247968334560094
959;9,144;0,255216235297652
960;9,148;0,247667903441438
961;9,152;0,221755719457421
962;9,156;0,270556999293987
963;9,160;0,211897823376545
964;9,165;0,236120082318127
965;9,169;0,220985864715867
966;9,173;0,180446440642322
967;9,177;0,207090925478061
968;9,181;0,216836159889441
969;9,185;0,207935887999279
970;9,189;0,217061483228433
971;9,193;0,205814093223776
972;9,197;0,189759805320635
973;9,202;0,229266497423803
974;9,206;0,183187874600051
975;9,210;0,151135629628517
976;9,214;0,166551501404515
977;9,218;0,166175962506196
978;9,222;0,151304622132761
979;9,226;0,113976055639843
980;9,230;0,114107494254255
981;9,235;0,130105451322648
982;9,239;0,123796397830887
983;9,243;0,125429992038575
984;9,247;0,0923074612068318
985;9,251;0,148581965119947
986;9,255;0,143192981929068
987;9,259;0,151774045755659
988;9,263;0,189421820312148
989;9,268;0,166795601688423
990;9,272;0,172522569887789
991;9,276;0,155792311967674
992;9,280;0,207541572156044
993;9,284;0,29333343347704
994;9,288;0,580770906250469
995;9,292;1,18302263748479
996;9,296;2,40966411800934
997;9,301;4,6262073575581
998;9,305;8,05016448603746
999;9,309;12,8063458563038
1000;9,313;18,5286198194409
1001;9,317;23,9497679169608
1002;9,321;28,5696474440823
1003;9,325;31,6064051914497
1004;9,329;32,0224271830076
1005;9,334;30,2633278755013
1006;9,338;27,0831705998107
1007;9,342;22,6426484505265
1008;9,346;18,2755817097535
1009;9,350;14,4315467696144
1010;9,354;11,1629125294798
1011;9,358;8,56001487134037
1012;9,362;6,44496101906235
1013;9,366;5,01806342100915
1014;9,371;3,96456414955461
1015;9,375;3,10801625332352
1016;9,379;2,49846029051689
1017;9,383;2,05643223025041
1018;9,387;1,68250814919409
1019;9,391;1,49776178816602
1020;9,395;1,31504333718887
1021;9,399;1,20891604452389
1022;9,404;1,10447867690135
1023;9,408;0,998407715071127
1024;9,412;0,938603145513812
1025;9,416;0,816797103844016
1026;9,420;0,737070195730874
1027;9,424;0,610438479217677
1028;9,428;0,63330879812531
1029;9,432;0,554051313635066
1030;9,437;0,484745609950279
1031;9,441;0,417749470490153
1032;9,445;0,417505370206246
1033;9,449;0,362695467996575
1034;9,453;0,331600847215755
1035;9,457;0,291061423142209
1036;9,461;0,292019047332923
1037;9,465;0,282386474591038
1038;9,470;0,255516666416307
1039;9,474;0,206846825194154
1040;9,478;0,225623770110108
1041;9,482;0,225267008156705
1042;9,486;0,179732916735515
1043;9,490;0,203279205660122
1044;9,494;0,194416487659792
1045;9,498;0,183845067672109
1046;9,503;0,232871670847666
1047;9,507;0,325723663457061
1048;9,511;0,598364903636719
1049;9,515;1,28269066109868
1050;9,519;2,6615943879467
1051;9,523;5,3193019482958
1052;9,527;9,24890342641691
1053;9,531;14,7233780474982
1054;9,535;21,4392528278079
1055;9,540;27,9366954079104
1056;9,544;33,065017049466
1057;9,548;36,1383710624747
1058;9,552;36,6700965886047
1059;9,556;34,2012475402202
1060;9,560;30,2622575896411
1061;9,564;25,2922631476168
1062;9,568;19,8842964654279
1063;9,573;15,6454574814859
1064;9,577;11,7384822219886
1065;9,581;8,96969025551667
1066;9,585;6,76244160370131
1067;9,589;5,2645671538658
1068;9,593;4,04577443631611
1069;9,597;3,25211052860855
1070;9,601;2,69834086914723
1071;9,606;2,23456910666807
1072;9,610;1,86806191885355
1073;9,614;1,58845443211008
1074;9,618;1,39368118249688
1075;9,622;1,20863439035015
1076;9,626;1,04844827327215
1077;9,630;0,926191584924366
1078;9,634;0,852266752790254
1079;9,639;0,781515224346938
1080;9,643;0,655615808685464
1081;9,647;0,627919814934431
1082;9,651;0,586159889441348
1083;9,655;0,508310675819801
1084;9,659;0,479826050382299
1085;9,663;0,447924020970092
1086;9,667;0,384251400760091
1087;9,672;0,401789067311592
1088;9,676;0,369361283441739
1089;9,680;0,323883522855297
1090;9,684;0,329854591338571
1091;9,688;0,345195355334906
1092;9,692;0,299849033362876
1093;9,696;0,309181174986105
1094;9,700;0,247273587598203
1095;9,704;0,286160640519145
1096;9,709;0,26413528413273
1097;9,713;0,24218503552598
1098;9,717;0,234355049496027
1099;9,721;0,222262696970152
1100;9,725;0,193195986240255
1101;9,729;0,225191900377041
1102;9,733;0,176259181926064
1103;9,737;0,196519505490379
1104;9,742;0,158421084255907
1105;9,746;0,178211984197323
1106;9,750;0,148450526505535
1107;9,754;0,141277733547641
1108;9,758;0,154327710264229
1109;9,762;0,147417794535158
1110;9,766;0,170588544561446
1111;9,770;0,159735470400024
1112;9,775;0,154327710264229
1113;9,779;0,154665695272716
1114;9,783;0,143812621111295
1115;9,787;0,142817443030749
1116;9,791;0,145483769208815
1117;9,795;0,121843595559628
1118;9,799;0,137259467335627
1119;9,803;0,085641645761668
1120;9,808;0,127758333208154
1121;9,812;0,0853412146430127
1122;9,816;0,100775863363927
1123;9,820;0,110032897207493
1124;9,824;0,0902044433762449
1125;9,828;0,0780933139054543
1126;9,832;0,0893782577999429
1127;9,836;0,0709205209475598
1128;9,841;0,0951991107238888
1129;9,845;0,05764522089198
1130;9,849;0,0829940965285184
1131;9,853;0,0687987261720569
1132;9,857;0,0825246729056196
1133;9,861;0,0644424749515555
1134;9,865;0,0777741058418831
1135;9,869;0,0713523906806267
1136;9,873;0,0836888434904087
1137;9,878;0,0808347478631837
1138;9,882;0,0800836700665455
1139;9,886;0,0882516411049857
1140;9,890;0,071652821799282
1141;9,894;0,0855665379820042
1142;9,898;0,147737002598729
1143;9,902;0,22250679725406
1144;9,906;0,448487329317571
1145;9,911;1,02681723272897
1146;9,915;2,22503041865076
1147;9,919;4,35388532544201
1148;9,923;7,93179462528729
1149;9,927;12,9801828123357
1150;9,931;19,2477017019423
1151;9,935;25,7264612218534
1152;9,939;31,2974868936925
1153;9,944;34,7748832074026
1154;9,948;35,4378595784951
1155;9,952;33,5673378798576
1156;9,956;29,8007390605519
1157;9,960;24,874663892686
1158;9,964;19,9270703459464
1159;9,968;15,5112023253369
1160;9,972;11,7122132760511
1161;9,977;8,75728545462739
1162;9,981;6,72839900256869
1163;9,985;5,20342942121945
1164;9,989;4,08832299349567
1165;9,993;3,31135178981839
1166;9,997;2,65616785086599
1167;10,001;2,25109281819411
1168;10,005;1,86943263583242
1169;10,010;1,63335010740413
1170;10,014;1,34891694581725
1171;10,018;1,25114539363987
1172;10,022;1,08744798786258
1173;10,026;0,960027639662916
1174;10,030;0,877183758693726
1175;10,034;0,74929398687116
1176;10,038;0,76020339186733
1177;10,042;0,661868531342476
1178;10,047;0,619545297501915
1179;10,051;0,531669195295249
1180;10,055;0,493045019603131
1181;10,059;0,473535773835454
1182;10,063;0,449858046296435
1183;10,067;0,39279491069685
1184;10,071;0,383500322963453
1185;10,075;0,339074071292304
1186;10,080;0,343373991678058
1187;10,084;0,333910411440417
1188;10,088;0,330530561355545
1189;10,092;0,306251971579216
1190;10,096;0,246597617581229
1191;10,100;0,251479623259377
1192;10,104;0,284620931036037
1193;10,108;0,247292364543119
1194;10,113;0,263496868005588
1195;10,117;0,375801775547911
1196;10,121;0,582423277403073
1197;10,125;1,18730378092563
1198;10,129;2,515415871776
1199;10,133;5,29661939883733
1200;10,137;10,2558358744799
1201;10,141;18,1777538267414
1202;10,146;29,3813372189091
1203;10,150;43,2387413438284
1204;10,154;58,0342416367487
1205;10,158;71,3079456520106
1206;10,162;79,3991940935242
1207;10,166;81,0529922939418
1208;10,170;76,8868013098797
1209;10,174;67,824165177029
1210;10,179;55,3240525153595
1211;10,183;42,995523576332
1212;10,187;32,6070849168557
1213;10,191;24,4777756079975
1214;10,195;18,1917426507038
1215;10,199;13,9359480855027
1216;10,203;10,6265303210106
1217;10,207;8,46937855823106
1218;10,211;6,72990115816196
1219;10,216;5,67724684922864
1220;10,220;4,68986120082318
1221;10,224;4,02095131513722
1222;10,228;3,39934055369455
1223;10,232;2,96131198269517
1224;10,236;2,5856791996515
1225;10,240;2,36814829280017
1226;10,244;2,14423322467741
1227;10,249;2,01245662525724
1228;10,253;1,8801167174896
1229;10,257;1,82310991272476
1230;10,261;1,68650763846119
1231;10,265;1,64651274579021
1232;10,269;1,5611715311472
1233;10,273;1,43709347914257
1234;10,277;1,38327875501344
1235;10,282;1,23529765213081
1236;10,286;1,14894248246233
1237;10,290;1,05982710189121
1238;10,294;0,972119992188791
1239;10,298;0,914681317690886
1240;10,302;0,79946598368659
1241;10,306;0,728113593005964
1242;10,310;0,718481020264079
1243;10,315;0,64816136155383
1244;10,319;0,625610250709769
1245;10,323;0,566875967012663
1246;10,327;0,55422030613931
1247;10,331;0,506921181896021
1248;10,335;0,491862072073425
1249;10,339;0,540644574965075
1250;10,343;0,62662420573523
1251;10,348;0,876207357558096
1252;10,352;1,49849408901774
1253;10,356;2,85296901053011
1254;10,360;5,08889005723213
1255;10,364;9,06702993796097
1256;10,368;14,7558997160926
1257;10,372;21,5982747743011
1258;10,376;28,6017747968335
1259;10,380;34,746210812516
1260;10,385;38,0535818900122
1261;10,389;38,6068633489057
1262;10,393;36,0387781466404
1263;10,397;31,3991264965225
1264;10,401;25,8095867569963
1265;10,405;20,430517793033
1266;10,409;15,9299281969626
1267;10,413;12,1440079013384
1268;10,418;9,11156885130162
1269;10,422;7,09560093734509
1270;10,426;5,62072824503162
1271;10,430;4,56386790043713
1272;10,434;3,74800964383891
1273;10,438;3,12780715326494
1274;10,442;2,66198870378994
1275;10,446;2,28785807633955
1276;10,451;1,97929654053567
1277;10,455;1,75725916690451
1278;10,459;1,72588289194995
1279;10,463;1,76906986525664
1280;10,467;2,3163990326118
1281;10,471;3,64370371483078
1282;10,475;6,57318877589341
1283;10,479;11,9172387375884
1284;10,484;20,4469100659446
1285;10,488;32,4237843805861
1286;10,492;46,9064419942618
1287;10,496;61,3082085292395
1288;10,500;73,2671133075964
1289;10,504;79,325062714996
1290;10,508;78,6274616574785
1291;10,512;71,2923983416202
1292;10,517;59,9652250980157
1293;10,521;48,0757574619579
1294;10,525;37,3357205089303
1295;10,529;28,1862597827883
1296;10,533;21,2478406513347
1297;10,537;16,2386587252708
1298;10,541;12,7364205134368
1299;10,545;9,91856438989951
1300;10,549;7,91628486878671
1301;10,554;6,48294677862733
1302;10,558;5,3981463399979
1303;10,562;4,63465698277028
1304;10,566;3,9946823691998
1305;10,570;3,55554595845038
1306;10,574;3,05418275224948
1307;10,578;2,75388307220862
1308;10,582;2,38343272596176
1309;10,587;2,10923299935407
1310;10,591;1,96061348034429
1311;10,595;1,8439898754713
1312;10,599;1,61055489627616
1313;10,603;1,5013857385348
1314;10,607;1,44991813252017
1315;10,611;1,31423592855748
1316;10,615;1,21428625076985
1317;10,620;1,16287497558997
1318;10,624;1,07715822204864
1319;10,628;1,0053176308002
1320;10,632;0,996023043066801
1321;10,636;0,929139565276171
1322;10,640;0,865110183112767
1323;10,644;0,855233510086975
1324;10,648;0,795372609694912
1325;10,653;0,734704300671464
1326;10,657;0,683950218563639
1327;10,661;0,655465593126136
1328;10,665;0,63971173634165
1329;10,669;0,622737378137628
1330;10,673;0,584770395517568
1331;10,677;0,569054092622914
1332;10,681;0,577109401991858
1333;10,686;0,559815835724264
1334;10,690;0,537940694897177
1335;10,694;0,499185080590648
1336;10,698;0,591192110678824
1337;10,702;0,703027594598248
1338;10,706;0,996661459193943
1339;10,710;1,80696174009704
1340;10,714;3,35313049225639
1341;10,718;6,35094485586817
1342;10,723;11,2538868275976
1343;10,727;17,9303675774737
1344;10,731;26,7050217061483
1345;10,735;36,78061768638
1346;10,739;47,1928842889547
1347;10,743;57,5100081116402
1348;10,747;68,646557810458
1349;10,751;80,0430930885821
1350;10,756;89,1678621321597
1351;10,760;96,6198119301197
1352;10,764;97,847185711496
1353;10,768;92,5230580883568
1354;10,772;81,1124776554356
1355;10,776;66,9895487524598
1356;10,780;52,4113540430518
1357;10,784;40,151473614637
1358;10,789;30,2094568205375
1359;10,793;23,3155014946448
1360;10,797;17,7753451202476
1361;10,801;14,1241306274504
1362;10,805;11,4508006489312
1363;10,809;9,22700950864491
1364;10,813;7,72513556954229
1365;10,817;6,5512948581214
1366;10,822;5,73549293235793
1367;10,826;5,00405582010185
1368;10,830;4,39853690045215
1369;10,834;3,86512144927972
1370;10,838;3,49412657163029
1371;10,842;3,17555692418621
1372;10,846;2,81135930059636
1373;10,850;2,6467606014631
1374;10,855;2,35074206486308
1375;10,859;2,16520707214853
1376;10,863;1,99728485376515
1377;10,867;1,94572336302594
1378;10,871;1,70804479427979
1379;10,875;1,71964894623785
1380;10,879;1,65024935782848
1381;10,883;1,5644762734524
1382;10,887;1,48448648811044
1383;10,892;1,41722747142149
1384;10,896;1,29906415706539
1385;10,900;1,25178380976702
1386;10,904;1,2131596340749
1387;10,908;1,16854561295459
1388;10,912;1,08626504033288
1389;10,916;1,04553784681017
1390;10,920;1,01222754652927
1391;10,925;1,01342927100389
1392;10,929;0,959783539379009
1393;10,933;0,92301828123357
1394;10,937;0,965641946192787
1395;10,941;0,910137297021225
1396;10,945;0,81844947499662
1397;10,949;0,824796082378213
1398;10,953;0,784876297486894
1399;10,958;0,778548467050217
1400;10,962;0,754889516456115
1401;10,966;0,755058508960358
1402;10,970;0,79779483558907
1403;10,974;1,03842138468703
1404;10,978;1,60394541166574
1405;10,982;2,79515479713389
1406;10,986;5,06442369800664
1407;10,991;8,73362650403329
1408;10,995;13,9395908128164
1409;10,999;20,1435685208274
1410;11,003;26,5429578945787
1411;11,007;31,887627495456
1412;11,011;34,4509433537126
1413;11,015;33,888517522645
1414;11,019;31,3081146445149
1415;11,024;26,824386744979
1416;11,028;21,9551306124288
1417;11,032;17,2384934881555
1418;11,036;13,168233915669
1419;11,040;10,1240404981148
1420;11,044;7,89645641495546
1421;11,048;6,14535608598339
1422;11,052;4,9060777215304
1423;11,056;4,09335521473314
1424;11,061;3,29569181775848
1425;11,065;2,86451683165342
1426;11,069;2,4810540625798
1427;11,073;2,19727809406498
1428;11,077;2,01613690646077
1429;11,081;1,81073590602515
1430;11,085;1,63173529014135
1431;11,089;1,46800033047423
1432;11,094;1,36932748494089
1433;11,098;1,2512956091992
1434;11,102;1,17038575355635
1435;11,106;1,15309218728876
1436;11,110;0,996849228643103
1437;11,114;0,988437157320755
1438;11,118;0,91838037583933
1439;11,122;0,875681603100449
1440;11,127;0,827913055234261
1441;11,131;0,764615973922579
1442;11,135;0,723231587327815
1443;11,139;0,686578990851872
1444;11,143;0,688869778131619
1445;11,147;0,673923329978519
1446;11,151;0,593088582115336
1447;11,155;0,59682519415361
1448;11,160;0,580996229589461
1449;11,164;0,592581604602605
1450;11,168;0,563345901368464
1451;11,172;0,514131528743747
1452;11,176;0,512422826756395
1453;11,180;0,50562557269682
1454;11,184;0,498828318637244
1455;11,188;0,506695858557029
1456;11,193;0,45930284958916
1457;11,197;0,466494419491971
1458;11,201;0,467583482297096
1459;11,205;0,424020970092082
1460;11,209;0,42741959712187
1461;11,213;0,426912619609139
1462;11,217;0,384044854366015
1463;11,221;0,397470369980923
1464;11,225;0,434029081732286
1465;11,230;0,404079854591339
1466;11,234;0,383425215183789
1467;11,238;0,367652581454387
1468;11,242;0,379951480374337
1469;11,246;0,391161316489162
1470;11,250;0,380064142043833
1471;11,254;0,367615027564555
1472;11,258;0,304299169307957
1473;11,263;0,391518078442565
1474;11,267;0,357118715356537
1475;11,271;0,309218728875937
1476;11,275;0,346810172597678
1477;11,279;0,329572937164832
1478;11,283;0,363146114674558
1479;11,287;0,313274548977783
1480;11,291;0,359353171801535
1481;11,296;0,346021540911208
1482;11,300;0,366694957263673
1483;11,304;0,455228252542398
1484;11,308;0,679800513737213
1485;11,312;1,25963257274188
1486;11,316;2,5043562512205
1487;11,320;5,24614697090325
1488;11,324;10,4819478451578
1489;11,329;19,3716107614427
1490;11,333;32,3611820462364
1491;11,337;48,1409885685959
1492;11,341;65,6824292860255
1493;11,345;81,9962145679049
1494;11,349;93,5460636012678
1495;11,353;98,7692275915939
1496;11,357;96,928279581199
1497;11,362;89,8338991452735
1498;11,366;80,8851264063932
1499;11,370;71,963354914302
1500;11,374;63,2217106547896
1501;11,378;54,6589543494915
1502;11,382;46,1479285274369
1503;11,386;38,1293844166379
1504;11,390;30,7183120277598
1505;11,394;24,399231647414
1506;11,399;19,230333027895
1507;11,403;15,4581011251145
1508;11,407;12,4424486638326
1509;11,411;10,0177442129456
1510;11,415;8,43488531042045
1511;11,419;7,18007841252197
1512;11,423;6,23582340658845
1513;11,427;5,3423600366526
1514;11,432;4,63448799026603
1515;11,436;4,23572201108591
1516;11,440;3,83566042270658
1517;11,444;3,41930044614021
1518;11,448;3,18858812395788
1519;11,452;2,94854366015232
1520;11,456;2,59140616785087
1521;11,460;2,42958645656517
1522;11,465;2,35427213050728
1523;11,469;2,13961409622809
1524;11,473;1,9942805425786
1525;11,477;1,8870641871085
1526;11,481;1,80309368944435
1527;11,485;1,70278724970332
1528;11,489;1,63055234261165
1529;11,493;1,54123041564645
1530;11,498;1,4767879406949
1531;11,502;1,43559132354929
1532;11,506;1,35623995433447
1533;11,510;1,27439125144582
1534;11,514;1,2372880082919
1535;11,518;1,26599795706839
1536;11,522;1,14965600636914
1537;11,526;1,09002042931607
1538;11,531;1,09172913130342
1539;11,535;1,04016764056421
1540;11,539;1,04170735004732
1541;11,543;1,04963122080185
1542;11,547;1,00392813687642
1543;11,551;1,10119271154106
1544;11,555;1,18418680806958
1545;11,559;1,6502681347734
1546;11,563;2,45164936684142
1547;11,568;4,17833966742275
1548;11,572;6,94912199005573
1549;11,576;11,317465563083
1550;11,580;16,6081702242718
1551;11,584;22,22296495471
1552;11,588;27,0412980126482
1553;11,592;30,0934528548467
1554;11,596;30,5583887879107
1555;11,601;28,9031447627345
1556;11,605;25,2745564885611
1557;11,609;20,9435414820267
1558;11,613;17,0682992594373
1559;11,617;13,29199275961
1560;11,621;10,3220058283637
1561;11,625;8,11520782322633
1562;11,629;6,46899550855478
1563;11,634;5,43744648570699
1564;11,638;4,94475822805726
1565;11,642;5,25816421564946
1566;11,646;6,52252857851016
1567;11,650;9,47775683105256
1568;11,654;14,3122192846735
1569;11,658;20,911752114284
1570;11,662;29,055181685719
1571;11,667;35,9049173063346
1572;11,671;41,0339712487419
1573;11,675;42,2594861125715
1574;11,679;39,8622898859864
1575;11,683;34,9355011942137
1576;11,687;29,2882411260158
1577;11,691;23,7299086689399
1578;11,695;18,7047851166424
1579;11,700;14,8175632031966
1580;11,704;11,642100163735
1581;11,708;9,35925553168797
1582;11,712;7,80148262757056
1583;11,716;6,49379985278875
1584;11,720;5,4731226810473
1585;11,724;4,71229964999775
1586;11,728;4,19360532363942
1587;11,732;3,65953267939493
1588;11,737;3,30821604001743
1589;11,741;2,97699073169999
1590;11,745;2,72827131934326
1591;11,749;2,51008321941987
1592;11,753;2,28951044749215
1593;11,757;2,16051283591954
1594;11,761;1,97231151702693
1595;11,765;1,85711495996755
1596;11,770;1,80898965014796
1597;11,774;1,6463813071758
1598;11,778;1,58914917907197
1599;11,782;1,51573132445059
1600;11,786;1,39199125745445
1601;11,790;1,36818209130102
1602;11,794;1,30616184224362
1603;11,798;1,26915248381427
1604;11,803;1,25304186507638
1605;11,807;1,14084961920356
1606;11,811;1,13260654038545
1607;11,815;1,09818840035451
1608;11,819;1,04512475402202
1609;11,823;1,03832749996245
1610;11,827;0,923919574589536
1611;11,831;0,966486908714005
1612;11,836;0,943109612293641
1613;11,840;0,916277358008743
1614;11,844;0,903659251025221
1615;11,848;0,90157501013955
1616;11,852;0,915019302699374
1617;11,856;0,811539559267549
1618;11,860;0,833433477039552
1619;11,864;0,847760286010425
1620;11,869;0,839667422751649
1621;11,873;0,839442099412657
1622;11,877;1,05526430427664
1623;11,881;1,36271800033047
1624;11,885;2,25847215754608
1625;11,889;4,04346487209145
1626;11,893;7,46237100238843
1627;11,897;12,57597151913
1628;11,901;20,0534391852308
1629;11,906;28,6112947079058
1630;11,910;36,6095972720854
1631;11,914;42,2494404470415
1632;11,918;44,015186793048
1633;11,922;41,9781511468958
1634;11,926;36,6849491520332
1635;11,930;30,499109972811
1636;11,934;24,4169758603596
1637;11,939;19,3714042150486
1638;11,943;15,308768082198
1639;11,947;12,2865624671403
1640;11,951;10,0877634405372
1641;11,955;8,23278905229004
1642;11,959;7,08399678538703
1643;11,963;5,96109792552313
1644;11,967;5,24717970287362
1645;11,972;4,49970707965931
1646;11,976;4,12082588514518
1647;11,980;3,73165492481711
1648;11,984;3,2654609364438
1649;11,988;3,06952351624581
1650;11,992;2,79053566868456
1651;11,996;2,57347418545613
1652;12,000;2,36568851301618
1653;12,005;2,1911755869673
1654;12,009;2,09284072644245
1655;12,013;2,01854035541001
1656;12,017;1,86355545207373
1657;12,021;1,81507338030073
1658;12,025;1,76093944810804
1659;12,029;1,66915774135885
1660;12,033;1,69086388968169
1661;12,038;1,57778912739782
1662;12,042;1,520106352616
1663;12,046;1,51969325982785
1664;12,050;1,48499346562317
1665;12,054;1,37342085893257
1666;12,058;1,34559342656712
1667;12,062;1,32463835604092
1668;12,066;1,29136560964985
1669;12,071;1,27585585314927
1670;12,075;1,19977167234982
1671;12,079;1,21742200057082
1672;12,083;1,16056541136531
1673;12,087;1,15001276832254
1674;12,091;1,13623049075423
1675;12,095;1,12766820387256
1676;12,099;1,11557585134668
1677;12,103;1,13698156855087
1678;12,108;1,10748298808791
1679;12,112;1,12331195265206
1680;12,116;1,23390815820703
1681;12,120;1,41726502531132
1682;12,124;1,61924862177224
1683;12,128;2,11082903967193
1684;12,132;3,1077533760947
1685;12,136;5,26129996545042
1686;12,141;8,74829129801265
1687;12,145;13,9304088867525
1688;12,149;20,6943526460471
1689;12,153;27,6207357558096
1690;12,157;32,9061077646423
1691;12,161;36,1253774165928
1692;12,165;36,1670997881961
1693;12,169;33,5240382448814
1694;12,174;29,0735643147917
1695;12,178;24,3165943128389
1696;12,182;19,4878024965826
1697;12,186;15,9070015472203
1698;12,190;12,4963948265761
1699;12,194;10,1752452269006
1700;12,198;8,34064382388728
1701;12,202;7,16209009929249
1702;12,207;5,96661834732842
1703;12,211;5,2637409682895
1704;12,215;4,62153189827402
1705;12,219;4,09029457271184
1706;12,223;3,73584218353337
1707;12,227;3,4108132670382
1708;12,231;2,96882276066155
1709;12,235;2,88250514488291
1710;12,240;2,75408961860269
1711;12,244;2,56690225473555
1712;12,248;2,38382704180499
1713;12,252;2,23909435039281
1714;12,256;2,1515186793048
1715;12,260;2,06384912349221
1716;12,264;1,93610956722897
1717;12,268;1,84530426161542
1718;12,272;1,73726172056902
1719;12,277;1,71825945231407
1720;12,281;1,6392085142179
1721;12,285;1,61064878100074
1722;12,289;1,48760346096649
1723;12,293;1,50767601508164
1724;12,297;1,52718526084932
1725;12,301;1,4388960658545
1726;12,305;1,40981057817969
1727;12,310;1,35205269561821
1728;12,314;1,34711435910532
1729;12,318;1,22917636808821
1730;12,322;1,28522554866233
1731;12,326;1,20544230971444
1732;12,330;1,24966201499151
1733;12,334;1,18262832164156
1734;12,338;1,13484099683045
1735;12,343;1,1580868546364
1736;12,347;1,13187423953373
1737;12,351;1,12695467996575
1738;12,355;1,10645025611753
1739;12,359;1,01938156254225
1740;12,363;1,04379159093299
1741;12,367;1,03079794505115
1742;12,371;1,04822294993315
1743;12,376;1,04949978218744
1744;12,380;0,973960132790554
1745;12,384;1,06408946838714
1746;12,388;1,05115215334004
1747;12,392;1,01923134698292
1748;12,396;1,0386279310811
1749;12,400;1,01714710609725
1750;12,404;1,00892280422406
1751;12,409;1,07458578059515
1752;12,413;1,00069850235087
1753;12,417;0,981527241591684
1754;12,421;0,985883492812186
1755;12,425;0,96609259287077
1756;12,429;0,97514308032026
1757;12,433;1,01876192336002
1758;12,437;1,20899115230356
1759;12,441;1,6668669540791
1760;12,446;2,57048865121449
1761;12,450;4,39466884979946
1762;12,454;7,7771664839044
1763;12,458;13,610599960944
1764;12,462;22,1178516170705
1765;12,466;33,9541804990161
1766;12,470;47,9472292740082
1767;12,474;62,6426672274714
1768;12,479;75,5903283712127
1769;12,483;84,2054723528263
1770;12,487;85,5453012573042
1771;12,491;80,6752752700125
1772;12,495;72,7805838878791
1773;12,499;64,5239856694356
1774;12,503;58,1516350963633
1775;12,507;54,0972983731655
1776;12,512;52,4484385092608
1777;12,516;50,9381900527257
1778;12,520;48,8504003244656
1779;12,524;45,7462333448499
1780;12,528;41,0695347824128
1781;12,532;35,6929443751784
1782;12,536;30,3263620795842
1783;12,540;25,2014015111685
1784;12,545;20,7281887007856
1785;12,549;17,1012527977648
1786;12,553;14,302492827207
1787;12,557;12,0241171080501
1788;12,561;10,4452201409022
1789;12,565;8,91245812741284
1790;12,569;7,70455603791441
1791;12,573;7,12406678583768
1792;12,578;6,32983956978264
1793;12,582;5,72071547670908
1794;12,586;5,39692583857836
1795;12,590;4,93227155968815
1796;12,594;4,45965585615358
1797;12,598;4,08385408060567
1798;12,602;3,94015412116387
1799;12,606;3,75486322873323
1800;12,610;3,59741854561295
1801;12,615;3,28686665364798
1802;12,619;3,15843235042286
1803;12,623;2,985477910802
1804;12,627;2,92798290546935
1805;12,631;2,76719592615403
1806;12,635;2,65513511889562
1807;12,639;2,57046987426958
1808;12,643;2,46499977467666
1809;12,648;2,33023764101486
1810;12,652;2,29024274834387
1811;12,656;2,24311261660483
1812;12,660;2,09561971429001
1813;12,664;2,15762118640249
1814;12,668;2,11295083444743
1815;12,672;2,06874990611528
1816;12,676;2,00725541151553
1817;12,681;1,98034804945096
1818;12,685;2,02086869657959
1819;12,689;1,96374923014526
1820;12,693;1,97364468011597
1821;12,697;2,15705787805501
1822;12,701;2,53475612503943
1823;12,705;3,2596964143546
1824;12,709;4,84360682579502
1825;12,714;7,41229289029758
1826;12,718;11,1264289255081
1827;12,722;16,0428527436872
1828;12,726;21,5774699193342
1829;12,730;26,5849806973006
1830;12,734;30,0629027654684
1831;12,738;31,4244190413243
1832;12,742;30,3861854260864
1833;12,747;27,604343482898
1834;12,751;24,2196677231828
1835;12,755;20,6401436060747
1836;12,759;17,6616319418365
1837;12,763;15,3776982469844
1838;12,767;14,7713719187033
1839;12,771;16,0055429541392
1840;12,775;19,1985248832074
1841;12,779;24,8000818674798
1842;12,784;32,8190954019017
1843;12,788;42,0405469348515
1844;12,792;50,7274188460441
1845;12,796;57,8849085938322
1846;12,800;62,8578134623184
1847;12,804;63,6917539168707
1848;12,808;61,4682632077031
1849;12,812;55,432977572817
1850;12,817;48,4939012482913
1851;12,821;40,8180739360983
1852;12,825;33,5797869943369
1853;12,829;27,5626211112947
1854;12,833;22,7312944074747
1855;12,837;18,9730701056015
1856;12,841;15,9182489372249
1857;12,845;13,3827605113338
1858;12,850;11,5387894128074
1859;12,854;10,1022029111775
1860;12,858;8,98129440747473
1861;12,862;8,06263237746166
1862;12,866;7,16389268600442
1863;12,870;6,47877829685599
1864;12,874;6,01855537696595
1865;12,878;5,58169097655135
1866;12,883;5,02773354764086
1867;12,887;4,69143846419612
1868;12,891;4,43023238347028
1869;12,895;4,24261314987006
1870;12,899;3,93115996454913
1871;12,903;3,69201679409953
1872;12,907;3,47033618242178
1873;12,911;3,27898033678328
1874;12,916;3,1098751708702
1875;12,920;2,99997371227712
1876;12,924;2,83315933364378
1877;12,928;2,72817743461868
1878;12,932;2,63386084030584
1879;12,936;2,53975079238708
1880;12,940;2,42243244055219
1881;12,944;2,33179612744288
1882;12,948;2,2188340268285
1883;12,953;2,25036051734239
1884;12,957;2,1292679995794
1885;12,961;2,06533250214057
1886;12,965;2,0096964143546
1887;12,969;1,98387811509516
1888;12,973;1,91186853134248
1889;12,977;1,87328190954019
1890;12,981;1,85919920085322
1891;12,986;1,82175797269081
1892;12,990;1,76431929819291
1893;12,994;1,81302669330489
1894;12,998;1,71745204368268
1895;13,002;1,82055624821619
1896;13,006;2,12737152814289
1897;13,010;2,5829753195836
1898;13,014;3,53885325442009
1899;13,019;5,25876507788677
1900;13,023;7,98191029126797
1901;13,027;12,0894796533025
1902;13,031;17,5586779528624
1903;13,035;23,860596205555
1904;13,039;29,9950241095973
1905;13,043;34,6854110648781
1906;13,047;36,6949948175632
1907;13,052;36,2242568085202
1908;13,056;33,3993405536946
1909;13,060;29,3462055549714
1910;13,064;24,976322272461
1911;13,068;21,0905086298839
1912;13,072;17,7717211698788
1913;13,076;14,9308820657644
1914;13,080;12,6964631746556
1915;13,085;10,9625061963918
1916;13,089;9,56257229123793
1917;13,093;8,43274473870003
1918;13,097;7,47243544486338
1919;13,101;6,76569001517177
1920;13,105;6,10462889246068
1921;13,109;5,5267871896171
1922;13,113;5,09089919033814
1923;13,117;4,74504664193117
1924;13,122;4,4304952606991
1925;13,126;4,15066245061664
1926;13,130;3,96311832479608
1927;13,134;3,74615072629223
1928;13,138;3,51778552222439
1929;13,142;3,30735230055129
1930;13,146;3,12598578960809
1931;13,150;3,07564480028841
1932;13,155;2,93883597963077
1933;13,159;2,82007180303736
1934;13,163;2,75799522314521
1935;13,167;2,70500668459239
1936;13,171;2,60503822985985
1937;13,175;2,52579952231452
1938;13,179;2,41418936173409
1939;13,183;2,41456490063241
1940;13,188;2,39432335401301
1941;13,192;2,30783674573012
1942;13,196;2,2205990596506
1943;13,200;2,25777741058419
1944;13,204;2,11236874915504
1945;13,208;2,09011806942963
1946;13,212;2,08891634495501
1947;13,216;2,02092502741434
1948;13,221;1,85953718586171
1949;13,225;1,89127022276967
1950;13,229;1,85439230295474
1951;13,233;1,82568235417825
1952;13,237;1,8166881975635
1953;13,241;1,6486157636208
1954;13,245;1,64256958735786
1955;13,249;1,711349536585
1956;13,254;1,66082077781617
1957;13,258;1,60576677532259
1958;13,262;1,54389674182452
1959;13,266;1,61019813432275
1960;13,270;1,72158297156419
1961;13,274;1,94423998437758
1962;13,278;2,45923525258746
1963;13,282;3,46755719457421
1964;13,286;5,33764702347869
1965;13,291;7,91065178531192
1966;13,295;11,8863882170915
1967;13,299;16,6501554731039
1968;13,303;21,6031004491445
1969;13,307;26,41309654354
1970;13,311;29,2869267398717
1971;13,315;30,9024575265506
1972;13,319;30,4344985053552
1973;13,324;28,1916675429241
1974;13,328;25,2127991167325
1975;13,332;21,731234321251
1976;13,336;18,4559530426162
1977;13,340;15,5579944720674
1978;13,344;13,1306424719472
1979;13,348;11,1128907482237
1980;13,352;9,53925132565231
1981;13,357;8,15345646002013
1982;13,361;7,14271229213922
1983;13,365;6,38196436886933
1984;13,369;5,81416833155578
1985;13,373;5,26124363461567
1986;13,377;4,82387225668835
1987;13,381;4,69663967793784
1988;13,385;4,89058674197473
1989;13,390;5,47306635021256
1990;13,394;6,74201228763275
1991;13,398;8,55930134743357
1992;13,402;11,3781150951616
1993;13,406;14,7115485722011
1994;13,410;18,3436481350738
1995;13,414;21,6490288564089
1996;13,418;23,6944765738835
1997;13,423;24,7621712156945
1998;13,427;24,833110513587
1999;13,431;23,0651860419702
2000;13,435;20,8502200657944
2001;13,439;18,0384476724099
2002;13,443;15,4775915939373
2003;13,447;13,1997604061829
2004;13,451;11,1669120187469
2005;13,455;9,27729416712983
2006;13,460;7,93269591864325
2007;13,464;6,88837857325262
2008;13,468;6,01023719036818
2009;13,472;5,33860464766941
2010;13,476;4,72223265385829
2011;13,480;4,2667790779769
2012;13,484;3,89768067176398
2013;13,488;3,53012197503417
2014;13,493;3,20259572486518
2015;13,497;3,0817473073861
2016;13,501;2,88404485436602
2017;13,505;2,7318577158222
2018;13,509;2,56877994922714
2019;13,513;2,42078006939959
2020;13,517;2,32496131949347
2021;13,521;2,25543029246969
2022;13,526;2,23646557810458
2023;13,530;2,12029261990957
2024;13,534;2,02667077255862
2025;13,538;2,04490318607201
2026;13,542;1,93691697586036
2027;13,546;1,80829490318607
2028;13,550;1,81259482357183
2029;13,554;1,78407264424449
2030;13,559;1,76139009478602
2031;13,563;1,70731249342807
2032;13,567;1,64260714124769
2033;13,571;1,68566267593997
2034;13,575;1,6400346997942
2035;13,579;1,61827222063661
2036;13,583;1,63890808309925
2037;13,587;1,75472427934085
2038;13,592;1,9890981057818
2039;13,596;2,41777575821304
2040;13,600;3,22940920220516
2041;13,604;4,63811194063481
2042;13,608;6,92570713974554
2043;13,612;10,4223310450496
2044;13,616;15,8471406468282
2045;13,620;22,7798891409172
2046;13,624;32,0011341274729
2047;13,629;42,0310833546139
2048;13,633;52,1300003004311
2049;13,637;60,3321641555632
2050;13,641;64,7913881419837
2051;13,645;65,1960688588124
2052;13,649;61,663543434829
2053;13,653;55,9039972360337
2054;13,657;48,2385535743792
2055;13,662;40,5112398792267
2056;13,666;33,9951517928227
2057;13,670;28,8188738339517
2058;13,674;24,1761615418125
2059;13,678;20,8604535007736
2060;13,682;18,2046987426958
2061;13,686;15,9097242042331
2062;13,690;13,9549503537576
2063;13,695;12,5447266827898
2064;13,699;11,2859015186793
2065;13,703;10,2340733953223
2066;13,707;9,45022982980577
2067;13,711;8,657730092683
2068;13,715;8,00943729251476
2069;13,719;7,42571840591248
2070;13,723;6,946380556098
2071;13,728;6,52277267879407
2072;13,732;6,13273797899986
2073;13,736;5,73648811043848
2074;13,740;5,47682173919575
2075;13,744;5,13566342701777
2076;13,748;4,85252587463009
2077;13,752;4,6648127563053
2078;13,756;4,38593757041354
2079;13,761;4,2923157230626
2080;13,765;4,0425823556804
2081;13,769;3,85447492151237
2082;13,773;3,66593561761127
2083;13,777;3,59124093073561
2084;13,781;3,44697766294633
2085;13,785;3,29674332667378
2086;13,789;3,20569392077631
2087;13,793;3,10228928512415
2088;13,798;3,02167986059996
2089;13,802;2,96007270433071
2090;13,806;2,87418695828514
2091;13,810;2,85124153159784
2092;13,814;2,63573853479743
2093;13,818;2,68375118294753
2094;13,822;2,56660182361689
2095;13,826;2,49237656036412
2096;13,831;2,4030170795091
2097;13,835;2,4297366721245
2098;13,839;2,40609649847531
2099;13,843;2,26887458502952
2100;13,847;2,28393369485211
2101;13,851;2,23329227441378
2102;13,855;2,13936999594418
2103;13,859;2,17609770019979
2104;13,864;2,04319448408466
2105;13,868;2,12727764341831
2106;13,872;2,03080170044013
2107;13,876;1,98645055654865
2108;13,880;1,99655255291343
2109;13,884;1,98690120322663
2110;13,888;1,89664042901564
2111;13,892;1,85792236859894
2112;13,897;1,80913986570729
2113;13,901;1,79777981403314
2114;13,905;1,73829445253939
2115;13,909;1,73741193612834
2116;13,913;1,71223205299605
2117;13,917;1,72036247014466
2118;13,921;1,67578600291418
2119;13,925;1,66975860359616
2120;13,930;1,66112120893482
2121;13,934;1,7404162473149
2122;13,938;1,74593666912019
2123;13,942;1,9353209355425
2124;13,946;2,12534361809196
2125;13,950;2,73634540565712
2126;13,954;3,58316684442175
2127;13,958;5,01289976115726
2128;13,962;6,82784170284358
2129;13,967;9,70944555437052
2130;13,971;13,5004731790119
2131;13,975;17,8046371543164
2132;13,979;22,1021353141758
2133;13,983;25,7831863724445
2134;13,987;28,328870679425
2135;13,991;29,1521270523201
2136;13,995;28,4528736236499
2137;14,000;26,931865977678
2138;14,004;24,1613653092187
2139;14,008;21,4631934325757
2140;14,012;18,9269727058329
2141;14,016;16,5436150876508
2142;14,020;14,5166063300837
2143;14,024;12,7927701251296
2144;14,028;11,1778777545778
2145;14,033;9,94558441363356
2146;14,037;8,96916450105902
2147;14,041;7,9671140586742
2148;14,045;7,32965555572246
2149;14,049;6,66313034204083
2150;14,053;6,18786708927311
2151;14,057;5,75395066921032
2152;14,061;5,35097865436902
2153;14,066;4,97480133992279
2154;14,070;4,61004040798546
2155;14,074;4,41205630079164
2156;14,078;4,20725616259332
2157;14,082;3,9704413333133
2158;14,086;3,78736612038275
2159;14,090;3,60804629643538
2160;14,094;3,44232098060717
2161;14,099;3,31929443751784
2162;14,103;3,17429886887684
2163;14,107;3,12775082243019
2164;14,111;2,97843655645852
2165;14,115;2,84220982109327
2166;14,119;2,77878130116718
2167;14,123;2,65798921452284
2168;14,127;2,59835363746977
2169;14,131;2,55188069880278
2170;14,136;2,45286986826095
2171;14,140;2,39892370551742
2172;14,144;2,40016298388187
2173;14,148;2,28502275765724
2174;14,152;2,26128869928347
2175;14,156;2,21145468747653
2176;14,160;2,19825449520061
2177;14,164;2,0952629523366
2178;14,169;2,03709197698698
2179;14,173;2,01566748283787
2180;14,177;1,97946553303991
2181;14,181;1,98799026603176
2182;14,185;1,92212074326659
2183;14,189;1,80134743356717
2184;14,193;1,83443241050908
2185;14,197;1,84853389614096
2186;14,202;1,76704195520572
2187;14,206;1,77695618212134
2188;14,210;1,74621832329393
2189;14,214;1,66236048729927
2190;14,218;1,72269081131424
2191;14,222;1,65806056691352
2192;14,226;1,69127698246984
2193;14,230;1,63781902029412
2194;14,235;1,61521157861531
2195;14,239;1,52934460951465
2196;14,243;1,61459193943309
2197;14,247;1,50459659611543
2198;14,251;1,54768968469754
2199;14,255;1,51460470775563
2200;14,259;1,49947049015337
2201;14,263;1,50970392513257
2202;14,268;1,48542533535624
2203;14,272;1,4366616094095
2204;14,276;1,45556999293987
2205;14,280;1,45117618782954
2206;14,284;1,41165071878145
2207;14,288;1,4308970873203
2208;14,292;1,4230107704556
2209;14,296;1,35821153355065
2210;14,300;1,39381262111129
2211;14,305;1,32499511799432
2212;14,309;1,36238001532199
2213;14,313;1,33678703940154
2214;14,317;1,28678403509035
2215;14,321;1,31427348244731
2216;14,325;1,37276366586051
2217;14,329;1,33868351083805
2218;14,333;1,27178125610251
2219;14,338;1,20893482146881
2220;14,342;1,27876627961124
2221;14,346;1,2767195926154
2222;14,350;1,2702415466194
2223;14,354;1,28539454116657
2224;14,358;1,26526565621667
2225;14,362;1,19832584759129
2226;14,366;1,21135704736297
2227;14,371;1,18302263748479
2228;14,375;1,21770365474456
2229;14,379;1,21860494810052
2230;14,383;1,18901248291298
2231;14,387;1,18835528984092
2232;14,391;1,1938569347013
2233;14,395;1,18717234231122
2234;14,399;1,09544696639678
2235;14,404;1,13897192471196
2236;14,408;1,2086907211849
2237;14,412;1,14856694356401
2238;14,416;1,16721244986556
2239;14,420;1,17855372459479
2240;14,424;1,16065929608989
2241;14,428;1,14225789007225
2242;14,432;1,12547130131739
2243;14,437;1,23510988268165
2244;14,441;1,2404613119827
2245;14,445;1,18619594117559
2246;14,449;1,22072674287603
2247;14,453;1,33877739556263
2248;14,457;1,47117363416503
2249;14,461;1,61263913716183
2250;14,465;1,74787069444653
2251;14,469;1,93109612293641
2252;14,474;2,13384957413889
2253;14,478;2,24407024079554
2254;14,482;2,34587883612985
2255;14,486;2,46098150846465
2256;14,490;2,50371783509336
2257;14,494;2,47806852833817
2258;14,498;2,47703579636779
2259;14,502;2,27726787940695
2260;14,507;2,13246008021511
2261;14,511;2,0273467425756
2262;14,515;1,90422631476168
2263;14,519;1,77558546514248
2264;14,523;1,6949948175632
2265;14,527;1,58086854636403
2266;14,531;1,47554866233044
2267;14,535;1,40372684802692
2268;14,540;1,3527474425801
2269;14,544;1,35547009959292
2270;14,548;1,27850340238242
2271;14,552;1,22297997626594
2272;14,556;1,23402081987652
2273;14,560;1,1616169202806
2274;14,564;1,19353772663773
2275;14,568;1,08436856889637
2276;14,573;1,14171335866969
2277;14,577;1,10827161977438
2278;14,581;1,10203767406228
2279;14,585;1,11850505475357
2280;14,589;1,08495065418876
2281;14,593;1,11842994697391
2282;14,597;1,05971444022172
2283;14,601;1,0627563052981
2284;14,606;1,06153580387857
2285;14,610;1,06701867179402
2286;14,614;0,987479533130042
2287;14,618;1,00856604227066
2288;14,622;0,993356716888735
2289;14,626;1,06166724249298
2290;14,630;1,00471676856289
2291;14,634;0,995196857490499
2292;14,638;1,0443924531703
2293;14,643;1,04204533505581
2294;14,647;1,01669645941927
2295;14,651;1,03566117378438
2296;14,655;0,991835784350543
2297;14,659;1,01466854936834
2298;14,663;1,03971699388623
2299;14,667;1,03124859172913
2300;14,671;0,99463354914302
2301;14,676;0,935242072373856
2302;14,680;0,995328296104911
2303;14,684;1,02967132835619
2304;14,688;1,03939778582266
2305;14,692;0,942339757552087
2306;14,696;0,943259827852969
2307;14,700;0,955652611497499
2308;14,704;0,98470054528248
2309;14,709;0,947522194348891
2310;14,713;0,944386444547926
2311;14,717;0,917234982199456
2312;14,721;1,02107148758468
2313;14,725;0,943015727569062
2314;14,729;0,918493037508825
2315;14,733;0,962900512235057
2316;14,737;0,91800483694101
2317;14,742;0,971782007180304
2318;14,746;0,952498084751619
2319;14,750;0,930735605594027
2320;14,754;0,960722386624807
2321;14,758;0,922098210932688
2322;14,762;0,957943398777245
2323;14,766;0,991723122681047
2324;14,770;0,936687897132385
2325;14,775;0,962262096107915
2326;14,779;0,957699298493338
2327;14,783;1,00306439741028
2328;14,787;0,94770996379805
2329;14,791;1,01066906010125
2330;14,795;0,945231407069144
2331;14,799;0,894665094410479
2332;14,803;0,918230160280002
2333;14,807;0,955483618993255
2334;14,812;0,959652100764597
2335;14,816;0,956798005137372
2336;14,820;0,929308557780415
2337;14,824;0,947747517687882
2338;14,828;0,935335957098436
2339;14,832;0,934735094861126
2340;14,836;0,938509260789233
2341;14,840;0,944724429556413
2342;14,845;0,928275825810037
2343;14,849;0,885839930299981
2344;14,853;0,975518619218579
2345;14,857;0,968026618197113
2346;14,861;0,914418440462063
2347;14,865;0,898476814228418
2348;14,869;0,902401195715852
2349;14,873;0,932500638416127
2350;14,878;0,905217737453245
2351;14,882;0,880957924621832
2352;14,886;0,892975169368043
2353;14,890;0,913761247390005
2354;14,894;0,910512835919545
2355;14,898;0,959783539379009
2356;14,902;0,887248201168677
2357;14,906;0,915282179928197
2358;14,911;0,910569166754292
2359;14,915;0,870067296570579
2360;14,919;0,893688693274849
2361;14,923;0,872001321896922
2362;14,927;0,875512610596206
2363;14,931;0,924351444322603
2364;14,935;0,876376350062339
2365;14,939;0,941870333929188
2366;14,944;0,930022081687221
2367;14,948;0,89990386204203
2368;14,952;0,952498084751619
2369;14,956;0,952779738925358
2370;14,960;0,989751543464872
2371;14,964;0,887642517011912
2372;14,968;0,947428309624311
2373;14,972;0,857655735981133
2374;14,976;0,961248141082453
2375;14,981;0,903321266016734
2376;14,985;0,8892761112196
2377;14,989;0,888919349266197
2378;14,993;0,93146790644575
2379;14,997;0,871738444668099
2380;15,001;0,912315422631476
2381;15,005;0,928764026377852
2382;15,009;0,912090099292485
2383;15,014;1,01350437878355
2384;15,018;1,1216032506647
2385;15,022;1,32041354343483
2386;15,026;1,66059545447717
2387;15,030;2,18837782217482
2388;15,034;2,88947139144673
2389;15,038;3,93707470219765
2390;15,042;5,35689339201754
2391;15,047;6,93556503582641
2392;15,051;8,77711390845864
2393;15,055;10,7311554580823
2394;15,059;12,3516809121089
2395;15,063;13,6041406918929
2396;15,067;14,4136898949993
2397;15,071;14,8133759444803
2398;15,075;14,3365166513948
2399;15,080;13,7665612654159
2400;15,084;12,8085615358039
2401;15,088;11,755137372129
2402;15,092;10,5675331600847
2403;15,096;9,5315903321266
2404;15,100;8,33418455483619
2405;15,104;7,43386760000601
2406;15,108;6,7557194574214
2407;15,113;6,04150080365324
2408;15,117;5,40128208979886
2409;15,121;4,77212299649998
2410;15,125;4,38732706433732
2411;15,129;4,02431238827718
2412;15,133;3,71691502305809
2413;15,137;3,37414189361734
2414;15,141;3,09802691862823
2415;15,145;2,95509681392799
2416;15,150;2,83939327935588
2417;15,154;2,58716257829986
2418;15,158;2,43816752039176
2419;15,162;2,39610716378002
2420;15,166;2,20371858617116
2421;15,170;2,16826771416983
2422;15,174;2,01223130191825
2423;15,178;2,01728230010064
2424;15,183;1,96528893962837
2425;15,187;1,81922308512716
2426;15,191;1,83000105150892
2427;15,195;1,70689940063992
2428;15,199;1,64551756770966
2429;15,203;1,60340088026318
2430;15,207;1,58847320905499
2431;15,211;1,52282900962882
2432;15,216;1,58558155953794
2433;15,220;1,48296555557225
2434;15,224;1,46174760781722
2435;15,228;1,37625617761488
2436;15,232;1,39262967358159
2437;15,236;1,42686004416337
2438;15,240;1,29938336512896
2439;15,244;1,34499256432981
2440;15,249;1,25009388472458
2441;15,253;1,30894083009118
2442;15,257;1,30141127517988
2443;15,261;1,28854906791245
2444;15,265;1,21706523861742
2445;15,269;1,19231722521819
2446;15,273;1,19237355605294
2447;15,277;1,19964023373541
2448;15,282;1,18912514458248
2449;15,286;1,24923014525845
2450;15,290;1,15305463339893
2451;15,294;1,14729011130973
2452;15,298;1,23216190232984
2453;15,302;1,14672680296225
2454;15,306;1,15876282465338
2455;15,310;1,16745655014946
2456;15,314;1,07447311892566
2457;15,319;1,12344339126647
2458;15,323;1,10892881284643
2459;15,327;1,14738399603431
2460;15,331;1,10859082783795
2461;15,335;1,06846449655255
2462;15,339;1,07742109927746
2463;15,343;1,0742853494765
2464;15,347;1,05141503056887
2465;15,352;1,07430412642141
2466;15,356;1,05019452914933
2467;15,360;1,03136125339863
2468;15,364;1,06927190518394
2469;15,368;1,15388081897523
2470;15,372;1,07811584623935
2471;15,376;1,03690045214883
2472;15,380;1,07976821739196
2473;15,385;1,06942212074327
2474;15,389;1,02439500683481
2475;15,393;1,0285071577714
2476;15,397;1,05428790314101
2477;15,401;1,05481365759865
2478;15,405;0,986972555617311
2479;15,409;0,999984978444067
2480;15,413;1,01470610325818
2481;15,418;1,0341590181911
2482;15,422;0,981395802977272
2483;15,426;1,02858226555107
2484;15,430;0,969416112120894
2485;15,434;0,931636898949993
2486;15,438;1,01121359150381
2487;15,442;0,942602634780911
2488;15,446;0,971556683841312
2489;15,451;0,969960643523456
2490;15,455;0,967275540400475
2491;15,459;0,994258010244701
2492;15,463;0,985113638070631
2493;15,467;0,994840095537096
2494;15,471;0,951859668624476
2495;15,475;0,971049706328582
2496;15,479;0,974110348349882
2497;15,483;0,965041083955476
