#"+EI TIC Scan 140C_1ml-min_8C-min_3.d "
#Point;X(Minutes);Y(Counts)
0;4,841;86,7948759170356
1;4,845;81,545375852521
2;4,849;78,8140724375096
3;4,853;74,358518779577
4;4,857;70,6361968741557
5;4,862;66,3966938490711
6;4,866;63,244855852805
7;4,870;60,4181377303994
8;4,874;56,7612072612054
9;4,878;53,9350319795858
10;4,882;51,5006415960521
11;4,886;48,7623856432809
12;4,890;46,0261757827033
13;4,895;44,6712243022304
14;4,899;41,8584112553444
15;4,903;40,5380345572444
16;4,907;37,9141301039039
17;4,911;35,9843937449709
18;4,915;34,3494825683384
19;4,919;33,1046442534666
20;4,923;31,7704668723059
21;4,928;30,1772500437404
22;4,932;28,2675152799242
23;4,936;27,4214352793897
24;4,940;25,4232801029226
25;4,944;24,3409182110139
26;4,948;23,3501502625053
27;4,952;22,3831002806487
28;4,956;21,2062423349837
29;4,960;20,1877895063865
30;4,965;19,1292290950969
31;4,969;18,3044869131526
32;4,973;17,7320821827544
33;4,977;16,8232414359559
34;4,981;15,9994179076494
35;4,985;15,3079431386804
36;4,989;14,6318349396549
37;4,993;13,8175946390714
38;4,998;13,2413273876956
39;5,002;12,5014980317846
40;5,006;12,1981961818249
41;5,010;11,553238692522
42;5,014;11,0591491847575
43;5,018;10,3848365360244
44;5,022;9,81800636292915
45;5,026;9,3500149698786
46;5,031;9,03616948157452
47;5,035;8,41829139609881
48;5,039;8,16975383005492
49;5,043;7,84899756097459
50;5,047;7,32906048039739
51;5,051;7,09286210299026
52;5,055;6,71905358631941
53;5,059;6,4614129978633
54;5,064;6,15721337275749
55;5,068;5,86188710665443
56;5,072;5,68287491820851
57;5,076;5,54234179009683
58;5,080;5,2113759385404
59;5,084;5,02248822348672
60;5,088;4,74211095749181
61;5,092;4,60759083501022
62;5,097;4,40630129584447
63;5,101;4,37832411687112
64;5,105;4,21100388381704
65;5,109;3,94601406625748
66;5,113;3,85485857118459
67;5,117;3,69925117201414
68;5,121;3,56569146015402
69;5,125;3,49539357836053
70;5,129;3,36555023803568
71;5,134;3,30057637164383
72;5,138;3,20752093381977
73;5,142;3,15958391671319
74;5,146;3,06525489089109
75;5,150;2,93090179634367
76;5,154;2,92088012029352
77;5,158;2,71766975988482
78;5,162;2,70278339525198
79;5,167;2,6113356012943
80;5,171;2,50631678768536
81;5,175;2,48499984758701
82;5,179;2,50026202507173
83;5,183;2,40908565150707
84;5,187;2,33780648060033
85;5,191;2,3632364835776
86;5,195;2,30817990077706
87;5,200;2,20762908440715
88;5,204;2,14394968450511
89;5,208;2,13979486464265
90;5,212;2,08212847037071
91;5,216;2,01542168916185
92;5,220;2,03521449936091
93;5,224;1,94339089255135
94;5,228;1,93455929053215
95;5,233;1,95598062308936
96;5,237;1,94142831432486
97;5,241;1,86818656519163
98;5,245;1,84210932896945
99;5,249;1,77642559385738
100;5,253;1,75239444982878
101;5,257;1,80745103262932
102;5,261;1,76348092895926
103;5,266;1,73091048179625
104;5,270;1,74452325843105
105;5,274;1,68856890048434
106;5,278;1,70163883633309
107;5,282;1,62259286648747
108;5,286;1,65931813351294
109;5,290;1,62793776038089
110;5,294;1,68971721753175
111;5,298;1,59073228804468
112;5,303;1,63175852437501
113;5,307;1,62165333435777
114;5,311;1,55480040370652
115;5,315;1,52949567167987
116;5,319;1,55567730036091
117;5,323;1,53644820943967
118;5,327;1,54882915505997
119;5,331;1,46295591840518
120;5,336;1,50782379722141
121;5,340;1,48061912244359
122;5,344;1,46569100082721
123;5,348;1,42232637341851
124;5,352;1,40476756183896
125;5,356;1,43898740985189
126;5,360;1,38954714133779
127;5,364;1,46514816004116
128;5,369;1,49905483067752
129;5,373;1,77573660362893
130;5,377;2,42190504545456
131;5,381;3,9118986107034
132;5,385;6,27626253283665
133;5,389;9,73394955505846
134;5,393;13,8079487758731
135;5,397;17,8567685356118
136;5,402;21,0893854165405
137;5,406;23,2007437753909
138;5,410;24,2873857581126
139;5,414;24,361525282392
140;5,418;24,0456337018944
141;5,422;23,1219483474465
142;5,426;22,5495644955401
143;5,430;21,5882769774124
144;5,435;20,5823930008614
145;5,439;19,6196857452933
146;5,443;18,7107614845276
147;5,447;17,9047681881937
148;5,451;17,0605881304104
149;5,455;16,386484266595
150;5,459;15,4141102693367
151;5,463;14,7353713803481
152;5,467;13,9975672381388
153;5,472;13,32978955733
154;5,476;12,8312946878018
155;5,480;12,0941586573292
156;5,484;11,6172103913089
157;5,488;11,0962711431267
158;5,492;10,5137194657277
159;5,496;9,95968780808824
160;5,500;9,43048067716465
161;5,505;9,15225389582217
162;5,509;8,70284436044795
163;5,513;8,02139126752906
164;5,517;7,67176004432921
165;5,521;7,37933588858235
166;5,525;7,10313432094167
167;5,529;6,59693528794989
168;5,533;6,4296985688629
169;5,538;6,10875439335663
170;5,542;5,64869682717912
171;5,546;5,38209936575318
172;5,550;5,09481131898202
173;5,554;4,81171984905686
174;5,558;4,51940008576884
175;5,562;4,15147930377746
176;5,566;3,89918360921476
177;5,571;3,61229225378725
178;5,575;3,35717796283545
179;5,579;3,16325853126492
180;5,583;3,04036772869987
181;5,587;2,74612714416891
182;5,591;2,6288526558903
183;5,595;2,44643727328568
184;5,599;2,37828987614461
185;5,604;2,18159360516851
186;5,608;2,05651056096749
187;5,612;1,93159454470064
188;5,616;1,88933647735581
189;5,620;1,74636056570691
190;5,624;1,71717243421083
191;5,628;1,61363599351765
192;5,632;1,56271335208779
193;5,636;1,48429373699531
194;5,641;1,41593755493653
195;5,645;1,38276163151216
196;5,649;1,33484549289735
197;5,653;1,30022895354076
198;5,657;1,31012535864029
199;5,661;1,23400237764264
200;5,665;1,19510574747297
201;5,669;1,1798853269718
202;5,674;1,11892013100001
203;5,678;1,14581162840126
204;5,682;1,04759920310973
205;5,686;1,10159098282995
206;5,690;1,06284050210267
207;5,694;1,01665727830487
208;5,698;1,04939475340205
209;5,702;0,976361789186528
210;5,707;1,01839019312187
211;5,711;1,01607268053527
212;5,715;0,994129385683785
213;5,719;1,00018414829742
214;5,723;0,988700977823284
215;5,727;0,962602863109334
216;5,731;0,974649752861293
217;5,735;0,973772856206904
218;5,740;1,03271283847689
219;5,744;0,946129733101888
220;5,748;0,94688135880565
221;5,752;0,93157742433739
222;5,756;0,938467326621872
223;5,760;0,962435835175164
224;5,764;1,04889366959954
225;5,768;1,26164550074766
226;5,773;1,77419159523787
227;5,777;2,59346361233819
228;5,781;4,01320105277707
229;5,785;5,76196264503766
230;5,789;8,02778008601103
231;5,793;10,2279137918723
232;5,797;11,9351063070166
233;5,801;13,211366752004
234;5,805;14,014979900276
235;5,810;14,1530284878669
236;5,814;13,9234485923512
237;5,818;13,3510856189366
238;5,822;13,1218606577811
239;5,826;12,4138918803128
240;5,830;11,7851361006243
241;5,834;11,0587524934139
242;5,838;10,6541690798723
243;5,843;10,1536489966423
244;5,847;9,52027907027241
245;5,851;9,04696366182021
246;5,855;8,62384014758588
247;5,859;8,36208649625085
248;5,863;7,82893333038251
249;5,867;7,38086001848164
250;5,871;6,97550410074457
251;5,876;6,54816313117246
252;5,880;6,2301837014977
253;5,884;5,83677028105373
254;5,888;5,59652147624299
255;5,892;5,35598037254746
256;5,896;5,01090066055372
257;5,900;4,79674997045693
258;5,904;4,55441331646908
259;5,909;4,29055093746516
260;5,913;4,02209529027158
261;5,917;3,80251619231429
262;5,921;3,59297964889893
263;5,925;3,38824515859094
264;5,929;3,12233668739344
265;5,933;2,96474583150473
266;5,937;2,77610865835229
267;5,942;2,53514998482134
268;5,946;2,40181993637071
269;5,950;2,25744516577314
270;5,954;2,08315151646749
271;5,958;1,88816728181663
272;5,962;1,78477699056584
273;5,966;1,67372429283504
274;5,970;1,68259765183779
275;5,974;1,52010035038285
276;5,979;1,46262186253685
277;5,983;1,36871040655017
278;5,987;1,26101914599452
279;5,991;1,24229113887579
280;5,995;1,16762965230213
281;5,999;1,15491465081349
282;6,003;1,07601483041027
283;6,007;1,03434136083504
284;6,012;1,02200217219828
285;6,016;1,00926629221788
286;6,020;0,949303263851105
287;6,024;0,909968185354239
288;6,028;0,902201386415368
289;6,032;0,933122432728456
290;6,036;0,871572638987076
291;6,040;0,814991926287232
292;6,045;0,794906817203376
293;6,049;0,809438247476103
294;6,053;0,829439842592875
295;6,057;0,783131347844442
296;6,061;0,75682444821278
297;6,065;0,767388965048987
298;6,069;0,75519592585463
299;6,073;0,690744021757059
300;6,078;0,790104764096009
301;6,082;0,747533519374614
302;6,086;0,72442102898394
303;6,090;0,741541392236291
304;6,094;0,685587034289582
305;6,098;0,719117892074065
306;6,102;0,726529756652827
307;6,106;0,716278417193187
308;6,111;0,715359763555256
309;6,115;0,712311503756667
310;6,119;0,70354253721278
311;6,123;0,694147215915758
312;6,127;0,638589549312701
313;6,131;0,689282527333077
314;6,135;0,677465300990601
315;6,139;0,674584069126181
316;6,143;0,67744442249883
317;6,148;0,653475913945538
318;6,152;0,655375856696714
319;6,156;0,652452867848751
320;6,160;0,62579103385698
321;6,164;0,664604150059566
322;6,168;0,620508775438876
323;6,172;0,59177997076176
324;6,176;0,661869067637544
325;6,181;0,559814999860114
326;6,185;0,605685046281353
327;6,189;0,599818190093657
328;6,193;0,611823322862074
329;6,197;0,597145743146948
330;6,201;0,55056582800549
331;6,205;0,578856184355412
332;6,209;0,546035195291148
333;6,214;0,547663717649299
334;6,218;0,531524643510192
335;6,222;0,55037792157955
336;6,226;0,580150650845224
337;6,230;0,577415568423202
338;6,234;0,701350295576808
339;6,238;0,953374569746481
340;6,242;1,58924991512893
341;6,247;2,92123505465363
342;6,251;5,10804828276493
343;6,255;8,2845855347963
344;6,259;12,6762301294174
345;6,263;17,5881041035005
346;6,267;22,4967627898509
347;6,271;26,5041596219156
348;6,275;28,9871968912761
349;6,280;30,6150511376899
350;6,284;31,4173280624885
351;6,288;31,1788956864618
352;6,292;30,2505961853325
353;6,296;28,6866510022302
354;6,300;27,0321558003164
355;6,304;25,5389678258266
356;6,308;23,9898463718818
357;6,312;22,5457646100378
358;6,317;21,1822947049222
359;6,321;19,6505023991475
360;6,325;18,5573672054849
361;6,329;17,2148593061075
362;6,333;16,1932538252529
363;6,337;14,9634480244562
364;6,341;14,0973246718214
365;6,345;13,0435663136392
366;6,350;12,1927260169809
367;6,354;11,2188696468069
368;6,358;10,3367116124919
369;6,362;9,69920774475125
370;6,366;8,86548781134529
371;6,370;8,2415132062724
372;6,374;7,62023192663799
373;6,378;7,02256422119676
374;6,383;6,49845144226533
375;6,387;5,89717175774769
376;6,391;5,33186571455177
377;6,395;4,80658374008115
378;6,399;4,2128411910929
379;6,403;3,8462357540831
380;6,407;3,43288337399768
381;6,411;3,05723755005096
382;6,416;2,77080552144242
383;6,420;2,55872180203098
384;6,424;2,26143295770143
385;6,428;2,07331774684328
386;6,432;1,79436021828881
387;6,436;1,71389451100276
388;6,440;1,56492647221553
389;6,444;1,41514417224923
390;6,449;1,31444720643692
391;6,453;1,22151703956349
392;6,457;1,13292959897846
393;6,461;1,00646857432054
394;6,465;1,00072698908347
395;6,469;0,907253981423988
396;6,473;0,837645089858941
397;6,477;0,861947654280571
398;6,481;0,787808130001182
399;6,486;0,739453543059175
400;6,490;0,69617242961756
401;6,494;0,68663095887814
402;6,498;0,633996281123046
403;6,502;0,617230852230804
404;6,506;0,612616705549378
405;6,510;0,594619445642638
406;6,514;0,575202448295459
407;6,519;0,608503642670459
408;6,523;0,523862237030177
409;6,527;0,563468735920067
410;6,531;0,560357840646164
411;6,535;0,540105703628139
412;6,539;0,51960302470886
413;6,543;0,526388534534487
414;6,547;0,510207703411838
415;6,552;0,465694758955725
416;6,556;0,467532066231587
417;6,560;0,474087912647731
418;6,564;0,457927960016853
419;6,568;0,443062473875787
420;6,572;0,419803834042715
421;6,576;0,453522598253138
422;6,580;0,417569835423201
423;6,585;0,418885180404784
424;6,589;0,420513702762934
425;6,593;0,395897960964737
426;6,597;0,395668297555254
427;6,601;0,398695678862072
428;6,605;0,365561512421241
429;6,609;0,383767557245693
430;6,613;0,376355692666931
431;6,618;0,427132184654392
432;6,622;0,357899105941225
433;6,626;0,368755921662229
434;6,630;0,360926487248044
435;6,634;0,371699789001962
436;6,638;0,363828597604235
437;6,642;0,393288149493342
438;6,646;0,337041492661836
439;6,650;0,349860886609329
440;6,655;0,382744511148906
441;6,659;0,378547934302903
442;6,663;0,352241034671241
443;6,667;0,343722610028608
444;6,671;0,388423460910661
445;6,675;0,34376436701215
446;6,679;0,322176006520771
447;6,683;0,356980452303294
448;6,688;0,32198810009483
449;6,692;0,365770297338953
450;6,696;0,353389351718655
451;6,700;0,336456894892244
452;6,704;0,344745656125395
453;6,708;0,314597114007839
454;6,712;0,351092717623827
455;6,716;0,29948108596552
456;6,721;0,309106070672024
457;6,725;0,320651876621476
458;6,729;0,302529345764109
459;6,733;0,340945770623043
460;6,737;0,36140669255878
461;6,741;0,306767679593654
462;6,745;0,323136417142244
463;6,749;0,332886672799376
464;6,754;0,315641038596397
465;6,758;0,308250052509407
466;6,762;0,30956539749099
467;6,766;0,315098197810347
468;6,770;0,329232936739423
469;6,774;0,321048567965128
470;6,778;0,359945198134799
471;6,782;0,48703257754585
472;6,787;0,624371296416541
473;6,791;1,07818619355448
474;6,795;1,89942078888128
475;6,799;3,20392983323513
476;6,803;5,16778164772222
477;6,807;7,66006808893736
478;6,811;10,3451882801509
479;6,815;13,1031535291541
480;6,819;15,3849221378406
481;6,824;17,0627803720464
482;6,828;17,9408671004661
483;6,832;18,2157533231251
484;6,836;17,865788044057
485;6,840;17,2507076764786
486;6,844;16,1382181209441
487;6,848;15,3028487866882
488;6,852;14,5728532004014
489;6,857;13,4160594853285
490;6,861;12,3327371827983
491;6,865;11,2318351901968
492;6,869;10,4156323113868
493;6,873;9,57594112933432
494;6,877;8,85496505149262
495;6,881;7,96126121122812
496;6,885;7,515401019455
497;6,890;6,90781603042247
498;6,894;6,33954524139503
499;6,898;5,69646681635153
500;6,902;5,22212836180255
501;6,906;4,70768232456117
502;6,910;4,29879794171477
503;6,914;3,78094871031468
504;6,918;3,42073209178686
505;6,923;3,06667462833153
506;6,927;2,7177532738519
507;6,931;2,36741218193184
508;6,935;2,10993862140989
509;6,939;1,91666642308426
510;6,943;1,7018476212508
511;6,947;1,50149761421475
512;6,951;1,37783430745416
513;6,956;1,22965965135424
514;6,960;1,07864552037344
515;6,964;1,00596749051803
516;6,968;0,897628996717484
517;6,972;0,855642349765681
518;6,976;0,855913770158706
519;6,980;0,720182695154394
520;6,984;0,710369804021949
521;6,988;0,628818415163798
522;6,993;0,628651387229629
523;6,997;0,622617503107763
524;7,001;0,54659891456897
525;7,005;0,562508325298594
526;7,009;0,517139362679863
527;7,013;0,495029039894204
528;7,017;0,455860989331508
529;7,021;0,444294304890286
530;7,026;0,442644904040364
531;7,030;0,422998243283702
532;7,034;0,38785974163284
533;7,038;0,389738805892244
534;7,042;0,380823689905959
535;7,046;0,34773128044867
536;7,050;0,372848106049376
537;7,054;0,347146682679078
538;7,059;0,286557299559172
539;7,063;0,362012168820144
540;7,067;0,333888840404391
541;7,071;0,295263630627745
542;7,075;0,271858841352275
543;7,079;0,306287474282918
544;7,083;0,27033471145298
545;7,087;0,262463520055253
546;7,092;0,332030654636758
547;7,096;0,284323300939657
548;7,100;0,325433051237072
549;7,104;0,319127746722181
550;7,108;0,325078116876962
551;7,112;0,334786615550551
552;7,116;0,340590836262934
553;7,120;0,315181711777432
554;7,125;0,330882337589344
555;7,129;0,320150792818968
556;7,133;0,325558322187698
557;7,137;0,279312462914579
558;7,141;0,312300479913012
559;7,145;0,295639443479626
560;7,149;0,312216965945927
561;7,153;0,27501149360972
562;7,158;0,278623472686131
563;7,162;0,308396201951805
564;7,166;0,228431578468262
565;7,170;0,224506422015284
566;7,174;0,270752281288403
567;7,178;0,257327411079547
568;7,182;0,214756166358152
569;7,186;0,19851269976019
570;7,190;0,228556849418889
571;7,195;0,231062268431428
572;7,199;0,232920454199061
573;7,203;0,224318515589343
574;7,207;0,19725999025392
575;7,211;0,188386631251177
576;7,215;0,195944645272337
577;7,219;0,190265695510581
578;7,223;0,173312360192399
579;7,228;0,214651773899296
580;7,232;0,205527872995299
581;7,236;0,203711444211208
582;7,240;0,18700865079428
583;7,244;0,201748865984719
584;7,248;0,207761871614814
585;7,252;0,184816409158309
586;7,256;0,140637520570534
587;7,261;0,169595988657133
588;7,265;0,204421312931428
589;7,269;0,173896957961992
590;7,273;0,187572370072102
591;7,277;0,155022801400863
592;7,281;0,16485657102508
593;7,285;0,167549896463559
594;7,289;0,198596213727274
595;7,294;0,189305284889108
596;7,298;0,164793935549766
597;7,302;0,178030899332682
598;7,306;0,171976136719045
599;7,310;0,169971801509014
600;7,314;0,189200892430252
601;7,318;0,15928201372218
602;7,322;0,203753201194751
603;7,327;0,180139627001569
604;7,331;0,190077789084641
605;7,335;0,193898553078763
606;7,339;0,137067298477666
607;7,343;0,171328903474139
608;7,347;0,171600323867164
609;7,351;0,158008425724139
610;7,355;0,20715639535345
611;7,359;0,172268435603841
612;7,364;0,159449041656349
613;7,368;0,180076991526255
614;7,372;0,163520347551725
615;7,376;0,186089997156349
616;7,380;0,145168153284876
617;7,384;0,20968269285776
618;7,388;0,233651201411052
619;7,392;0,397526483322887
620;7,397;0,758348578112075
621;7,401;1,5358427331783
622;7,405;2,98412107186836
623;7,409;5,39224631275396
624;7,413;8,95407525193032
625;7,417;14,0682409327842
626;7,421;20,0086311684982
627;7,425;26,442714220633
628;7,430;32,2452228966903
629;7,434;37,2468743853894
630;7,438;40,6394205132852
631;7,442;42,4986710839988
632;7,446;42,3186776064396
633;7,450;41,1577081930125
634;7,454;39,2699167240477
635;7,458;36,3296613633906
636;7,463;33,7602497735728
637;7,467;30,6287056713082
638;7,471;27,4584110883164
639;7,475;24,9086670377471
640;7,479;22,2569941903509
641;7,483;19,8432317566871
642;7,487;17,8042173718238
643;7,491;15,804120495622
644;7,496;14,0225170358054
645;7,500;12,2911472271901
646;7,504;10,6379882487497
647;7,508;9,35632027439349
648;7,512;8,19493329113094
649;7,516;7,12422159763054
650;7,520;6,05225719462387
651;7,524;5,20636510051532
652;7,528;4,42018549287229
653;7,533;3,79654494366774
654;7,537;3,25261847604548
655;7,541;2,87442547610269
656;7,545;2,46341148709563
657;7,549;2,19637557734249
658;7,553;1,9138895836787
659;7,557;1,7052508154095
660;7,561;1,50968198298904
661;7,566;1,33945963957877
662;7,570;1,20180774333151
663;7,574;1,11564220779194
664;7,578;1,02160548085463
665;7,582;0,882137155823283
666;7,586;0,845683309190837
667;7,590;0,738054684110507
668;7,594;0,725214411671244
669;7,599;0,730872482941228
670;7,603;0,632346880273124
671;7,607;0,636063251808391
672;7,611;0,571945403579158
673;7,615;0,484652429483938
674;7,619;0,488953398788797
675;7,623;0,487596296823672
676;7,627;0,48162504817712
677;7,632;0,429721117634016
678;7,636;0,421432356400865
679;7,640;0,427654146948671
680;7,644;0,411702979235505
681;7,648;0,414208398248044
682;7,652;0,42529487737853
683;7,656;0,457552147164972
684;7,660;0,454503887366383
685;7,665;0,476363668250787
686;7,669;0,458533436278217
687;7,673;0,461560817585035
688;7,677;0,446924994853452
689;7,681;0,478681180837386
690;7,685;0,451560020026649
691;7,689;0,426860764261367
692;7,693;0,415878677589737
693;7,697;0,398278109026649
694;7,702;0,361615477476492
695;7,706;0,364204410456116
696;7,710;0,322050735570144
697;7,714;0,324723182516852
698;7,718;0,318459634985504
699;7,722;0,322363912946711
700;7,726;0,295994377839736
701;7,730;0,246554109325629
702;7,735;0,290064886176726
703;7,739;0,291004418306429
704;7,743;0,259457017240206
705;7,747;0,286118851231977
706;7,751;0,285346347036444
707;7,755;0,267933684899297
708;7,759;0,28221457327077
709;7,763;0,244988222442792
710;7,768;0,29156813758425
711;7,772;0,219474705498434
712;7,776;0,232377613413011
713;7,780;0,241438878841695
714;7,784;0,253986852396162
715;7,788;0,22066477952939
716;7,792;0,226281093815832
717;7,796;0,18285383093182
718;7,801;0,175588115795456
719;7,805;0,160994050047415
720;7,809;0,192645843572494
721;7,813;0,193689768161052
722;7,817;0,199514867365205
723;7,821;0,200266493068967
724;7,825;0,219954910809171
725;7,829;0,244111325788403
726;7,834;0,231876529610503
727;7,838;0,248412295093262
728;7,842;0,230394156694751
729;7,846;0,2465749878174
730;7,850;0,259644923666146
731;7,854;0,243422335559955
732;7,858;0,250040817451413
733;7,862;0,285429861003529
734;7,866;0,287663859623043
735;7,871;0,277454277146946
736;7,875;0,31513995479389
737;7,879;0,33620635299099
738;7,883;0,388799273762542
739;7,887;0,386440004192401
740;7,891;0,439262588373436
741;7,895;0,511857104261759
742;7,899;0,634413850958469
743;7,904;1,07948066004429
744;7,908;1,7924811540294
745;7,912;2,89538748184093
746;7,916;4,57476984594596
747;7,920;6,94823679049143
748;7,924;9,77791965872852
749;7,928;12,7143960123751
750;7,932;15,6722310631036
751;7,937;18,1021116924147
752;7,941;19,8026439686839
753;7,945;20,5681329909817
754;7,949;20,7319247589265
755;7,953;20,1006635602255
756;7,957;19,1592732447556
757;7,961;17,8340527365648
758;7,965;16,377903206477
759;7,970;14,7433678426964
760;7,974;13,269847407455
761;7,978;11,8876703737125
762;7,982;10,5651640694519
763;7,986;9,28742125154866
764;7,990;8,1213366076376
765;7,994;7,04907990574614
766;7,998;6,16959431837779
767;8,003;5,30543354396948
768;8,007;4,55775387515247
769;8,011;3,97499341283585
770;8,015;3,40569957771163
771;8,019;2,8277202900106
772;8,023;2,39202792373003
773;8,027;2,02895095182956
774;8,031;1,83246346577117
775;8,035;1,52678146774962
776;8,040;1,32774680569515
777;8,044;1,11800147736208
778;8,048;1,05110678972728
779;8,052;0,946380275003142
780;8,056;1,00584221956741
781;8,060;1,18539724879938
782;8,064;1,70635737547337
783;8,068;2,62392533183231
784;8,073;4,14625968083467
785;8,077;6,44051362760036
786;8,081;9,37147805941935
787;8,085;12,9158943364586
788;8,089;16,5472277747411
789;8,093;19,7836862981557
790;8,097;22,3991975978042
791;8,101;23,6443908470362
792;8,106;24,401215295249
793;8,110;23,8394377171624
794;8,114;22,7977262487322
795;8,118;21,2928463188505
796;8,122;19,2152067242106
797;8,126;17,3137189646439
798;8,130;15,5991772203963
799;8,134;13,5466753298489
800;8,139;11,8508615927199
801;8,143;10,2928459012806
802;8,147;9,01096914200673
803;8,151;7,60446866535076
804;8,155;6,47080831916032
805;8,159;5,5144898820741
806;8,163;4,72043908303334
807;8,167;3,90678338021947
808;8,172;3,35515274913365
809;8,176;2,81609097009407
810;8,180;2,38860385107956
811;8,184;2,0433988681352
812;8,188;1,70994847605801
813;8,192;1,53325380019868
814;8,196;1,33977281695534
815;8,200;1,16082326398473
816;8,204;1,0030236231783
817;8,209;0,895081820721402
818;8,213;0,827853077218267
819;8,217;0,750623536156746
820;8,221;0,727448410290758
821;8,225;0,660470208688877
822;8,229;0,629423891425162
823;8,233;0,532213633738641
824;8,237;0,535011351635976
825;8,242;0,468596869311916
826;8,246;0,416755574244126
827;8,250;0,423478448594439
828;8,254;0,385416958095614
829;8,258;0,369549304349533
830;8,262;0,350194942477667
831;8,266;0,334556952141068
832;8,270;0,306057810873435
833;8,275;0,309293977097965
834;8,279;0,253005563282917
835;8,283;0,279583883307604
836;8,287;0,246825529718654
837;8,291;0,249477098173591
838;8,295;0,230164493285268
839;8,299;0,217178071403607
840;8,303;0,209557421907133
841;8,308;0,201331296149296
842;8,312;0,185693305812697
843;8,316;0,171328903474139
844;8,320;0,228327186009406
845;8,324;0,182582410538795
846;8,328;0,167174083611678
847;8,332;0,190766779313089
848;8,336;0,143727537352666
849;8,341;0,146441741282917
850;8,345;0,166464214891459
851;8,349;0,122953438040361
852;8,353;0,139614474473747
853;8,357;0,140115558276255
854;8,361;0,128527995343261
855;8,365;0,121554579091694
856;8,369;0,103118870857759
857;8,373;0,126001697838951
858;8,378;0,112013108352274
859;8,382;0,138111223066224
860;8,386;0,137568382280173
861;8,390;0,108484643242948
862;8,394;0,120301869585424
863;8,398;0,119946935225314
864;8,402;0,117378880737462
865;8,406;0,111010940747258
866;8,411;0,0884412911426339
867;8,415;0,100759601287618
868;8,419;0,0580004501402826
869;8,423;0,0704857882194363
870;8,427;0,0755801402115993
871;8,431;0,08297112629859
872;8,435;0,0900906919925556
873;8,439;0,0603179627268813
874;8,444;0,0718220116927905
875;8,448;0,0594410660724926
876;8,452;0,0812382114815837
877;8,456;0,0827832198726496
878;8,460;0,0569356470599534
879;8,464;0,0374768927292323
880;8,468;0,0253882459937306
881;8,472;0,0418404975094047
882;8,477;0,0290419820536836
883;8,481;0,0486260073350317
884;8,485;0,0438448327194361
885;8,489;0,0177884749890284
886;8,493;0,0260146007468654
887;8,497;0,029480430380878
888;8,501;0,0294386733973357
889;8,505;0,0416525910834643
890;8,510;0,0413394137068969
891;8,514;0,0541170506708468
892;8,518;0,00889423749451418
893;8,522;0,0308584108377745
894;8,526;0,0144687947974139
895;8,530;0,0385834527931037
896;8,534;0,0219432948514892
897;8,538;0,0512984542817402
898;8,542;0,0332594373914579
899;8,547;0,0582509920415365
900;8,551;0
901;8,555;0,00405042740360505
902;8,559;0,00870633106857374
903;8,563;0,0245113493393419
904;8,567;0,00463502517319753
905;8,571;0,0345330253894987
906;8,575;0,0506929780203766
907;8,580;0,0344077544388717
908;8,584;0,0669155661265679
909;8,588;0,159929246967086
910;8,592;0,353744286078765
911;8,596;0,718783836205727
912;8,600;1,37616402811247
913;8,604;2,51942848051765
914;8,608;4,38277123561837
915;8,613;6,8896934995651
916;8,617;10,0387546564256
917;8,621;13,4199637632897
918;8,625;17,1151227509167
919;8,629;20,3148560073058
920;8,633;22,5018153848595
921;8,637;23,7684717236322
922;8,641;24,1519261035014
923;8,646;23,2164652796945
924;8,650;21,8898876695386
925;8,654;20,1195377167866
926;8,658;17,9077746910088
927;8,662;15,8534146146937
928;8,666;13,7682170060326
929;8,670;11,8434288496494
930;8,674;10,2075781408872
931;8,679;8,56970221842326
932;8,683;7,14405616481314
933;8,687;6,00398612164895
934;8,691;4,96532291301728
935;8,695;4,1871397677226
936;8,699;3,46376266332722
937;8,703;2,84210557084093
938;8,707;2,41906557057369
939;8,711;2,01786447269908
940;8,716;1,72596227924649
941;8,720;1,53686577927509
942;8,724;1,31956243692086
943;8,728;1,14161505155526
944;8,732;1,04087632875941
945;8,736;0,905019982804474
946;8,740;0,793153023894599
947;8,744;0,798852852148125
948;8,749;0,877794429534881
949;8,753;1,27248143797689
950;8,757;2,06454878029939
951;8,761;3,79264066570653
952;8,765;6,74124742307215
953;8,769;11,5789192374006
954;8,773;18,500786492785
955;8,777;28,1668600710954
956;8,782;39,7044190162973
957;8,786;51,7748805854663
958;8,790;64,0201160092517
959;8,794;74,458881689521
960;8,798;82,2250333951476
961;8,802;85,3754934109568
962;8,806;84,1206751770183
963;8,810;80,002204768731
964;8,815;74,3503552892945
965;8,819;66,1933164607282
966;8,823;57,5264874985855
967;8,827;48,679539787933
968;8,831;40,9575043354188
969;8,835;34,3342621478373
970;8,839;28,1560658908497
971;8,843;23,2468226067298
972;8,848;19,006964647285
973;8,852;15,6589314638453
974;8,856;12,9403430503226
975;8,860;10,3874881044793
976;8,864;8,83133059880767
977;8,868;7,1918679109691
978;8,872;6,01803734661094
979;8,876;5,28543194885271
980;8,880;4,50804218624533
981;8,885;3,85189382535309
982;8,889;3,50568667480371
983;8,893;3,0855905418762
984;8,897;2,74299537040323
985;8,901;2,42714554688913
986;8,905;2,27780169525002
987;8,909;2,03183218369398
988;8,913;1,87405342137932
989;8,918;1,7680115616736
990;8,922;1,62273901592987
991;8,926;1,49057816301843
992;8,930;1,34589021504429
993;8,934;1,30402883904311
994;8,938;1,23717590839186
995;8,942;1,15913210615126
996;8,946;1,07384346726607
997;8,951;0,997699607776654
998;8,955;1,00880696539891
999;8,959;0,900134415730023
1000;8,963;0,821860950079944
1001;8,967;0,847103046631276
1002;8,971;0,764465976201025
1003;8,975;0,739349150600319
1004;8,979;0,708803917139112
1005;8,984;0,703438144753924
1006;8,988;0,596331481967873
1007;8,992;0,610006894077983
1008;8,996;0,548060408992951
1009;9,000;0,548060408992951
1010;9,004;0,564930230344048
1011;9,008;0,524071021947888
1012;9,012;0,486051288432606
1013;9,017;0,45642470860933
1014;9,021;0,458470800802903
1015;9,025;0,400011023843655
1016;9,029;0,407569037864815
1017;9,033;0,361866019377746
1018;9,037;0,373307432868341
1019;9,041;0,330736188146946
1020;9,045;0,329107665788796
1021;9,049;0,296453704658701
1022;9,054;0,326769274710426
1023;9,058;0,261482230942008
1024;9,062;0,293530715810739
1025;9,066;0,27860259419436
1026;9,070;0,241960841135974
1027;9,074;0,236950003110895
1028;9,078;0,211102430298199
1029;9,082;0,245343156802902
1030;9,087;0,244716802049767
1031;9,091;0,236010470981193
1032;9,095;0,228410699976491
1033;9,099;0,226322850799375
1034;9,103;0,240332318777823
1035;9,107;0,214630895407525
1036;9,111;0,225905280963952
1037;9,115;0,190370087969437
1038;9,120;0,18483728765008
1039;9,124;0,197364382712776
1040;9,128;0,202416977721397
1041;9,132;0,152997587699061
1042;9,136;0,177968263857368
1043;9,140;0,182749438472964
1044;9,144;0,13642006523276
1045;9,148;0,133350926942399
1046;9,153;0,137881559656741
1047;9,157;0,162580815422023
1048;9,161;0,164397244206114
1049;9,165;0,141931987060346
1050;9,169;0,205068546176334
1051;9,173;0,174857368583465
1052;9,177;0,148926281803685
1053;9,181;0,15569091313754
1054;9,186;0,135939859922023
1055;9,190;0,173938714945534
1056;9,194;0,148696618394202
1057;9,198;0,149155945213167
1058;9,202;0,165608196728841
1059;9,206;0,218785715269986
1060;9,210;0,30255022425588
1061;9,214;0,54659891456897
1062;9,218;1,06837330242203
1063;9,223;2,01105808438168
1064;9,227;3,51687754639305
1065;9,231;5,64884297662152
1066;9,235;8,59131145740641
1067;9,239;12,4054152126537
1068;9,243;16,451437254495
1069;9,247;20,5268562127502
1070;9,251;23,69076197726
1071;9,256;25,6980619331229
1072;9,260;26,6673041566154
1073;9,264;26,0579027387988
1074;9,268;24,7090060209395
1075;9,272;22,5295837789151
1076;9,276;19,9535745856976
1077;9,280;17,4714559699751
1078;9,284;14,7750405147133
1079;9,289;12,4513270160585
1080;9,293;10,3056444167364
1081;9,297;8,52145202394011
1082;9,301;6,87031825920146
1083;9,305;5,64867594868735
1084;9,309;4,69104216661955
1085;9,313;3,82953296066617
1086;9,317;3,20572538352745
1087;9,322;2,70656240226256
1088;9,326;2,25051350650511
1089;9,330;1,94587543307212
1090;9,334;1,67996696187462
1091;9,338;1,50156024969006
1092;9,342;1,35795798328802
1093;9,346;1,24089227992713
1094;9,350;1,15353667035659
1095;9,355;1,04446742934405
1096;9,359;0,991122882868738
1097;9,363;0,943290258221011
1098;9,367;0,821109324376182
1099;9,371;0,799395692934176
1100;9,375;0,661994338588171
1101;9,379;0,628025032476494
1102;9,383;0,560295205170851
1103;9,387;0,507389107022731
1104;9,392;0,482084374996085
1105;9,396;0,442269091188483
1106;9,400;0,3898431983511
1107;9,404;0,35599916319005
1108;9,408;0,346374178483545
1109;9,412;0,327771442315441
1110;9,416;0,337375548530175
1111;9,420;0,311778517618733
1112;9,425;0,246512352342087
1113;9,429;0,26997977709287
1114;9,433;0,236824732160268
1115;9,437;0,232857818723748
1116;9,441;0,204588340865597
1117;9,445;0,183459307193183
1118;9,449;0,226698663651256
1119;9,453;0,227429410863246
1120;9,458;0,189722854724531
1121;9,462;0,227846980698669
1122;9,466;0,336248109974532
1123;9,470;0,522818312441618
1124;9,474;0,926399558378142
1125;9,478;1,75544270962736
1126;9,482;3,33166444589109
1127;9,486;5,57271999562387
1128;9,491;8,85811770375007
1129;9,495;12,9115724886619
1130;9,499;17,5239444982878
1131;9,503;22,0896948357886
1132;9,507;26,4936786190464
1133;9,511;29,1709067403705
1134;9,515;31,2293172440892
1135;9,519;30,9860410579716
1136;9,524;29,6129879251331
1137;9,528;27,0525749652686
1138;9,532;24,1370397388685
1139;9,536;20,6412703476561
1140;9,540;17,2733399615585
1141;9,544;14,2717644705695
1142;9,548;11,7134393598821
1143;9,552;9,49000525720423
1144;9,556;7,67894224549849
1145;9,561;6,21803241928688
1146;9,565;5,07996671133272
1147;9,569;4,20611831674259
1148;9,573;3,45117293278921
1149;9,577;2,95297036214579
1150;9,581;2,49495888816185
1151;9,585;2,20347426454469
1152;9,589;1,87405342137932
1153;9,594;1,57233833679429
1154;9,598;1,46558660836835
1155;9,602;1,31705701790832
1156;9,606;1,1359361017935
1157;9,610;1,03914341394241
1158;9,614;0,966611533529396
1159;9,618;0,89378735423159
1160;9,622;0,780980863192012
1161;9,627;0,738054684110507
1162;9,631;0,666211793925946
1163;9,635;0,66700517661325
1164;9,639;0,60401476693966
1165;9,643;0,58944157968339
1166;9,647;0,503985912864032
1167;9,651;0,455213756086602
1168;9,655;0,431913359269988
1169;9,660;0,463293732402041
1170;9,664;0,395417755654
1171;9,668;0,421369720925552
1172;9,672;0,400365958203765
1173;9,676;0,369089977530567
1174;9,680;0,340862256655959
1175;9,684;0,342762199407134
1176;9,688;0,304053475663404
1177;9,693;0,32163316573472
1178;9,697;0,2931966599424
1179;9,701;0,293175781450629
1180;9,705;0,262296492121084
1181;9,709;0,219057135663011
1182;9,713;0,239288394189265
1183;9,717;0,201352174641067
1184;9,721;0,180306654935738
1185;9,725;0,181287944048983
1186;9,730;0,192645843572494
1187;9,734;0,174418920256271
1188;9,738;0,148905403311913
1189;9,742;0,14308030410776
1190;9,746;0,146838432626569
1191;9,750;0,19402382402939
1192;9,754;0,14794499269044
1193;9,758;0,150888860030174
1194;9,763;0,171829987276647
1195;9,767;0,158238089133622
1196;9,771;0,152204205011757
1197;9,775;0,143685780369123
1198;9,779;0,143226453550158
1199;9,783;0,133163020516459
1200;9,787;0,106146252164578
1201;9,791;0,135835467463167
1202;9,796;0,1222018123366
1203;9,800;0,108087951899296
1204;9,804;0,127108257902822
1205;9,808;0,101239806598355
1206;9,812;0,0858732366547812
1207;9,816;0,0670825940607372
1208;9,820;0,0914686724494521
1209;9,824;0,0844326207225712
1210;9,829;0,115708601395769
1211;9,833;0,0710286290054865
1212;9,837;0,0715297128079943
1213;9,841;0,068356182058778
1214;9,845;0,0650782588507058
1215;9,849;0,0397735268240599
1216;9,853;0,0343659974553294
1217;9,857;0,045661261503527
1218;9,862;0,0310045602801727
1219;9,866;0,0494611470058781
1220;9,870;0,08819074924138
1221;9,874;0,0264112920905174
1222;9,878;0,0670408370771949
1223;9,882;0,0299188787080723
1224;9,886;0,0283321133334642
1225;9,890;0,0288749541195143
1226;9,894;0,0122974316532133
1227;9,899;0,0125688520462383
1228;9,903;0,0344495114224141
1229;9,907;0,0286661692018027
1230;9,911;0,0316100365415363
1231;9,915;0,0538247517860506
1232;9,919;0,0103974889020377
1233;9,923;0,0498160813659878
1234;9,927;0,0886500760603455
1235;9,932;0,172331071079155
1236;9,936;0,291275838699454
1237;9,940;0,768370254162232
1238;9,944;1,50504695781584
1239;9,948;2,71660495680449
1240;9,952;4,81979982537229
1241;9,956;7,7858610018586
1242;9,960;11,4709774349437
1243;9,965;15,7430091502078
1244;9,969;20,6894370281722
1245;9,973;24,8633607106036
1246;9,977;28,2222089527808
1247;9,981;29,7628537390665
1248;9,985;29,805863432115
1249;9,989;28,8646401445794
1250;9,993;26,3890773752729
1251;9,998;23,4310961751021
1252;10,002;20,0366918614386
1253;10,006;16,7792922107776
1254;10,010;13,7655236805942
1255;10,014;11,040128878754
1256;10,018;8,93188141517758
1257;10,022;7,15148890788368
1258;10,026;5,75348597737857
1259;10,031;4,70171107591461
1260;10,035;3,98825125511053
1261;10,039;3,254121727453
1262;10,043;2,82247978857604
1263;10,047;2,33603180879978
1264;10,051;2,00780103966538
1265;10,055;1,76976535498238
1266;10,059;1,59747604088677
1267;10,063;1,35405370532681
1268;10,068;1,21967973228763
1269;10,072;1,10900284740871
1270;10,076;0,998138056103848
1271;10,080;0,893662083280963
1272;10,084;0,80505376420416
1273;10,088;0,756594784803297
1274;10,092;0,72371116026372
1275;10,096;0,632493029715522
1276;10,101;0,607772895458469
1277;10,105;0,550837248398515
1278;10,109;0,511627440852277
1279;10,113;0,483879925288405
1280;10,117;0,436172571591304
1281;10,121;0,458575193261759
1282;10,125;0,342177601637542
1283;10,129;0,385437836587385
1284;10,134;0,389947590809956
1285;10,138;0,32973402054193
1286;10,142;0,290085764668498
1287;10,146;0,296119648790363
1288;10,150;0,236887367635582
1289;10,154;0,256367000458074
1290;10,158;0,243547606510582
1291;10,162;0,236156620423591
1292;10,167;0,215883604913795
1293;10,171;0,208659646760973
1294;10,175;0,202730155097964
1295;10,179;0,241605906775864
1296;10,183;0,258830662487071
1297;10,187;0,301965626486288
1298;10,191;0,568082882601493
1299;10,195;1,1675043813515
1300;10,200;2,18633302280057
1301;10,204;4,34819645324533
1302;10,208;7,92470297213682
1303;10,212;13,2792427287521
1304;10,216;20,6126668139296
1305;10,220;30,0926712735755
1306;10,224;40,6295241081857
1307;10,228;51,0011654374107
1308;10,232;59,8680103507211
1309;10,237;66,9845486633798
1310;10,241;70,7198569906828
1311;10,245;70,8907474458297
1312;10,249;66,8273127418512
1313;10,253;60,2058869830538
1314;10,257;51,4707644743276
1315;10,261;42,9658482158702
1316;10,265;34,7258382610054
1317;10,270;27,6953610914273
1318;10,274;21,7805887651165
1319;10,278;17,2764090998489
1320;10,282;13,8715446618081
1321;10,286;11,1710787791427
1322;10,290;9,30420755893267
1323;10,294;7,50128715901769
1324;10,298;6,48220797566737
1325;10,303;5,47878766114542
1326;10,307;4,88331219734016
1327;10,311;4,20764244664188
1328;10,315;3,88815976555959
1329;10,319;3,53142985515755
1330;10,323;3,18841711384916
1331;10,327;2,9742455452606
1332;10,331;2,8613137832704
1333;10,336;2,64616092556859
1334;10,340;2,43595627041655
1335;10,344;2,22821527729351
1336;10,348;2,09519840621945
1337;10,352;1,91105010879782
1338;10,356;1,85578474107956
1339;10,360;1,65489189325746
1340;10,364;1,61313490971514
1341;10,369;1,41128165127156
1342;10,373;1,30891440611757
1343;10,377;1,22283238454507
1344;10,381;1,11568396477548
1345;10,385;1,05810108447062
1346;10,389;1,02747233704233
1347;10,393;0,889361113976104
1348;10,397;0,872825348493345
1349;10,401;0,777515033558
1350;10,406;0,726007794358548
1351;10,410;0,716758622503924
1352;10,414;0,695379046930256
1353;10,418;0,675982928074848
1354;10,422;0,569648769484331
1355;10,426;0,616959431837779
1356;10,430;0,533863034588562
1357;10,434;0,53993867569397
1358;10,439;0,492982947700631
1359;10,443;0,504111183814659
1360;10,447;0,450808394322888
1361;10,451;0,484443644566226
1362;10,455;0,55937655153292
1363;10,459;0,700243735512937
1364;10,463;1,00241814691694
1365;10,467;1,67034197716812
1366;10,472;2,87920665071828
1367;10,476;4,90903449920223
1368;10,480;7,64908600226573
1369;10,484;11,549960769314
1370;10,488;16,5005434671408
1371;10,492;21,8401551021397
1372;10,496;26,4325255166487
1373;10,500;30,5370282139411
1374;10,505;33,2529650590089
1375;10,509;33,8784429154893
1376;10,513;32,7254490859188
1377;10,517;30,0159219378247
1378;10,521;26,5649577899532
1379;10,525;22,3148067340652
1380;10,529;18,3559315168767
1381;10,533;15,1151302671737
1382;10,538;12,0552829056513
1383;10,542;9,82495890068895
1384;10,546;7,84791187940249
1385;10,550;6,38372412998281
1386;10,554;5,25252744582136
1387;10,558;4,38122622722731
1388;10,562;3,80364363086994
1389;10,566;3,21574705957761
1390;10,570;2,80634071443693
1391;10,575;2,44505929282878
1392;10,579;2,13680924031937
1393;10,583;1,94334913556781
1394;10,587;1,74959673193144
1395;10,591;1,60889657588559
1396;10,595;1,60872954795142
1397;10,599;1,82381977017791
1398;10,603;2,38714235665558
1399;10,608;3,64891312835387
1400;10,612;5,92471048839386
1401;10,616;10,0834972642912
1402;10,620;15,8867993230358
1403;10,624;23,8377674378207
1404;10,628;33,2058005460978
1405;10,632;43,7592935386496
1406;10,636;53,4321526267857
1407;10,641;61,8129462516635
1408;10,645;67,1547918852819
1409;10,649;69,1918645704104
1410;10,653;67,3983603702842
1411;10,657;61,3505085374241
1412;10,661;53,4367876519589
1413;10,665;45,4389473231477
1414;10,669;37,2001691992973
1415;10,674;29,8490401530978
1416;10,678;23,7897469067471
1417;10,682;18,8509396782791
1418;10,686;15,2620104567838
1419;10,690;12,2418531081184
1420;10,694;10,0212793588132
1421;10,698;8,46915140205336
1422;10,702;7,15658325987584
1423;10,707;6,11618713642716
1424;10,711;5,35324529012543
1425;10,715;4,7015022909969
1426;10,719;4,03243014369831
1427;10,723;3,67392556149572
1428;10,727;3,30606741497965
1429;10,731;3,00666984298121
1430;10,735;2,6819884174479
1431;10,739;2,4157250118903
1432;10,744;2,25441778446632
1433;10,748;2,08229549830488
1434;10,752;1,98967850880801
1435;10,756;1,82941520597258
1436;10,760;1,68067683059484
1437;10,764;1,58388414274374
1438;10,768;1,450929907145
1439;10,772;1,38812740389735
1440;10,777;1,31505268269829
1441;10,781;1,24678001460659
1442;10,785;1,15988373185502
1443;10,789;1,11760478601843
1444;10,793;1,05858128978136
1445;10,797;0,968156541920462
1446;10,801;0,945858312708863
1447;10,805;0,916419639311527
1448;10,810;0,864891521620305
1449;10,814;0,815158954221401
1450;10,818;0,791148688684567
1451;10,822;0,772525074024693
1452;10,826;0,696005401683391
1453;10,830;0,70984784172767
1454;10,834;0,626939350904394
1455;10,838;0,587082310113249
1456;10,843;0,587541636932215
1457;10,847;0,517515175531744
1458;10,851;0,507034172662622
1459;10,855;0,529833485676728
1460;10,859;0,528726925612857
1461;10,863;0,472772567666148
1462;10,867;0,486594129218656
1463;10,871;0,453856654121477
1464;10,876;0,448240339835035
1465;10,880;0,463022312009016
1466;10,884;0,500144270378139
1467;10,888;0,584910946969048
1468;10,892;0,854890724061919
1469;10,896;1,30686831392399
1470;10,900;2,21382999646318
1471;10,904;3,83554596629627
1472;10,908;6,50726216579276
1473;10,913;10,2102923448175
1474;10,917;15,4064061058732
1475;10,921;21,7761834033528
1476;10,925;29,2206601862612
1477;10,929;37,5255396150591
1478;10,933;45,9020949061073
1479;10,937;54,7166809545145
1480;10,941;63,9141994204966
1481;10,946;72,0578968928211
1482;10,950;78,7889764904007
1483;10,954;85,2851939340465
1484;10,958;88,9881823560877
1485;10,962;88,9029563526778
1486;10,966;83,4667816932373
1487;10,970;74,8846985291938
1488;10,974;64,4948929121279
1489;10,979;53,1481007462391
1490;10,983;43,2379158421402
1491;10,987;34,2201194333243
1492;10,991;27,3688423586182
1493;10,995;21,9539428822925
1494;10,999;17,6195888690914
1495;11,003;14,4450141952866
1496;11,007;11,8510494991459
1497;11,012;10,0825786106533
1498;11,016;8,58308533164858
1499;11,020;7,42860912916228
1500;11,024;6,59967037037192
1501;11,028;5,75764079724103
1502;11,032;5,10591867660427
1503;11,036;4,65302243310427
1504;11,040;4,23113074988444
1505;11,045;3,83268561292362
1506;11,049;3,40908189337855
1507;11,053;3,23077957365285
1508;11,057;2,92718542480841
1509;11,061;2,74274482850198
1510;11,065;2,50980349581115
1511;11,069;2,34837099743654
1512;11,073;2,21666947134406
1513;11,077;2,11981414801765
1514;11,082;1,93554057964539
1515;11,086;1,86142193385777
1516;11,090;1,6450163666497
1517;11,094;1,63056845034406
1518;11,098;1,54440291480448
1519;11,102;1,51325220508191
1520;11,106;1,5236079370004
1521;11,110;1,47853127326647
1522;11,115;1,30571999687658
1523;11,119;1,31037590054155
1524;11,123;1,21700728534092
1525;11,127;1,17337123753919
1526;11,131;1,10791716583661
1527;11,135;1,05607587076882
1528;11,139;0,995590880107766
1529;11,143;1,04812116540401
1530;11,148;1,02156372387109
1531;11,152;0,960619406391073
1532;11,156;1,0044016036352
1533;11,160;0,914728481478064
1534;11,164;0,896626829112468
1535;11,168;0,8352858202888
1536;11,172;0,804030718107373
1537;11,176;0,762649547416934
1538;11,181;0,73937002909209
1539;11,185;0,724713327868736
1540;11,189;0,72262547869162
1541;11,193;0,635896223874221
1542;11,197;0,675711507681823
1543;11,201;0,618065991901651
1544;11,205;0,685085950487074
1545;11,209;0,822424669357765
1546;11,214;1,11969263519554
1547;11,218;1,70191025672611
1548;11,222;2,72044659929038
1549;11,226;4,53347218922261
1550;11,230;7,03112440282294
1551;11,234;10,6878878440828
1552;11,238;15,2071835373928
1553;11,242;19,8394736281683
1554;11,246;24,4231585901005
1555;11,251;27,6767374767675
1556;11,255;29,6090210116965
1557;11,259;29,765359158079
1558;11,263;28,3901972975715
1559;11,267;26,0516391912674
1560;11,271;22,7206846140966
1561;11,275;19,2214285147584
1562;11,279;15,5905961602783
1563;11,284;12,5513349916423
1564;11,288;10,2813627308065
1565;11,292;8,31949437303768
1566;11,296;6,78068689402787
1567;11,300;5,65788336355843
1568;11,304;4,65753218732684
1569;11,308;3,97031663067911
1570;11,312;3,39302633320653
1571;11,317;2,95896248928411
1572;11,321;2,5515396008617
1573;11,325;2,25347825233662
1574;11,329;2,10858151944477
1575;11,333;1,9148291158084
1576;11,337;1,73047203346906
1577;11,341;1,61090091109562
1578;11,345;1,46176584437423
1579;11,350;1,34186066613246
1580;11,354;1,32822701100589
1581;11,358;1,22189285241537
1582;11,362;1,11248955553449
1583;11,366;1,10248875797611
1584;11,370;0,939093681375007
1585;11,374;0,921430477336606
1586;11,378;0,83906482729938
1587;11,383;0,808081145510978
1588;11,387;0,79263106160032
1589;11,391;0,701976650329943
1590;11,395;0,688844079005883
1591;11,399;0,631219441717481
1592;11,403;0,613347452761368
1593;11,407;0,629820582768814
1594;11,411;0,558958981697496
1595;11,415;0,551046033316227
1596;11,420;0,528497262203374
1597;11,424;0,489684146000788
1598;11,428;0,472522025764894
1599;11,432;0,436485748967872
1600;11,436;0,440160363519596
1601;11,440;0,44976446973433
1602;11,444;0,401660424693577
1603;11,448;0,438197785293107
1604;11,453;0,415544621721398
1605;11,457;0,375917244339737
1606;11,461;0,392974972116774
1607;11,465;0,386189462291147
1608;11,469;0,351948735786445
1609;11,473;0,36339014927704
1610;11,477;0,32163316573472
1611;11,481;0,31190378856936
1612;11,486;0,292215370829156
1613;11,490;0,297706414164971
1614;11,494;0,293760379220222
1615;11,498;0,265386508903215
1616;11,502;0,285847430838952
1617;11,506;0,299021759146554
1618;11,510;0,2787905006203
1619;11,514;0,236156620423591
1620;11,519;0,219474705498434
1621;11,523;0,254905506034093
1622;11,527;0,24945621968182
1623;11,531;0,238160955633623
1624;11,535;0,229204082663795
1625;11,539;0,255323075869516
1626;11,543;0,231521595250394
1627;11,547;0,254049487871475
1628;11,552;0,222230666412227
1629;11,556;0,266493068967087
1630;11,560;0,239852113467087
1631;11,564;0,223817431786836
1632;11,568;0,269958898601099
1633;11,572;0,220330723661052
1634;11,576;0,212188111870299
1635;11,580;0,182874709423591
1636;11,584;0,235739050588168
1637;11,589;0,211060673314657
1638;11,593;0,187551491580331
1639;11,597;0,191246984623826
1640;11,601;0,204233406505487
1641;11,605;0,186444931516459
1642;11,609;0,164898328008622
1643;11,613;0,217720912189657
1644;11,617;0,298207497967479
1645;11,622;0,41450069713284
1646;11,626;0,84626790696043
1647;11,630;1,66134334721475
1648;11,634;3,269905867232
1649;11,638;6,16412415353375
1650;11,642;10,7290393513637
1651;11,646;17,7237934215213
1652;11,650;27,4669712699426
1653;11,655;39,8211924207734
1654;11,659;53,608387975826
1655;11,663;68,3997345926126
1656;11,667;82,6601620421503
1657;11,671;93,6711027894083
1658;11,675;99,5565617132723
1659;11,679;100
1660;11,683;94,7112274924639
1661;11,688;87,3738573723416
1662;11,692;77,6589281232867
1663;11,696;66,7826954049363
1664;11,700;56,327686258069
1665;11,704;46,9136160754365
1666;11,708;39,1478401826617
1667;11,712;32,1713339143122
1668;11,716;26,4267421744281
1669;11,721;21,5818881589304
1670;11,725;17,8652034462874
1671;11,729;14,7380647057866
1672;11,733;12,4813502872254
1673;11,737;10,6048749608006
1674;11,741;9,09189417611175
1675;11,745;7,9461451831858
1676;11,749;6,96911528226259
1677;11,753;6,17750726675906
1678;11,758;5,6101968883531
1679;11,762;5,02653865089032
1680;11,766;4,50856414853961
1681;11,770;4,11153874901923
1682;11,774;3,8077984507324
1683;11,778;3,46825153905802
1684;11,782;3,25527004450042
1685;11,786;2,99449768227863
1686;11,791;2,79462788055331
1687;11,795;2,62375830389814
1688;11,799;2,37563830768967
1689;11,803;2,30149878341028
1690;11,807;2,12160969830997
1691;11,811;1,99713213037031
1692;11,815;1,9036800012026
1693;11,819;1,82753614171318
1694;11,824;1,63284420594711
1695;11,828;1,64453616133896
1696;11,832;1,54133377651412
1697;11,836;1,46182847984954
1698;11,840;1,42531199774178
1699;11,844;1,36524457691615
1700;11,848;1,28651178444711
1701;11,852;1,20748669309327
1702;11,857;1,16414294417634
1703;11,861;1,10144483338755
1704;11,865;1,11125772451999
1705;11,869;0,998994074266465
1706;11,873;0,983209934487469
1707;11,877;0,961705087963174
1708;11,881;0,95623492311913
1709;11,885;0,90493646883739
1710;11,890;0,859985076054082
1711;11,894;0,827957469677122
1712;11,898;0,866353016044286
1713;11,902;0,899111369633236
1714;11,906;0,919405263634803
1715;11,910;0,983564868847578
1716;11,914;1,10234260853371
1717;11,918;1,44322574368144
1718;11,922;2,06014341853567
1719;11,927;3,05178826369869
1720;11,931;4,71384147963366
1721;11,935;7,07843506517639
1722;11,939;10,2835340939507
1723;11,943;14,2728501521416
1724;11,947;18,6525731279614
1725;11,951;22,2047144469559
1726;11,955;25,3053166244156
1727;11,960;26,5699059925029
1728;11,964;26,6734633116879
1729;11,968;25,1640736275837
1730;11,972;22,7358215206307
1731;11,976;19,5075264874986
1732;11,980;16,6362119066698
1733;11,984;13,5950299167909
1734;11,988;11,1292174031415
1735;11,993;8,97002641964349
1736;11,997;7,35396852108039
1737;12,001;6,01931093460898
1738;12,005;4,98626404026375
1739;12,009;4,16279544631743
1740;12,013;3,69657872506743
1741;12,017;3,27654522761523
1742;12,021;3,35577910388678
1743;12,026;3,61951621194008
1744;12,030;4,45906124455019
1745;12,034;6,32148534601298
1746;12,038;9,18534630527946
1747;12,042;13,494291193995
1748;12,046;18,7416825308407
1749;12,050;24,8891038909575
1750;12,054;31,1715047003749
1751;12,059;35,8228359756457
1752;12,063;38,6222450308146
1753;12,067;39,1365866755971
1754;12,071;37,192172736949
1755;12,075;34,1322418614595
1756;12,079;29,2915844228078
1757;12,083;24,7261890196671
1758;12,087;19,9436155451228
1759;12,092;16,3829766799774
1760;12,096;13,2569444995405
1761;12,100;10,9189501125142
1762;12,104;8,95595431618973
1763;12,108;7,47245396188172
1764;12,112;6,54855982251612
1765;12,116;5,51165040719322
1766;12,120;4,87114003663758
1767;12,124;4,30466479790246
1768;12,129;3,80003165179353
1769;12,133;3,54324708150003
1770;12,137;3,12377730332565
1771;12,141;2,87121018836993
1772;12,145;2,60062493501569
1773;12,149;2,3691033397653
1774;12,153;2,30690631277901
1775;12,157;2,03481780801726
1776;12,162;1,97746459112188
1777;12,166;1,76226997643653
1778;12,170;1,63347056070025
1779;12,174;1,59426075315401
1780;12,178;1,50444148155448
1781;12,182;1,4370248316254
1782;12,186;1,37311576831388
1783;12,190;1,23947254248669
1784;12,195;1,20370768608269
1785;12,199;1,20260112601882
1786;12,203;1,12217717571631
1787;12,207;1,03010302700549
1788;12,211;1,03505122955526
1789;12,215;0,972520146700635
1790;12,219;0,999140223708864
1791;12,223;0,904310114084255
1792;12,228;0,876082393209646
1793;12,232;0,834492437601495
1794;12,236;0,788392727770774
1795;12,240;0,773047036318972
1796;12,244;0,755613495690053
1797;12,248;0,701976650329943
1798;12,252;0,726717663078767
1799;12,256;0,661138320425554
1800;12,261;0,681933298229629
1801;12,265;0,62902720008151
1802;12,269;0,629194228015679
1803;12,273;0,611238725092481
1804;12,277;0,595517220788798
1805;12,281;0,588084477718265
1806;12,285;0,549960351744126
1807;12,289;0,56766531276607
1808;12,293;0,521106276116383
1809;12,298;0,505426528796242
1810;12,302;0,529791728693186
1811;12,306;0,497367430972574
1812;12,310;0,515239419928687
1813;12,314;0,500749746639502
1814;12,318;0,649884813360899
1815;12,322;0,806452623152828
1816;12,326;1,28513380399021
1817;12,331;2,20612583299963
1818;12,335;3,825169355886
1819;12,339;6,51701242144989
1820;12,343;10,658762348062
1821;12,347;16,3348935134284
1822;12,351;22,9898083730268
1823;12,355;30,4877967303447
1824;12,359;36,8790371173651
1825;12,364;41,3958273916626
1826;12,368;43,8690517698906
1827;12,372;42,4242183823428
1828;12,376;38,9076957703099
1829;12,380;34,062946147271
1830;12,384;28,5918835280809
1831;12,388;23,3038835247404
1832;12,392;18,8914021953317
1833;12,397;15,4172629215942
1834;12,401;12,5178250123496
1835;12,405;10,2110022135377
1836;12,409;8,64499005975007
1837;12,413;7,34334136876887
1838;12,417;6,302506796993
1839;12,421;5,54695593677826
1840;12,425;4,96275485852943
1841;12,430;4,36590141426728
1842;12,434;3,830096679944
1843;12,438;3,5250201581838
1844;12,442;3,1503138663668
1845;12,446;2,86012370923944
1846;12,450;2,68764648871789
1847;12,454;2,45393265183152
1848;12,458;2,2656504130392
1849;12,462;2,13994101408505
1850;12,467;1,96763082149766
1851;12,471;1,89221770922023
1852;12,475;1,70207728466028
1853;12,479;1,61031631332603
1854;12,483;1,67934060712149
1855;12,487;1,49009795770769
1856;12,491;1,4882815289236
1857;12,495;1,39961057437148
1858;12,500;1,36549511881741
1859;12,504;1,26625964742909
1860;12,508;1,22790585804546
1861;12,512;1,20928224338559
1862;12,516;1,15420478209327
1863;12,520;1,17353826547336
1864;12,524;1,08812435563755
1865;12,528;1,03308865132877
1866;12,533;0,980453973573675
1867;12,537;0,952163617223754
1868;12,541;0,951579019454161
1869;12,545;0,894747764853063
1870;12,549;0,844618506110508
1871;12,553;0,850527119281746
1872;12,557;0,841319704410665
1873;12,561;0,791837678913016
1874;12,566;0,77590738969162
1875;12,570;0,743483091971009
1876;12,574;0,687841911400867
1877;12,578;0,677005974171635
1878;12,582;0,7119983263801
1879;12,586;0,673895078897732
1880;12,590;0,652724288241776
1881;12,594;0,675962049583077
1882;12,599;0,659509798067403
1883;12,603;0,603388412186525
1884;12,607;0,602135702680256
1885;12,611;0,714211446507843
1886;12,615;0,847457980991386
1887;12,619;1,13393176658347
1888;12,623;1,72550295242752
1889;12,627;3,03888535578411
1890;12,631;4,98868594530921
1891;12,636;8,15344772798165
1892;12,640;12,3382282261341
1893;12,644;16,9786191717168
1894;12,648;22,7402477608861
1895;12,652;27,3994084705711
1896;12,656;31,4106260666299
1897;12,660;33,0388978828792
1898;12,664;32,7716531882083
1899;12,669;30,944492859347
1900;12,673;27,5931608742075
1901;12,677;23,7750693270319
1902;12,681;19,5754442212302
1903;12,685;16,0511548102584
1904;12,689;13,0468651153391
1905;12,693;10,6884933203441
1906;12,697;8,87390184352907
1907;12,702;7,29575928602239
1908;12,706;6,05822844327042
1909;12,710;5,33599965592246
1910;12,714;4,51027618486485
1911;12,718;3,96651674517675
1912;12,722;3,52506191516735
1913;12,726;3,14968751161366
1914;12,730;2,84722080132487
1915;12,735;2,57041375742283
1916;12,739;2,3478907921258
1917;12,743;2,18791978817517
1918;12,747;2,02062043361287
1919;12,751;1,83448867947298
1920;12,755;1,61453376866381
1921;12,759;1,67063427605291
1922;12,763;1,50657108771514
1923;12,768;1,40318079646435
1924;12,772;1,38052763289264
1925;12,776;1,26974635555487
1926;12,780;1,217090799308
1927;12,784;1,2240433370678
1928;12,788;1,1605518435917
1929;12,792;1,02680422530565
1930;12,796;1,03707644325706
1931;12,800;0,968866410640682
1932;12,805;0,920052496879709
1933;12,809;0,880258091563878
1934;12,813;0,83133978534405
1935;12,817;0,85221827711521
1936;12,821;0,834910007436919
1937;12,825;0,811609610620304
1938;12,829;0,774779951135978
1939;12,833;0,756031065525476
1940;12,838;0,663330562061526
1941;12,842;0,684396960258626
1942;12,846;0,653058344110115
1943;12,850;0,638464278362074
1944;12,854;0,67205777162187
1945;12,858;0,639800501835428
1946;12,862;0,606311401034487
1947;12,866;0,553280031935741
1948;12,871;0,620404382980021
1949;12,875;0,554490984458468
1950;12,879;0,557330459339346
1951;12,883;0,559146888123437
1952;12,887;0,486468858268029
1953;12,891;0,547162633846791
1954;12,895;0,587291095030961
1955;12,899;0,515260298420459
1956;12,904;0,538310153335819
1957;12,908;0,508892358430255
1958;12,912;0,501459615359722
1959;12,916;0,465590366496869
1960;12,920;0,44598546272375
1961;12,924;0,467699094165756
1962;12,928;0,404917469409878
1963;12,932;0,468450719869518
1964;12,937;0,453146785401257
1965;12,941;0,439262588373436
1966;12,945;0,469912214293499
1967;12,949;0,446382154067402
1968;12,953;0,428196987734721
1969;12,957;0,432122144187699
1970;12,961;0,422309253055254
1971;12,965;0,39182665506936
1972;12,969;0,395689176047025
1973;12,974;0,419636806108546
1974;12,978;0,441893278336602
1975;12,982;0,382848903607762
1976;12,986;0,421244449974925
1977;12,990;0,380531391021163
1978;12,994;0,430890313173201
1979;12,998;0,545137420144989
1980;13,002;0,750331237271949
1981;13,007;1,20005395002274
1982;13,011;2,19531077426216
1983;13,015;3,79514608471907
1984;13,019;6,76924548053728
1985;13,023;11,4228107544276
1986;13,027;17,7877859987999
1987;13,031;26,6984339878462
1988;13,035;37,7381870537483
1989;13,040;50,0004802053107
1990;13,044;63,5043963840123
1991;13,048;76,4014165639097
1992;13,052;87,4676435573776
1993;13,056;94,8580868035822
1994;13,060;97,6949727514804
1995;13,064;94,5888795306849
1996;13,068;88,6200110321951
1997;13,073;80,8321456951264
1998;13,077;73,6866906713646
1999;13,081;66,648509338323
2000;13,085;59,8982841637893
2001;13,089;53,1686243036501
2002;13,093;46,9973805844224
2003;13,097;40,8421715468749
2004;13,101;34,765924965206
2005;13,106;29,403785437586
2006;13,110;24,58323398651
2007;13,114;20,7401300061926
2008;13,118;17,3766467388422
2009;13,122;14,7798216893289
2010;13,126;12,6904483823136
2011;13,130;11,0452023522544
2012;13,134;9,76040260413252
2013;13,138;8,69294795534842
2014;13,143;7,86628495216111
2015;13,147;7,02243895024614
2016;13,151;6,46993142250593
2017;13,155;5,89902994351533
2018;13,159;5,49845520039385
2019;13,163;5,06105079778805
2020;13,167;4,73793525913758
2021;13,171;4,45265154757644
2022;13,176;4,18624199257644
2023;13,180;3,84454459624964
2024;13,184;3,60586167832174
2025;13,188;3,47960943858153
2026;13,192;3,19010827168263
2027;13,196;3,07281290491225
2028;13,200;2,90722558667518
2029;13,204;2,72622994151099
2030;13,209;2,64697518674767
2031;13,213;2,53704992757251
2032;13,217;2,38839506616185
2033;13,221;2,36993847943615
2034;13,225;2,23393598403881
2035;13,229;2,12956440367478
2036;13,233;2,04767895894829
2037;13,237;1,99738267227157
2038;13,242;1,89119466312345
2039;13,246;1,90718758782016
2040;13,250;1,85793522573199
2041;13,254;1,82089678132995
2042;13,258;1,7071298796689
2043;13,262;1,7181328448323
2044;13,266;1,72723586724453
2045;13,270;1,60611973648003
2046;13,275;1,64666576749962
2047;13,279;1,60050342219359
2048;13,283;1,58474016090636
2049;13,287;1,62307307179821
2050;13,291;1,73374995667713
2051;13,295;1,80216877421122
2052;13,299;2,13605761461561
2053;13,303;2,91169358391421
2054;13,307;4,1149628216697
2055;13,312;6,18220492740757
2056;13,316;9,15139787765956
2057;13,320;13,2688243613583
2058;13,324;18,1811785407521
2059;13,328;22,8526366820903
2060;13,332;26,9781640205962
2061;13,336;29,755963836782
2062;13,340;30,6657858726938
2063;13,345;29,8362416376421
2064;13,349;27,6887426095359
2065;13,353;24,5499745491185
2066;13,357;21,2030270472509
2067;13,361;18,3638027082744
2068;13,365;16,1141869769155
2069;13,369;15,0318250850068
2070;13,373;15,2497756606059
2071;13,378;16,4941964056424
2072;13,382;19,0027471919473
2073;13,386;22,9035802020119
2074;13,390;26,9052980843149
2075;13,394;31,2464376073415
2076;13,398;35,5860947574525
2077;13,402;39,3776079846034
2078;13,406;42,6842182403691
2079;13,411;46,1265386926473
2080;13,415;49,3554392020407
2081;13,419;52,5388663563566
2082;13,423;54,2985473998135
2083;13,427;54,6065677889134
2084;13,431;52,4061209056756
2085;13,435;48,6238986073628
2086;13,439;43,5571062243377
2087;13,444;37,5841246629689
2088;13,448;31,7074555841405
2089;13,452;26,5127615605253
2090;13,456;22,1120348219837
2091;13,460;18,7668411134249
2092;13,464;15,7810706407066
2093;13,468;13,3922788832011
2094;13,472;11,7432956031149
2095;13,476;10,1937983363183
2096;13,481;9,2423654663065
2097;13,485;8,15376090535821
2098;13,489;7,36204849739583
2099;13,493;6,76889054617717
2100;13,497;6,09405593514973
2101;13,501;5,57608143279902
2102;13,505;5,14370874671007
2103;13,509;4,92003746436563
2104;13,514;4,47321686197104
2105;13,518;4,24468089104392
2106;13,522;3,88310717055097
2107;13,526;3,74718818912072
2108;13,530;3,53424845154666
2109;13,534;3,35920317653725
2110;13,538;3,29665121519086
2111;13,542;3,02654616714736
2112;13,547;2,88847670106468
2113;13,551;2,71320176264579
2114;13,555;2,59926783305057
2115;13,559;2,51479345534446
2116;13,563;2,41148667806076
2117;13,567;2,35306865808505
2118;13,571;2,24865532073748
2119;13,575;2,18165624064383
2120;13,580;2,08903925114696
2121;13,584;1,9984474753519
2122;13,588;1,89862740619398
2123;13,592;1,85509575085111
2124;13,596;1,88451354575668
2125;13,600;1,78222981456976
2126;13,604;1,73448070388912
2127;13,608;1,66378613075197
2128;13,613;1,59302892213951
2129;13,617;1,54166783238246
2130;13,621;1,52492328198199
2131;13,625;1,46602505669554
2132;13,629;1,48577610991106
2133;13,633;1,43556333720142
2134;13,637;1,41741992785228
2135;13,641;1,37004663002352
2136;13,645;1,28135479697963
2137;13,650;1,35914805731898
2138;13,654;1,26813871168849
2139;13,658;1,28826557775589
2140;13,662;1,49084958341145
2141;13,666;1,69318304716577
2142;13,670;2,21662771436052
2143;13,674;3,1797734182559
2144;13,678;4,78756343407762
2145;13,683;7,63271726471714
2146;13,687;11,7145041629625
2147;13,691;17,3628669342733
2148;13,695;24,4594454087988
2149;13,699;31,7938507830896
2150;13,703;38,5369981489129
2151;13,707;43,4517742333522
2152;13,711;45,4656091571395
2153;13,716;44,2156764902754
2154;13,720;40,5294743756183
2155;13,724;35,4563349310947
2156;13,728;29,9950434460535
2157;13,732;24,9388782153399
2158;13,736;20,788630742577
2159;13,740;17,1842723156628
2160;13,744;14,4650575473869
2161;13,749;12,3951012377187
2162;13,753;10,6198657178923
2163;13,757;9,30602398771676
2164;13,761;8,24374720489191
2165;13,765;7,2421850761376
2166;13,769;6,55609695804551
2167;13,773;5,8092106719158
2168;13,777;5,39178698593499
2169;13,782;4,97029199405882
2170;13,786;4,58566841865051
2171;13,790;4,2748085546697
2172;13,794;3,99142478585975
2173;13,798;3,81907283628882
2174;13,802;3,72453502554901
2175;13,806;3,42083648424572
2176;13,810;3,26445658087973
2177;13,814;3,08840913826531
2178;13,819;3,03955346752079
2179;13,823;2,93470168184603
2180;13,827;2,69708356699845
2181;13,831;2,66248790613364
2182;13,835;2,6114817507367
2183;13,839;2,45501833340362
2184;13,843;2,34488428931075
2185;13,847;2,24045007347141
2186;13,852;2,27007665329469
2187;13,856;2,15225932423003
2188;13,860;2,03698917116146
2189;13,864;1,95875746249492
2190;13,868;1,88944086981467
2191;13,872;1,82561532047023
2192;13,876;1,80375553958583
2193;13,880;1,74932531153841
2194;13,885;1,65743906925354
2195;13,889;1,58943782155487
2196;13,893;1,60131768337266
2197;13,897;1,5630682864479
2198;13,901;1,51262585032877
2199;13,905;1,52068494815244
2200;13,909;1,45370674655056
2201;13,913;1,42633504383857
2202;13,918;1,46247571309445
2203;13,922;1,4019907224334
2204;13,926;1,4080663635388
2205;13,930;1,32701605848316
2206;13,934;1,34820772763089
2207;13,938;1,31547025253371
2208;13,942;1,29396540600941
2209;13,946;1,29381925656702
2210;13,951;1,37541240240871
2211;13,955;1,51559059616028
2212;13,959;1,79895348647846
2213;13,963;2,40449238331742
2214;13,967;3,57894930242871
2215;13,971;5,55319860581783
2216;13,975;8,43146572440641
2217;13,979;12,4721428723543
2218;13,983;17,8705692186726
2219;13,988;23,7007836533101
2220;13,992;28,9563593589301
2221;13,996;33,0510700435818
2222;14,000;35,0572634393808
2223;14,004;35,2434369505042
2224;14,008;33,0050329692264
2225;14,012;29,9546644429681
2226;14,016;26,0103206560523
2227;14,021;22,1013867911804
2228;14,025;18,4843133627776
2229;14,029;15,6459032849801
2230;14,033;13,0602691070561
2231;14,037;11,0097924302105
2232;14,041;9,4056143934652
2233;14,045;8,19451572129552
2234;14,049;7,26229106371322
2235;14,054;6,628858501868
2236;14,058;6,18980469841227
2237;14,062;5,90095076475828
2238;14,066;6,19972198200357
2239;14,070;7,09340494377631
2240;14,074;8,53750758411214
2241;14,078;10,6730014794499
2242;14,082;13,6605675024605
2243;14,087;16,9669480948167
2244;14,091;20,4851409861914
2245;14,095;23,0448440773356
2246;14,099;25,1023985628917
2247;14,103;25,647682132479
2248;14,107;25,4756224817929
2249;14,111;23,6752910148576
2250;14,115;21,4494350071342
2251;14,120;18,8241734518285
2252;14,124;16,0910744865248
2253;14,128;13,8636317134268
2254;14,132;11,7806472248935
2255;14,136;9,98568153034334
2256;14,140;8,599287041263
2257;14,144;7,29644827625084
2258;14,148;6,56018914243265
2259;14,152;5,60418388272301
2260;14,157;5,05031925301767
2261;14,161;4,58520909183154
2262;14,165;4,10596419171633
2263;14,169;3,74597723659799
2264;14,173;3,47624800140638
2265;14,177;3,1902752996168
2266;14,181;2,95566368758427
2267;14,185;2,7601783691309
2268;14,190;2,65923086141734
2269;14,194;2,52114051684289
2270;14,198;2,43549694359759
2271;14,202;2,29838788813638
2272;14,206;2,12609857404077
2273;14,210;2,02003583584328
2274;14,214;2,0125613357892
2275;14,218;1,92073772897964
2276;14,223;1,82995804675863
2277;14,227;1,81991549221671
2278;14,231;1,75076592747062
2279;14,235;1,70508378747533
2280;14,239;1,58682801008348
2281;14,243;1,59895841380252
2282;14,247;1,539245927337
2283;14,251;1,48134986965558
2284;14,256;1,42915364022768
2285;14,260;1,40568621547689
2286;14,264;1,37125758254625
2287;14,268;1,36618410904586
2288;14,272;1,34923077372768
2289;14,276;1,29168965040636
2290;14,280;1,27053973824217
2291;14,284;1,26905736532642
2292;14,289;1,26260591136913
2293;14,293;1,22279062756153
2294;14,297;1,17721288002509
2295;14,301;1,18078310211796
2296;14,305;1,18838287312266
2297;14,309;1,20516918050667
2298;14,313;1,1382536143801
2299;14,317;1,17740078645103
2300;14,321;1,2231038049381
2301;14,326;1,34682974717399
2302;14,330;1,7291358099957
2303;14,334;2,34745234379861
2304;14,338;3,3729203456309
2305;14,342;5,26839509956744
2306;14,346;7,85549077191542
2307;14,350;11,8405058608014
2308;14,354;17,0529048454386
2309;14,359;24,0728383766722
2310;14,363;33,4032484427777
2311;14,367;43,6875132839404
2312;14,371;54,5888419493997
2313;14,375;65,5466260566083
2314;14,379;74,6168692367533
2315;14,383;80,7291520952193
2316;14,387;82,1333559377804
2317;14,392;79,4366899406174
2318;14,396;72,0403798382251
2319;14,400;62,5327948909495
2320;14,404;52,6686679396979
2321;14,408;43,7735117915458
2322;14,412;36,2622447134615
2323;14,416;30,4892373462769
2324;14,420;25,4409224284692
2325;14,425;21,7381636698376
2326;14,429;18,7676971315875
2327;14,433;16,4342333772756
2328;14,437;14,4948511551443
2329;14,441;12,9311982709268
2330;14,445;11,6913081586047
2331;14,449;10,5922017162955
2332;14,453;9,68774545276889
2333;14,458;8,97912944205571
2334;14,462;8,26278838938721
2335;14,466;7,65027607629669
2336;14,470;7,14257379189739
2337;14,474;6,61795992916345
2338;14,478;6,28146127728767
2339;14,482;5,81685219990404
2340;14,486;5,52885428441266
2341;14,490;5,26789401576493
2342;14,495;4,87028401847496
2343;14,499;4,72536640709134
2344;14,503;4,55769123967715
2345;14,507;4,35170403986289
2346;14,511;4,06687965512072
2347;14,515;3,945053655636
2348;14,519;3,74931779528138
2349;14,523;3,629558766482
2350;14,528;3,4765194217994
2351;14,532;3,3257975897034
2352;14,536;3,14872710099219
2353;14,540;3,09298152796319
2354;14,544;2,96213602003333
2355;14,548;2,95157150319712
2356;14,552;2,7860259419436
2357;14,556;2,73299457284485
2358;14,561;2,6243637801595
2359;14,565;2,47796379586013
2360;14,569;2,51107708380919
2361;14,573;2,34515570970378
2362;14,577;2,36325736206938
2363;14,581;2,2448763137269
2364;14,585;2,2492190400153
2365;14,589;2,22414397139814
2366;14,594;2,1073288099385
2367;14,598;2,08505145921867
2368;14,602;2,04776247291538
2369;14,606;1,93512300980997
2370;14,610;1,91814879600001
2371;14,614;1,98038757996984
2372;14,618;1,85371777039422
2373;14,622;1,75533831716851
2374;14,627;1,75884590378606
2375;14,631;1,7940052839287
2376;14,635;1,72884351111091
2377;14,639;1,70642001094868
2378;14,643;1,74650671514931
2379;14,647;1,70255748997102
2380;14,651;1,6459558987794
2381;14,655;1,62564112628606
2382;14,659;1,55820359786522
2383;14,664;1,59208939000981
2384;14,668;1,54152168294006
2385;14,672;1,44297520178018
2386;14,676;1,47339516429076
2387;14,680;1,42758775334484
2388;14,684;1,41002894176529
2389;14,688;1,40650047665597
2390;14,692;1,32269421068653
2391;14,697;1,43850720454116
2392;14,701;1,43696219615009
2393;14,705;1,3908416078276
2394;14,709;1,50097565192047
2395;14,713;1,67683518810895
2396;14,717;1,9091084090631
2397;14,721;2,45647982782761
2398;14,725;3,30942885215481
2399;14,730;4,71223383576728
2400;14,734;6,7483043532908
2401;14,738;9,629891152071
2402;14,742;13,4867331799739
2403;14,746;18,4784673850817
2404;14,750;23,5278053489861
2405;14,754;28,5809223199011
2406;14,758;32,9378668611985
2407;14,763;35,784670092688
2408;14,767;37,1718162074721
2409;14,771;36,0213069184223
2410;14,775;33,7204136112734
2411;14,779;30,5827729894117
2412;14,783;26,9796881504955
2413;14,787;23,3432186032373
2414;14,791;20,3288028398089
2415;14,796;17,3500475403258
2416;14,800;15,109534831379
2417;14,804;13,0477420119934
2418;14,808;11,5158870707434
2419;14,812;10,0280857471306
2420;14,816;9,14377722816308
2421;14,820;8,21376569070853
2422;14,824;7,39374204790445
2423;14,828;6,78910092621165
2424;14,833;6,26636612773712
2425;14,837;5,73214815878845
2426;14,841;5,36422737679706
2427;14,845;5,0350988325165
2428;14,849;4,75188209164071
2429;14,853;4,48025291369792
2430;14,857;4,24315676114463
2431;14,861;4,04508250971163
2432;14,866;3,82592098158976
2433;14,870;3,65818317870026
2434;14,874;3,44868839226844
2435;14,878;3,38231566692793
2436;14,882;3,19271808315402
2437;14,886;2,98585398668537
2438;14,890;2,90801896936248
2439;14,894;2,76731881331664
2440;14,899;2,59448665843497
2441;14,903;2,58584296284171
2442;14,907;2,4905117694146
2443;14,911;2,42054794348944
2444;14,915;2,30943261028333
2445;14,919;2,24642132211796
2446;14,923;2,23055366837188
2447;14,927;2,0955950975631
2448;14,932;2,09237980983035
2449;14,936;2,04423400780605
2450;14,940;1,93817126960856
2451;14,944;1,82816249646632
2452;14,948;1,88877275807799
2453;14,952;1,85160904272533
2454;14,956;1,74560894000315
2455;14,960;1,72999182815832
2456;14,965;1,6928698697892
2457;14,969;1,72360300967635
2458;14,973;1,69322480414931
2459;14,977;1,65902583462815
2460;14,981;1,62898168496945
2461;14,985;1,55628277662227
2462;14,989;1,49423189907838
2463;14,993;1,58471928241459
2464;14,997;1,42046818765087
2465;15,002;1,42806795865558
2466;15,006;1,46418774941968
2467;15,010;1,37681126135738
2468;15,014;1,34599460750315
2469;15,018;1,37670686889852
2470;15,022;1,3652863338997
2471;15,026;1,29937293537814
2472;15,030;1,31858114780761
2473;15,035;1,27433962374452
2474;15,039;1,24439986654468
2475;15,043;1,31123191870416
2476;15,047;1,31258902066929
2477;15,051;1,24220762490871
2478;15,055;1,22393894460894
2479;15,059;1,24275046569476
2480;15,063;1,18389399739186
2481;15,068;1,20322748077195
2482;15,072;1,18698401417399
2483;15,076;1,14539405856584
2484;15,080;1,18211932559131
2485;15,084;1,11973439217908
2486;15,088;1,14856758931506
2487;15,092;1,14301391050393
2488;15,096;1,14316005994633
2489;15,101;1,0799817438468
2490;15,105;1,11585099270965
2491;15,109;1,12357603466498
2492;15,113;1,20226707015048
2493;15,117;1,14712697338285
2494;15,121;1,1351427191062
2495;15,125;1,06870735829037
2496;15,129;1,09317695064617
2497;15,134;1,07277866418575
2498;15,138;1,0182231651877
2499;15,142;1,00078962455879
2500;15,146;0,951495505487076
2501;15,150;0,965651122907923
2502;15,154;0,918403096029788
2503;15,158;0,933143311220227
2504;15,162;0,910678054074459
2505;15,166;0,924102924283314
2506;15,171;0,919238235700634
2507;15,175;0,940074970488252
2508;15,179;0,912097791514897
2509;15,183;0,940617811274302
2510;15,187;0,984462643993738
2511;15,191;1,08941882212736
2512;15,195;1,10545350380761
2513;15,199;1,28283716989539
2514;15,204;1,39422392349453
2515;15,208;1,55841238278293
2516;15,212;1,76241612587893
2517;15,216;1,95552129627039
2518;15,220;2,10256851381467
2519;15,224;2,17545532858779
2520;15,228;2,19572834409759
2521;15,232;2,3505006035972
2522;15,237;2,24516861261169
2523;15,241;2,16322053240989
2524;15,245;2,07786925804939
2525;15,249;1,85672427320926
2526;15,253;1,85499135839226
2527;15,257;1,63917038895377
2528;15,261;1,52861877502548
2529;15,265;1,40194896544985
2530;15,270;1,31881081121709
2531;15,274;1,21349969872336
2532;15,278;1,16042657264107
2533;15,282;1,09672629424727
2534;15,286;1,06789309711129
2535;15,290;1,02644929094554
2536;15,294;0,96091170527587
2537;15,298;0,986884549039193
2538;15,303;0,929134640800164
2539;15,307;0,890864365383628
2540;15,311;0,92600286703449
2541;15,315;0,904873833362076
2542;15,319;0,840902134575242
2543;15,323;0,885770013391465
2544;15,327;0,859108179399693
2545;15,331;0,813363403929082
2546;15,335;0,789269624425163
2547;15,340;0,777306248640288
2548;15,344;0,866707950404396
2549;15,348;0,798351768345617
2550;15,352;0,842092208606198
2551;15,356;0,839378004675947
2552;15,360;0,817727008709254
2553;15,364;0,803362606370696
2554;15,368;0,794885938711605
2555;15,373;0,739891991386369
2556;15,377;0,78759934508347
2557;15,381;0,743608362921636
2558;15,385;0,724441907475711
2559;15,389;0,663622860946322
2560;15,393;0,769664720652044
2561;15,397;0,761584744336605
2562;15,401;0,70949290736756
2563;15,406;0,728033008060351
2564;15,410;0,771105336584254
2565;15,414;0,689783611135585
2566;15,418;0,698573456171244
2567;15,422;0,697278989681432
2568;15,426;0,696360336043501
2569;15,430;0,704816125210821
2570;15,434;0,75519592585463
2571;15,439;0,694439514800554
2572;15,443;0,743107279119128
2573;15,447;0,657421948890287
2574;15,451;0,70030637098825
2575;15,455;0,709534664351103
2576;15,459;0,701809622395773
2577;15,463;0,684438717242168
2578;15,467;0,674918124994519
2579;15,472;0,76131332394358
2580;15,476;0,670136950378924
2581;15,480;0,724838598819363
2582;15,484;0,715819090374222
2583;15,488;0,663497589995695
2584;15,492;0,68032565436325
2585;15,496;0,672016014638328
2586;15,500;0,684334324783313
2587;15,504;0,670742426640287
2588;15,509;0,706695189470225
2589;15,513;0,648214534019206
2590;15,517;0,658946078789582
2591;15,521;0,655626398597967
2592;15,525;0,641074089833469
2593;15,529;0,655354978204942
2594;15,533;0,632722693125005
2595;15,537;0,627315163756274
2596;15,542;0,6020313102214
2597;15,546;0,654123147190444
2598;15,550;0,627795369067011
2599;15,554;0,600298395404393
2600;15,558;0,628359088344832
2601;15,562;0,576789213670067
2602;15,566;0,622972437467873
2603;15,570;0,676859824729237
2604;15,575;0,659781218460428
2605;15,579;0,628734901196713
2606;15,583;0,603764225038406
2607;15,587;0,582092350579942
2608;15,591;0,603054356318186
2609;15,595;0,631031535291541
2610;15,599;0,584472498641854
2611;15,603;0,605893831199064
2612;15,608;0,611280482076024
2613;15,612;0,638902726689268
2614;15,616;0,635353383088171
2615;15,620;0,56081716746513
2616;15,624;0,55505470373629
2617;15,628;0,605142205495303
2618;15,632;0,607313568639503
2619;15,636;0,602198338155569
2620;15,641;0,655396735188485
2621;15,645;0,597103986163406
2622;15,649;0,600799479206901
2623;15,653;0,593679913512936
2624;15,657;0,63892360518104
2625;15,661;0,624517445858939
2626;15,665;0,636251158234331
2627;15,669;0,607960801884409
2628;15,673;0,627022864871478
2629;15,678;0,603388412186525
2630;15,682;0,580714370123045
2631;15,686;0,669280932216306
2632;15,690;0,590548139747262
2633;15,694;0,604494972250397
2634;15,698;0,542026524871086
2635;15,702;0,627127257330334
2636;15,706;0,5887108324714
2637;15,711;0,579607810059174
2638;15,715;0,569502620041932
2639;15,719;0,57288493570886
2640;15,723;0,59915007835698
2641;15,727;0,555326124129315
2642;15,731;0,583720872938092
2643;15,735;0,565828005490208
2644;15,739;0,583532966512152
2645;15,744;0,62021647655408
2646;15,748;0,558353505436133
2647;15,752;0,56676753761991
2648;15,756;0,513944953438875
2649;15,760;0,584890068477277
2650;15,764;0,60365983257955
2651;15,768;0,555743693964738
2652;15,772;0,601530226418892
2653;15,777;0,622429596681823
2654;15,781;0,569314713615992
2655;15,785;0,604140037890287
2656;15,789;0,546557157585427
2657;15,793;0,531462008034879
2658;15,797;0,604119159398516
2659;15,801;0,593011801776259
2660;15,805;0,599129199865208
2661;15,810;0,610236557487466
2662;15,814;0,60292908536756
2663;15,818;0,620112084095224
2664;15,822;0,592114026630099
2665;15,826;0,578522128487074
2666;15,830;0,602803814416933
2667;15,834;0,617606665082685
2668;15,838;0,596247968000788
2669;15,842;0,615957264232763
2670;15,847;0,636084130300162
2671;15,851;0,670366613788406
2672;15,855;0,731394445235507
2673;15,859;0,816286392777044
2674;15,863;1,10685236275628
2675;15,867;1,42121981335463
2676;15,871;1,88637173152431
2677;15,875;2,60158534563717
2678;15,880;3,70346862735191
2679;15,884;5,26628637189855
2680;15,888;6,96429235066346
2681;15,892;8,9886917912869
2682;15,896;11,0485429109378
2683;15,900;13,0099728203794
2684;15,904;14,6766401829958
2685;15,908;15,7934098293434
2686;15,913;16,2804424068892
2687;15,917;16,1742961547247
2688;15,921;15,7021708203034
2689;15,925;14,7456644767913
2690;15,929;13,6491887244452
2691;15,933;12,2955317104621
2692;15,937;11,0651204334041
2693;15,941;9,83813322899655
2694;15,946;8,6945555992148
2695;15,950;7,586199985051
2696;15,954;6,84718489031902
2697;15,958;6,02985457295342
2698;15,962;5,39510666612661
2699;15,966;4,96340209177433
2700;15,970;4,47154658262935
2701;15,974;3,97891856928882
2702;15,979;3,62713686143655
2703;15,983;3,35168691949963
2704;15,987;3,10866127528333
2705;15,991;2,89094036309367
2706;15,995;2,69418145664226
2707;15,999;2,56089316517518
2708;16,003;2,40244629112384
2709;16,007;2,2317019854193
2710;16,011;2,16345019581937
2711;16,016;2,0714178040921
2712;16,020;1,91683345101843
2713;16,024;1,90499534618418
2714;16,028;1,77707282710229
2715;16,032;1,68608435996357
2716;16,036;1,71007374700863
2717;16,040;1,60052430068536
2718;16,044;1,57365368177587
2719;16,049;1,49001444374061
2720;16,053;1,41792101165479
2721;16,057;1,3908416078276
2722;16,061;1,37000487303998
2723;16,065;1,34589021504429
2724;16,069;1,32200522045808
2725;16,073;1,21811384540479
2726;16,077;1,18894659240048
2727;16,082;1,18001059792242
2728;16,086;1,1162476840533
2729;16,090;1,15030050413206
2730;16,094;1,09388681936639
2731;16,098;1,08653759026294
2732;16,102;1,05613850624413
2733;16,106;1,06135812918692
2734;16,110;1,09058801766654
2735;16,115;1,05952082191106
2736;16,119;1,01229367352469
2737;16,123;1,01688694171435
2738;16,127;0,974044276599929
2739;16,131;0,960828191308785
2740;16,135;1,00327416507955
2741;16,139;0,941077138093268
2742;16,143;0,937861850360509
2743;16,148;0,880508633465132
2744;16,152;0,888254553912233
2745;16,156;0,882471211691621
2746;16,160;0,916440517803299
2747;16,164;0,89865204281427
2748;16,168;0,873347310787624
2749;16,172;0,892868700593659
2750;16,176;0,833866082848361
2751;16,180;0,801608813061918
2752;16,185;0,850819418166543
2753;16,189;0,848773325972969
2754;16,193;0,838605500480414
2755;16,197;0,812632656717091
2756;16,201;0,777348005623831
2757;16,205;0,786972990330335
2758;16,209;0,806515258628141
2759;16,213;0,84392951588206
2760;16,218;0,774863465103062
2761;16,222;0,721706825053689
2762;16,226;0,76726369409836
2763;16,230;0,79534526553057
2764;16,234;0,720725535940445
2765;16,238;0,755592617198282
2766;16,242;0,720767292923987
2767;16,246;0,738033805618736
2768;16,251;0,69329119775314
2769;16,255;0,681933298229629
2770;16,259;0,692685721491777
2771;16,263;0,706799581929081
2772;16,267;0,696068037158704
2773;16,271;0,694356000833469
2774;16,275;0,678091655743736
2775;16,279;0,692643964508234
2776;16,284;0,653058344110115
2777;16,288;0,722061759413799
2778;16,292;0,666754634711996
2779;16,296;0,65800654665988
2780;16,300;0,661827310654002
2781;16,304;0,697195475714347
2782;16,308;0,667485381923986
2783;16,312;0,663017384684958
2784;16,317;0,672537976932607
2785;16,321;0,650260626212779
2786;16,325;0,670700669656745
2787;16,329;0,630092003161839
2788;16,333;0,696548242469441
2789;16,337;0,638693941771557
2790;16,341;0,6630591416685
