#"+EI TIC Scan 140C_1ml-min_7C-min_3.d "
#Point;X(Minutes);Y(Counts)
0;4,841;66,1810657268297
1;4,845;61,956042903735
2;4,849;60,0769507801007
3;4,853;59,81031169918
4;4,857;58,867971299508
5;4,861;59,0949772217428
6;4,866;59,3628973744594
7;4,870;58,7574148035212
8;4,874;57,7852574577995
9;4,878;55,9995234412919
10;4,882;53,8253524428678
11;4,886;51,7577506044657
12;4,890;49,9969654611834
13;4,894;47,624276374586
14;4,899;45,1840908177418
15;4,903;42,6470081929345
16;4,907;40,6801466378831
17;4,911;38,9344461149977
18;4,915;37,2205161726507
19;4,919;35,2397870154086
20;4,923;33,6688567122798
21;4,927;32,2109649817423
22;4,932;30,773554386542
23;4,936;29,4331849798816
24;4,940;28,0819745031483
25;4,944;26,9312037222822
26;4,948;25,6070078470452
27;4,952;24,392231516576
28;4,956;23,5776460017509
29;4,960;22,4684139738671
30;4,965;21,1623452645421
31;4,969;20,2554425134244
32;4,973;19,6129850077769
33;4,977;18,8271915815648
34;4,981;17,9739337119007
35;4,985;16,9319099131097
36;4,989;16,1766059956402
37;4,993;15,4096603382254
38;4,997;14,7009073671396
39;5,002;14,032364037048
40;5,006;13,6652889273282
41;5,010;12,9628452348373
42;5,014;12,4374296511433
43;5,018;11,9970291945053
44;5,022;11,2036133911075
45;5,026;10,8273305778547
46;5,030;10,2710892040717
47;5,035;9,8224098209526
48;5,039;9,4229716349887
49;5,043;9,03599187223999
50;5,047;8,58564709578622
51;5,051;8,08809482365326
52;5,055;7,70020229724997
53;5,059;7,36851679589212
54;5,063;7,04748020383774
55;5,068;6,61433381624402
56;5,072;6,33645333031427
57;5,076;6,10546007211473
58;5,080;5,84501817600677
59;5,084;5,55610445923478
60;5,088;5,3269687551393
61;5,092;5,07575057596187
62;5,096;4,8998594183838
63;5,101;4,59992848416699
64;5,105;4,46802612938089
65;5,109;4,35545194531553
66;5,113;4,13933513334596
67;5,117;3,9977766998982
68;5,121;3,98967392078909
69;5,125;3,6984702881819
70;5,129;3,69946311882373
71;5,134;3,51428419072533
72;5,138;3,43047006847809
73;5,142;3,33267625025802
74;5,146;3,21729972163911
75;5,150;3,11976211777822
76;5,154;2,95514439200413
77;5,158;2,94949166270469
78;5,162;2,81390622650534
79;5,166;2,77721953295005
80;5,171;2,67936166114018
81;5,175;2,6666470235658
82;5,179;2,61442733448512
83;5,183;2,54834004321375
84;5,187;2,49578407278666
85;5,191;2,41480432188786
86;5,195;2,37584372589483
87;5,199;2,34250383240634
88;5,204;2,30469620102963
89;5,208;2,3154732175127
90;5,212;2,23801641405265
91;5,216;2,16915880502263
92;5,220;2,12500986825618
93;5,224;2,11002132824406
94;5,228;2,10502514824002
95;5,232;2,04001075459773
96;5,237;1,99523729533077
97;5,241;1,9796082194207
98;5,245;1,91784454546051
99;5,249;1,91651543347226
100;5,253;1,82597568429651
101;5,257;1,85145299963762
102;5,261;1,78613435144379
103;5,265;1,76936832431485
104;5,270;1,75453991827723
105;5,274;1,71673228690051
106;5,278;1,75244216321143
107;5,282;1,70901382933017
108;5,286;1,63495186612928
109;5,290;1,67418468987894
110;5,294;1,64143729209606
111;5,298;1,56908876242219
112;5,303;1,59776875725307
113;5,307;1,580105979867
114;5,311;1,54982464529124
115;5,315;1,5606657153641
116;5,319;1,50143215820084
117;5,323;1,54095322310458
118;5,327;1,5005033811488
119;5,331;1,49464247768253
120;5,335;1,43544094731416
121;5,340;1,46480951823534
122;5,344;1,43817923827791
123;5,348;1,45576194867674
124;5,352;1,51413078237777
125;5,356;1,52812649174806
126;5,360;1,52883108123581
127;5,364;1,46839651926388
128;5,368;1,47768428978421
129;5,373;1,46312811150321
130;5,377;1,41977984460919
131;5,381;1,39425448907574
132;5,385;1,39574373503848
133;5,389;1,41893113454441
134;5,393;1,39294139048494
135;5,397;1,38434219605491
136;5,401;1,34944900301388
137;5,406;1,35734360795616
138;5,410;1,31241001471471
139;5,414;1,37712015380548
140;5,418;1,35021764609143
141;5,422;1,31383520708766
142;5,426;1,32027259286209
143;5,430;1,32808713081713
144;5,434;1,29982348431992
145;5,439;1,30107252932093
146;5,443;1,29048767360725
147;5,447;1,25083850152391
148;5,451;1,33558140082318
149;5,455;1,42672965910199
150;5,459;1,72774950434532
151;5,463;2,55879679174785
152;5,467;3,96020926948322
153;5,472;6,21744176047448
154;5,476;9,54187111104635
155;5,480;13,3469585994426
156;5,484;16,7657869279754
157;5,488;19,8911697482582
158;5,492;21,9094343091204
159;5,496;23,028578630025
160;5,500;23,5070109056041
161;5,504;23,156445608654
162;5,509;22,6545216790175
163;5,513;21,8202076585354
164;5,517;21,1746755805777
165;5,521;20,4631362783359
166;5,525;19,6429140476088
167;5,529;18,7829625778111
168;5,533;18,2476347010963
169;5,537;17,37631371911
170;5,542;16,7530883037985
171;5,546;15,7051395479514
172;5,550;15,1499230316052
173;5,554;14,5737289646009
174;5,558;13,9691911841123
175;5,562;13,3474870415585
176;5,566;12,6396628475248
177;5,570;12,1082902799798
178;5,575;11,3628666287363
179;5,579;10,9605300178341
180;5,583;10,4731622664786
181;5,587;9,9564739843943
182;5,591;9,49773818767734
183;5,595;8,99389265034699
184;5,599;8,62540836165169
185;5,603;8,05148819708521
186;5,608;7,72912249304258
187;5,612;7,40831008855249
188;5,616;6,99727820283562
189;5,620;6,63596791619741
190;5,624;6,15977751626121
191;5,628;5,81856404342129
192;5,632;5,33680098117289
193;5,636;5,04365972747439
194;5,641;4,80433950260146
195;5,645;4,33279298792542
196;5,649;3,99910581188646
197;5,653;3,76452555265838
198;5,657;3,46885418216297
199;5,661;3,17800284429966
200;5,665;3,01476227070616
201;5,669;2,88133864316242
202;5,673;2,64631000880577
203;5,678;2,44667098281106
204;5,682;2,3873413452631
205;5,686;2,14108731929481
206;5,690;2,08784277277742
207;5,694;2,00223515001591
208;5,698;1,81459015871038
209;5,702;1,7867268471494
210;5,706;1,74025596775286
211;5,711;1,61141217187948
212;5,715;1,52738987546541
213;5,719;1,45931692291038
214;5,723;1,44091752924166
215;5,727;1,38812135785283
216;5,731;1,30997597830249
217;5,735;1,30411507483621
218;5,739;1,24739562107241
219;5,744;1,24287984299184
220;5,748;1,1701790185741
221;5,752;1,17246893440928
222;5,756;1,14864099900541
223;5,760;1,10103316839
224;5,764;1,09376308594823
225;5,768;1,10277862871193
226;5,772;1,05733260675211
227;5,777;1,00580149376174
228;5,781;1,05305702963327
229;5,785;0,975872453929856
230;5,789;0,952829175000973
231;5,793;0,950987634294356
232;5,797;0,935118357422554
233;5,801;0,985048130668042
234;5,805;0,93945798813119
235;5,810;0,926583216582321
236;5,814;0,942756748005652
237;5,818;0,879679975454664
238;5,822;0,894156086748417
239;5,826;0,920321978179824
240;5,830;0,909865229645731
241;5,834;0,904676888872306
242;5,838;0,905781813296276
243;5,842;0,891866170913233
244;5,847;0,900145097394284
245;5,851;0,905269384577913
246;5,855;0,875612572502659
247;5,859;0,866116627815496
248;5,863;0,875292304553682
249;5,867;0,867045404867528
250;5,871;0,914941476637014
251;5,875;0,867862088137419
252;5,880;0,827091978232669
253;5,884;0,895293037967285
254;5,888;1,01848410454122
255;5,892;1,24750771485456
256;5,896;1,77447659810104
257;5,900;2,61032790473822
258;5,904;3,89175199538942
259;5,908;5,49046554309197
260;5,913;7,31980404085274
261;5,917;9,12685188936472
262;5,921;10,8802388430256
263;5,925;11,9239440485488
264;5,929;12,6075399722424
265;5,933;13,0656992866512
266;5,937;12,9480808823894
267;5,941;12,9606834261817
268;5,946;12,6025918324307
269;5,950;12,0459981639038
270;5,954;11,7255540675551
271;5,958;11,2979162886838
272;5,962;10,8028460931554
273;5,966;10,4461957051748
274;5,970;9,88066656087149
275;5,974;9,45823313617105
276;5,979;9,04984346103324
277;5,983;8,74507648078689
278;5,987;8,25639563084059
279;5,991;7,89290752214933
280;5,995;7,46262753269896
281;5,999;7,01145005957785
282;6,003;6,64387853453714
283;6,007;6,36801573668594
284;6,011;6,00718585197119
285;6,016;5,82809201490335
286;6,020;5,42891004329863
287;6,024;5,06117838428343
288;6,028;4,85138686430615
289;6,032;4,63765604855646
290;6,036;4,31149516931846
291;6,040;4,07372824399806
292;6,044;3,72529272890871
293;6,049;3,41717894859555
294;6,053;3,24921442275465
295;6,057;2,9500201048205
296;6,061;2,7779241224378
297;6,065;2,57996650317522
298;6,069;2,33483341502835
299;6,073;2,18337870195721
300;6,077;2,06055594352459
301;6,082;1,91374511571361
302;6,086;1,82447042493632
303;6,090;1,71298515189748
304;6,094;1,60449438418158
305;6,098;1,51417882257012
306;6,102;1,39574373503848
307;6,106;1,31367507311317
308;6,110;1,30997597830249
309;6,115;1,21160567777425
310;6,119;1,17676052492557
311;6,123;1,07397052670146
312;6,127;1,06455464900154
313;6,131;0,995761093561317
314;6,135;0,952717081218831
315;6,139;0,948457517497439
316;6,143;0,89177009052854
317;6,148;0,852345106009492
318;6,152;0,837596766959109
319;6,156;0,778106995436662
320;6,160;0,802287225584413
321;6,164;0,806947124242026
322;6,168;0,766993697607166
323;6,172;0,742092864574217
324;6,176;0,765248237285242
325;6,180;0,735367237645704
326;6,185;0,689616961134364
327;6,189;0,692115051136383
328;6,193;0,701226674284774
329;6,197;0,678759877664049
330;6,201;0,675365037404895
331;6,205;0,648958945011755
332;6,209;0,677046444137023
333;6,213;0,635779918911358
334;6,218;0,618725650628342
335;6,222;0,64806219475462
336;6,226;0,635011275833814
337;6,230;0,643866684623023
338;6,234;0,586554735153619
339;6,238;0,619045918577319
340;6,242;0,645468024367907
341;6,246;0,640599951543459
342;6,251;0,659880082071865
343;6,255;0,604826021642747
344;6,259;0,608925451389651
345;6,263;0,634130538974127
346;6,267;0,571806396103236
347;6,271;0,571662275526196
348;6,275;0,575265289952186
349;6,279;0,549003318136085
350;6,284;0,577811420146551
351;6,288;0,570717485076715
352;6,292;0,56842756924153
353;6,296;0,553407002434517
354;6,300;0,537938060498936
355;6,304;0,493612976360542
356;6,308;0,536737055690273
357;6,312;0,499265705659983
358;6,317;0,503973644509943
359;6,321;0,513149321248129
360;6,325;0,515183022724132
361;6,329;0,527641445939331
362;6,333;0,497728419504895
363;6,337;0,492636159116163
364;6,341;0,497312071171225
365;6,345;0,496255186939601
366;6,349;0,495886878798278
367;6,354;0,4907465782172
368;6,358;0,453371308571603
369;6,362;0,514414379646588
370;6,366;0,49033022988353
371;6,370;0,474300819037239
372;6,374;0,484020951288686
373;6,378;0,480113682311169
374;6,382;0,482884000069818
375;6,387;0,481186579940241
376;6,391;0,433146387593716
377;6,395;0,492315891167186
378;6,399;0,491803462448823
379;6,403;0,537313537998431
380;6,407;0,763006361642405
381;6,411;1,18076387428778
382;6,415;1,8994451517918
383;6,420;3,40007664012019
384;6,424;5,70081753197996
385;6,428;8,87489709390464
386;6,432;12,7558240326187
387;6,436;16,9171775874568
388;6,440;21,0750882618434
389;6,444;24,2207280298989
390;6,448;26,6960629941434
391;6,453;28,127772819852
392;6,457;28,4705716190394
393;6,461;28,5640097931533
394;6,465;27,8602530020717
395;6,469;27,2332804517572
396;6,473;26,02571015014
397;6,477;25,0023739861718
398;6,481;24,1080737788463
399;6,486;23,1287264176701
400;6,490;21,8975203414184
401;6,494;20,6676433771551
402;6,498;19,6044658803341
403;6,502;18,6324686685869
404;6,506;17,6190768244344
405;6,510;16,4431650095736
406;6,514;15,4574283028153
407;6,518;14,507337418778
408;6,523;13,7112633914038
409;6,527;12,7708606128231
410;6,531;11,9683812264693
411;6,535;10,974509713807
412;6,539;10,1773307620087
413;6,543;9,38385090502118
414;6,547;8,55584616313392
415;6,551;7,87920005393312
416;6,556;7,12306343979627
417;6,560;6,42170865833191
418;6,564;5,71865645673797
419;6,568;5,12012370029261
420;6,572;4,58755012793904
421;6,576;4,12826987570881
422;6,580;3,7055161830594
423;6,584;3,31856844710559
424;6,589;2,94614486263788
425;6,593;2,69575938012779
426;6,597;2,40556459155988
427;6,601;2,19028047625766
428;6,605;1,97309076665902
429;6,609;1,81337314050427
430;6,613;1,64550469504807
431;6,617;1,53923978957755
432;6,622;1,36967392399177
433;6,626;1,31795065023201
434;6,630;1,21327107110893
435;6,634;1,10209005262163
436;6,638;1,01568175998768
437;6,642;0,961204181866717
438;6,646;0,92868097164812
439;6,650;0,876365202182754
440;6,655;0,830374724709681
441;6,659;0,782062304606526
442;6,663;0,76763423350512
443;6,667;0,714886102308636
444;6,671;0,690561751583845
445;6,675;0,690721885558334
446;6,679;0,669696294708005
447;6,683;0,614001698380933
448;6,688;0,61736451184519
449;6,692;0,580293496751122
450;6,696;0,551853702881979
451;6,700;0,534623287227026
452;6,704;0,538530556204543
453;6,708;0,554367806281447
454;6,712;0,518930157727161
455;6,716;0,515455250480762
456;6,720;0,486166746546831
457;6,725;0,515743491634841
458;6,729;0,498256861620706
459;6,733;0,442978613627305
460;6,737;0,468616062942901
461;6,741;0,435980758942161
462;6,745;0,472603398907662
463;6,749;0,445732917988506
464;6,753;0,433194427786063
465;6,758;0,438366755162039
466;6,762;0,415964012131109
467;6,766;0,438030473815613
468;6,770;0,381935542552321
469;6,774;0,421872955789732
470;6,778;0,416972856170386
471;6,782;0,427333524319787
472;6,786;0,405010848276102
473;6,791;0,410503443601054
474;6,795;0,367411391066222
475;6,799;0,422481464892788
476;6,803;0,407669072252609
477;6,807;0,39866954288636
478;6,811;0,3566503879806
479;6,815;0,375978558701352
480;6,819;0,35623403964693
481;6,824;0,372071289723835
482;6,828;0,350837524706671
483;6,832;0,335464663155783
484;6,836;0,347138429895988
485;6,840;0,352454877849004
486;6,844;0,350917591693915
487;6,848;0,3144871124978
488;6,852;0,321901315516614
489;6,857;0,313478268458523
490;6,861;0,34351940207255
491;6,865;0,325248115583422
492;6,869;0,328819103214513
493;6,873;0,332726372192031
494;6,877;0,308097766915712
495;6,881;0,347010322716397
496;6,885;0,313270094291688
497;6,889;0,319643426476327
498;6,894;0,319579372886532
499;6,898;0,298858036587731
500;6,902;0,323070293530379
501;6,906;0,316184532627377
502;6,910;0,312053076085576
503;6,914;0,317161349871757
504;6,918;0,315992371857991
505;6,922;0,299274384921401
506;6,927;0,302669225180555
507;6,931;0,280730870675642
508;6,935;0,320267948976832
509;6,939;0,304750966848905
510;6,943;0,319515319296736
511;6,947;0,316328653204417
512;6,951;0,30577582428563
513;6,955;0,302284903641783
514;6,960;0,303437868258099
515;6,964;0,271106818808888
516;6,968;0,293845843186243
517;6,972;0,299466545690787
518;6,976;0,281691674522573
519;6,980;0,270338175731344
520;6,984;0,26873683598646
521;6,988;0,293461521647471
522;6,993;0,267583871370143
523;6,997;0,267984206306364
524;7,001;0,285791104269476
525;7,005;0,287424470809258
526;7,009;0,319563359489083
527;7,013;0,418205887773947
528;7,017;0,549227505700369
529;7,021;0,964887263279951
530;7,026;1,5855505349996
531;7,030;2,62843905725286
532;7,034;4,05566513167577
533;7,038;5,96149962904965
534;7,042;8,15818546428684
535;7,046;10,5065021599671
536;7,050;12,6011025864679
537;7,054;14,3760755998899
538;7,058;15,4940669561782
539;7,063;16,1215038950187
540;7,067;16,445390871819
541;7,071;16,4664484894642
542;7,075;15,9448601077606
543;7,079;15,5663514322623
544;7,083;14,9113234096174
545;7,087;14,1773012973574
546;7,091;13,3784409388271
547;7,096;12,7534700631937
548;7,100;12,0029701649588
549;7,104;11,2113318486779
550;7,108;10,58933946497
551;7,112;10,0034092523169
552;7,116;9,26354224998803
553;7,120;8,51637313842253
554;7,124;7,92206791890367
555;7,129;7,26199567606242
556;7,133;6,62499873894495
557;7,137;5,98620830131321
558;7,141;5,3676908248517
559;7,145;4,84237132154246
560;7,149;4,33842970382741
561;7,153;3,84343957528627
562;7,157;3,48758985717811
563;7,162;3,00934974236846
564;7,166;2,6928449417921
565;7,170;2,31656212853922
566;7,174;2,12299218017762
567;7,178;1,84786599860908
568;7,182;1,62797002484158
569;7,186;1,4411897569983
570;7,190;1,32168177183759
571;7,195;1,19501579801725
572;7,199;1,09456375582067
573;7,203;0,990893020736869
574;7,207;0,911354475608473
575;7,211;0,847412979595249
576;7,215;0,768210715813278
577;7,219;0,734966902709483
578;7,223;0,691106207097106
579;7,227;0,638261995515928
580;7,232;0,612608532802884
581;7,236;0,603112588115721
582;7,240;0,533838630752032
583;7,244;0,511355820733859
584;7,248;0,506647881883899
585;7,252;0,477855793270882
586;7,256;0,448198981195628
587;7,260;0,441697541831398
588;7,265;0,409238385202596
589;7,269;0,406740295200577
590;7,273;0,38789252640329
591;7,277;0,381278993256918
592;7,281;0,39481031410119
593;7,285;0,363728309652988
594;7,289;0,321356860003353
595;7,293;0,358379834905075
596;7,298;0,326288986417596
597;7,302;0,328707009432372
598;7,306;0,332261983666014
599;7,310;0,310259575571306
600;7,314;0,298425674856612
601;7,318;0,316921148910024
602;7,322;0,310163495186613
603;7,326;0,309298771724375
604;7,331;0,316793041730433
605;7,335;0,294182124532669
606;7,339;0,291443833568917
607;7,343;0,288337234463842
608;7,347;0,303389828065753
609;7,351;0,271234925988479
610;7,355;0,26873683598646
611;7,359;0,269681626435941
612;7,364;0,250945951420797
613;7,368;0,285486849717948
614;7,372;0,294070030750527
615;7,376;0,284061657345001
616;7,380;0,339884360851663
617;7,384;0,306480413773379
618;7,388;0,338315047901676
619;7,392;0,324879807442098
620;7,396;0,313558335445767
621;7,401;0,31973950686102
622;7,405;0,294502392481646
623;7,409;0,295431169533679
624;7,413;0,309266744929478
625;7,417;0,2792416247129
626;7,421;0,250337442317741
627;7,425;0,292292543633706
628;7,429;0,263244240661507
629;7,434;0,249648866227441
630;7,438;0,262635731558451
631;7,442;0,233251147239827
632;7,446;0,252307090203948
633;7,450;0,23514072813879
634;7,454;0,229135704095474
635;7,458;0,200215508302867
636;7,462;0,222826425500631
637;7,467;0,192368943552934
638;7,471;0,221353192935337
639;7,475;0,205932291192103
640;7,479;0,178117019823465
641;7,483;0,210720297029307
642;7,487;0,165370355454187
643;7,491;0,182664824698936
644;7,495;0,189726732973875
645;7,500;0,163929149683791
646;7,504;0,179318024632128
647;7,508;0,182921039058118
648;7,512;0,164889953530722
649;7,516;0,186796281240737
650;7,520;0,156098598331308
651;7,524;0,160742483591472
652;7,528;0,185563249637176
653;7,533;0,18384981611015
654;7,537;0,19324968041262
655;7,541;0,170094307701595
656;7,545;0,169934173727107
657;7,549;0,13672238741821
658;7,553;0,166187038724078
659;7,557;0,169037423469972
660;7,561;0,16408928365828
661;7,565;0,148220006786478
662;7,570;0,172176049369945
663;7,574;0,170686803407203
664;7,578;0,177172229373983
665;7,582;0,159717626154746
666;7,586;0,15758784429405
667;7,590;0,177332363348472
668;7,594;0,167900472251104
669;7,598;0,159221210833832
670;7,603;0,154705432753259
671;7,607;0,157956152435374
672;7,611;0,163368680773082
673;7,615;0,170286468470982
674;7,619;0,146426506272208
675;7,623;0,176515680078581
676;7,627;0,200471722662048
677;7,631;0,189854840153466
678;7,636;0,154977660509889
679;7,640;0,16256801090064
680;7,644;0,187741071690219
681;7,648;0,172352196741882
682;7,652;0,158708782115469
683;7,656;0,169661945970477
684;7,660;0,168605061738853
685;7,664;0,167340003340395
686;7,669;0,183737722328009
687;7,673;0,193137586630479
688;7,677;0,199222677661038
689;7,681;0,205772157217615
690;7,685;0,239800626796403
691;7,689;0,274053283939475
692;7,693;0,366770855168268
693;7,697;0,581414434572541
694;7,702;1,04178359782929
695;7,706;1,89773171826477
696;7,710;3,3549989263017
697;7,714;5,76115601356719
698;7,718;9,07922804535186
699;7,722;13,4244954698899
700;7,726;18,3036655787698
701;7,730;23,2893087672871
702;7,734;27,9847571672364
703;7,739;31,9067104302143
704;7,743;35,1970152308227
705;7,747;37,3383587644767
706;7,751;38,1750427677812
707;7,755;38,0302496280488
708;7,759;37,082208458885
709;7,763;35,9070172469095
710;7,767;34,5807876701964
711;7,772;32,6103391141164
712;7,776;30,3213040157918
713;7,780;28,2075355525447
714;7,784;26,0619804953616
715;7,788;24,1175537101361
716;7,792;22,1029562172896
717;7,796;19,8791917269665
718;7,800;17,7982026882971
719;7,805;15,845016574667
720;7,809;14,0634300280987
721;7,813;12,3210122516903
722;7,817;10,6651468884928
723;7,821;9,2170073170017
724;7,825;7,81288857509747
725;7,829;6,83318891917734
726;7,833;5,82937308669926
727;7,838;5,04803138497793
728;7,842;4,23751327310481
729;7,846;3,66037441565111
730;7,850;3,23630762441089
731;7,854;2,74591334093756
732;7,858;2,40771038681803
733;7,862;2,16707706335428
734;7,866;1,94383428951998
735;7,871;1,6719428142361
736;7,875;1,51771778340631
737;7,879;1,40238929497975
738;7,883;1,24172687837552
739;7,887;1,14687952528604
740;7,891;1,04080678058491
741;7,895;0,963414030714657
742;7,899;0,8895602416806
743;7,903;0,811943304246065
744;7,908;0,785473158263129
745;7,912;0,740571591816578
746;7,916;0,715766839168322
747;7,920;0,631312181023131
748;7,924;0,621255767425259
749;7,928;0,570189042960903
750;7,932;0,511724128875182
751;7,936;0,535343890112223
752;7,941;0,529643120620436
753;7,945;0,528105834465347
754;7,949;0,545576451082033
755;7,953;0,480642124426981
756;7,957;0,490970765781483
757;7,961;0,51161203509304
758;7,965;0,520851765421022
759;7,969;0,535135715945389
760;7,974;0,492652172513612
761;7,978;0,488072340843243
762;7,982;0,489929894947309
763;7,986;0,473356028587758
764;7,990;0,477167217180582
765;7,994;0,466454254287307
766;7,998;0,443843337089543
767;8,002;0,438014460418164
768;8,007;0,391239326470098
769;8,011;0,380142042038051
770;8,015;0,386723548389525
771;8,019;0,360637723945362
772;8,023;0,356858562147435
773;8,027;0,352631025220941
774;8,031;0,312629558393735
775;8,035;0,34255859822562
776;8,040;0,30467089986166
777;8,044;0,290114721580663
778;8,048;0,254949300783007
779;8,052;0,257991846298287
780;8,056;0,273124506887442
781;8,060;0,245565449877986
782;8,064;0,24149804692598
783;8,068;0,215812557418038
784;8,072;0,244172284299937
785;8,077;0,232466490764833
786;8,081;0,227438283965897
787;8,085;0,247743271931028
788;8,089;0,244204311094834
789;8,093;0,214947833955801
790;8,097;0,242763105324439
791;8,101;0,272980386310403
792;8,105;0,26113047219826
793;8,110;0,227854632299567
794;8,114;0,229119690698026
795;8,118;0,255301595526882
796;8,122;0,281355393176147
797;8,126;0,267503804382899
798;8,130;0,23832739423111
799;8,134;0,25325188065343
800;8,138;0,243531748401983
801;8,143;0,290771270876066
802;8,147;0,291475860363815
803;8,151;0,283757402793473
804;8,155;0,250801830843757
805;8,159;0,286127385615902
806;8,163;0,261338646365095
807;8,167;0,261578847326828
808;8,171;0,24522916853156
809;8,176;0,253155800268737
810;8,180;0,262475597583963
811;8,184;0,23072103044291
812;8,188;0,231938048649022
813;8,192;0,243051346478518
814;8,196;0,227406257171
815;8,200;0,199094570481448
816;8,204;0,215988704789976
817;8,209;0,213282440621121
818;8,213;0,188349580793275
819;8,217;0,194306564644244
820;8,221;0,215332155494573
821;8,225;0,207597684526783
822;8,229;0,179622279183656
823;8,233;0,205163648114559
824;8,237;0,223402907808789
825;8,241;0,239512385642324
826;8,246;0,271875461886433
827;8,250;0,308065740120815
828;8,254;0,365665930744298
829;8,258;0,520627577856738
830;8,262;0,826691643296448
831;8,266;1,27585142833901
832;8,270;2,07738602424332
833;8,274;3,32133876486424
834;8,279;4,92559294808408
835;8,283;7,06157199359272
836;8,287;9,49013182388914
837;8,291;12,0618674407757
838;8,295;14,3908879925301
839;8,299;16,3007738794585
840;8,303;17,8688698112389
841;8,307;18,7361554170681
842;8,312;19,1398851935483
843;8,316;19,0359902709002
844;8,320;18,4892448418044
845;8,324;17,9396970681551
846;8,328;16,8242678554586
847;8,332;15,7815875073722
848;8,336;14,5850504365973
849;8,340;13,2766757980397
850;8,345;12,1528235382851
851;8,349;10,8561867200575
852;8,353;9,7333272909447
853;8,357;8,66689907444164
854;8,361;7,52716152441779
855;8,365;6,5489831412553
856;8,369;5,63163965500096
857;8,373;4,88107570317631
858;8,378;4,17422832638699
859;8,382;3,54759205741892
860;8,386;3,03119201648868
861;8,390;2,55961347501774
862;8,394;2,21309956762226
863;8,398;1,93406611707619
864;8,402;1,65131755832199
865;8,406;1,48045460754285
866;8,410;1,26638751044674
867;8,415;1,1148367169909
868;8,419;1,006345949275
869;8,423;0,906294242014639
870;8,427;0,783647630953961
871;8,431;0,749683214964968
872;8,435;0,732805094053889
873;8,439;0,763518790360768
874;8,443;0,893259336491282
875;8,448;1,20841901168193
876;8,452;1,88471282613886
877;8,456;2,83469161639394
878;8,460;4,34163238331718
879;8,464;6,43504781840679
880;8,468;9,01022631574481
881;8,472;11,7398059912845
882;8,476;14,5462499745787
883;8,481;17,4606402700756
884;8,485;19,3944821995875
885;8,489;20,9489507301389
886;8,493;21,8955346801348
887;8,497;22,072466708547
888;8,501;21,8987213462271
889;8,505;21,1680300206365
890;8,509;20,0162183689362
891;8,514;18,9039598089345
892;8,518;17,4581261666761
893;8,522;16,0083051884529
894;8,526;14,4774083789462
895;8,530;12,8836429710553
896;8,534;11,2931763230389
897;8,538;9,97445702972935
898;8,542;8,60729720913705
899;8,547;7,3176582455946
900;8,551;6,23705817234931
901;8,555;5,33611240508259
902;8,559;4,49270277484955
903;8,563;3,81490370103243
904;8,567;3,2250662194018
905;8,571;2,77547407262812
906;8,575;2,34578657888336
907;8,579;1,98609364538748
908;8,584;1,7652528811705
909;8,588;1,5807305023675
910;8,592;1,40093207581191
911;8,596;1,23983729747656
912;8,600;1,04007016430226
913;8,604;0,978963039637482
914;8,608;0,879311667313341
915;8,612;0,82209579822863
916;8,617;0,721291461288172
917;8,621;0,652241691488767
918;8,625;0,587691686372487
919;8,629;0,593744750608149
920;8,633;0,538098194473424
921;8,637;0,505430863677787
922;8,641;0,491146913153421
923;8,645;0,456541961266474
924;8,650;0,403313428146525
925;8,654;0,388116713967574
926;8,658;0,363472095293807
927;8,662;0,358011526763752
928;8,666;0,351622181181664
929;8,670;0,302973479732083
930;8,674;0,324799740454854
931;8,678;0,291876195300036
932;8,683;0,268096300088506
933;8,687;0,265614223483936
934;8,691;0,250273388727945
935;8,695;0,238743742564779
936;8,699;0,230672990250563
937;8,703;0,238615635385189
938;8,707;0,220712657037384
939;8,711;0,243819989556062
940;8,716;0,203322107407942
941;8,720;0,196644520671775
942;8,724;0,184298191238718
943;8,728;0,160934644360858
944;8,732;0,189854840153466
945;8,736;0,159829719936888
946;8,740;0,168060606225593
947;8,744;0,165434409043983
948;8,748;0,154721446150708
949;8,753;0,165690623403164
950;8,757;0,136049824725358
951;8,761;0,140597629600829
952;8,765;0,142711398064076
953;8,769;0,131389926067745
954;8,773;0,12109331150814
955;8,777;0,135505369212098
956;8,781;0,142711398064076
957;8,786;0,116689627209709
958;8,790;0,13893223626615
959;8,794;0,130557229400406
960;8,798;0,13989304011308
961;8,802;0,108746982075083
962;8,806;0,110876763935779
963;8,810;0,112301956308726
964;8,814;0,126585906833093
965;8,819;0,112926478809231
966;8,823;0,0985464479001712
967;8,827;0,087144908916596
968;8,831;0,0934221607165419
969;8,835;0,0959522775134589
970;8,839;0,07976273269268
971;8,843;0,108090432779681
972;8,847;0,08805767257118
973;8,852;0,0634771074872081
974;8,856;0,0760476244845488
975;8,860;0,0902354946242224
976;8,864;0,0855115423768141
977;8,868;0,0688255822351212
978;8,872;0,0627885313969079
979;8,876;0,0692739573636888
980;8,880;0,0638133888336338
981;8,885;0,0549579800444244
982;8,889;0,0455581157419544
983;8,893;0,0747665526886414
984;8,897;0,0642777773596502
985;8,901;0,0705230023646984
986;8,905;0,0401295740067971
987;8,909;0,0568315475459388
988;8,913;0,0622120490887496
989;8,917;0,0553102747882989
990;8,922;0,0467751339480663
991;8,926;0,0486807282444785
992;8,930;0,0425315836241233
993;8,934;0,0370069615042729
994;8,938;0,05156313978527
995;8,942;0,0494173445271252
996;8,946;0,0370069615042729
997;8,950;0,0339964427838907
998;8,955;0,0408501768919949
999;8,959;0,0421472620853511
1000;8,963;0,0482003263210132
1001;8,967;0,048824848821518
1002;8,971;0,0301212006012711
1003;8,975;0,050954630682214
1004;8,979;0,0350693404129631
1005;8,983;0,0333238800910394
1006;8,988;0,0257175163028396
1007;8,992;0,0501859876046696
1008;8,996;0,0150525936019111
1009;9,000;0,0351654207976562
1010;9,004;0,00741420301881366
1011;9,008;0,0325071968211484
1012;9,012;0,0131950394978455
1013;9,016;0,0367027069527449
1014;9,021;0,0349412332333724
1015;9,025;0,0422113156751465
1016;9,029;0,0742220971753808
1017;9,033;0,101909261364428
1018;9,037;0,206060398371694
1019;9,041;0,392232157111926
1020;9,045;0,787218618585053
1021;9,049;1,48708415408668
1022;9,054;2,48857804393468
1023;9,058;4,02919498569283
1024;9,062;5,98026733085969
1025;9,066;8,52265039022248
1026;9,070;11,3768303113117
1027;9,074;14,3478439801876
1028;9,078;17,1576667903435
1029;9,082;19,3623433109076
1030;9,086;20,9587829561725
1031;9,091;21,9854659202075
1032;9,095;21,9284422118922
1033;9,099;21,714230994219
1034;9,103;20,8939286965046
1035;9,107;19,6600323694816
1036;9,111;18,2086260649109
1037;9,115;16,5645946024282
1038;9,119;14,7056793595794
1039;9,124;13,0527924883074
1040;9,128;11,2781877830268
1041;9,132;9,74934068839354
1042;9,136;8,11001716476073
1043;9,140;6,97298587890573
1044;9,144;5,85694815710616
1045;9,148;4,91337472583062
1046;9,152;4,1105270313355
1047;9,157;3,43397700251939
1048;9,161;2,86316343705798
1049;9,165;2,42944056715611
1050;9,169;2,095641297335
1051;9,173;1,80829689351299
1052;9,177;1,57281988402777
1053;9,181;1,35218729397763
1054;9,185;1,21271060219822
1055;9,190;1,06594781457959
1056;9,194;0,959346627762651
1057;9,198;0,866068587623149
1058;9,202;0,765456411452077
1059;9,206;0,710594511792346
1060;9,210;0,674292139775822
1061;9,214;0,628269635507851
1062;9,218;0,616003373062039
1063;9,223;0,750339764260371
1064;9,227;1,01941288159326
1065;9,231;1,60063515539641
1066;9,235;2,72682537117854
1067;9,239;4,76449816974874
1068;9,243;8,01307205660544
1069;9,247;12,852448872825
1070;9,251;19,3926566722783
1071;9,255;27,2188363672583
1072;9,260;36,367130195807
1073;9,264;45,9239418066731
1074;9,268;55,5337257363
1075;9,272;63,8541269167436
1076;9,276;70,4735209665815
1077;9,280;74,7025151122435
1078;9,284;76,5679798346489
1079;9,288;76,6571904718364
1080;9,293;74,0787132146239
1081;9,297;69,7187294778303
1082;9,301;64,4143876532863
1083;9,305;57,3473711045609
1084;9,309;50,697647679955
1085;9,313;44,0177390011579
1086;9,317;37,2094349016161
1087;9,321;31,291123405486
1088;9,326;25,7463244048501
1089;9,330;21,478049395246
1090;9,334;17,5608681247079
1091;9,338;14,6852142376398
1092;9,342;12,0071816884879
1093;9,346;9,98294413037724
1094;9,350;8,5147878120751
1095;9,354;7,14863683552207
1096;9,359;6,17904163339216
1097;9,363;5,35348694131458
1098;9,367;4,61896841373367
1099;9,371;4,13493144904753
1100;9,375;3,61448001856273
1101;9,379;3,32407705582799
1102;9,383;2,9927758760089
1103;9,387;2,7128777020006
1104;9,392;2,48028310405618
1105;9,396;2,2359346723843
1106;9,400;2,07978803386065
1107;9,404;1,86719416932983
1108;9,408;1,81542285537772
1109;9,412;1,67293564487793
1110;9,416;1,56161050581358
1111;9,420;1,42677769929434
1112;9,424;1,34402046127872
1113;9,429;1,28435454238434
1114;9,433;1,17467878325722
1115;9,437;1,10984053698686
1116;9,441;1,0858844944034
1117;9,445;0,997986955806706
1118;9,449;0,948537584484683
1119;9,453;0,876957697888361
1120;9,457;0,85471508883192
1121;9,462;0,770452591456116
1122;9,466;0,781774063452447
1123;9,470;0,728977892063616
1124;9,474;0,705181983454638
1125;9,478;0,632801426985873
1126;9,482;0,622488799028819
1127;9,486;0,608733290620265
1128;9,490;0,567835073535923
1129;9,495;0,535055648958144
1130;9,499;0,506023359383395
1131;9,503;0,51673632227667
1132;9,507;0,45217030376294
1133;9,511;0,460497270436338
1134;9,515;0,460513283833787
1135;9,519;0,441297206895177
1136;9,523;0,420271616044848
1137;9,528;0,393657349484873
1138;9,532;0,376731188381447
1139;9,536;0,375978558701352
1140;9,540;0,346674041369972
1141;9,544;0,312709625380979
1142;9,548;0,327441951033913
1143;9,552;0,319339171924799
1144;9,556;0,297080549470909
1145;9,561;0,288689529207716
1146;9,565;0,269585546051248
1147;9,569;0,276215092595069
1148;9,573;0,228991583518435
1149;9,577;0,222618251333796
1150;9,581;0,248031513085108
1151;9,585;0,242090542631587
1152;9,589;0,226141198772541
1153;9,593;0,216052758379771
1154;9,598;0,235957411408681
1155;9,602;0,212737985107861
1156;9,606;0,23168183428984
1157;9,610;0,211168672157874
1158;9,614;0,211520966901749
1159;9,618;0,167452097122537
1160;9,622;0,179269984439782
1161;9,626;0,197253029774831
1162;9,631;0,19408237707996
1163;9,635;0,165498462633778
1164;9,639;0,156675080639466
1165;9,643;0,155153807881826
1166;9,647;0,150686069993599
1167;9,651;0,150750123583395
1168;9,655;0,111213045282205
1169;9,659;0,136113878315154
1170;9,664;0,126425772858604
1171;9,668;0,112910465411782
1172;9,672;0,105624369572559
1173;9,676;0,111245072077103
1174;9,680;0,122822758432615
1175;9,684;0,113230733360759
1176;9,688;0,122166209137213
1177;9,692;0,131373912670296
1178;9,697;0,132142555747841
1179;9,701;0,163512801350122
1180;9,705;0,146970961785468
1181;9,709;0,162648077887884
1182;9,713;0,149372971402794
1183;9,717;0,15621069211345
1184;9,721;0,163720975516957
1185;9,725;0,168332833982223
1186;9,730;0,183033132840259
1187;9,734;0,18647601329176
1188;9,738;0,265245915342612
1189;9,742;0,410343309626566
1190;9,746;0,69506151626697
1191;9,750;1,22734684746646
1192;9,754;2,0943602255391
1193;9,758;3,52198663489822
1194;9,762;5,33318195334945
1195;9,767;7,89796775574317
1196;9,771;10,9032180683647
1197;9,775;14,3828652804082
1198;9,779;17,5456073569391
1199;9,783;20,623366333209
1200;9,787;22,782084403095
1201;9,791;24,3672506165558
1202;9,795;24,907622713467
1203;9,800;24,5470810699063
1204;9,804;23,2827753011279
1205;9,808;21,7904067258831
1206;9,812;19,7712294013664
1207;9,816;17,5979871799943
1208;9,820;15,1816455719513
1209;9,824;13,0069941716037
1210;9,828;11,109870962442
1211;9,833;9,28982023520158
1212;9,837;7,71511077027484
1213;9,841;6,36151429732171
1214;9,845;5,27366015503211
1215;9,849;4,45833802392434
1216;9,853;3,69861440875894
1217;9,857;3,11289237027266
1218;9,861;2,71116426847358
1219;9,866;2,28616870018132
1220;9,870;1,96329056742033
1221;9,874;1,75711807526649
1222;9,878;1,54474839829995
1223;9,882;1,44191035988349
1224;9,886;1,31863922632231
1225;9,890;1,22143790380784
1226;9,894;1,09091270120233
1227;9,899;1,06011893790821
1228;9,903;0,99364732509807
1229;9,907;0,893051162324447
1230;9,911;0,859487081271675
1231;9,915;0,756697083047561
1232;9,919;0,713941311859154
1233;9,923;0,655252210209149
1234;9,927;0,59718763105965
1235;9,931;0,546249013774885
1236;9,936;0,524534846834255
1237;9,940;0,511660075285387
1238;9,944;0,428070140602434
1239;9,948;0,44456393997474
1240;9,952;0,388020633582881
1241;9,956;0,352743119003083
1242;9,960;0,364160671384107
1243;9,964;0,354056217593888
1244;9,969;0,322061449491102
1245;9,973;0,304222524733093
1246;9,977;0,285646983692436
1247;9,981;0,287824805745479
1248;9,985;0,2529796528968
1249;9,989;0,262283436814577
1250;9,993;0,278248794071072
1251;9,997;0,287696698565888
1252;10,002;0,286655827731713
1253;10,006;0,335929051681799
1254;10,010;0,352855212785225
1255;10,014;0,35029306919341
1256;10,018;0,36619437286011
1257;10,022;0,3566503879806
1258;10,026;0,387187936915541
1259;10,030;0,381054805692635
1260;10,035;0,482227450774416
1261;10,039;0,575697651683304
1262;10,043;0,842753080937636
1263;10,047;1,28683661898891
1264;10,051;2,09053302354882
1265;10,055;3,45248848997025
1266;10,059;5,36969249953281
1267;10,063;8,17525574596731
1268;10,068;11,5678381160814
1269;10,072;15,3121387477619
1270;10,076;19,3785488691259
1271;10,080;23,0451364829871
1272;10,084;25,6610690768324
1273;10,088;27,8405244964147
1274;10,092;28,524216500493
1275;10,096;28,5619120380875
1276;10,100;27,349153395697
1277;10,105;25,4180497571488
1278;10,109;23,1026726200208
1279;10,113;20,2883020049895
1280;10,117;17,6784705155722
1281;10,121;14,8725870011887
1282;10,125;12,4830037802827
1283;10,129;10,2715375792003
1284;10,133;8,42857168021053
1285;10,138;6,97229730281543
1286;10,142;5,64124769347027
1287;10,146;4,73256745523575
1288;10,150;3,88092693871401
1289;10,154;3,22211975427121
1290;10,158;2,83099252158326
1291;10,162;2,42199433734239
1292;10,166;2,09469650688552
1293;10,171;1,84743363687796
1294;10,175;1,64558476203531
1295;10,179;1,46392878137565
1296;10,183;1,33111366293496
1297;10,187;1,21179783854364
1298;10,191;1,06908644047956
1299;10,195;0,989659989133309
1300;10,199;0,930602579341981
1301;10,204;0,776073293960659
1302;10,208;0,778058955244316
1303;10,212;0,721723823019291
1304;10,216;0,684156392604308
1305;10,220;0,631904676728738
1306;10,224;0,615458917548778
1307;10,228;0,562294438018624
1308;10,232;0,508233208231335
1309;10,237;0,461634221655206
1310;10,241;0,454171978444045
1311;10,245;0,418478115530578
1312;10,249;0,39839731512973
1313;10,253;0,383969244028324
1314;10,257;0,340797124506247
1315;10,261;0,349444359128621
1316;10,265;0,313830563202398
1317;10,269;0,298633849023447
1318;10,274;0,310419709545794
1319;10,278;0,26044189610796
1320;10,282;0,268144340280853
1321;10,286;0,238631648782638
1322;10,290;0,212850078890003
1323;10,294;0,233779589355639
1324;10,298;0,244748766608095
1325;10,302;0,225788904028667
1326;10,307;0,196468373299838
1327;10,311;0,21813450004812
1328;10,315;0,183913869699946
1329;10,319;0,185291021880546
1330;10,323;0,182088342390778
1331;10,327;0,175602916423997
1332;10,331;0,162920305644514
1333;10,335;0,136530226648823
1334;10,340;0,171727674241377
1335;10,344;0,128475487732056
1336;10,348;0,148508247940557
1337;10,352;0,120644936379573
1338;10,356;0,117874618620923
1339;10,360;0,158356487371595
1340;10,364;0,145689889989561
1341;10,368;0,143399974154377
1342;10,373;0,132270662927432
1343;10,377;0,122854785227513
1344;10,381;0,108346647138862
1345;10,385;0,116833747786748
1346;10,389;0,107658071048562
1347;10,393;0,0919489281512485
1348;10,397;0,106601186816939
1349;10,401;0,118499141121428
1350;10,406;0,0960963980904984
1351;10,410;0,107417870086829
1352;10,414;0,0922852094976741
1353;10,418;0,0581766729316415
1354;10,422;0,0658310769121878
1355;10,426;0,0677046444137023
1356;10,430;0,0544135245311638
1357;10,434;0,0596819322918326
1358;10,438;0,0625163036402776
1359;10,443;0,0456221693317497
1360;10,447;0,0486166746546831
1361;10,451;0,0647421658856666
1362;10,455;0,0291924235492382
1363;10,459;0,0465189195888848
1364;10,463;0,0301212006012711
1365;10,467;0,0122502490483638
1366;10,471;0,0253652215589651
1367;10,476;0,0310980178456504
1368;10,480;0
1369;10,484;0,0391367433649689
1370;10,488;0,0289041823951591
1371;10,492;0,0270786550859911
1372;10,496;0,021938354504913
1373;10,500;0,0451097406133868
1374;10,504;0,0441489367664563
1375;10,509;0,016782040526386
1376;10,513;0,0363504122088704
1377;10,517;0,0309538972686108
1378;10,521;0,0364304791961146
1379;10,525;0,0349252198359235
1380;10,529;0,0142679371269179
1381;10,533;0,00837500686574416
1382;10,537;0,0349892734257189
1383;10,542;0,0315303795767691
1384;10,546;0,0244524579043811
1385;10,550;0,0427077309960605
1386;10,554;0,100243868029748
1387;10,558;0,133391600748851
1388;10,562;0,29914627774181
1389;10,566;0,558563316413044
1390;10,570;1,08268181491363
1391;10,575;1,94124011913327
1392;10,579;3,33485407231106
1393;10,583;5,34448741194833
1394;10,587;7,94267716142033
1395;10,591;11,1263007082245
1396;10,595;14,7316530902414
1397;10,599;18,7558358825328
1398;10,603;22,5220588553207
1399;10,607;25,1014809029827
1400;10,612;27,34430133627
1401;10,616;28,1282532217755
1402;10,620;27,9237781497512
1403;10,624;26,5921040179055
1404;10,628;24,443570468797
1405;10,632;21,6550935174404
1406;10,636;18,8481691322228
1407;10,640;16,172282378329
1408;10,645;13,6056710486261
1409;10,649;11,1714745024277
1410;10,653;9,16329838195828
1411;10,657;7,54395957834162
1412;10,661;6,21668913079439
1413;10,665;5,20641989914442
1414;10,669;4,2715417426836
1415;10,673;3,60483995329853
1416;10,678;3,05277807624971
1417;10,682;2,6755664859448
1418;10,686;2,26760917253811
1419;10,690;2,00889672335463
1420;10,694;1,78382842221116
1421;10,698;1,52162505238383
1422;10,702;1,40395860792974
1423;10,706;1,23913270798881
1424;10,711;1,15105902202018
1425;10,715;1,03877307910891
1426;10,719;0,943909712621968
1427;10,723;0,867846074739971
1428;10,727;0,818204542648562
1429;10,731;0,750579965222103
1430;10,735;0,679480480549247
1431;10,739;0,64377060423833
1432;10,744;0,552029850253916
1433;10,748;0,526248280361281
1434;10,752;0,489177265267213
1435;10,756;0,498288888415604
1436;10,760;0,471274286919408
1437;10,764;0,427829939640701
1438;10,768;0,389910214481844
1439;10,772;0,369044757606004
1440;10,776;0,362078929715757
1441;10,781;0,336649654566997
1442;10,785;0,315495956537077
1443;10,789;0,294598472866339
1444;10,793;0,320940511669683
1445;10,797;0,251954795460074
1446;10,801;0,247214829815217
1447;10,805;0,240761430643333
1448;10,809;0,231041298391887
1449;10,814;0,215204048314982
1450;10,818;0,209407198438502
1451;10,822;0,207469577347192
1452;10,826;0,181543886877517
1453;10,830;0,181239632325989
1454;10,834;0,175058460910736
1455;10,838;0,13726684293147
1456;10,842;0,167388043532741
1457;10,847;0,164954007120517
1458;10,851;0,181736047646903
1459;10,855;0,253059719884044
1460;10,859;0,431513021053935
1461;10,863;0,758330449587343
1462;10,867;1,39252504215127
1463;10,871;2,59916656671638
1464;10,875;4,61655039071889
1465;10,880;7,8456199594829
1466;10,884;12,1077778512615
1467;10,888;17,8338965512106
1468;10,892;24,7941037389522
1469;10,896;32,414527290112
1470;10,900;40,8088463131795
1471;10,904;49,3383824643049
1472;10,908;56,6139414880065
1473;10,913;61,9963646385112
1474;10,917;65,3081113783036
1475;10,921;65,2933630392532
1476;10,925;62,7190172385825
1477;10,929;57,8250667638573
1478;10,933;51,2134071849873
1479;10,937;44,3235948924308
1480;10,941;37,1566067034324
1481;10,945;30,4789399002782
1482;10,950;24,9277035138678
1483;10,954;20,076364689754
1484;10,958;16,4299539566783
1485;10,962;13,2967085582482
1486;10,966;11,1454847583682
1487;10,970;9,34836521627454
1488;10,974;7,9493227213616
1489;10,978;6,83520660725589
1490;10,983;5,88919913956813
1491;10,987;5,15874801493922
1492;10,991;4,56152835708467
1493;10,995;4,02969140101374
1494;10,999;3,60719392272351
1495;11,003;3,22786856395535
1496;11,007;2,85419593448663
1497;11,011;2,63710230527268
1498;11,016;2,39023977020134
1499;11,020;2,21470090736714
1500;11,024;2,02651146054835
1501;11,028;1,83403042321328
1502;11,032;1,71735680940102
1503;11,036;1,56438082357223
1504;11,040;1,47387310119138
1505;11,044;1,39788953029663
1506;11,049;1,28174435860018
1507;11,053;1,21940420233184
1508;11,057;1,11741487398017
1509;11,061;1,04613924193537
1510;11,065;1,01393629966575
1511;11,069;0,968314130334003
1512;11,073;0,896814310724925
1513;11,077;0,843297536450896
1514;11,082;0,812103438220553
1515;11,086;0,79735509917017
1516;11,090;0,724061779046822
1517;11,094;0,745215477076742
1518;11,098;0,648734757447471
1519;11,102;0,658342795916776
1520;11,106;0,616035399856936
1521;11,110;0,613681430431957
1522;11,114;0,559396013080384
1523;11,119;0,56967661424254
1524;11,123;0,513213374837924
1525;11,127;0,485542224046326
1526;11,131;0,444355765807906
1527;11,135;0,420607897391273
1528;11,139;0,402400664491941
1529;11,143;0,420864111750455
1530;11,147;0,35969293349588
1531;11,152;0,391415473842035
1532;11,156;0,391175272880303
1533;11,160;0,504037698099738
1534;11,164;0,672274451697268
1535;11,168;0,997234326126611
1536;11,172;1,60491073251525
1537;11,176;2,63154565635794
1538;11,180;4,25399105907967
1539;11,185;6,60949777021447
1540;11,189;9,76000561109447
1541;11,193;13,5825797295049
1542;11,197;18,0316620097038
1543;11,201;22,3465039790891
1544;11,205;26,1729213128872
1545;11,209;29,3442785972456
1546;11,213;31,2879047125988
1547;11,218;31,7828468009475
1548;11,222;30,5906974010736
1549;11,226;28,489787695978
1550;11,230;25,4958268285578
1551;11,234;22,4444579312836
1552;11,238;18,8886510009735
1553;11,242;15,8069046887388
1554;11,246;13,0352097779086
1555;11,251;10,6739862838846
1556;11,255;8,74848733444349
1557;11,259;7,16384956309847
1558;11,263;5,96009045007415
1559;11,267;5,00663675257267
1560;11,271;4,24832231638278
1561;11,275;3,66505032770617
1562;11,279;3,17678582609354
1563;11,283;2,78993417052443
1564;11,288;2,45190736377683
1565;11,292;2,1806564243909
1566;11,296;1,98494068077116
1567;11,300;1,79811237273553
1568;11,304;1,60979481873715
1569;11,308;1,52942357694141
1570;11,312;1,46847658625112
1571;11,316;1,57134665146248
1572;11,321;1,83499122706021
1573;11,325;2,47485456232102
1574;11,329;3,79994718781521
1575;11,333;5,78006783595427
1576;11,337;9,11626703365103
1577;11,341;13,8109788173177
1578;11,345;19,7144458940128
1579;11,349;27,2486052731157
1580;11,354;35,9727202166421
1581;11,358;44,4447842843236
1582;11,362;52,6873763665633
1583;11,366;59,2167270825463
1584;11,370;63,4365295380727
1585;11,374;64,8097103961058
1586;11,378;63,0942111408089
1587;11,382;58,0420643126866
1588;11,387;51,8684832478245
1589;11,391;44,6294828104986
1590;11,395;37,5804493071083
1591;11,399;30,9360743572503
1592;11,403;25,2032940839624
1593;11,407;20,6117406066612
1594;11,411;16,8780568574893
1595;11,415;13,7657729963196
1596;11,420;11,4234773380801
1597;11,424;9,62847156444968
1598;11,428;8,08040839287782
1599;11,432;6,96244906338439
1600;11,436;6,06681974407068
1601;11,440;5,29742403684619
1602;11,444;4,69125288981774
1603;11,448;4,11419409935128
1604;11,452;3,69887062311813
1605;11,457;3,42776380430924
1606;11,461;3,10016171930084
1607;11,465;2,834515469022
1608;11,469;2,55376858494891
1609;11,473;2,35470604126236
1610;11,477;2,19617340651883
1611;11,481;2,05985135403684
1612;11,485;1,89371235550511
1613;11,490;1,75593308385528
1614;11,494;1,67288760468558
1615;11,498;1,56265137664776
1616;11,502;1,41753796896636
1617;11,506;1,35306803083732
1618;11,510;1,28051132699662
1619;11,514;1,20399931398605
1620;11,518;1,16561520030118
1621;11,523;1,0837547125427
1622;11,527;1,05576329380213
1623;11,531;1,01004504408568
1624;11,535;0,953517751091273
1625;11,539;0,902867374960587
1626;11,543;0,851864704086027
1627;11,547;0,819261426880185
1628;11,551;0,778427263385639
1629;11,556;0,748370116374163
1630;11,560;0,721259434493274
1631;11,564;0,649006985204101
1632;11,568;0,640712045325601
1633;11,572;0,589933562015325
1634;11,576;0,604713927860605
1635;11,580;0,549067371725881
1636;11,584;0,543670856785621
1637;11,589;0,475581890833147
1638;11,593;0,4734681223699
1639;11,597;0,48410101827593
1640;11,601;0,429767560732011
1641;11,605;0,434363405799828
1642;11,609;0,450440856838465
1643;11,613;0,385282342619129
1644;11,617;0,398621502694014
1645;11,622;0,357435044455593
1646;11,626;0,388452995314
1647;11,630;0,337690525401172
1648;11,634;0,357835379391814
1649;11,638;0,337978766555251
1650;11,642;0,363520135486153
1651;11,646;0,386835642171667
1652;11,650;0,513773843748634
1653;11,654;0,658230702134634
1654;11,659;1,1108013408338
1655;11,663;1,84347832770809
1656;11,667;3,04691717278344
1657;11,671;4,88748106215584
1658;11,675;7,61800552814507
1659;11,679;11,2675068469284
1660;11,683;15,2251539728198
1661;11,687;20,1690822609828
1662;11,692;25,029997096771
1663;11,696;30,5076679353014
1664;11,700;35,2878111943577
1665;11,704;40,3296293811254
1666;11,708;45,1471158830324
1667;11,712;50,5829437140289
1668;11,716;55,5608684449758
1669;11,720;61,0136704772681
1670;11,725;67,2215842662605
1671;11,729;72,5175991241312
1672;11,733;76,6545642746547
1673;11,737;77,8999101808537
1674;11,741;76,0950721811897
1675;11,745;71,4242844133116
1676;11,749;63,6741203160212
1677;11,753;54,7974297216023
1678;11,758;46,1670251799466
1679;11,762;38,0066779070041
1680;11,766;30,7554592474248
1681;11,770;24,8211183404484
1682;11,774;20,1674969346354
1683;11,778;16,610649133491
1684;11,782;13,9311113249789
1685;11,786;11,5964860841174
1686;11,791;9,98100650928593
1687;11,795;8,62486390613843
1688;11,799;7,54150952853195
1689;11,803;6,60794447066194
1690;11,807;5,94894512544976
1691;11,811;5,2142824772918
1692;11,815;4,75506627865137
1693;11,819;4,27729055236773
1694;11,823;3,893449415519
1695;11,828;3,55108297806277
1696;11,832;3,28425173637272
1697;11,836;3,10611870315181
1698;11,840;2,83976786338522
1699;11,844;2,61647704935858
1700;11,848;2,4012089474538
1701;11,852;2,28959556723537
1702;11,856;2,13636336704741
1703;11,861;2,06758582500463
1704;11,865;1,90613875192541
1705;11,869;1,81657581999404
1706;11,873;1,76558916251693
1707;11,877;1,6829920584758
1708;11,881;1,62167675964419
1709;11,885;1,50910257557883
1710;11,889;1,49406599537437
1711;11,894;1,37095499578768
1712;11,898;1,30856679932699
1713;11,902;1,23479307728018
1714;11,906;1,18382243320051
1715;11,910;1,11233862698888
1716;11,914;1,08213735940037
1717;11,918;1,05083116738788
1718;11,922;1,03385696609211
1719;11,927;0,931147034855241
1720;11,931;0,935518692358775
1721;11,935;0,877934515132741
1722;11,939;0,80344019020073
1723;11,943;0,83633170856065
1724;11,947;0,79956494801811
1725;11,951;0,772037917803551
1726;11,955;0,751092393940466
1727;11,960;0,739002278866591
1728;11,964;0,685917866323681
1729;11,968;0,667374352077923
1730;11,972;0,633217775319543
1731;11,976;0,59829255548362
1732;11,980;0,55806690109213
1733;11,984;0,576482308158298
1734;11,988;0,52211682381948
1735;11,992;0,551453367945758
1736;11,997;0,524342686064869
1737;12,001;0,531212433570422
1738;12,005;0,550444523906481
1739;12,009;0,666541655410583
1740;12,013;0,940594939350058
1741;12,017;1,43223826782439
1742;12,021;2,20004864870145
1743;12,025;3,54595869087914
1744;12,030;5,48127385295634
1745;12,034;8,19637741720233
1746;12,038;11,4214916767965
1747;12,042;15,1145174098458
1748;12,046;19,1337680757229
1749;12,050;22,7192478315058
1750;12,054;25,6127246299344
1751;12,058;27,2083796187242
1752;12,063;27,878924623497
1753;12,067;27,3344691102364
1754;12,071;25,3653336527472
1755;12,075;22,5667202208055
1756;12,079;19,4321136835922
1757;12,083;16,5571964128068
1758;12,087;14,0091606241446
1759;12,091;11,4495311357294
1760;12,096;9,49426328043094
1761;12,100;7,83210465203608
1762;12,104;6,41549546012176
1763;12,108;5,35234999009571
1764;12,112;4,58670141787425
1765;12,116;3,88185571576604
1766;12,120;3,4164743591078
1767;12,124;2,9113317365841
1768;12,129;2,52739451935067
1769;12,133;2,28842658922161
1770;12,137;2,07206957629031
1771;12,141;1,82099551768992
1772;12,145;1,69509818694713
1773;12,149;1,53147329181486
1774;12,153;1,42239002839336
1775;12,157;1,34946501641133
1776;12,161;1,23429666195926
1777;12,166;1,17264508178122
1778;12,170;1,11720669981333
1779;12,174;1,01076564697088
1780;12,178;0,977217579315559
1781;12,182;0,916750990548733
1782;12,186;0,884788249240845
1783;12,190;0,818012381879175
1784;12,194;0,771733663252023
1785;12,199;0,72380556468764
1786;12,203;0,695878199536861
1787;12,207;0,666205374064157
1788;12,211;0,634819115064428
1789;12,215;0,584857315024042
1790;12,219;0,546697388903452
1791;12,223;0,526568548310258
1792;12,227;0,4845173666096
1793;12,232;0,513501615992004
1794;12,236;0,461650235052655
1795;12,240;0,433290508170756
1796;12,244;0,452362464532326
1797;12,248;0,415771851361723
1798;12,252;0,383632962681898
1799;12,256;0,378476648703371
1800;12,260;0,381663314795691
1801;12,265;0,341101379057775
1802;12,269;0,329811933856342
1803;12,273;0,363648242665744
1804;12,277;0,339532066107788
1805;12,281;0,325872638083927
1806;12,285;0,314006710574335
1807;12,289;0,321597060965086
1808;12,293;0,324815753852303
1809;12,298;0,320684297310502
1810;12,302;0,280330535739421
1811;12,306;0,290066681388317
1812;12,310;0,310788017687118
1813;12,314;0,260153654953881
1814;12,318;0,296119745623979
1815;12,322;0,274709833234878
1816;12,326;0,27067445707777
1817;12,330;0,256246385976363
1818;12,335;0,2619631688656
1819;12,339;0,249664879624889
1820;12,343;0,222922505885324
1821;12,347;0,196276212530451
1822;12,351;0,235092687946444
1823;12,355;0,22063259005014
1824;12,359;0,223418921206238
1825;12,363;0,191472193295799
1826;12,368;0,205724117025268
1827;12,372;0,176595747065825
1828;12,376;0,164105297055729
1829;12,380;0,165258261672045
1830;12,384;0,157667911281294
1831;12,388;0,16767628468682
1832;12,392;0,164809886543478
1833;12,396;0,164489618594501
1834;12,401;0,136193945302398
1835;12,405;0,160790523783819
1836;12,409;0,150846203968088
1837;12,413;0,154289084419589
1838;12,417;0,119507985160705
1839;12,421;0,146986975182917
1840;12,425;0,147611497683422
1841;12,429;0,127498670487677
1842;12,434;0,108586848100595
1843;12,438;0,106617200214387
1844;12,442;0,117522323877049
1845;12,446;0,0967209205910033
1846;12,450;0,130669323182547
1847;12,454;0,112894452014333
1848;12,458;0,0972333493093662
1849;12,462;0,11736218990256
1850;12,467;0,0841343901962138
1851;12,471;0,0845507385298837
1852;12,475;0,0962885588598845
1853;12,479;0,098770635464455
1854;12,483;0,115376528618904
1855;12,487;0,16961390577813
1856;12,491;0,397276377308311
1857;12,495;0,686302187862453
1858;12,499;1,34824799820522
1859;12,504;2,5511744145622
1860;12,508;4,67679279192143
1861;12,512;8,09166581128435
1862;12,516;13,4465138913821
1863;12,520;20,4226063693929
1864;12,524;30,2070964651866
1865;12,528;41,7487686898367
1866;12,532;54,7497097972047
1867;12,537;68,2348480032334
1868;12,541;80,5494548959442
1869;12,545;90,9726713757798
1870;12,549;97,6562150957978
1871;12,553;100
1872;12,557;96,0250584048639
1873;12,561;88,2721239898148
1874;12,565;77,5007602360439
1875;12,570;66,0851294627137
1876;12,574;54,1156753386153
1877;12,578;44,1428997156181
1878;12,582;35,5070025786374
1879;12,586;29,2468370737694
1880;12,590;23,6683618982986
1881;12,594;19,7528940612874
1882;12,598;16,3132323026737
1883;12,603;13,996045651634
1884;12,607;11,9323190554145
1885;12,611;10,2976714438368
1886;12,615;9,02407790453805
1887;12,619;7,93188413153981
1888;12,623;7,0183518338783
1889;12,627;6,36505325815791
1890;12,631;5,65562772437933
1891;12,636;5,20063906266539
1892;12,640;4,66577557447663
1893;12,644;4,25924345344289
1894;12,648;3,9612501403174
1895;12,652;3,63532946204112
1896;12,656;3,37612059753672
1897;12,660;3,13199635342913
1898;12,664;2,94481575064962
1899;12,668;2,74231032651157
1900;12,673;2,51226185876151
1901;12,677;2,35806885472662
1902;12,681;2,24663162188013
1903;12,685;2,09898809740181
1904;12,689;1,9775104643549
1905;12,693;1,89561794980152
1906;12,697;1,80107485126356
1907;12,701;1,70438595746746
1908;12,706;1,59205197436383
1909;12,710;1,46210325406648
1910;12,714;1,41355063300159
1911;12,718;1,33931252242876
1912;12,722;1,30741383471067
1913;12,726;1,27553116039003
1914;12,730;1,20170939815087
1915;12,734;1,13895289354886
1916;12,739;1,09562064005229
1917;12,743;1,06676449784948
1918;12,747;1,03861294513442
1919;12,751;0,985384412014468
1920;12,755;0,98078856694665
1921;12,759;1,0098528833163
1922;12,763;1,00789924882754
1923;12,767;1,04471404956243
1924;12,772;1,09176141126712
1925;12,776;1,15229205362374
1926;12,780;1,1508668612508
1927;12,784;1,18204494608369
1928;12,788;1,21500051803341
1929;12,792;1,20465586328146
1930;12,796;1,14758411477378
1931;12,800;1,10944020205064
1932;12,805;1,17885827999137
1933;12,809;1,2122782404671
1934;12,813;1,42232597480356
1935;12,817;1,8316444269934
1936;12,821;2,52387157191192
1937;12,825;3,66564282341178
1938;12,829;5,55935517891689
1939;12,833;7,95960332252376
1940;12,837;11,0021808645986
1941;12,842;14,4752946104829
1942;12,846;17,8876855532413
1943;12,850;21,1349463415072
1944;12,854;23,436616010419
1945;12,858;24,5401312554135
1946;12,862;24,6842518324531
1947;12,866;23,2154709916505
1948;12,870;21,5552499843469
1949;12,875;19,2910836922603
1950;12,879;16,4189847794259
1951;12,883;13,8180086987978
1952;12,887;11,769078481821
1953;12,891;9,71937962176676
1954;12,895;7,91021800479153
1955;12,899;6,56672598562862
1956;12,903;5,58593741868197
1957;12,908;4,69501603821822
1958;12,912;4,04455183384627
1959;12,916;3,42196695443276
1960;12,920;3,08586175537902
1961;12,924;2,65337191708071
1962;12,928;2,39289799417785
1963;12,932;2,20866385652893
1964;12,936;2,12880504345155
1965;12,941;2,19218607055407
1966;12,945;2,57897367253339
1967;12,949;3,25582795590103
1968;12,953;4,53113492872677
1969;12,957;6,50821303135055
1970;12,961;9,48990763632485
1971;12,965;13,3387277131539
1972;12,969;17,8500540692365
1973;12,974;22,7941104645791
1974;12,978;27,6475790705536
1975;12,982;31,3655857036231
1976;12,986;34,2087964474598
1977;12,990;35,1988567715293
1978;12,994;34,5019056743634
1979;12,998;31,9592824140389
1980;13,002;28,6443490081542
1981;13,006;24,752356811803
1982;13,011;20,8493634114045
1983;13,015;17,4448190333961
1984;13,019;14,5690050123535
1985;13,023;11,9806474889151
1986;13,027;9,8860470624143
1987;13,031;8,31679816601762
1988;13,035;7,06720870949471
1989;13,039;6,06545860528753
1990;13,044;5,32664848719032
1991;13,048;4,7097964040635
1992;13,052;4,06371987059253
1993;13,056;3,66468201956485
1994;13,060;3,3736865611245
1995;13,064;3,08235482133772
1996;13,068;2,72762604105099
1997;13,072;2,45397309204773
1998;13,077;2,30424782590106
1999;13,081;2,09698642272071
2000;13,085;1,93332950079354
2001;13,089;1,82627993884804
2002;13,093;1,68268780392428
2003;13,097;1,58670349961592
2004;13,101;1,55813559856719
2005;13,105;1,41550426749035
2006;13,110;1,30598864233773
2007;13,114;1,22134182342315
2008;13,118;1,17983509723575
2009;13,122;1,08734171357124
2010;13,126;1,09701380563034
2011;13,130;1,01063753979129
2012;13,134;0,973038082581411
2013;13,138;0,939714202490372
2014;13,143;0,890569085719877
2015;13,147;0,821375195343432
2016;13,151;0,82099087380466
2017;13,155;0,772662440304056
2018;13,159;0,801630676289011
2019;13,163;0,777050111205039
2020;13,167;0,741580435855855
2021;13,171;0,689168586005796
2022;13,175;0,672882960800324
2023;13,180;0,628958211598152
2024;13,184;0,656197000658631
2025;13,188;0,611023206455449
2026;13,192;0,591855169709186
2027;13,196;0,578067634505733
2028;13,200;0,562182344236482
2029;13,204;0,509850561373668
2030;13,208;0,494958101746245
2031;13,213;0,499265705659983
2032;13,217;0,44264233228088
2033;13,221;0,44954410658133
2034;13,225;0,452554625301712
2035;13,229;0,408854063663824
2036;13,233;0,415115302066321
2037;13,237;0,403457548723564
2038;13,241;0,406820362187821
2039;13,246;0,423025920406049
2040;13,250;0,382560065052826
2041;13,254;0,368932663823862
2042;13,258;0,36148643401015
2043;13,262;0,362511291446876
2044;13,266;0,336297359823122
2045;13,270;0,346786135152114
2046;13,274;0,334615953090994
2047;13,279;0,313077933522302
2048;13,283;0,337274177067502
2049;13,287;0,39908589122003
2050;13,291;0,537121377229045
2051;13,295;0,785921533391697
2052;13,299;1,25167119819125
2053;13,303;2,1191489647899
2054;13,307;3,6038471226567
2055;13,312;5,86511498980507
2056;13,316;9,06234992444078
2057;13,320;13,2952513390803
2058;13,324;18,6909656094675
2059;13,328;24,4827872791492
2060;13,332;29,8216700019905
2061;13,336;34,3567282130922
2062;13,340;37,2552011915249
2063;13,344;38,1962445060035
2064;13,349;36,958120642054
2065;13,353;33,6876884676796
2066;13,357;29,5094087517381
2067;13,361;25,3314973439378
2068;13,365;20,975500943109
2069;13,369;17,2803934683914
2070;13,373;14,2566156549215
2071;13,377;11,7522644144997
2072;13,382;9,81766985530775
2073;13,386;8,30835910556208
2074;13,390;7,09246183727154
2075;13,394;6,11008794397745
2076;13,398;5,31846564109397
2077;13,402;4,59956017602567
2078;13,406;4,12437862012874
2079;13,410;3,70157688728698
2080;13,415;3,34095517673907
2081;13,419;2,97945272933147
2082;13,423;2,73700989195601
2083;13,427;2,49860243073765
2084;13,431;2,31620983379535
2085;13,435;2,1461635662861
2086;13,439;2,00114623898939
2087;13,443;1,82714466231028
2088;13,448;1,72643640575451
2089;13,452;1,61171642643101
2090;13,456;1,53485211867657
2091;13,460;1,43534486692947
2092;13,464;1,36936966944024
2093;13,468;1,33327547159055
2094;13,472;1,27692432596808
2095;13,476;1,20997231123447
2096;13,481;1,17584776127099
2097;13,485;1,12702291244947
2098;13,489;1,05091123437513
2099;13,493;1,05739666034191
2100;13,497;1,00126970228372
2101;13,501;0,959202507185612
2102;13,505;0,906534442976372
2103;13,509;0,846436162350869
2104;13,513;0,879503828082727
2105;13,518;0,778443276783088
2106;13,522;0,760139963499062
2107;13,526;0,752325425544027
2108;13,530;0,690385604211908
2109;13,534;0,664203699383052
2110;13,538;0,623994058389011
2111;13,542;0,646749096163814
2112;13,546;0,597940260739745
2113;13,551;0,599509573689732
2114;13,555;0,559700267631912
2115;13,559;0,551965796664121
2116;13,563;0,561349647569142
2117;13,567;0,503301081817091
2118;13,571;0,491531234692193
2119;13,575;0,481394754107076
2120;13,579;0,455965478958316
2121;13,584;0,492011636615658
2122;13,588;0,429175065026404
2123;13,592;0,399294065386865
2124;13,596;0,410615537383196
2125;13,600;0,404930781288858
2126;13,604;0,423922670663184
2127;13,608;0,47236319794593
2128;13,612;0,544775781209591
2129;13,617;0,720875112954502
2130;13,621;1,15509439817729
2131;13,625;1,79306815253914
2132;13,629;2,91635994338303
2133;13,633;4,70790682316453
2134;13,637;7,41974365433096
2135;13,641;11,0034138962021
2136;13,645;15,0755408004553
2137;13,650;19,283829623216
2138;13,654;23,5230563298478
2139;13,658;27,3006488148244
2140;13,662;29,5304663693833
2141;13,666;30,1222254587078
2142;13,670;29,2228970445834
2143;13,674;27,2967735726418
2144;13,678;24,4037931895341
2145;13,682;21,0764333872291
2146;13,687;18,0005639918582
2147;13,691;14,9104106459628
2148;13,695;12,3146549329031
2149;13,699;10,2443948705245
2150;13,703;8,57477399891846
2151;13,707;7,19070403062018
2152;13,711;6,14991326343272
2153;13,715;5,16449682462335
2154;13,720;4,55983093695509
2155;13,724;3,96965717397804
2156;13,728;3,45490651298502
2157;13,732;3,12378148053788
2158;13,736;2,81470689637779
2159;13,740;2,58047893189358
2160;13,744;2,323047554506
2161;13,748;2,04878609639969
2162;13,753;1,96519616171674
2163;13,757;1,77506909380664
2164;13,761;1,63594469677111
2165;13,765;1,56678283318956
2166;13,769;1,50551557455029
2167;13,773;1,39393422112676
2168;13,777;1,27746878148134
2169;13,781;1,19801030334019
2170;13,786;1,18005928480004
2171;13,790;1,06418634086022
2172;13,794;1,00056511279597
2173;13,798;0,986569403425682
2174;13,802;0,941155408260767
2175;13,806;0,877101818465401
2176;13,810;0,839726548819805
2177;13,814;0,815129970338384
2178;13,819;0,782174398388668
2179;13,823;0,750563951824655
2180;13,827;0,731780236617163
2181;13,831;0,680745538947705
2182;13,835;0,688688184082331
2183;13,839;0,660552644764716
2184;13,843;0,642873853981195
2185;13,847;0,618069101332939
2186;13,851;0,577475138800126
2187;13,856;0,561910116479852
2188;13,860;0,535632131266303
2189;13,864;0,537409618383124
2190;13,868;0,497183963991634
2191;13,872;0,517184697405237
2192;13,876;0,494717900784512
2193;13,880;0,491002792576381
2194;13,884;0,487127550393761
2195;13,889;0,443346921768629
2196;13,893;0,436381093878382
2197;13,897;0,430103842078437
2198;13,901;0,413001533603074
2199;13,905;0,396699895000153
2200;13,909;0,402768972633264
2201;13,913;0,392952759997124
2202;13,917;0,371943182544244
2203;13,922;0,375946531906454
2204;13,926;0,361150152663725
2205;13,930;0,303694082617281
2206;13,934;0,319114984360515
2207;13,938;0,312053076085576
2208;13,942;0,28574306407713
2209;13,946;0,313830563202398
2210;13,950;0,314647246472289
2211;13,955;0,281147219009312
2212;13,959;0,258760489375831
2213;13,963;0,281131205611863
2214;13,967;0,262187356429884
2215;13,971;0,276311172979762
2216;13,975;0,281435460163391
2217;13,979;0,247679218341233
2218;13,983;0,272532011181835
2219;13,988;0,253299920845776
2220;13,992;0,274709833234878
2221;13,996;0,253588161999856
2222;14,000;0,271763368104291
2223;14,004;0,27482192701702
2224;14,008;0,261851075083458
2225;14,012;0,260570003287551
2226;14,016;0,262059249250293
2227;14,020;0,258520288414099
2228;14,025;0,2730124131053
2229;14,029;0,233923709932678
2230;14,033;0,232738718521464
2231;14,037;0,224107497296538
2232;14,041;0,259801360210006
2233;14,045;0,234292018074001
2234;14,049;0,247182803020319
2235;14,053;0,251218179177427
2236;14,058;0,244076203915244
2237;14,062;0,29983485383211
2238;14,066;0,376923349150834
2239;14,070;0,606875736516199
2240;14,074;0,878863292184774
2241;14,078;1,55256293625499
2242;14,082;2,68288460857892
2243;14,086;4,53869325232262
2244;14,091;7,18317773381922
2245;14,095;11,3179650622897
2246;14,099;16,7280273367911
2247;14,103;23,847439721969
2248;14,107;32,7309520237011
2249;14,111;43,1381871328829
2250;14,115;54,7112456165326
2251;14,119;67,7744468131818
2252;14,124;80,5151221718138
2253;14,128;91,187987517877
2254;14,132;96,6764353728904
2255;14,136;97,6164858567272
2256;14,140;93,6421687840915
2257;14,144;85,4795476087114
2258;14,148;75,7076920835048
2259;14,152;65,5432681198398
2260;14,157;55,0583520196337
2261;14,161;45,8898492835046
2262;14,165;38,2885617422961
2263;14,169;31,9092885872036
2264;14,173;26,695262324271
2265;14,177;22,3233966465704
2266;14,181;18,8770893280154
2267;14,185;16,2074798259216
2268;14,189;14,0821176629215
2269;14,194;12,1815035331159
2270;14,198;10,746927309264
2271;14,202;9,5397253157882
2272;14,206;8,69322509984754
2273;14,210;7,73467914195733
2274;14,214;7,03414104376285
2275;14,218;6,4239345205773
2276;14,222;5,8937789712385
2277;14,227;5,45126474613721
2278;14,231;5,087136101548
2279;14,235;4,74488175787391
2280;14,239;4,39671847054119
2281;14,243;4,14657318899284
2282;14,247;3,84680238875052
2283;14,251;3,53481336625474
2284;14,255;3,4089640757043
2285;14,260;3,16184532627377
2286;14,264;2,9775631484325
2287;14,268;2,86657429071458
2288;14,272;2,78042221243982
2289;14,276;2,56665936989523
2290;14,280;2,47788109443885
2291;14,284;2,41904787221181
2292;14,288;2,27705707703293
2293;14,293;2,219440873012
2294;14,297;2,14103927910247
2295;14,301;2,04061926370078
2296;14,305;1,99773538533279
2297;14,309;1,84179692097597
2298;14,313;1,78060972932394
2299;14,317;1,71146387913984
2300;14,321;1,65024466069292
2301;14,326;1,57067408876963
2302;14,330;1,58787247762968
2303;14,334;1,47579470888524
2304;14,338;1,46123853060424
2305;14,342;1,42508027916476
2306;14,346;1,36920953546575
2307;14,350;1,34203479999507
2308;14,354;1,264898264484
2309;14,358;1,22572949432413
2310;14,363;1,16558317350628
2311;14,367;1,16276481555529
2312;14,371;1,12396435353674
2313;14,375;1,17123590280572
2314;14,379;1,16977868363788
2315;14,383;1,21379951322474
2316;14,387;1,35249154852916
2317;14,391;1,70698012785417
2318;14,396;2,31388789116526
2319;14,400;3,20380042758974
2320;14,404;4,83950492339911
2321;14,408;7,06861788847021
2322;14,412;9,96729904106972
2323;14,416;13,4211006296308
2324;14,420;17,3366805604241
2325;14,424;21,5312138747762
2326;14,429;24,7786347970166
2327;14,433;26,8950294574453
2328;14,437;27,731329139211
2329;14,441;27,4115576055551
2330;14,445;25,8172157153561
2331;14,449;23,2637994251511
2332;14,453;20,4431995985121
2333;14,457;17,9625001461223
2334;14,462;16,0827034330002
2335;14,466;14,9313081296336
2336;14,470;14,7533512437846
2337;14,474;15,4840745961701
2338;14,478;17,0965276388838
2339;14,482;19,360501770201
2340;14,486;22,186097776844
2341;14,490;24,7391617723052
2342;14,495;26,8504481589477
2343;14,499;28,1656284914211
2344;14,503;28,7987341729585
2345;14,507;28,4679294084603
2346;14,511;27,6188190087355
2347;14,515;26,7912466285793
2348;14,519;26,6237144644696
2349;14,523;27,1950404586493
2350;14,527;28,7733529380021
2351;14,532;31,3791170244674
2352;14,536;34,5681851264042
2353;14,540;37,4720706331745
2354;14,544;39,8305398228374
2355;14,548;40,7217814712501
2356;14,552;39,7929083388326
2357;14,556;37,6822144478957
2358;14,560;34,5148605128995
2359;14,565;30,4239979336312
2360;14,569;26,2709233052741
2361;14,573;22,4217189069063
2362;14,577;19,1682769472251
2363;14,581;16,1188296576448
2364;14,585;13,7725786902354
2365;14,589;11,8845350774272
2366;14,593;10,2607925895121
2367;14,598;9,01732025081464
2368;14,602;7,94471086289633
2369;14,606;7,1661554923311
2370;14,610;6,50364921307763
2371;14,614;5,85585924607964
2372;14,618;5,39052592961375
2373;14,622;4,90951549704545
2374;14,626;4,52628286929977
2375;14,631;4,27508070351979
2376;14,635;3,95790334025059
2377;14,639;3,69717320298855
2378;14,643;3,4662760251737
2379;14,647;3,24868598063884
2380;14,651;3,10970570418035
2381;14,655;2,81577979400686
2382;14,659;2,71121230866592
2383;14,664;2,605075510375
2384;14,668;2,4212737344572
2385;14,672;2,35971823466385
2386;14,676;2,22866458994253
2387;14,680;2,15654024783295
2388;14,684;2,01314027367857
2389;14,688;1,93441841182007
2390;14,692;1,86837916074104
2391;14,696;1,82741689006691
2392;14,701;1,71220049542249
2393;14,705;1,63714570157977
2394;14,709;1,55248286926774
2395;14,713;1,53664561919084
2396;14,717;1,44093354263911
2397;14,721;1,38951452343088
2398;14,725;1,35460531699241
2399;14,729;1,37425375566214
2400;14,734;1,26451394294523
2401;14,738;1,24729954068772
2402;14,742;1,23380024663835
2403;14,746;1,14582264105441
2404;14,750;1,13674304470092
2405;14,754;1,18430283512398
2406;14,758;1,12274733533063
2407;14,762;1,02019753806825
2408;14,767;1,04256825430428
2409;14,771;1,01350393793463
2410;14,775;0,95535929179789
2411;14,779;0,9821817325247
2412;14,783;0,940739059927097
2413;14,787;0,927079631903236
2414;14,791;0,919377187730343
2415;14,795;0,889512201488253
2416;14,800;0,882834614752086
2417;14,804;0,837917034908086
2418;14,808;0,892714880978022
2419;14,812;0,805425851484386
2420;14,816;0,880784899878635
2421;14,820;0,834746382213215
2422;14,824;0,983574898102749
2423;14,828;1,1044760488415
2424;14,833;1,52734183527306
2425;14,837;2,13906963121626
2426;14,841;3,13230060798066
2427;14,845;4,78709307354905
2428;14,849;7,22610965237957
2429;14,853;10,6487811963001
2430;14,857;14,9144460221199
2431;14,861;19,8736190646543
2432;14,865;25,326757378293
2433;14,870;30,1085019770941
2434;14,874;34,2169472667613
2435;14,878;36,4784553348714
2436;14,882;36,3889564565298
2437;14,886;34,4106933624948
2438;14,890;31,209887440228
2439;14,894;27,0612965631566
2440;14,898;23,2779072283035
2441;14,903;19,7179688414515
2442;14,907;16,3728341679783
2443;14,911;13,8713012855075
2444;14,915;11,7635698730986
2445;14,919;10,1739199083521
2446;14,923;8,76847205445964
2447;14,927;7,7654248650591
2448;14,931;6,89679413384414
2449;14,936;6,221349029452
2450;14,940;5,62470585390561
2451;14,944;5,05653449902326
2452;14,948;4,67088384826281
2453;14,952;4,29416867327881
2454;14,956;3,94339520216194
2455;14,960;3,6376834314661
2456;14,964;3,4621445686319
2457;14,969;3,17837115244098
2458;14,973;2,97706673311159
2459;14,977;2,7785166181434
2460;14,981;2,6058281400551
2461;14,985;2,54411250628726
2462;14,989;2,39829450911811
2463;14,993;2,25145165451223
2464;14,997;2,15114373289269
2465;15,002;2,12166306818937
2466;15,006;1,98940841865939
2467;15,010;1,92958236579052
2468;15,014;1,92931013803388
2469;15,018;1,84993172687998
2470;15,022;1,76582936347866
2471;15,026;1,64528050748378
2472;15,030;1,58931368340008
2473;15,034;1,61085170296877
2474;15,039;1,49693239351771
2475;15,043;1,41667324550412
2476;15,047;1,42018017954541
2477;15,051;1,36341268558927
2478;15,055;1,36608692296323
2479;15,059;1,2939145406613
2480;15,063;1,2386362926679
2481;15,067;1,22163006457723
2482;15,072;1,19317425731064
2483;15,076;1,19921130814885
2484;15,080;1,18907482756373
2485;15,084;1,17573566748885
2486;15,088;1,14260394816719
2487;15,092;1,06184838483269
2488;15,096;1,02131847588967
2489;15,100;1,02364041851975
2490;15,105;1,01619418870604
2491;15,109;0,970459925592147
2492;15,113;0,939009613002623
2493;15,117;0,948377450510195
2494;15,121;0,921827237540015
2495;15,125;0,84573157286312
2496;15,129;0,890921380463751
2497;15,133;0,853257869664076
2498;15,138;0,897614980597367
2499;15,142;0,946295708841846
2500;15,146;1,07842225119224
2501;15,150;1,36767224931066
2502;15,154;1,92114330533498
2503;15,158;2,82915098087664
2504;15,162;4,30877289175216
2505;15,166;6,63676858606985
2506;15,171;9,8196234897965
2507;15,175;13,7427297173908
2508;15,179;18,2371779525622
2509;15,183;22,8076577988208
2510;15,187;26,7429822486685
2511;15,191;29,6894473792554
2512;15,195;30,6835110526871
2513;15,199;29,9797702750029
2514;15,203;28,4298495493269
2515;15,208;25,9614163593829
2516;15,212;22,6358980977845
2517;15,216;19,5500043156106
2518;15,220;16,5808001606464
2519;15,224;14,0097210930553
2520;15,228;11,7411030764779
2521;15,232;10,0242747091927
2522;15,236;8,67994999336245
2523;15,241;7,62176867654555
2524;15,245;6,938781261955
2525;15,249;6,7279969113359
2526;15,253;6,88636941210494
2527;15,257;7,50435844645064
2528;15,261;8,92935865862816
2529;15,265;10,8122779842527
2530;15,269;13,3606340408639
2531;15,274;16,341143654427
2532;15,278;19,2397127132444
2533;15,282;21,8476706351602
2534;15,286;23,5525049677562
2535;15,290;24,4056347302407
2536;15,294;24,0765273858721
2537;15,298;22,9070849835807
2538;15,302;21,2766008553396
2539;15,307;18,9179074781125
2540;15,311;16,5272993997698
2541;15,315;14,235333849712
2542;15,319;12,0177024906117
2543;15,323;10,2155387283217
2544;15,327;8,77040967555095
2545;15,331;7,53726597820801
2546;15,335;6,63872222055861
2547;15,340;5,85544289774597
2548;15,344;5,12985984594151
2549;15,348;4,58410724748754
2550;15,352;4,10261641299577
2551;15,356;3,75341225482888
2552;15,360;3,42049372186746
2553;15,364;3,14898656812235
2554;15,368;2,92678466512223
2555;15,372;2,72658517021681
2556;15,377;2,51029221087531
2557;15,381;2,41736646547968
2558;15,385;2,30937211308469
2559;15,389;2,12792430659187
2560;15,393;2,0445265326783
2561;15,397;1,94125613253072
2562;15,401;1,82520704121897
2563;15,405;1,69615507117875
2564;15,410;1,68995788636605
2565;15,414;1,57730363531345
2566;15,418;1,56740735569006
2567;15,422;1,48484227844384
2568;15,426;1,40101214279915
2569;15,430;1,36547841386017
2570;15,434;1,36200350661377
2571;15,438;1,30578046817089
2572;15,443;1,25131890344738
2573;15,447;1,26706007313959
2574;15,451;1,20974812367019
2575;15,455;1,21871562624154
2576;15,459;1,12311564347195
2577;15,463;1,10217011960887
2578;15,467;1,07531565208716
2579;15,471;1,06184838483269
2580;15,476;1,02528979845698
2581;15,480;0,946567936598476
2582;15,484;0,997058178754673
2583;15,488;0,970668099758982
2584;15,492;0,998227156768439
2585;15,496;0,952572960641791
2586;15,500;0,967641567641151
2587;15,504;0,944310047558189
2588;15,509;0,939233800566906
2589;15,513;0,871801383909834
2590;15,517;0,903411830473848
2591;15,521;0,808932785525682
2592;15,525;0,826851777270936
2593;15,529;0,791334061729405
2594;15,533;0,801278381545136
2595;15,537;0,808484410397115
2596;15,541;0,786946390828423
2597;15,546;0,737432965916605
2598;15,550;0,734374407003876
2599;15,554;0,78601761377639
2600;15,558;0,735351224248255
2601;15,562;0,854394820882944
2602;15,566;0,997122232344469
2603;15,570;1,18105211544186
2604;15,574;1,61860218733401
2605;15,579;2,34775622676956
2606;15,583;3,45919810350131
2607;15,587;5,21360991459895
2608;15,591;7,76729843256062
2609;15,595;11,4034285644742
2610;15,599;16,0652488297809
2611;15,603;21,9802135258443
2612;15,607;29,1814383585883
2613;15,612;36,9598500889784
2614;15,616;45,1808561114571
2615;15,620;53,4442175701879
2616;15,624;60,9854228441683
2617;15,628;66,4656077860982
2618;15,632;68,5862780236457
2619;15,636;66,3679100482628
2620;15,640;61,7518560728648
2621;15,645;54,1481825354365
2622;15,649;45,7706135261005
2623;15,653;38,2822204369063
2624;15,657;31,6937482575422
2625;15,661;26,1813443599453
2626;15,665;22,2306790753416
2627;15,669;18,7025593092205
2628;15,673;16,0909663460838
2629;15,678;14,1317111548206
2630;15,682;12,5694921399039
2631;15,686;11,1546764485039
2632;15,690;10,0768627064147
2633;15,694;9,00181928208416
2634;15,698;8,1732860980811
2635;15,702;7,56520935675624
2636;15,706;6,98771820455866
2637;15,710;6,47533752638808
2638;15,715;5,94233159230339
2639;15,719;5,55439102570775
2640;15,723;5,26357171463934
2641;15,727;4,83398030127926
2642;15,731;4,54090310117056
2643;15,735;4,30760391373839
2644;15,739;4,06868402380167
2645;15,743;3,85213485010099
2646;15,748;3,71064047024302
2647;15,752;3,57329356032431
2648;15,756;3,27373093424883
2649;15,760;3,19098970963067
2650;15,764;3,05841479215171
2651;15,768;2,98009326522942
2652;15,772;2,84892752672596
2653;15,776;2,69857773807879
2654;15,781;2,60904683294231
2655;15,785;2,51629723491862
2656;15,789;2,31837164245094
2657;15,793;2,35755642600826
2658;15,797;2,24579892521279
2659;15,801;2,23559839103788
2660;15,805;2,16600416572521
2661;15,809;2,0624295110261
2662;15,814;2,03456619946512
2663;15,818;1,95204916241124
2664;15,822;1,93555536303893
2665;15,826;1,91065453000598
2666;15,830;1,83297353898165
2667;15,834;1,80101079767377
2668;15,838;1,7584311738573
2669;15,842;1,68105443738449
2670;15,847;1,67549778846975
2671;15,851;1,62166074624674
2672;15,855;1,60415810283516
2673;15,859;1,56918484280689
2674;15,863;1,55634209805292
2675;15,867;1,52207342751239
2676;15,871;1,47883725440052
2677;15,875;1,43672201911007
2678;15,879;1,37998655194882
2679;15,884;1,39433455606298
2680;15,888;1,34339593877822
2681;15,892;1,28400224764047
2682;15,896;1,28201658635681
2683;15,900;1,26299267018759
2684;15,904;1,24251153485052
2685;15,908;1,20857914565642
2686;15,912;1,16575932087822
2687;15,917;1,2213898636155
2688;15,921;1,20859515905387
2689;15,925;1,1701149649843
2690;15,929;1,08111250196364
2691;15,933;1,11715865962099
2692;15,937;1,09994425736348
2693;15,941;1,09461179601302
2694;15,945;1,0810644617713
2695;15,950;1,03318440339926
2696;15,954;1,02665093724013
2697;15,958;1,06583572079745
2698;15,962;1,03259190769365
2699;15,966;1,03406514025895
2700;15,970;1,06556349304082
2701;15,974;1,09105682177937
2702;15,978;1,26970228371865
2703;15,983;1,50271322999674
2704;15,987;1,97704607582888
2705;15,991;2,7212366954689
2706;15,995;3,85516138221882
2707;15,999;5,49914480450925
2708;16,003;7,82638786914684
2709;16,007;10,984678221187
2710;16,011;14,8911945690242
2711;16,016;19,1190837902623
2712;16,020;23,5108060807994
2713;16,024;27,2244570697628
2714;16,028;30,0213570681775
2715;16,032;31,0720921551807
2716;16,036;31,2368219747369
2717;16,040;29,7226111253719
2718;16,044;27,1522846874609
2719;16,048;23,9973891756799
2720;16,053;21,1031117073789
2721;16,057;18,1562462418558
2722;16,061;15,580219034453
2723;16,065;13,4275860555976
2724;16,069;11,6498587378144
2725;16,073;10,1291464490852
2726;16,077;8,89171116122593
2727;16,081;7,91137096940785
2728;16,086;7,11734665690703
2729;16,090;6,41687261230236
2730;16,094;5,89472376168798
2731;16,098;5,45891915011775
2732;16,102;4,91126095736737
2733;16,106;4,57328219081212
2734;16,110;4,30653101610932
2735;16,114;3,98222769097538
2736;16,119;3,69723725657834
2737;16,123;3,61516859465303
2738;16,127;3,32100248351781
2739;16,131;3,20179875290863
2740;16,135;2,96731457406525
2741;16,139;2,87297964969412
2742;16,143;2,72248574046991
2743;16,147;2,53818754923119
2744;16,152;2,45470970833038
2745;16,156;2,37063937172396
2746;16,160;2,30469620102963
2747;16,164;2,20312322101163
2748;16,168;2,16925488540733
2749;16,172;2,08138937360553
2750;16,176;1,94120809233837
2751;16,180;1,89822813358568
2752;16,185;1,85531222842279
2753;16,189;1,81760067743077
2754;16,193;1,74473971903854
2755;16,197;1,69716391521803
2756;16,201;1,64652955248479
2757;16,205;1,64789069126794
2758;16,209;1,52835067931234
2759;16,213;1,49688435332537
2760;16,217;1,51840635949661
2761;16,222;1,48091899606887
2762;16,226;1,36855298617035
2763;16,230;1,3762073901509
2764;16,234;1,40759364915063
2765;16,238;1,34510937230525
2766;16,242;1,31249008170196
2767;16,246;1,29428284880262
2768;16,250;1,25045417998514
2769;16,255;1,1798190838383
2770;16,259;1,17964293646637
2771;16,263;1,14242780079526
2772;16,267;1,1391290409208
2773;16,271;1,13584629444378
2774;16,275;1,1376237815606
2775;16,279;1,12045741949545
2776;16,283;1,05196811860675
2777;16,288;1,05430607463428
2778;16,292;1,0353301986574
2779;16,296;1,05666004405926
2780;16,300;1,03340859096354
2781;16,304;1,05307304303072
2782;16,308;1,01936484140091
2783;16,312;0,961684583790182
2784;16,316;0,97789014200841
2785;16,321;1,00950058857242
2786;16,325;1,00689040478826
2787;16,329;0,961380329238654
2788;16,333;0,931643450176155
2789;16,337;1,06735699355509
2790;16,341;0,991389436057783
2791;16,345;0,992862668623077
2792;16,349;0,975071784057414
2793;16,354;0,960531619173866
2794;16,358;1,01524939825656
2795;16,362;0,966728803986567
2796;16,366;0,985848800540484
2797;16,370;0,978546691303812
2798;16,374;0,902899401755485
2799;16,378;0,898367610277463
2800;16,382;0,870680446088415
2801;16,386;0,855163463960488
2802;16,391;0,853514084023257
2803;16,395;0,835515025290759
2804;16,399;0,832152211826503
2805;16,403;0,793415803397755
2806;16,407;0,789380427240647
2807;16,411;0,846532242735562
2808;16,415;0,842737067540187
2809;16,419;0,870184030767501
2810;16,424;0,925382211773658
2811;16,428;1,02448912858454
2812;16,432;1,10578914743231
2813;16,436;1,30089638194899
2814;16,440;1,44916442892782
2815;16,444;1,57277184383543
2816;16,448;1,76132959879554
2817;16,452;2,02687976868968
2818;16,457;2,08323091431215
2819;16,461;2,16531558963491
2820;16,465;2,17673314201594
2821;16,469;2,06044384974245
2822;16,473;2,03440606549063
2823;16,477;1,91028622186466
2824;16,481;1,80366902165027
2825;16,485;1,7327616977468
2826;16,490;1,58097070332923
2827;16,494;1,43438406308254
2828;16,498;1,28606797591137
2829;16,502;1,21000433802937
2830;16,506;1,13243544078718
2831;16,510;1,0090682268413
2832;16,514;0,978562704701261
2833;16,518;0,904596821885062
2834;16,523;0,904084393166699
2835;16,527;0,850743766264608
2836;16,531;0,803776471547155
2837;16,535;0,845539412093734
2838;16,539;0,775881133191273
2839;16,543;0,806658883087947
2840;16,547;0,685181250041034
2841;16,551;0,747185124962949
2842;16,556;0,698136088577147
2843;16,560;0,701755116400585
2844;16,564;0,676854283367637
2845;16,568;0,709185332816848
2846;16,572;0,685821785938988
2847;16,576;0,635988093078193
2848;16,580;0,629054291982845
2849;16,584;0,646572948791877
2850;16,588;0,640087522825096
2851;16,593;0,666141320474362
2852;16,597;0,665773012333038
2853;16,601;0,679416426959451
2854;16,605;0,671617902401866
2855;16,609;0,660840885918795
2856;16,613;0,622777040182899
2857;16,617;0,663627217074894
2858;16,621;0,605274396771315
2859;16,626;0,599013158368818
2860;16,630;0,635395597372586
2861;16,634;0,624618580889515
2862;16,638;0,614241899342666
2863;16,642;0,616435734793157
2864;16,646;0,61127942081463
2865;16,650;0,549499733457
2866;16,654;0,585177582973019
2867;16,659;0,573840097579239
2868;16,663;0,539763587808104
2869;16,667;0,576065959824628
2870;16,671;0,553791323973289
2871;16,675;0,540948579219318
2872;16,679;0,56663406872726
2873;16,683;0,570317150140494
2874;16,687;0,471226246727062
2875;16,692;0,546152933390192
2876;16,696;0,54962784063659
2877;16,700;0,580341536943468
2878;16,704;0,535968412612728
2879;16,708;0,53664097530558
2880;16,712;0,567370685009907
2881;16,716;0,552622345959524
2882;16,720;0,534479166649986
2883;16,725;0,535984426010177
2884;16,729;0,538370422230055
2885;16,733;0,575265289952186
2886;16,737;0,512845066696601
2887;16,741;0,5342870058806
2888;16,745;0,529499000043396
2889;16,749;0,526360374143423
2890;16,753;0,519058264906752
2891;16,757;0,517392871572072
2892;16,762;0,517376858174623
2893;16,766;0,552782479934012
2894;16,770;0,516896456251158
2895;16,774;0,52157236830622
2896;16,778;0,518898130932263
2897;16,782;0,556193333590615
2898;16,786;0,531356554147462
2899;16,790;0,475389730063761
2900;16,795;0,519810894586847
2901;16,799;0,485558237443775
2902;16,803;0,495294383092671
2903;16,807;0,521348180741936
2904;16,811;0,497632339120202
2905;16,815;0,478400248784143
2906;16,819;0,500578804250788
2907;16,823;0,481218606735139
2908;16,828;0,480385910067799
2909;16,832;0,498769290339069
2910;16,836;0,482467651736149
2911;16,840;0,506743962268592
2912;16,844;0,462899280053664
2913;16,848;0,461746315437348
2914;16,852;0,501971969828838
2915;16,856;0,464452579606202
2916;16,861;0,49447769982278
2917;16,865;0,466550334672
2918;16,869;0,478512342566285
2919;16,873;0,464965008324565
2920;16,877;0,486022625969791
2921;16,881;0,510250896309889
2922;16,885;0,509738467591526
2923;16,889;0,459680587166447
2924;16,894;0,504806341177283
2925;16,898;0,514990861954746
2926;16,902;0,47359622954949
2927;16,906;0,489785774370269
2928;16,910;0,494109391681456
2929;16,914;0,458751810114414
2930;16,918;0,486326880521319
2931;16,922;0,484805607763679
2932;16,926;0,440448496830388
2933;16,931;0,451257540108356
2934;16,935;0,467062763390363
2935;16,939;0,480802258401469
2936;16,943;0,428166220987127
2937;16,947;0,472122996984197
2938;16,951;0,46419636524702
2939;16,955;0,463571842746515
2940;16,959;0,45950443979451
2941;16,964;0,430231949258027
2942;16,968;0,442402131319147
2943;16,972;0,470473617046966
2944;16,976;0,45258665209661
2945;16,980;0,462178677168466
2946;16,984;0,478960717694852
2947;16,988;0,459136131653186
2948;16,992;0,448391141965014
2949;16,997;0,439679853752844
2950;17,001;0,476959043013747
2951;17,005;0,455340956457811
2952;17,009;0,463107454220499
2953;17,013;0,432473824900865
2954;17,017;0,458607689537375
2955;17,021;0,439775934137537
2956;17,025;0,43918343843193
2957;17,030;0,397948940001163
2958;17,034;0,414458752770918
2959;17,038;0,460753484795519
2960;17,042;0,417165016939773
2961;17,046;0,425347863036131
2962;17,050;0,417965686812215
2963;17,054;0,460961658962354
2964;17,058;0,4057314511613
2965;17,063;0,41913466482598
2966;17,067;0,41788561982497
2967;17,071;0,43116072631006
2968;17,075;0,413081600590318
2969;17,079;0,450424843441017
2970;17,083;0,417132990144875
2971;17,087;0,423330174957577
2972;17,091;0,4596325469741
2973;17,095;0,430296002847823
2974;17,100;0,414202538411737
2975;17,104;0,415179355656116
2976;17,108;0,472379211343378
2977;17,112;0,399454199361354
2978;17,116;0,440272349458451
2979;17,120;0,474957368332642
2980;17,124;0,45273077267365
2981;17,128;0,408966157445966
2982;17,133;0,452826853058343
2983;17,137;0,43157707464373
2984;17,141;0,382351890885991
2985;17,145;0,404642540134778
2986;17,149;0,47457304679387
2987;17,153;0,463427722169476
2988;17,157;0,453739616712927
2989;17,161;0,441201126510484
2990;17,166;0,499121585082944
2991;17,170;0,566586028534913
2992;17,174;0,683868151450229
2993;17,178;0,878142689299576
2994;17,182;1,1950318114147
2995;17,186;1,70747654317508
2996;17,190;2,44907299242839
2997;17,194;3,44472199220756
2998;17,199;4,71653804438946
2999;17,203;6,4190184075605
3000;17,207;8,16926673532144
3001;17,211;10,1069198534262
3002;17,215;11,969726351855
3003;17,219;13,6222609283831
3004;17,223;14,7486112781397
3005;17,227;15,3780178648665
3006;17,232;15,4272910888165
3007;17,236;15,0890561079021
3008;17,240;14,1687021029274
3009;17,244;13,2148640838871
3010;17,248;11,9747385452565
3011;17,252;10,7077104989118
3012;17,256;9,43019367723813
3013;17,260;8,41276645692852
3014;17,264;7,40347404252294
3015;17,269;6,59061797462229
3016;17,273;5,85214413787151
3017;17,277;5,11677690022581
3018;17,281;4,61470885001228
3019;17,285;4,28483286256614
3020;17,289;3,73896817033003
3021;17,293;3,39000421312487
3022;17,297;3,17997249218586
3023;17,302;2,96433608213976
3024;17,306;2,68358919806667
3025;17,310;2,47869777770874
3026;17,314;2,33220721784674
3027;17,318;2,20459645357692
3028;17,322;2,09559325714266
3029;17,326;1,95225733657807
3030;17,330;1,91481801334268
3031;17,335;1,77815967951427
3032;17,339;1,70625952496897
3033;17,343;1,58319656557462
3034;17,347;1,52990397886488
3035;17,351;1,46714747426287
3036;17,355;1,4390279483427
3037;17,359;1,37228410777593
3038;17,363;1,34321979140628
3039;17,368;1,28340975193486
3040;17,372;1,23327180452254
3041;17,376;1,23721110029495
3042;17,380;1,15264434836762
3043;17,384;1,14444548887381
3044;17,388;1,1051966517267
3045;17,392;1,07640456311368
3046;17,396;1,05007853770779
3047;17,401;0,982982402397142
3048;17,405;0,970299791617659
3049;17,409;0,982982402397142
3050;17,413;0,941059327876074
3051;17,417;0,89646201598105
3052;17,421;0,878623091223041
3053;17,425;0,913548311058964
3054;17,429;0,869063092946083
3055;17,433;0,798427996799242
3056;17,438;0,813752818157784
3057;17,442;0,834298007084647
3058;17,446;0,777498486333606
3059;17,450;0,785697345827413
3060;17,454;0,731123687321761
3061;17,458;0,789844815766663
3062;17,462;0,749058692464464
3063;17,466;0,736904523800793
3064;17,471;0,747777620668556
3065;17,475;0,740411457842089
3066;17,479;0,702443692490886
3067;17,483;0,680377230806382
3068;17,487;0,675124836443162
3069;17,491;0,692643493252195
3070;17,495;0,687535219466014
3071;17,499;0,663210868741224
3072;17,504;0,660712778739204
3073;17,508;0,622184544477292
3074;17,512;0,623081294734427
3075;17,516;0,62469864787676
3076;17,520;0,645179783213828
3077;17,524;0,626396068006337
3078;17,528;0,629710841278247
3079;17,532;0,599461533497385
3080;17,537;0,589212959130127
3081;17,541;0,623657777042585
3082;17,545;0,590622138105625
3083;17,549;0,614690274471234
3084;17,553;0,588908704578599
3085;17,557;0,567915140523167
3086;17,561;0,579108505339908
