#"+EI EIC(326,1) Scan 150C_1ml-min_10C-min_2.D  Smooth "
#Point;X(Minutes);Y(Counts)
0;4,691;0
1;4,696;0
2;4,700;0
3;4,705;0
4;4,709;0
5;4,713;0
6;4,718;0
7;4,722;0
8;4,727;0
9;4,731;0
10;4,736;0
11;4,740;0
12;4,745;0
13;4,749;0
14;4,753;0
15;4,758;0
16;4,762;0
17;4,767;0
18;4,771;0
19;4,776;0
20;4,780;0
21;4,785;0
22;4,789;0
23;4,793;0
24;4,798;0
25;4,802;0
26;4,807;0
27;4,811;0
28;4,816;0
29;4,820;0
30;4,824;0
31;4,829;0
32;4,833;0
33;4,838;0
34;4,842;0
35;4,847;0
36;4,851;0
37;4,856;0
38;4,860;0
39;4,864;0
40;4,869;0
41;4,873;0
42;4,878;0
43;4,882;0
44;4,887;0
45;4,891;0
46;4,896;0
47;4,900;0
48;4,904;0
49;4,909;0
50;4,913;0
51;4,918;0
52;4,922;0
53;4,927;0
54;4,931;0
55;4,936;0
56;4,940;0
57;4,944;0
58;4,949;0
59;4,953;0
60;4,958;0
61;4,962;0
62;4,967;0
63;4,971;0
64;4,976;0
65;4,980;0
66;4,984;0
67;4,989;0
68;4,993;0
69;4,998;0
70;5,002;0
71;5,007;0
72;5,011;0
73;5,016;0
74;5,020;0
75;5,024;0
76;5,029;0
77;5,033;0
78;5,038;0
79;5,042;0
80;5,047;0
81;5,051;0
82;5,055;0
83;5,060;0
84;5,064;0
85;5,069;0
86;5,073;0
87;5,078;0
88;5,082;0
89;5,087;0
90;5,091;0
91;5,095;0
92;5,100;0
93;5,104;0
94;5,109;0
95;5,113;0
96;5,118;0
97;5,122;0
98;5,127;0
99;5,131;0
100;5,135;0
101;5,140;0
102;5,144;0
103;5,149;0
104;5,153;0
105;5,158;0
106;5,162;0
107;5,167;0
108;5,171;0
109;5,175;0
110;5,180;0
111;5,184;0
112;5,189;0
113;5,193;0
114;5,198;0
115;5,202;0
116;5,207;0
117;5,211;0
118;5,215;0
119;5,220;0
120;5,224;0
121;5,229;0
122;5,233;0
123;5,238;0
124;5,242;0
125;5,246;0
126;5,251;0
127;5,255;0
128;5,260;0
129;5,264;0
130;5,269;0
131;5,273;0
132;5,278;0
133;5,282;0
134;5,286;0
135;5,291;0
136;5,295;0
137;5,300;0
138;5,304;0
139;5,309;0
140;5,313;0
141;5,318;0
142;5,322;0
143;5,326;0
144;5,331;0
145;5,335;0
146;5,340;0
147;5,344;0
148;5,349;0
149;5,353;0
150;5,358;0
151;5,362;0
152;5,366;0
153;5,371;0
154;5,375;0
155;5,380;0
156;5,384;0
157;5,389;0
158;5,393;0
159;5,398;0
160;5,402;0
161;5,406;0
162;5,411;0
163;5,415;0
164;5,420;0
165;5,424;0
166;5,429;0
167;5,433;0
168;5,437;0
169;5,442;0
170;5,446;0
171;5,451;0
172;5,455;0
173;5,460;0
174;5,464;0
175;5,469;0
176;5,473;0
177;5,477;0
178;5,482;0
179;5,486;0
180;5,491;0
181;5,495;0
182;5,500;0
183;5,504;0
184;5,509;0
185;5,513;0
186;5,517;0
187;5,522;0
188;5,526;0
189;5,531;0
190;5,535;0
191;5,540;0
192;5,544;0
193;5,549;0
194;5,553;0
195;5,557;0
196;5,562;0
197;5,566;0
198;5,571;0
199;5,575;0
200;5,580;0
201;5,584;0
202;5,589;0
203;5,593;0
204;5,597;0
205;5,602;0
206;5,606;0
207;5,611;0
208;5,615;0
209;5,620;0
210;5,624;0
211;5,628;0
212;5,633;0
213;5,637;0
214;5,642;0
215;5,646;0
216;5,651;0
217;5,655;0
218;5,660;0
219;5,664;0
220;5,668;0
221;5,673;0
222;5,677;0
223;5,682;0
224;5,686;0
225;5,691;0
226;5,695;0
227;5,700;0
228;5,704;0
229;5,708;0
230;5,713;0
231;5,717;0
232;5,722;0
233;5,726;0
234;5,731;0
235;5,735;0
236;5,740;0
237;5,744;0
238;5,748;0
239;5,753;0
240;5,757;0
241;5,762;0
242;5,766;0
243;5,771;0
244;5,775;0
245;5,780;0
246;5,784;0
247;5,788;0
248;5,793;0
249;5,797;0
250;5,802;0
251;5,806;0
252;5,811;0
253;5,815;0
254;5,819;0
255;5,824;0
256;5,828;0
257;5,833;0
258;5,837;0
259;5,842;0
260;5,846;0
261;5,851;0
262;5,855;0
263;5,859;0
264;5,864;0
265;5,868;0
266;5,873;0
267;5,877;0
268;5,882;0
269;5,886;0
270;5,891;0
271;5,895;0
272;5,899;0
273;5,904;0
274;5,908;0
275;5,913;0
276;5,917;0
277;5,922;0
278;5,926;0
279;5,931;0
280;5,935;0
281;5,939;0
282;5,944;0
283;5,948;0
284;5,953;0
285;5,957;0
286;5,962;0
287;5,966;0
288;5,971;0
289;5,975;0
290;5,979;0
291;5,984;0
292;5,988;0
293;5,993;0
294;5,997;0
295;6,002;0
296;6,006;0
297;6,011;0
298;6,015;0
299;6,019;0
300;6,024;0
301;6,028;0
302;6,033;0
303;6,037;0
304;6,042;0
305;6,046;0
306;6,050;0
307;6,055;0
308;6,059;0
309;6,064;0
310;6,068;0
311;6,073;0
312;6,077;0
313;6,082;0
314;6,086;0
315;6,090;0
316;6,095;0
317;6,099;0
318;6,104;0
319;6,108;0
320;6,113;0
321;6,117;0
322;6,122;0
323;6,126;0
324;6,130;0
325;6,135;0
326;6,139;0
327;6,144;0
328;6,148;0
329;6,153;0
330;6,157;0
331;6,162;0
332;6,166;0
333;6,170;0
334;6,175;0
335;6,179;0
336;6,184;0
337;6,188;0
338;6,193;0
339;6,197;0
340;6,202;0
341;6,206;0
342;6,210;0
343;6,215;0
344;6,219;0
345;6,224;0
346;6,228;0
347;6,233;0
348;6,237;0
349;6,241;0
350;6,246;0
351;6,250;0
352;6,255;0
353;6,259;0
354;6,264;0
355;6,268;0
356;6,273;0
357;6,277;0
358;6,281;0
359;6,286;0
360;6,290;0
361;6,295;0
362;6,299;0
363;6,304;0
364;6,308;0
365;6,313;0
366;6,317;0
367;6,321;0
368;6,326;0
369;6,330;0
370;6,335;0
371;6,339;0
372;6,344;0
373;6,348;0
374;6,353;0
375;6,357;0
376;6,361;0
377;6,366;0
378;6,370;0
379;6,375;0
380;6,379;0
381;6,384;0
382;6,388;0
383;6,393;0
384;6,397;0
385;6,401;0
386;6,406;0
387;6,410;0
388;6,415;0
389;6,419;0
390;6,424;0
391;6,428;0
392;6,432;0
393;6,437;0
394;6,441;0
395;6,446;0
396;6,450;0
397;6,455;0
398;6,459;0
399;6,464;0
400;6,468;0
401;6,472;0
402;6,477;0
403;6,481;0
404;6,486;0
405;6,490;0
406;6,495;0
407;6,499;0
408;6,504;0
409;6,508;0
410;6,512;0
411;6,517;0
412;6,521;0
413;6,526;0
414;6,530;0
415;6,535;0
416;6,539;0
417;6,544;0
418;6,548;0
419;6,552;0
420;6,557;0
421;6,561;0
422;6,566;0
423;6,570;0
424;6,575;0
425;6,579;0
426;6,584;0
427;6,588;0
428;6,592;0
429;6,597;0
430;6,601;0
431;6,606;0
432;6,610;0
433;6,615;0
434;6,619;0
435;6,623;0
436;6,628;0
437;6,632;0
438;6,637;0
439;6,641;0
440;6,646;0
441;6,650;0
442;6,655;0
443;6,659;0
444;6,663;0
445;6,668;0
446;6,672;0
447;6,677;0
448;6,681;0
449;6,686;0
450;6,690;0
451;6,695;0
452;6,699;0
453;6,703;0
454;6,708;0
455;6,712;0
456;6,717;0
457;6,721;0
458;6,726;0
459;6,730;0
460;6,735;0
461;6,739;0
462;6,743;0
463;6,748;0
464;6,752;0
465;6,757;0
466;6,761;0
467;6,766;0
468;6,770;0
469;6,775;0
470;6,779;0
471;6,783;0
472;6,788;0
473;6,792;0
474;6,797;0
475;6,801;0
476;6,806;0
477;6,810;0
478;6,814;0
479;6,819;0
480;6,823;0
481;6,828;0
482;6,832;0
483;6,837;0
484;6,841;0
485;6,846;0
486;6,850;0
487;6,854;0
488;6,859;0
489;6,863;0
490;6,868;0
491;6,872;0
492;6,877;0
493;6,881;0
494;6,886;0
495;6,890;0
496;6,894;0
497;6,899;0
498;6,903;0
499;6,908;0
500;6,912;0
501;6,917;0
502;6,921;0
503;6,926;0
504;6,930;0
505;6,934;0
506;6,939;0
507;6,943;0
508;6,948;0
509;6,952;0
510;6,957;0
511;6,961;0
512;6,966;0
513;6,970;0
514;6,974;0
515;6,979;0
516;6,983;0
517;6,988;0
518;6,992;0
519;6,997;0
520;7,001;0
521;7,006;0
522;7,010;0
523;7,014;0
524;7,019;0
525;7,023;0
526;7,028;0
527;7,032;0
528;7,037;0
529;7,041;0
530;7,045;0
531;7,050;0
532;7,054;0
533;7,059;0
534;7,063;0
535;7,068;0
536;7,072;0
537;7,077;0
538;7,081;0
539;7,085;0
540;7,090;0
541;7,094;0
542;7,099;0
543;7,103;0
544;7,108;0
545;7,112;0
546;7,117;0
547;7,121;0
548;7,125;0
549;7,130;0
550;7,134;0
551;7,139;0
552;7,143;0
553;7,148;0
554;7,152;0
555;7,157;0
556;7,161;0
557;7,165;0
558;7,170;0
559;7,174;0
560;7,179;0
561;7,183;0
562;7,188;0
563;7,192;0
564;7,197;0
565;7,201;0
566;7,205;0
567;7,210;0
568;7,214;0
569;7,219;0
570;7,223;0
571;7,228;0
572;7,232;0
573;7,236;0
574;7,241;0
575;7,245;0
576;7,250;0
577;7,254;0
578;7,259;0
579;7,263;0
580;7,268;0
581;7,272;0
582;7,276;0
583;7,281;0
584;7,285;0
585;7,290;0
586;7,294;0
587;7,299;0
588;7,303;0
589;7,308;0
590;7,312;0
591;7,316;0
592;7,321;0
593;7,325;0
594;7,330;0
595;7,334;0
596;7,339;0
597;7,343;0
598;7,348;0
599;7,352;0
600;7,356;0
601;7,361;0
602;7,365;0
603;7,370;0
604;7,374;0
605;7,379;0
606;7,383;0
607;7,388;0
608;7,392;0
609;7,396;0
610;7,401;0
611;7,405;0
612;7,410;0
613;7,414;0
614;7,419;0
615;7,423;0
616;7,427;0
617;7,432;0
618;7,436;0
619;7,441;0
620;7,445;0
621;7,450;0
622;7,454;0
623;7,459;0
624;7,463;0
625;7,467;0
626;7,472;0
627;7,476;0
628;7,481;0
629;7,485;0
630;7,490;0
631;7,494;0
632;7,499;0
633;7,503;0
634;7,507;0
635;7,512;0
636;7,516;0
637;7,521;0
638;7,525;0
639;7,530;0
640;7,534;0
641;7,539;0
642;7,543;0
643;7,547;0
644;7,552;0
645;7,556;0
646;7,561;0
647;7,565;0
648;7,570;0
649;7,574;0
650;7,579;0
651;7,583;0
652;7,587;0
653;7,592;0
654;7,596;0
655;7,601;0
656;7,605;0
657;7,610;0
658;7,614;0
659;7,618;0
660;7,623;0
661;7,627;0
662;7,632;0
663;7,636;0
664;7,641;0
665;7,645;0
666;7,650;0
667;7,654;0
668;7,658;0
669;7,663;0
670;7,667;0
671;7,672;0
672;7,676;0
673;7,681;0
674;7,685;0
675;7,690;0
676;7,694;0
677;7,698;0
678;7,703;0
679;7,707;0
680;7,712;0
681;7,716;0
682;7,721;0
683;7,725;0
684;7,730;0
685;7,734;0
686;7,738;0
687;7,743;0
688;7,747;0
689;7,752;0
690;7,756;0
691;7,761;0
692;7,765;0
693;7,770;0
694;7,774;0
695;7,778;0
696;7,783;0
697;7,787;0
698;7,792;0
699;7,796;0
700;7,801;0
701;7,805;0
702;7,810;0
703;7,814;0
704;7,818;0
705;7,823;0
706;7,827;0
707;7,832;0
708;7,836;0
709;7,841;0
710;7,845;0
711;7,849;0
712;7,854;0
713;7,858;0
714;7,863;0
715;7,867;0
716;7,872;0
717;7,876;0
718;7,881;0
719;7,885;0
720;7,889;0
721;7,894;0
722;7,898;0
723;7,903;0
724;7,907;0
725;7,912;0
726;7,916;0
727;7,921;0
728;7,925;0
729;7,929;0
730;7,934;0
731;7,938;0
732;7,943;0
733;7,947;0
734;7,952;0
735;7,956;0
736;7,961;0
737;7,965;0
738;7,969;0
739;7,974;0
740;7,978;0
741;7,983;0
742;7,987;0
743;7,992;0
744;7,996;0
745;8,001;0
746;8,005;0
747;8,009;0
748;8,014;0
749;8,018;0
750;8,023;0
751;8,027;0
752;8,032;0
753;8,036;0
754;8,040;0
755;8,045;0
756;8,049;0
757;8,054;0
758;8,058;0
759;8,063;0
760;8,067;0
761;8,072;0
762;8,076;0
763;8,080;0
764;8,085;0
765;8,089;0
766;8,094;0
767;8,098;0
768;8,103;0
769;8,107;0
770;8,112;0
771;8,116;0
772;8,120;0
773;8,125;0
774;8,129;0
775;8,134;0
776;8,138;0
777;8,143;0
778;8,147;0
779;8,152;0
780;8,156;0
781;8,160;0
782;8,165;0
783;8,169;0
784;8,174;0
785;8,178;0
786;8,183;0
787;8,187;0
788;8,192;0
789;8,196;0
790;8,200;0
791;8,205;0
792;8,209;0
793;8,214;0
794;8,218;0
795;8,223;0
796;8,227;0
797;8,231;0
798;8,236;0
799;8,240;0
800;8,245;0
801;8,249;0
802;8,254;0
803;8,258;0
804;8,263;0
805;8,267;0
806;8,271;0
807;8,276;0
808;8,280;0
809;8,285;0
810;8,289;0
811;8,294;0
812;8,298;0
813;8,303;0
814;8,307;0
815;8,311;0
816;8,316;0
817;8,320;0
818;8,325;0
819;8,329;0
820;8,334;0
821;8,338;0
822;8,343;0
823;8,347;0
824;8,351;0
825;8,356;0
826;8,360;0
827;8,365;0
828;8,369;0
829;8,374;9,23959522049194E-05
830;8,378;0,000390656757100415
831;8,383;0,00132314707024859
832;8,387;0,00358997417225785
833;8,391;0,00780270011483095
834;8,396;0,0135852903728501
835;8,400;0,0189479973796044
836;8,405;0,0211703531239774
837;8,409;0,0189479973796044
838;8,414;0,0135852903728501
839;8,418;0,00780270011483095
840;8,422;0,00358997417225785
841;8,427;0,00132314707024859
842;8,431;0,000390656757100415
843;8,436;9,23959522049194E-05
844;8,440;0
845;8,445;0
846;8,449;0
847;8,454;0
848;8,458;0
849;8,462;0
850;8,467;0
851;8,471;0
852;8,476;0
853;8,480;0
854;8,485;0
855;8,489;0
856;8,494;0
857;8,498;0
858;8,502;0
859;8,507;0
860;8,511;0
861;8,516;0
862;8,520;0
863;8,525;0
864;8,529;0
865;8,534;0
866;8,538;0
867;8,542;0
868;8,547;0
869;8,551;0
870;8,556;0
871;8,560;0
872;8,565;0
873;8,569;0
874;8,574;0
875;8,578;0
876;8,582;0
877;8,587;0
878;8,591;0
879;8,596;0
880;8,600;0
881;8,605;0
882;8,609;0
883;8,613;0
884;8,618;0
885;8,622;0
886;8,627;0
887;8,631;0
888;8,636;0
889;8,640;0
890;8,645;0
891;8,649;0
892;8,653;0
893;8,658;0
894;8,662;0
895;8,667;0
896;8,671;0
897;8,676;0
898;8,680;0
899;8,685;0
900;8,689;0
901;8,693;0
902;8,698;0
903;8,702;0
904;8,707;0
905;8,711;0
906;8,716;0
907;8,720;0
908;8,725;0
909;8,729;0
910;8,733;0
911;8,738;0
912;8,742;0
913;8,747;0
914;8,751;0
915;8,756;0
916;8,760;0
917;8,765;0
918;8,769;0
919;8,773;0
920;8,778;0
921;8,782;0
922;8,787;0
923;8,791;0
924;8,796;0
925;8,800;0
926;8,805;0
927;8,809;0
928;8,813;0
929;8,818;0
930;8,822;0
931;8,827;0
932;8,831;0
933;8,836;0
934;8,840;0
935;8,844;0
936;8,849;0
937;8,853;0
938;8,858;0
939;8,862;0
940;8,867;0
941;8,871;0
942;8,876;0
943;8,880;0
944;8,884;0
945;8,889;0
946;8,893;0
947;8,898;0
948;8,902;0
949;8,907;0
950;8,911;0
951;8,916;0
952;8,920;0
953;8,924;0
954;8,929;0
955;8,933;0
956;8,938;0
957;8,942;0
958;8,947;0
959;8,951;0
960;8,956;0
961;8,960;0
962;8,964;0
963;8,969;0
964;8,973;0
965;8,978;0
966;8,982;0
967;8,987;0
968;8,991;0
969;8,996;0
970;9,000;0
971;9,004;0
972;9,009;0
973;9,013;0
974;9,018;0
975;9,022;0
976;9,027;0
977;9,031;0
978;9,035;0
979;9,040;0
980;9,044;0
981;9,049;0
982;9,053;0
983;9,058;0
984;9,062;0
985;9,067;0
986;9,071;0
987;9,075;0
988;9,080;0
989;9,084;0
990;9,089;0
991;9,093;0
992;9,098;0
993;9,102;0
994;9,107;0
995;9,111;0
996;9,115;0
997;9,120;0
998;9,124;0
999;9,129;0
1000;9,133;0
1001;9,138;0
1002;9,142;0
1003;9,147;0
1004;9,151;0
1005;9,155;0
1006;9,160;0
1007;9,164;0
1008;9,169;0
1009;9,173;0
1010;9,178;0
1011;9,182;0
1012;9,187;0
1013;9,191;0
1014;9,195;0
1015;9,200;0
1016;9,204;0
1017;9,209;0
1018;9,213;0
1019;9,218;0
1020;9,222;0
1021;9,226;0
1022;9,231;0
1023;9,235;0
1024;9,240;0
1025;9,244;0
1026;9,249;0
1027;9,253;0
1028;9,258;0
1029;9,262;0
1030;9,266;0
1031;9,271;0
1032;9,275;0
1033;9,280;0
1034;9,284;0
1035;9,289;0
1036;9,293;0
1037;9,298;0
1038;9,302;0
1039;9,306;0
1040;9,311;0
1041;9,315;0
1042;9,320;0
1043;9,324;0
1044;9,329;0
1045;9,333;0
1046;9,338;0
1047;9,342;0
1048;9,346;0
1049;9,351;0
1050;9,355;0
1051;9,360;0
1052;9,364;0,000245098234481689
1053;9,369;0,00137046754584099
1054;9,373;0,00626505054680918
1055;9,378;0,0228042359203034
1056;9,382;0,0717438814240256
1057;9,386;0,200448829003271
1058;9,391;0,506907451100396
1059;9,395;1,18105351437994
1060;9,400;2,54951033872075
1061;9,404;5,11083359196382
1062;9,409;9,51144130335011
1063;9,413;16,4383157069412
1064;9,417;26,3854734149815
1065;9,422;39,3496870351567
1066;9,426;54,5560820669222
1067;9,431;70,385374353797
1068;9,435;84,6306045314169
1069;9,440;95,0460450085546
1070;9,444;100
1071;9,449;98,9668023840022
1072;9,453;92,6440536679775
1073;9,457;82,6259802710166
1074;9,462;70,8159954305394
1075;9,466;58,892506495621
1076;9,471;48,0085593078785
1077;9,475;38,744054352975
1078;9,480;31,2135996252536
1079;9,484;25,254439706252
1080;9,489;20,5895049417304
1081;9,493;16,9389751488157
1082;9,497;14,0679712532873
1083;9,502;11,7913436859297
1084;9,506;9,96584233358643
1085;9,511;8,48674556082067
1086;9,515;7,28522296933793
1087;9,520;6,31646847404149
1088;9,524;5,54410541163874
1089;9,529;4,92812300922586
1090;9,533;4,4246438803109
1091;9,537;3,9988477550786
1092;9,542;3,63425517318055
1093;9,546;3,32827697559881
1094;9,551;3,07790213703429
1095;9,555;2,87013315825498
1096;9,560;2,68849568346158
1097;9,564;2,52356391580432
1098;9,569;2,37248062510769
1099;9,573;2,22790151790188
1100;9,577;2,07403476599693
1101;9,582;1,90005049222343
1102;9,586;1,71320687136852
1103;9,591;1,53750351719897
1104;9,595;1,39692011927388
1105;9,600;1,30030541340393
1106;9,604;1,23885504042276
1107;9,608;1,19479257286135
1108;9,613;1,15293214190304
1109;9,617;1,10792129852351
1110;9,622;1,06329230834691
1111;9,626;1,02387654473535
1112;9,631;0,990840232488169
1113;9,635;0,962084990280939
1114;9,640;0,936733905982505
1115;9,644;0,91579167011361
1116;9,648;0,900021165765719
1117;9,653;0,887675896174394
1118;9,657;0,875034892062828
1119;9,662;0,859776489250544
1120;9,666;0,844830451908693
1121;9,671;0,835671738239251
1122;9,675;0,83337674944423
1123;9,680;0,831611481112246
1124;9,684;0,821053133020729
1125;9,688;0,798469125974738
1126;9,693;0,769376160214604
1127;9,697;0,743427514349381
1128;9,702;0,726073200155758
1129;9,706;0,713835620083496
1130;9,711;0,698476855250006
1131;9,715;0,674344976030355
1132;9,720;0,643776713257917
1133;9,724;0,617743760001623
1134;9,728;0,610806677817197
1135;9,733;0,6315225845669
1136;9,737;0,675785817336445
1137;9,742;0,727789892940152
1138;9,746;0,76871372147578
1139;9,751;0,785009088731948
1140;9,755;0,77137310920916
1141;9,760;0,731296224161761
1142;9,764;0,67562621784661
1143;9,768;0,618799084355868
1144;9,773;0,572645727630746
1145;9,777;0,540687216220004
1146;9,782;0,518235639289773
1147;9,786;0,496902082102753
1148;9,791;0,470209859867943
1149;9,795;0,437238095467055
1150;9,800;0,402177582519811
1151;9,804;0,37137693926759
1152;9,808;0,349053717047007
1153;9,813;0,334051097425358
1154;9,817;0,321203750150831
1155;9,822;0,305896874705253
1156;9,826;0,288226490126551
1157;9,831;0,271875528567823
1158;9,835;0,260362917960478
1159;9,839;0,254195037805278
1160;9,844;0,252364254232626
1161;9,848;0,253894507478856
1162;9,853;0,257815686226596
1163;9,857;0,261899222567297
1164;9,862;0,262788422665357
1165;9,866;0,256770159313306
1166;9,871;0,241636612124615
1167;9,875;0,218622670316738
1168;9,879;0,193275414430106
1169;9,884;0,17333788966481
1170;9,888;0,164423237247717
1171;9,893;0,166505882976335
1172;9,897;0,174169025517213
1173;9,902;0,180205195956723
1174;9,906;0,179896617732374
1175;9,911;0,173165528802303
1176;9,915;0,164087180906405
1177;9,919;0,157809017791889
1178;9,924;0,156616920338605
1179;9,928;0,157756171301026
1180;9,933;0,156474250250419
1181;9,937;0,151016406695825
1182;9,942;0,14633396061106
1183;9,946;0,150658089992344
1184;9,951;0,168178888642187
1185;9,955;0,195472881638483
1186;9,959;0,224436566460307
1187;9,964;0,248131059923059
1188;9,968;0,263587346343193
1189;9,973;0,271357046345881
1190;9,977;0,273077917450681
1191;9,982;0,269993884750216
1192;9,986;0,262414535028931
1193;9,991;0,250509903286249
1194;9,995;0,235531303861226
1195;9,999;0,220319006653434
1196;10,004;0,208241478893908
1197;10,008;0,200515352804037
1198;10,013;0,19545530387677
1199;10,017;0,190475857425927
1200;10,022;0,184812813057054
1201;10,026;0,179283392609772
1202;10,030;0,173980589441711
1203;10,035;0,167127228036871
1204;10,039;0,156442295361592
1205;10,044;0,141312329590393
1206;10,048;0,123908513620518
1207;10,053;0,108804821869021
1208;10,057;0,10104392103862
1209;10,062;0,101962153259508
1210;10,066;0,106742090056628
1211;10,070;0,10792121001722
1212;10,075;0,102634996633632
1213;10,079;0,0946027931367988
1214;10,084;0,0890271332964401
1215;10,088;0,0874800123971384
1216;10,093;0,0880137979748574
1217;10,097;0,0871554001255126
1218;10,102;0,08187692075125
1219;10,106;0,0719897848422688
1220;10,110;0,0620531214284623
1221;10,115;0,0589285970983372
1222;10,119;0,0660898163274568
1223;10,124;0,0794371675621253
1224;10,128;0,0894126296654261
1225;10,133;0,0877020294073401
1226;10,137;0,0731220890897278
1227;10,142;0,0516020975102578
1228;10,146;0,0316696001083087
1229;10,150;0,0196895180361338
1230;10,155;0,0179111615785894
1231;10,159;0,0248064000967954
1232;10,164;0,0357406555177936
1233;10,168;0,0445531320492176
1234;10,173;0,0467850806923824
1235;10,177;0,042738814763884
1236;10,182;0,0363928517113347
1237;10,186;0,0315381322412145
1238;10,190;0,029118419038328
1239;10,195;0,0285255477905667
1240;10,199;0,0293338984178928
1241;10,204;0,0310562128956915
1242;10,208;0,0329594146853991
1243;10,213;0,0350925913332265
1244;10,217;0,0388032228690253
1245;10,221;0,0443802771980913
1246;10,226;0,0492315644764485
1247;10,230;0,0499799829636498
1248;10,235;0,0462406074650506
1249;10,239;0,040936080482536
1250;10,244;0,0363439159637099
1251;10,248;0,0317673712621198
1252;10,253;0,0253635600839346
1253;10,257;0,0174121584599734
1254;10,261;0,0101120364491067
1255;10,266;0,00569603740565805
1256;10,270;0,00507164157946834
1257;10,275;0,00795752888384391
1258;10,279;0,0131298200013325
1259;10,284;0,0181537691665114
1260;10,288;0,0202829733225233
1261;10,293;0,0182815745711059
1262;10,297;0,0135562157978746
1263;10,301;0,00930586245913561
1264;10,306;0,00840526846210837
1265;10,310;0,0120606420964521
1266;10,315;0,0191659106822635
1267;10,319;0,0262980270349762
1268;10,324;0,0292835424529868
1269;10,328;0,0262095053034948
1270;10,333;0,0187916281122271
1271;10,337;0,0107929566658034
1272;10,341;0,00496577267861822
1273;10,346;0,00183022140331167
1274;10,350;0,000540369519789052
1275;10,355;0,000127805173439307
1276;10,359;0
1277;10,364;0
1278;10,368;8,79697932692309E-05
1279;10,373;0,000371942636638775
1280;10,377;0,00134662608240213
1281;10,381;0,00378526337503415
1282;10,386;0,00867283469639064
1283;10,390;0,0163095025346885
1284;10,395;0,0253757811565538
1285;10,399;0,032928005242339
1286;10,404;0,035853694007378
1287;10,408;0,0328371653663459
1288;10,412;0,0252423038878353
1289;10,417;0,0161897990580263
1290;10,421;0,008595235387759
1291;10,426;0,00374694838272984
1292;10,430;0,00133188650400183
1293;10,435;0,000367264136674038
1294;10,439;8,6863263585533E-05
1295;10,444;0
1296;10,448;0
1297;10,452;0
1298;10,457;8,85230681613041E-05
1299;10,461;0,000568479393844657
1300;10,466;0,00238476575930316
1301;10,470;0,00782109990448071
1302;10,475;0,0213240594839525
1303;10,479;0,0494464392345258
1304;10,484;0,0996960422158722
1305;10,488;0,179666748361407
1306;10,492;0,298844446178162
1307;10,497;0,470829774419768
1308;10,501;0,712171866412831
1309;10,506;1,03108186274019
1310;10,510;1,41136714577854
1311;10,515;1,80469685696777
1312;10,519;2,1417327777125
1313;10,524;2,35853598502911
1314;10,528;2,42321128038162
1315;10,532;2,34397781108505
1316;10,537;2,15838151149452
1317;10,541;1,91551052472393
1318;10,546;1,66115660782889
1319;10,550;1,42715749200265
1320;10,555;1,226747297026
1321;10,559;1,05932212181153
1322;10,564;0,920310760336745
1323;10,568;0,805532092925714
1324;10,572;0,710802859285168
1325;10,577;0,630062724698957
1326;10,581;0,557287497951594
1327;10,586;0,490032676359206
1328;10,590;0,430116302704634
1329;10,595;0,38023946559389
1330;10,599;0,34173949513441
1331;10,604;0,31367698963467
1332;10,608;0,293607055336473
1333;10,612;0,278785338463877
1334;10,617;0,266660079053987
1335;10,621;0,255253264342663
1336;10,626;0,243220257307475
1337;10,630;0,230098725766236
1338;10,635;0,215879325100892
1339;10,639;0,199689794906464
1340;10,643;0,180521575084689
1341;10,648;0,158753400535326
1342;10,652;0,137287855764017
1343;10,657;0,120772262206393
1344;10,661;0,11278789327422
1345;10,666;0,113002160837952
1346;10,670;0,117409774295941
1347;10,675;0,121615521362834
1348;10,679;0,123350347646138
1349;10,683;0,121841521156281
1350;10,688;0,115876834986592
1351;10,692;0,104603273705394
1352;10,697;0,0897790251411227
1353;10,701;0,0762084167789887
1354;10,706;0,0680805647356937
1355;10,710;0,0653393447000554
1356;10,715;0,0648369119625338
1357;10,719;0,0639721179897087
1358;10,723;0,0622934108718728
1359;10,728;0,059713781717692
1360;10,732;0,0548335549393724
1361;10,737;0,0460403156626798
1362;10,741;0,0338829418468035
1363;10,746;0,0213619126483547
1364;10,750;0,0120619336708637
1365;10,755;0,0079149609582681
1366;10,759;0,00877101943702785
1367;10,763;0,0129720961245374
1368;10,768;0,0175582067099166
1369;10,772;0,0195223620641341
1370;10,777;0,017473002678044
1371;10,781;0,0125277520748181
1372;10,786;0,00719530444386893
1373;10,790;0,00331051490467403
1374;10,795;0,00122014762900838
1375;10,799;0,000507969205025267
1376;10,803;0,00079277679991587
1377;10,808;0,00255984243359237
1378;10,812;0,00732345010885369
1379;10,817;0,0170384959485688
1380;10,821;0,0323615752500109
1381;10,826;0,0503926023952784
1382;10,830;0,0646143597979942
1383;10,834;0,0685861106306614
1384;10,839;0,0605936680719874
1385;10,843;0,0453100872772507
1386;10,848;0,030558815240089
1387;10,852;0,0222869269213325
1388;10,857;0,0219512976743477
1389;10,861;0,0268848289121462
1390;10,866;0,032867959896489
1391;10,870;0,0368621511913425
1392;10,874;0,0374451812595735
1393;10,879;0,0347667749643406
1394;10,883;0,0302447388194897
1395;10,888;0,0265373799582955
1396;10,892;0,0256830986807803
1397;10,897;0,0268509418074161
1398;10,901;0,026764017820376
1399;10,906;0,0230325667225489
1400;10,910;0,0162957930640672
1401;10,914;0,00929782806871
1402;10,919;0,00427787326463445
1403;10,923;0,00157668431718193
1404;10,928;0,000465513118344286
1405;10,932;0,000110100567847225
1406;10,937;0
1407;10,941;0
1408;10,946;0
1409;10,950;0
1410;10,954;0
1411;10,959;0
1412;10,963;0
1413;10,968;0
1414;10,972;0
1415;10,977;0
1416;10,981;0
1417;10,986;0
1418;10,990;0
1419;10,994;0
1420;10,999;0
1421;11,003;0
1422;11,008;8,63099886934598E-05
1423;11,012;0,000515414089500595
1424;11,017;0,00218487001616734
1425;11,021;0,00751077856924726
1426;11,025;0,021709660053663
1427;11,030;0,0540775465228602
1428;11,034;0,119239950674248
1429;11,039;0,23701456644002
1430;11,043;0,430058176710399
1431;11,048;0,717767110843669
1432;11,052;1,10907673790466
1433;11,057;1,59797645136491
1434;11,061;2,16152541973225
1435;11,065;2,75897567441961
1436;11,070;3,33021637491918
1437;11,074;3,80337612899452
1438;11,079;4,11356969612982
1439;11,083;4,22507083138153
1440;11,088;4,14217031989913
1441;11,092;3,90434378024857
1442;11,097;3,57191545602131
1443;11,101;3,20641854562373
1444;11,105;2,85477900398194
1445;11,110;2,53984232278455
1446;11,114;2,26302213279784
1447;11,119;2,01507837689303
1448;11,123;1,78851296647675
1449;11,128;1,58468733418449
1450;11,132;1,41075130663283
1451;11,137;1,27124513322412
1452;11,141;1,16120175838872
1453;11,145;1,06921045667206
1454;11,150;0,985476339394157
1455;11,154;0,907020572847645
1456;11,159;0,835269219845749
1457;11,163;0,770379451100923
1458;11,168;0,71048892951744
1459;11,172;0,654238939397213
1460;11,177;0,603950156943478
1461;11,181;0,563523280959123
1462;11,185;0,533980415063729
1463;11,190;0,511740800417005
1464;11,194;0,491150572605262
1465;11,199;0,4683054102424
1466;11,203;0,442037524231788
1467;11,208;0,412849918485291
1468;11,212;0,382649677234423
1469;11,216;0,354467173665849
1470;11,221;0,330718012129199
1471;11,225;0,311147417993937
1472;11,230;0,294148199286338
1473;11,234;0,279818659741693
1474;11,239;0,270329014862866
1475;11,243;0,26738537784465
1476;11,248;0,269982708257698
1477;11,252;0,274741527041332
1478;11,256;0,277188911325486
1479;11,261;0,273660062455969
1480;11,265;0,263551491002557
1481;11,270;0,249458654338116
1482;11,274;0,235479064564708
1483;11,279;0,225413470121197
1484;11,283;0,221331127586327
1485;11,288;0,222591271971955
1486;11,292;0,226096759296339
1487;11,296;0,228291777144477
1488;11,301;0,227516585503239
1489;11,305;0,224528016103502
1490;11,310;0,221897856030113
1491;11,314;0,222694783170611
1492;11,319;0,229428218546625
1493;11,323;0,242850712654329
1494;11,328;0,260988616295723
1495;11,332;0,279344039592595
1496;11,336;0,292996156076956
1497;11,341;0,298352165935915
1498;11,345;0,294652643998341
1499;11,350;0,284445254238159
1500;11,354;0,271950656003714
1501;11,359;0,260878827325027
1502;11,363;0,252462228642171
1503;11,368;0,245804064782063
1504;11,372;0,238397446414749
1505;11,376;0,226796164850194
1506;11,381;0,207877347532718
1507;11,385;0,181301665446405
1508;11,390;0,151108978104844
1509;11,394;0,124654652556068
1510;11,399;0,10810169081766
1511;11,403;0,102224893456535
1512;11,407;0,102327848917994
1513;11,412;0,102793958054834
1514;11,416;0,102120198743477
1515;11,421;0,103694159691108
1516;11,425;0,111218542887038
1517;11,430;0,124166777045679
1518;11,434;0,136792971790088
1519;11,439;0,141166129541863
1520;11,443;0,131681568629246
1521;11,447;0,109413189436864
1522;11,452;0,082053310708435
1523;11,456;0,0591446450793859
1524;11,461;0,0456003621941025
1525;11,465;0,0400067257991353
1526;11,470;0,038436822247614
1527;11,474;0,038452056136241
1528;11,479;0,0395821400077695
1529;11,483;0,0420189601394655
1530;11,487;0,0450927940332234
1531;11,492;0,0473712650837778
1532;11,496;0,0475157052978501
1533;11,501;0,0446674955603596
1534;11,505;0,0385059369157761
1535;11,510;0,0295674855677932
1536;11,514;0,0198305968120214
1537;11,519;0,0124205719815188
1538;11,523;0,00980415418268233
1539;11,527;0,0127220992901812
1540;11,532;0,0196989758599123
1541;11,536;0,026895210391729
1542;11,541;0,0299173864547398
1543;11,545;0,0267768100673366
1544;11,550;0,0191983737104262
1545;11,554;0,0110265695442777
1546;11,559;0,00507325669069713
1547;11,563;0,00186983665342124
1548;11,567;0,000552065809901793
1549;11,572;0,000130571527799224
1550;11,576;8,7416528427382E-05
1551;11,581;0,000369603386656407
1552;11,585;0,00135640768420333
1553;11,590;0,00393544492038007
1554;11,594;0,0093969075205058
1555;11,599;0,0189590246463931
1556;11,603;0,0331208897882738
1557;11,607;0,0517593093884315
1558;11,612;0,0750333516416493
1559;11,616;0,104101967879411
1560;11,621;0,141818225393966
1561;11,625;0,194047662722486
1562;11,630;0,270175178573593
1563;11,634;0,381686811083471
1564;11,638;0,535247043049988
1565;11,643;0,723650103645399
1566;11,647;0,922609371714976
1567;11,652;1,0982631623597
1568;11,656;1,22180650518464
1569;11,661;1,28018550392372
1570;11,665;1,27679468370765
1571;11,670;1,22432856408178
1572;11,674;1,13755353519333
1573;11,678;1,02995441604749
1574;11,683;0,913070533802785
1575;11,687;0,796777708941378
1576;11,692;0,689730457415019
1577;11,696;0,59929703114157
1578;11,701;0,528538759927854
1579;11,705;0,474985124356036
1580;11,710;0,433622551594806
1581;11,714;0,401299929405733
1582;11,718;0,377798132670326
1583;11,723;0,361957893595642
1584;11,727;0,348742380719532
1585;11,732;0,331677440942673
1586;11,736;0,308408127601344
1587;11,741;0,28231525764207
1588;11,745;0,258418578753905
1589;11,750;0,239296876193806
1590;11,754;0,224929587685483
1591;11,758;0,214707645843883
1592;11,763;0,207617262524522
1593;11,767;0,201791016665464
1594;11,772;0,194106406202495
1595;11,776;0,181025052402313
1596;11,781;0,162070770818525
1597;11,785;0,142485809847577
1598;11,790;0,129641601459071
1599;11,794;0,125729664415088
1600;11,798;0,125975866284789
1601;11,803;0,123900537762598
1602;11,807;0,116807365465822
1603;11,812;0,10610559601176
1604;11,816;0,0936254675272958
1605;11,821;0,0799657045107616
1606;11,825;0,0656348116431273
1607;11,829;0,0523776493515313
1608;11,834;0,0424386652203558
1609;11,838;0,0374142838151347
1610;11,843;0,0378279889925833
1611;11,847;0,0421250673512317
1612;11,852;0,0462985482135527
1613;11,856;0,0470223444554981
1614;11,861;0,0448231843069564
1615;11,865;0,043252593802511
1616;11,869;0,0443874297416453
1617;11,874;0,0459532964799161
1618;11,878;0,0441381970459349
1619;11,883;0,038851857592335
1620;11,887;0,0344466446102944
1621;11,892;0,0353377409042534
1622;11,896;0,0410167549989672
1623;11,901;0,0459405505443886
1624;11,905;0,044444001730014
1625;11,909;0,0355360927721495
1626;11,914;0,0231722239947266
1627;11,918;0,0123633014623677
1628;11,923;0,00562750484648118
1629;11,927;0,00304231060175816
1630;11,932;0,00380283084531711
1631;11,936;0,00724485060191031
1632;11,941;0,0125415657461639
1633;11,945;0,0177618946840469
1634;11,949;0,0207583550374094
1635;11,954;0,0210570007457911
1636;11,958;0,0205679198517132
1637;11,963;0,0215008623847492
1638;11,967;0,0240244675691861
1639;11,972;0,0264386954401096
1640;11,976;0,0275410439089359
1641;11,981;0,0282878800888402
1642;11,985;0,0302899876624696
1643;11,989;0,0342158747392399
1644;11,994;0,0398331608393683
1645;11,998;0,0466284348428352
1646;12,003;0,0537499548823727
1647;12,007;0,0595414517294739
1648;12,012;0,0620704316130059
1649;12,016;0,0598626832664846
1650;12,020;0,0527105410782494
1651;12,025;0,0417449894199164
1652;12,029;0,029233024398065
1653;12,034;0,0177125652892409
1654;12,038;0,00917851180708546
1655;12,043;0,00431549647990708
1656;12,047;0,00278917198691724
1657;12,052;0,00426521191179375
1658;12,056;0,00854534189396949
1659;12,060;0,0147241759895218
1660;12,065;0,020536451232933
1661;12,069;0,0229451127268857
1662;12,074;0,020536451232933
1663;12,078;0,0147241759895218
1664;12,083;0,00845681887605931
1665;12,087;0,00389092998497171
1666;12,092;0,00143406954543036
1667;12,096;0,000423406417657165
1668;12,100;0,00010014172029215
1669;12,105;0
1670;12,109;0
1671;12,114;0
1672;12,118;0
1673;12,123;0
1674;12,127;0
1675;12,132;0
1676;12,136;0
1677;12,140;0
1678;12,145;0
1679;12,149;0
1680;12,154;0
1681;12,158;0
1682;12,163;0
1683;12,167;0
1684;12,172;0
1685;12,176;0
1686;12,180;0
1687;12,185;0
1688;12,189;0
1689;12,194;0
1690;12,198;0
1691;12,203;0
1692;12,207;0
1693;12,211;0
1694;12,216;0
1695;12,220;0
1696;12,225;0
1697;12,229;0
1698;12,234;0
1699;12,238;0
1700;12,243;0
1701;12,247;0
1702;12,251;0
1703;12,256;0
1704;12,260;0
1705;12,265;0
1706;12,269;0
1707;12,274;0
1708;12,278;0
1709;12,283;0
1710;12,287;0
1711;12,291;0
1712;12,296;0
1713;12,300;0
1714;12,305;0
1715;12,309;0
1716;12,314;0
1717;12,318;0
1718;12,323;0
1719;12,327;0
1720;12,331;0
1721;12,336;0
1722;12,340;0
1723;12,345;0
1724;12,349;0
1725;12,354;0
1726;12,358;0
1727;12,363;0
1728;12,367;0
1729;12,371;0
1730;12,376;0
1731;12,380;0
1732;12,385;0
1733;12,389;0
1734;12,394;0
1735;12,398;0
1736;12,402;0
1737;12,407;0
1738;12,411;0
1739;12,416;0
1740;12,420;0
1741;12,425;0
1742;12,429;0
1743;12,434;0
1744;12,438;0
1745;12,442;0
1746;12,447;0
1747;12,451;0
1748;12,456;0
1749;12,460;0
1750;12,465;0
1751;12,469;0
1752;12,474;0
1753;12,478;0
1754;12,482;0
1755;12,487;0
1756;12,491;0
1757;12,496;0
1758;12,500;0
1759;12,505;0
1760;12,509;0
1761;12,514;0
1762;12,518;0
1763;12,522;0
1764;12,527;0
1765;12,531;0
1766;12,536;0
1767;12,540;0
1768;12,545;0
1769;12,549;0
1770;12,554;0
1771;12,558;0
1772;12,562;0
1773;12,567;0
1774;12,571;0
1775;12,576;0
1776;12,580;0
1777;12,585;0
1778;12,589;0
1779;12,594;0
1780;12,598;0
1781;12,602;0
1782;12,607;0
1783;12,611;0
1784;12,616;0
1785;12,620;0
1786;12,625;0
1787;12,629;0
1788;12,633;0
1789;12,638;0
1790;12,642;0
1791;12,647;0
1792;12,651;0
1793;12,656;0
1794;12,660;0
1795;12,665;0
1796;12,669;0
1797;12,673;0
1798;12,678;0
1799;12,682;0
1800;12,687;0
1801;12,691;0
1802;12,696;0
1803;12,700;0
1804;12,705;0
1805;12,709;0
1806;12,713;0
1807;12,718;0
1808;12,722;0
1809;12,727;0
1810;12,731;0
1811;12,736;0
1812;12,740;0
1813;12,745;0
1814;12,749;0
1815;12,753;0
1816;12,758;0
1817;12,762;0
1818;12,767;0
1819;12,771;0
1820;12,776;0
1821;12,780;0
1822;12,785;0
1823;12,789;0
1824;12,793;0
1825;12,798;0
1826;12,802;0
1827;12,807;0
1828;12,811;0
1829;12,816;0
1830;12,820;0
1831;12,824;0
1832;12,829;0
1833;12,833;0
1834;12,838;0
1835;12,842;0
1836;12,847;0
1837;12,851;0
1838;12,856;0
1839;12,860;0
1840;12,864;0
1841;12,869;0
1842;12,873;0
1843;12,878;0
1844;12,882;0
1845;12,887;0
1846;12,891;0
1847;12,896;0
1848;12,900;0
1849;12,904;0
1850;12,909;0
1851;12,913;0
1852;12,918;0
1853;12,922;0
1854;12,927;0
1855;12,931;0
1856;12,936;0
1857;12,940;0
1858;12,944;0
1859;12,949;0
1860;12,953;0
1861;12,958;0
1862;12,962;0
1863;12,967;0
1864;12,971;0
1865;12,976;0
1866;12,980;0
1867;12,984;0
1868;12,989;0
1869;12,993;0
1870;12,998;0
1871;13,002;0
1872;13,007;0
1873;13,011;0
1874;13,015;0
1875;13,020;0
1876;13,024;0
1877;13,029;0
1878;13,033;0
1879;13,038;0
1880;13,042;0
1881;13,047;0
1882;13,051;0
1883;13,055;0
1884;13,060;0
1885;13,064;0
1886;13,069;0
1887;13,073;0
1888;13,078;0
1889;13,082;0
1890;13,087;0
1891;13,091;0
1892;13,095;0
1893;13,100;0
1894;13,104;0
1895;13,109;0
1896;13,113;0
1897;13,118;0
1898;13,122;0
1899;13,127;0
1900;13,131;0
1901;13,135;0
1902;13,140;0
1903;13,144;0
1904;13,149;0
1905;13,153;0
1906;13,158;0
1907;13,162;0
1908;13,167;0
1909;13,171;0
1910;13,175;0
1911;13,180;0
1912;13,184;0
1913;13,189;0
1914;13,193;0
1915;13,198;0
1916;13,202;0
1917;13,206;0
1918;13,211;0
1919;13,215;0
1920;13,220;0
1921;13,224;0
1922;13,229;0
1923;13,233;0
1924;13,238;0
1925;13,242;0
1926;13,246;0
1927;13,251;0
1928;13,255;0
1929;13,260;0
1930;13,264;0
1931;13,269;0
1932;13,273;0
1933;13,278;0
1934;13,282;0
1935;13,286;0
1936;13,291;0
1937;13,295;0
1938;13,300;0
1939;13,304;0
1940;13,309;0
1941;13,313;0
1942;13,318;0
1943;13,322;0
1944;13,326;0
1945;13,331;0
1946;13,335;0
1947;13,340;0
1948;13,344;0
