#"+EI EIC(108,1) Scan 150C_1ml-min_10C-min_2.D "
#Point;X(Minutes);Y(Counts)
0;4,691;0,547404063205418
1;4,696;0,998871331828442
2;4,700;0,712471783295711
3;4,705;0,733634311512415
4;4,709;0,492381489841986
5;4,713;0,75902934537246
6;4,718;0,443002257336343
7;4,722;0,641930022573363
8;4,727;0,526241534988713
9;4,731;0,646162528216704
10;4,736;0,311794582392777
11;4,740;0,613713318284424
12;4,745;0,555869074492099
13;4,749;0,225733634311512
14;4,753;0,534706546275395
15;4,758;0,253950338600451
16;4,762;0,237020316027088
17;4,767;0,664503386004515
18;4,771;0,294864559819413
19;4,776;0,304740406320542
20;4,780;0
21;4,785;0,244074492099323
22;4,789;0,349887133182844
23;4,793;0,272291196388262
24;4,798;0,280756207674944
25;4,802;0,307562076749436
26;4,807;0,290632054176072
27;4,811;0
28;4,816;0,49520316027088
29;4,820;0,284988713318284
30;4,824;0,244074492099323
31;4,829;0
32;4,833;0,242663656884876
33;4,838;0,26382618510158
34;4,842;0
35;4,847;0,256772009029345
36;4,851;0
37;4,856;0,227144469525959
38;4,860;0,214446952595937
39;4,864;0
40;4,869;0,21303611738149
41;4,873;0,2313769751693
42;4,878;0
43;4,882;0
44;4,887;0
45;4,891;0,225733634311512
46;4,896;0
47;4,900;0,232787810383747
48;4,904;0
49;4,909;0
50;4,913;0
51;4,918;0
52;4,922;0
53;4,927;0
54;4,931;0,292042889390519
55;4,936;0,352708803611738
56;4,940;0,457110609480813
57;4,944;0,344243792325056
58;4,949;0,358352144469526
59;4,953;0,47686230248307
60;4,958;0,413374717832957
61;4,962;0,318848758465011
62;4,967;0,354119638826185
63;4,971;0,598194130925508
64;4,976;0,36117381489842
65;4,980;0,378103837471783
66;4,984;0,335778781038375
67;4,989;0,293453724604966
68;4,993;0,410553047404063
69;4,998;0,369638826185102
70;5,002;0,507900677200903
71;5,007;0,42607223476298
72;5,011;0,413374717832957
73;5,016;0,327313769751693
74;5,020;0,292042889390519
75;5,024;0,294864559819413
76;5,029;0,323081264108352
77;5,033;0,321670428893905
78;5,038;0,228555304740406
79;5,042;0
80;5,047;0,222911963882619
81;5,051;0,318848758465011
82;5,055;0
83;5,060;0,214446952595937
84;5,064;0,235609480812641
85;5,069;0,256772009029345
86;5,073;0,221501128668172
87;5,078;0
88;5,082;0
89;5,087;0
90;5,091;0,224322799097065
91;5,095;0
92;5,100;0
93;5,104;0,304740406320542
94;5,109;0,300507900677201
95;5,113;0
96;5,118;0,221501128668172
97;5,122;0,224322799097065
98;5,127;0
99;5,131;0
100;5,135;0
101;5,140;0,217268623024831
102;5,144;0
103;5,149;0
104;5,153;0
105;5,158;0,320259593679458
106;5,162;0
107;5,167;0
108;5,171;0,262415349887133
109;5,175;0
110;5,180;0
111;5,184;0
112;5,189;0
113;5,193;0
114;5,198;0,482505643340858
115;5,202;0
116;5,207;0
117;5,211;0,255361173814898
118;5,215;0,266647855530474
119;5,220;0,220090293453725
120;5,224;0
121;5,229;0
122;5,233;0
123;5,238;0,232787810383747
124;5,242;0,249717832957111
125;5,246;0
126;5,251;0
127;5,255;0
128;5,260;0,286399548532731
129;5,264;0,259593679458239
130;5,269;0,24548532731377
131;5,273;0
132;5,278;0,238431151241535
133;5,282;0
134;5,286;0
135;5,291;0,229966139954853
136;5,295;0
137;5,300;0
138;5,304;0
139;5,309;0,365406320541761
140;5,313;0,249717832957111
141;5,318;0
142;5,322;0
143;5,326;0,229966139954853
144;5,331;0
145;5,335;0
146;5,340;0
147;5,344;0
148;5,349;0,273702031602709
149;5,353;0
150;5,358;0
151;5,362;0
152;5,366;0
153;5,371;0
154;5,375;0
155;5,380;0
156;5,384;0
157;5,389;0
158;5,393;0
159;5,398;0
160;5,402;0
161;5,406;0
162;5,411;0
163;5,415;0
164;5,420;0,2313769751693
165;5,424;0
166;5,429;0
167;5,433;0
168;5,437;0
169;5,442;0
170;5,446;0
171;5,451;0
172;5,455;0
173;5,460;0
174;5,464;0
175;5,469;0
176;5,473;0
177;5,477;0
178;5,482;0
179;5,486;0
180;5,491;0
181;5,495;0,217268623024831
182;5,500;0,294864559819413
183;5,504;0
184;5,509;0,218679458239278
185;5,513;0,369638826185102
186;5,517;0,478273137697517
187;5,522;0,400677200902935
188;5,526;0,553047404063205
189;5,531;0,26382618510158
190;5,535;0,464164785553047
191;5,540;0,348476297968397
192;5,544;0,340011286681716
193;5,549;0,52765237020316
194;5,553;0,341422121896163
195;5,557;0,558690744920993
196;5,562;0,29627539503386
197;5,566;0,227144469525959
198;5,571;0,478273137697517
199;5,575;0,349887133182844
200;5,580;0,555869074492099
201;5,584;0,273702031602709
202;5,589;0,338600451467269
203;5,593;0,550225733634311
204;5,597;0
205;5,602;0,323081264108352
206;5,606;0,382336343115124
207;5,611;0,459932279909707
208;5,615;0
209;5,620;0,34706546275395
210;5,624;0,290632054176072
211;5,628;0
212;5,633;0,287810383747178
213;5,637;0,371049661399549
214;5,642;0,262415349887133
215;5,646;0
216;5,651;0,221501128668172
217;5,655;0,211625282167043
218;5,660;0,227144469525959
219;5,664;0
220;5,668;0
221;5,673;0
222;5,677;0
223;5,682;0
224;5,686;0
225;5,691;0
226;5,695;0
227;5,700;0
228;5,704;0
229;5,708;0,222911963882619
230;5,713;0,324492099322799
231;5,717;0,234198645598194
232;5,722;0
233;5,726;0
234;5,731;0
235;5,735;0
236;5,740;0
237;5,744;0
238;5,748;0
239;5,753;0
240;5,757;0
241;5,762;0
242;5,766;0
243;5,771;0
244;5,775;0
245;5,780;0
246;5,784;0
247;5,788;0
248;5,793;0
249;5,797;0
250;5,802;0
251;5,806;0
252;5,811;0
253;5,815;0
254;5,819;0
255;5,824;0
256;5,828;0
257;5,833;0
258;5,837;0
259;5,842;0
260;5,846;0
261;5,851;0
262;5,855;0
263;5,859;0,266647855530474
264;5,864;0,341422121896163
265;5,868;0
266;5,873;0,227144469525959
267;5,877;0,359762979683973
268;5,882;0,31038374717833
269;5,886;0,290632054176072
270;5,891;0,251128668171558
271;5,895;0,34283295711061
272;5,899;0,242663656884876
273;5,904;0,572799097065463
274;5,908;0,4627539503386
275;5,913;0,320259593679458
276;5,917;0,383747178329571
277;5,922;0,399266365688488
278;5,926;0,239841986455982
279;5,931;0,365406320541761
280;5,935;0,390801354401806
281;5,939;0,378103837471783
282;5,944;0,507900677200903
283;5,948;0,251128668171558
284;5,953;0,499435665914221
285;5,957;0
286;5,962;0,300507900677201
287;5,966;0,255361173814898
288;5,971;0
289;5,975;0,395033860045147
290;5,979;0,235609480812641
291;5,984;0
292;5,988;0
293;5,993;0,375282167042889
294;5,997;0,317437923250564
295;6,002;0
296;6,006;0
297;6,011;0,244074492099323
298;6,015;0,229966139954853
299;6,019;0,228555304740406
300;6,024;0
301;6,028;0
302;6,033;0,217268623024831
303;6,037;0
304;6,042;0
305;6,046;0
306;6,050;0
307;6,055;0
308;6,059;0
309;6,064;0
310;6,068;0
311;6,073;0
312;6,077;0
313;6,082;0
314;6,086;0
315;6,090;0
316;6,095;0
317;6,099;0
318;6,104;0
319;6,108;0
320;6,113;0
321;6,117;0,27793453724605
322;6,122;0
323;6,126;0
324;6,130;0
325;6,135;0
326;6,139;0
327;6,144;0
328;6,148;0
329;6,153;0
330;6,157;0
331;6,162;0,248306997742664
332;6,166;0
333;6,170;0
334;6,175;0
335;6,179;0
336;6,184;0
337;6,188;0
338;6,193;0
339;6,197;0
340;6,202;0
341;6,206;0
342;6,210;0
343;6,215;0
344;6,219;0
345;6,224;0
346;6,228;0
347;6,233;0
348;6,237;0
349;6,241;0
350;6,246;0
351;6,250;0,217268623024831
352;6,255;0
353;6,259;0
354;6,264;0
355;6,268;0
356;6,273;0
357;6,277;0
358;6,281;0
359;6,286;0,242663656884876
360;6,290;0,479683972911964
361;6,295;0,402088036117381
362;6,299;0,450056433408578
363;6,304;0,45852144469526
364;6,308;0,596783295711061
365;6,313;0,627821670428894
366;6,317;0,763261851015801
367;6,321;0,887415349887133
368;6,326;0,730812641083522
369;6,330;0,672968397291196
370;6,335;0,562923250564334
371;6,339;0,919864559819413
372;6,344;1,10045146726862
373;6,348;0,783013544018059
374;6,353;0,571388261851016
375;6,357;0,577031602708804
376;6,361;0,790067720090293
377;6,366;0,372460496613995
378;6,370;0,726580135440181
379;6,375;0,514954853273138
380;6,379;0,678611738148984
381;6,384;0,802765237020316
382;6,388;0,668735891647856
383;6,393;0,371049661399549
384;6,397;0,359762979683973
385;6,401;0,42607223476298
386;6,406;0,221501128668172
387;6,410;0,248306997742664
388;6,415;0,259593679458239
389;6,419;0,287810383747178
390;6,424;0,215857787810384
391;6,428;0,282167042889391
392;6,432;0
393;6,437;0
394;6,441;0,2313769751693
395;6,446;0,249717832957111
396;6,450;0,286399548532731
397;6,455;0,390801354401806
398;6,459;0,225733634311512
399;6,464;0
400;6,468;0,318848758465011
401;6,472;0
402;6,477;0
403;6,481;0
404;6,486;0
405;6,490;0,331546275395034
406;6,495;0
407;6,499;0,225733634311512
408;6,504;0,237020316027088
409;6,508;0
410;6,512;0
411;6,517;0
412;6,521;0
413;6,526;0
414;6,530;0
415;6,535;0
416;6,539;0,275112866817156
417;6,544;0,235609480812641
418;6,548;0
419;6,552;0
420;6,557;0,215857787810384
421;6,561;0,249717832957111
422;6,566;0,259593679458239
423;6,570;0,2313769751693
424;6,575;0
425;6,579;0
426;6,584;0
427;6,588;0
428;6,592;0
429;6,597;0,266647855530474
430;6,601;0
431;6,606;0,297686230248307
432;6,610;0
433;6,615;0
434;6,619;0
435;6,623;0,221501128668172
436;6,628;0,324492099322799
437;6,632;0
438;6,637;0
439;6,641;0,421839729119639
440;6,646;0,286399548532731
441;6,650;0,427483069977427
442;6,655;1,08069977426637
443;6,659;1,69582392776524
444;6,663;2,02737020316027
445;6,668;3,02624153498871
446;6,672;3,59904063205418
447;6,677;3,32533860045147
448;6,681;5,74351015801354
449;6,686;4,42861173814898
450;6,690;5,24266365688488
451;6,695;4,90829571106095
452;6,699;5,11851015801354
453;6,703;5,44300225733634
454;6,708;4,69525959367946
455;6,712;5,1410835214447
456;6,717;5,0451467268623
457;6,721;4,34255079006772
458;6,726;4,08436794582393
459;6,730;4,6515237020316
460;6,735;2,84424379232506
461;6,739;3,21106094808126
462;6,743;2,73419864559819
463;6,748;2,72996613995485
464;6,752;2,20513544018059
465;6,757;2,21360045146727
466;6,761;1,63515801354402
467;6,766;1,53075620767494
468;6,770;1,63656884875847
469;6,775;1,50395033860045
470;6,779;1,41647855530474
471;6,783;1,09339729119639
472;6,788;0,873306997742664
473;6,792;1,00451467268623
474;6,797;0,684255079006772
475;6,801;1,04825056433409
476;6,806;1,02990970654628
477;6,810;0,706828442437923
478;6,814;0,571388261851016
479;6,819;0,733634311512415
480;6,823;0,742099322799097
481;6,828;0,489559819413093
482;6,832;0,443002257336343
483;6,837;0,478273137697517
484;6,841;0,283577878103837
485;6,846;0,259593679458239
486;6,850;0,414785553047404
487;6,854;0,386568848758465
488;6,859;0,289221218961625
489;6,863;0,270880361173815
490;6,868;0,300507900677201
491;6,872;0
492;6,877;0
493;6,881;0,215857787810384
494;6,886;0,249717832957111
495;6,890;0
496;6,894;0,21303611738149
497;6,899;0,372460496613995
498;6,903;0
499;6,908;0
500;6,912;0,286399548532731
501;6,917;0,284988713318284
502;6,921;0,269469525959368
503;6,926;0,253950338600451
504;6,930;0
505;6,934;0
506;6,939;0,292042889390519
507;6,943;0
508;6,948;0
509;6,952;0,359762979683973
510;6,957;0,352708803611738
511;6,961;0,211625282167043
512;6,966;0,211625282167043
513;6,970;0,229966139954853
514;6,974;0
515;6,979;0,214446952595937
516;6,983;0,325902934537246
517;6,988;0,293453724604966
518;6,992;0
519;6,997;0,222911963882619
520;7,001;0,24548532731377
521;7,006;0,215857787810384
522;7,010;0
523;7,014;0
524;7,019;0
525;7,023;0
526;7,028;0
527;7,032;0
528;7,037;0
529;7,041;0,265237020316027
530;7,045;0
531;7,050;0
532;7,054;0
533;7,059;0
534;7,063;0
535;7,068;0
536;7,072;0
537;7,077;0
538;7,081;0
539;7,085;0
540;7,090;0
541;7,094;0
542;7,099;0
543;7,103;0,220090293453725
544;7,108;0
545;7,112;0
546;7,117;0
547;7,121;0,253950338600451
548;7,125;0
549;7,130;0
550;7,134;0,266647855530474
551;7,139;0,242663656884876
552;7,143;0,265237020316027
553;7,148;0,809819413092551
554;7,152;1,10186230248307
555;7,157;1,51664785553047
556;7,161;2,15293453724605
557;7,165;3,2152934537246
558;7,170;4,20287810383747
559;7,174;5,00564334085779
560;7,179;5,96924379232506
561;7,183;5,47827313769752
562;7,188;5,57279909706546
563;7,192;5,54740406320542
564;7,197;4,77708803611738
565;7,201;5,95936794582393
566;7,205;4,98730248306998
567;7,210;4,26495485327314
568;7,214;4,84762979683973
569;7,219;4,50056433408578
570;7,223;3,83323927765237
571;7,228;3,45231376975169
572;7,232;3,15180586907449
573;7,236;2,5479683972912
574;7,241;1,90744920993228
575;7,245;1,84396162528217
576;7,250;2,20513544018059
577;7,254;1,2288374717833
578;7,259;1,12584650112867
579;7,263;1,13007900677201
580;7,268;1,43764108352144
581;7,272;1,44751693002257
582;7,276;1,78752821670429
583;7,281;1,49407449209932
584;7,285;1,86653498871332
585;7,290;1,94554176072235
586;7,294;1,68312641083521
587;7,299;2,33634311512415
588;7,303;1,85242663656885
589;7,308;1,62528216704289
590;7,312;1,72686230248307
591;7,316;1,65773137697517
592;7,321;1,64926636568849
593;7,325;1,18369074492099
594;7,330;1,17804740406321
595;7,334;1,0426072234763
596;7,339;0,661681715575621
597;7,343;0,723758465011287
598;7,348;0,537528216704289
599;7,352;0,359762979683973
600;7,356;0,589729119638826
601;7,361;0,479683972911964
602;7,365;0,279345372460497
603;7,370;0,414785553047404
604;7,374;0,321670428893905
605;7,379;0,34706546275395
606;7,383;0,287810383747178
607;7,388;0,300507900677201
608;7,392;0
609;7,396;0,26382618510158
610;7,401;0
611;7,405;0
612;7,410;0
613;7,414;0,289221218961625
614;7,419;0
615;7,423;0
616;7,427;0
617;7,432;0
618;7,436;0,246896162528217
619;7,441;0
620;7,445;0
621;7,450;0
622;7,454;0,222911963882619
623;7,459;0
624;7,463;0,238431151241535
625;7,467;0
626;7,472;0
627;7,476;0
628;7,481;0
629;7,485;0
630;7,490;0
631;7,494;0
632;7,499;0
633;7,503;0,270880361173815
634;7,507;0,294864559819413
635;7,512;0
636;7,516;0,227144469525959
637;7,521;0
638;7,525;0,229966139954853
639;7,530;0
640;7,534;0
641;7,539;0
642;7,543;0
643;7,547;0
644;7,552;0,222911963882619
645;7,556;0,371049661399549
646;7,561;0,228555304740406
647;7,565;0,272291196388262
648;7,570;0,218679458239278
649;7,574;0
650;7,579;0,217268623024831
651;7,583;0,31038374717833
652;7,587;0
653;7,592;0,414785553047404
654;7,596;0,550225733634311
655;7,601;0,595372460496614
656;7,605;1,14418735891648
657;7,610;1,6915914221219
658;7,614;2,59875846501129
659;7,618;3,54401805869075
660;7,623;4,627539503386
661;7,627;5,56856659142212
662;7,632;5,93256207674944
663;7,636;5,68284424379233
664;7,641;6,74943566591422
665;7,645;6,25846501128668
666;7,650;6,18510158013544
667;7,654;5,43030474040632
668;7,658;5,12838600451467
669;7,663;5,3456546275395
670;7,667;4,45965011286682
671;7,672;3,68933408577878
672;7,676;3,32110609480813
673;7,681;3,16873589164786
674;7,685;1,95823927765237
675;7,690;1,99915349887133
676;7,694;1,58154627539503
677;7,698;1,12020316027088
678;7,703;1,12584650112867
679;7,707;0,883182844243792
680;7,712;1,07646726862302
681;7,716;0,687076749435666
682;7,721;0,454288939051919
683;7,725;0,828160270880361
684;7,730;0,286399548532731
685;7,734;0,385158013544018
686;7,738;0,396444695259594
687;7,743;0,430304740406321
688;7,747;0,523419864559819
689;7,752;0,359762979683973
690;7,756;0,331546275395034
691;7,761;0,514954853273138
692;7,765;0
693;7,770;0
694;7,774;0,242663656884876
695;7,778;0,368227990970655
696;7,783;0,397855530474041
697;7,787;0,45852144469526
698;7,792;0,49097065462754
699;7,796;0,712471783295711
700;7,801;0,839446952595937
701;7,805;0,665914221218962
702;7,810;0,925507900677201
703;7,814;0,842268623024831
704;7,818;0,873306997742664
705;7,823;0,981941309255079
706;7,827;0,994638826185102
707;7,832;0,582674943566591
708;7,836;0,613713318284424
709;7,841;0,915632054176072
710;7,845;0,496613995485327
711;7,849;0,64334085778781
712;7,854;0,385158013544018
713;7,858;0,248306997742664
714;7,863;0,386568848758465
715;7,867;0,220090293453725
716;7,872;0
717;7,876;0,235609480812641
718;7,881;0
719;7,885;0,255361173814898
720;7,889;0,248306997742664
721;7,894;0,265237020316027
722;7,898;0,352708803611738
723;7,903;0,232787810383747
724;7,907;0
725;7,912;0
726;7,916;0
727;7,921;0
728;7,925;0
729;7,929;0
730;7,934;0,297686230248307
731;7,938;0,251128668171558
732;7,943;0
733;7,947;0,269469525959368
734;7,952;0,249717832957111
735;7,956;0,332957110609481
736;7,961;0,292042889390519
737;7,965;0
738;7,969;0
739;7,974;0
740;7,978;0,335778781038375
741;7,983;0,251128668171558
742;7,987;0
743;7,992;0,229966139954853
744;7,996;0,232787810383747
745;8,001;0
746;8,005;0,308972911963883
747;8,009;0,225733634311512
748;8,014;0
749;8,018;0,225733634311512
750;8,023;0,237020316027088
751;8,027;0,27793453724605
752;8,032;0
753;8,036;0
754;8,040;0
755;8,045;0,2313769751693
756;8,049;0,248306997742664
757;8,054;0
758;8,058;0,269469525959368
759;8,063;0
760;8,067;0,249717832957111
761;8,072;0
762;8,076;0
763;8,080;0
764;8,085;0
765;8,089;0,220090293453725
766;8,094;0
767;8,098;0
768;8,103;0
769;8,107;0,215857787810384
770;8,112;0
771;8,116;0,228555304740406
772;8,120;0,242663656884876
773;8,125;0
774;8,129;0,522009029345373
775;8,134;0,344243792325056
776;8,138;0,613713318284424
777;8,143;1,08493227990971
778;8,147;1,68735891647856
779;8,152;2,82025959367946
780;8,156;4,47516930022573
781;8,160;5,41901805869075
782;8,165;6,66196388261851
783;8,169;7,73419864559819
784;8,174;7,49576749435666
785;8,178;8,17579006772009
786;8,183;7,88092550790068
787;8,187;6,55897291196388
788;8,192;6,14983069977427
789;8,196;5,75338600451467
790;8,200;4,7926072234763
791;8,205;3,44667042889391
792;8,209;3,32110609480813
793;8,214;2,11766365688488
794;8,218;1,83831828442438
795;8,223;1,70428893905192
796;8,227;1,39672686230248
797;8,231;1,37838600451467
798;8,236;1,02003386004515
799;8,240;1,09057562076749
800;8,245;0,795711060948081
801;8,249;0,537528216704289
802;8,254;0,610891647855531
803;8,258;0,561512415349887
804;8,263;0,561512415349887
805;8,267;0,397855530474041
806;8,271;0,265237020316027
807;8,276;0,317437923250564
808;8,280;0,303329571106095
809;8,285;0,2313769751693
810;8,289;0,276523702031603
811;8,294;0,385158013544018
812;8,298;0,438769751693002
813;8,303;0,431715575620768
814;8,307;0,378103837471783
815;8,311;0,421839729119639
816;8,316;0,335778781038375
817;8,320;0,42607223476298
818;8,325;0,97206546275395
819;8,329;0,948081264108352
820;8,334;1,10327313769752
821;8,338;1,33606094808126
822;8,343;1,53075620767494
823;8,347;2,18679458239278
824;8,351;1,86512415349887
825;8,356;1,76354401805869
826;8,360;1,62387133182844
827;8,365;1,38120767494357
828;8,369;1,5956546275395
829;8,374;1,22742663656885
830;8,378;1,16534988713318
831;8,383;0,932562076749436
832;8,387;1,01297968397291
833;8,391;0,843679458239278
834;8,396;0,564334085778781
835;8,400;0,665914221218962
836;8,405;0,36117381489842
837;8,409;0,390801354401806
838;8,414;0,321670428893905
839;8,418;0,437358916478555
840;8,422;0,29627539503386
841;8,427;0,26382618510158
842;8,431;0,238431151241535
843;8,436;0,290632054176072
844;8,440;0,400677200902935
845;8,445;0
846;8,449;0,244074492099323
847;8,454;0,261004514672686
848;8,458;0,49097065462754
849;8,462;0,496613995485327
850;8,467;0,496613995485327
851;8,471;0,21303611738149
852;8,476;0,239841986455982
853;8,480;0,241252821670429
854;8,485;0
855;8,489;0,276523702031603
856;8,494;0,268058690744921
857;8,498;0,414785553047404
858;8,502;0,222911963882619
859;8,507;0
860;8,511;0
861;8,516;0
862;8,520;0,665914221218962
863;8,525;0,873306997742664
864;8,529;1,08493227990971
865;8,534;2,01890519187359
866;8,538;3,19695259593679
867;8,542;4,18735891647856
868;8,547;5,66027088036117
869;8,551;6,41365688487585
870;8,556;7,21783295711061
871;8,560;8,13346501128668
872;8,565;8,13064334085779
873;8,569;7,86681715575621
874;8,574;6,43058690744921
875;8,578;6,08634311512415
876;8,582;5,24125282167043
877;8,587;4,79119638826185
878;8,591;3,88402934537246
879;8,596;3,11230248306998
880;8,600;2,76523702031603
881;8,605;2,03442437923251
882;8,609;1,50677200902935
883;8,613;1,02144469525959
884;8,618;1,0397855530474
885;8,622;1,12584650112867
886;8,627;1,08493227990971
887;8,631;1,08493227990971
888;8,636;1,59142212189616
889;8,640;2,2206546275395
890;8,645;4,1196388261851
891;8,649;5,22573363431151
892;8,653;8,20541760722348
893;8,658;11,0411963882619
894;8,662;13,7485891647856
895;8,667;15,3400112866817
896;8,671;18,298532731377
897;8,676;18,1955417607223
898;8,680;17,1120203160271
899;8,685;16,9920993227991
900;8,689;14,2720090293454
901;8,693;12,3730248306998
902;8,698;8,90378103837472
903;8,702;7,71444695259594
904;8,707;7,14023702031603
905;8,711;4,71642212189616
906;8,716;3,78244920993228
907;8,720;3,31828442437923
908;8,725;2,5211625282167
909;8,729;1,76354401805869
910;8,733;1,75366817155756
911;8,738;1,67607223476298
912;8,742;1,47573363431151
913;8,747;1,06941309255079
914;8,751;0,891647855530474
915;8,756;1,12302483069977
916;8,760;0,770316027088036
917;8,765;0,64334085778781
918;8,769;0,736455981941309
919;8,773;1,05107223476298
920;8,778;0,603837471783296
921;8,782;0,678611738148984
922;8,787;0,634875846501129
923;8,791;0,633465011286682
924;8,796;0,895880361173815
925;8,800;0,871896162528217
926;8,805;0,321670428893905
927;8,809;0,557279909706546
928;8,813;0,709650112866817
929;8,818;0,609480812641084
930;8,822;0,562923250564334
931;8,827;0,311794582392777
932;8,831;0,522009029345373
933;8,836;0,290632054176072
934;8,840;0,767494356659142
935;8,844;0,461343115124153
936;8,849;1,11738148984199
937;8,853;2,14870203160271
938;8,858;2,46331828442438
939;8,862;4,98589164785553
940;8,867;8,21106094808126
941;8,871;13,3352144469526
942;8,876;19,6360045146727
943;8,880;19,9788374717833
944;8,884;24,1986455981941
945;8,889;27,0090293453725
946;8,893;24,5259593679458
947;8,898;23,4085778781038
948;8,902;20,1001693002257
949;8,907;18,1602708803612
950;8,911;13,538374717833
951;8,916;10,4839164785553
952;8,920;8,98984198645598
953;8,924;7,94441309255079
954;8,929;5,68284424379233
955;8,933;4,21839729119639
956;8,938;3,61314898419865
957;8,942;2,58606094808126
958;8,947;2,18397291196388
959;8,951;2,08098194130925
960;8,956;1,42071106094808
961;8,960;1,48984198645598
962;8,964;1,24858916478555
963;8,969;1,21190744920993
964;8,973;1,00874717832957
965;8,978;0,893058690744921
966;8,982;0,80558690744921
967;8,987;1,26551918735892
968;8,991;0,79147855530474
969;8,996;0,840857787810384
970;9,000;0,716704288939052
971;9,004;0,578442437923251
972;9,009;0,763261851015801
973;9,013;0,416196388261851
974;9,018;0,698363431151242
975;9,022;0,702595936794582
976;9,027;0,564334085778781
977;9,031;0,547404063205418
978;9,035;0,719525959367946
979;9,040;0,674379232505643
980;9,044;0,641930022573363
981;9,049;0,395033860045147
982;9,053;0,547404063205418
983;9,058;0,665914221218962
984;9,062;0,547404063205418
985;9,067;0,599604966139955
986;9,071;0,533295711060948
987;9,075;0,564334085778781
988;9,080;0,447234762979684
989;9,084;0,399266365688488
990;9,089;0,450056433408578
991;9,093;0,49097065462754
992;9,098;0,781602708803612
993;9,102;0,383747178329571
994;9,107;0,771726862302483
995;9,111;1,70005643340858
996;9,115;3,08831828442438
997;9,120;4,17325056433409
998;9,124;7,89926636568849
999;9,129;10,8874153498871
1000;9,133;14,933690744921
1001;9,138;19,7418171557562
1002;9,142;22,7553611738149
1003;9,147;24,2325056433409
1004;9,151;24,3002257336343
1005;9,155;22,1233069977427
1006;9,160;20,8450902934537
1007;9,164;17,2587471783296
1008;9,169;13,8261851015801
1009;9,173;11,382618510158
1010;9,178;8,99125282167043
1011;9,182;7,35186230248307
1012;9,187;4,84198645598194
1013;9,191;4,30163656884876
1014;9,195;3,52567720090293
1015;9,200;3,41704288939052
1016;9,204;2,30671557562077
1017;9,209;2,31094808126411
1018;9,213;2,01749435665914
1019;9,218;1,64785553047404
1020;9,222;1,58013544018059
1021;9,226;1,50677200902935
1022;9,231;1,60129796839729
1023;9,235;1,00592550790068
1024;9,240;0,846501128668172
1025;9,244;1,01721218961625
1026;9,249;1,01015801354402
1027;9,253;0,936794582392777
1028;9,258;0,919864559819413
1029;9,262;0,644751693002257
1030;9,266;0,70823927765237
1031;9,271;0,80558690744921
1032;9,275;0,685665914221219
1033;9,280;0,591139954853273
1034;9,284;0,702595936794582
1035;9,289;0,526241534988713
1036;9,293;0,737866817155756
1037;9,298;0,677200902934537
1038;9,302;0,31461625282167
1039;9,306;0,658860045146727
1040;9,311;0,605248306997743
1041;9,315;0,620767494356659
1042;9,320;0,431715575620768
1043;9,324;0,369638826185102
1044;9,329;0,45852144469526
1045;9,333;0,313205417607223
1046;9,338;0,554458239277652
1047;9,342;0,510722347629797
1048;9,346;0,345654627539503
1049;9,351;0,31038374717833
1050;9,355;0,334367945823928
1051;9,360;0,31461625282167
1052;9,364;0,352708803611738
1053;9,369;0,366817155756208
1054;9,373;0,488148984198646
1055;9,378;0,41196388261851
1056;9,382;0,320259593679458
1057;9,386;0,289221218961625
1058;9,391;0,403498871331828
1059;9,395;0,514954853273138
1060;9,400;0,924097065462754
1061;9,404;0,365406320541761
1062;9,409;0,409142212189616
1063;9,413;0,406320541760722
1064;9,417;1,01156884875847
1065;9,422;1,14700902934537
1066;9,426;1,46162528216704
1067;9,431;1,54204288939052
1068;9,435;2,47460496613995
1069;9,440;2,14446952595937
1070;9,444;2,12330699774266
1071;9,449;2,32505643340858
1072;9,453;2,63967268623025
1073;9,457;3,4946388261851
1074;9,462;4,57957110609481
1075;9,466;6,87076749435666
1076;9,471;9,72911963882619
1077;9,475;14,454006772009
1078;9,480;17,3518623024831
1079;9,484;20,3287246049661
1080;9,489;21,8171557562077
1081;9,493;21,9794018058691
1082;9,497;20,0945259593679
1083;9,502;17,6396726862302
1084;9,506;15,252539503386
1085;9,511;11,5265237020316
1086;9,515;9,22262979683973
1087;9,520;7,04006772009029
1088;9,524;6,22742663656885
1089;9,529;5,05925507900677
1090;9,533;3,77962753950339
1091;9,537;3,18425507900677
1092;9,542;2,7765237020316
1093;9,546;2,33211060948081
1094;9,551;1,85665914221219
1095;9,555;1,84960496613995
1096;9,560;1,71980812641084
1097;9,564;1,16958239277652
1098;9,569;1,00451467268623
1099;9,573;1,39813769751693
1100;9,577;0,802765237020316
1101;9,582;0,783013544018059
1102;9,586;0,931151241534989
1103;9,591;0,802765237020316
1104;9,595;0,68989841986456
1105;9,600;0,701185101580135
1106;9,604;1,19215575620767
1107;9,608;0,877539503386005
1108;9,613;0,644751693002257
1109;9,617;0,54176072234763
1110;9,622;0,766083521444695
1111;9,626;0,854966139954853
1112;9,631;0,579853273137698
1113;9,635;0,404909706546275
1114;9,640;0,544582392776524
1115;9,644;0,616534988713318
1116;9,648;0,733634311512415
1117;9,653;1,5744920993228
1118;9,657;1,88064334085779
1119;9,662;4,95626410835215
1120;9,666;10,4119638826185
1121;9,671;18,6343115124154
1122;9,675;33,8148984198646
1123;9,680;48,9277652370203
1124;9,684;67,6523702031603
1125;9,688;85,4176072234763
1126;9,693;94,097065462754
1127;9,697;100
1128;9,702;96,5462753950339
1129;9,706;84,5823927765237
1130;9,711;73,3972911963883
1131;9,715;59,548532731377
1132;9,720;49,255079006772
1133;9,724;37,6636568848758
1134;9,728;30,2821670428894
1135;9,733;24,1986455981941
1136;9,737;21,1597065462754
1137;9,742;17,2531038374718
1138;9,746;17,4407449209932
1139;9,751;16,5660270880361
1140;9,755;14,9943566591422
1141;9,760;14,5993227990971
1142;9,764;11,9667042889391
1143;9,768;10,4444130925508
1144;9,773;10,1848194130926
1145;9,777;7,83436794582393
1146;9,782;5,82533860045147
1147;9,786;5,27793453724605
1148;9,791;5,5558690744921
1149;9,795;4,62471783295711
1150;9,800;3,97009029345372
1151;9,804;3,18143340857788
1152;9,808;2,80615124153499
1153;9,813;2,55925507900677
1154;9,817;2,70316027088036
1155;9,822;2,49717832957111
1156;9,826;1,97658013544018
1157;9,831;2,52821670428894
1158;9,835;1,70146726862302
1159;9,839;1,68030474040632
1160;9,844;1,37979683972912
1161;9,848;1,17381489841986
1162;9,853;1,09621896162528
1163;9,857;1,80727990970655
1164;9,862;1,4602144469526
1165;9,866;1,47291196388262
1166;9,871;1,37697516930023
1167;9,875;1,26269751693002
1168;9,879;1,45598194130926
1169;9,884;0,761851015801354
1170;9,888;1,04401805869075
1171;9,893;0,974887133182844
1172;9,897;0,928329571106095
1173;9,902;0,863431151241535
1174;9,906;0,840857787810384
1175;9,911;0,640519187358917
1176;9,915;0,825338600451467
1177;9,919;0,730812641083522
1178;9,924;0,93538374717833
1179;9,928;0,586907449209932
1180;9,933;0,599604966139955
1181;9,937;0,886004514672686
1182;9,942;0,753386004514673
1183;9,946;0,582674943566591
1184;9,951;0,88882618510158
1185;9,955;1,00592550790068
1186;9,959;1,03837471783296
1187;9,964;1,37979683972912
1188;9,968;1,43905191873589
1189;9,973;1,70287810383747
1190;9,977;2,00761851015801
1191;9,982;1,50112866817156
1192;9,986;1,39954853273138
1193;9,991;1,13007900677201
1194;9,995;1,43058690744921
1195;9,999;1,13007900677201
1196;10,004;1,1808690744921
1197;10,008;0,825338600451467
1198;10,013;1,43058690744921
1199;10,017;0,983352144469526
1200;10,022;1,02285553047404
1201;10,026;0,853555304740406
1202;10,030;0,901523702031603
1203;10,035;0,929740406320542
1204;10,039;0,833803611738149
1205;10,044;0,751975169300226
1206;10,048;0,775959367945824
1207;10,053;0,798532731376975
1208;10,057;0,623589164785553
1209;10,062;0,548814898419865
1210;10,066;0,825338600451467
1211;10,070;0,54176072234763
1212;10,075;0,75902934537246
1213;10,079;0,54176072234763
1214;10,084;0,483916478555305
1215;10,088;0,512133182844244
1216;10,093;0,692720090293454
1217;10,097;0,589729119638826
1218;10,102;0,680022573363431
1219;10,106;0,561512415349887
1220;10,110;0,443002257336343
1221;10,115;0,503668171557562
1222;10,119;0,49520316027088
1223;10,124;0,569977426636569
1224;10,128;0,513544018058691
1225;10,133;0,4627539503386
1226;10,137;0,680022573363431
1227;10,142;0,578442437923251
1228;10,146;0,761851015801354
1229;10,150;0,466986455981941
1230;10,155;0,536117381489842
1231;10,159;0,616534988713318
1232;10,164;0,368227990970655
1233;10,168;0,561512415349887
1234;10,173;0,45852144469526
1235;10,177;0,457110609480813
1236;10,182;0,440180586907449
1237;10,186;0,646162528216704
1238;10,190;0,761851015801354
1239;10,195;1,14700902934537
1240;10,199;1,10186230248307
1241;10,204;2,45908577878104
1242;10,208;3,93199774266366
1243;10,213;6,79740406320542
1244;10,217;9,34113995485327
1245;10,221;11,9483634311512
1246;10,226;14,1690180586907
1247;10,230;13,6794582392777
1248;10,235;15,0846501128668
1249;10,239;13,8092550790068
1250;10,244;11,2231941309255
1251;10,248;9,3989841986456
1252;10,253;7,81602708803612
1253;10,257;6,67889390519187
1254;10,261;5,45287810383747
1255;10,266;4,18453724604966
1256;10,270;3,92212189616253
1257;10,275;2,93312641083521
1258;10,279;2,34762979683973
1259;10,284;2,29683972911964
1260;10,288;2,60581264108352
1261;10,293;1,2711625282167
1262;10,297;1,78329571106095
1263;10,301;1,35440180586907
1264;10,306;1,42635440180587
1265;10,310;1,17381489841986
1266;10,315;1,35863431151242
1267;10,319;1,27257336343115
1268;10,324;1,17663656884876
1269;10,328;1,05248306997743
1270;10,333;0,904345372460497
1271;10,337;1,37697516930023
1272;10,341;1,01156884875847
1273;10,346;0,719525959367946
1274;10,350;0,732223476297968
1275;10,355;0,68989841986456
1276;10,359;0,736455981941309
1277;10,364;0,747742663656885
1278;10,368;0,648984198645598
1279;10,373;0,68989841986456
1280;10,377;0,534706546275395
1281;10,381;0,68989841986456
1282;10,386;0,922686230248307
1283;10,390;0,622178329571106
1284;10,395;0,354119638826185
1285;10,399;0,547404063205418
1286;10,404;0,530474040632054
1287;10,408;0,57420993227991
1288;10,412;0,534706546275395
1289;10,417;0,538939051918736
1290;10,421;0,613713318284424
1291;10,426;0,512133182844244
1292;10,430;0,770316027088036
1293;10,435;0,632054176072235
1294;10,439;0,56010158013544
1295;10,444;0,523419864559819
1296;10,448;0,534706546275395
1297;10,452;0,603837471783296
1298;10,457;0,465575620767494
1299;10,461;0,537528216704289
1300;10,466;0,739277652370203
1301;10,470;0,423250564334086
1302;10,475;0,455699774266366
1303;10,479;0,47686230248307
1304;10,484;0,417607223476298
1305;10,488;0,4627539503386
1306;10,492;0,596783295711061
1307;10,497;0,712471783295711
1308;10,501;0,847911963882619
1309;10,506;1,19779909706546
1310;10,510;1,58860045146727
1311;10,515;1,65349887133183
1312;10,519;2,16563205417607
1313;10,524;2,58606094808126
1314;10,528;2,04571106094808
1315;10,532;2,39277652370203
1316;10,537;2,27990970654628
1317;10,541;2,25169300225734
1318;10,546;3,26890519187359
1319;10,550;3,61032731376975
1320;10,555;5,33013544018059
1321;10,559;8,59762979683973
1322;10,564;12,9458239277652
1323;10,568;17,0852144469526
1324;10,572;22,8682279909707
1325;10,577;23,4875846501129
1326;10,581;26,1625282167043
1327;10,586;24,9322799097065
1328;10,590;23,0869074492099
1329;10,595;19,40039503386
1330;10,599;17,4111173814898
1331;10,604;13,803611738149
1332;10,608;10,9664221218962
1333;10,612;8,8431151241535
1334;10,617;7,94582392776524
1335;10,621;6,37133182844244
1336;10,626;5,26805869074492
1337;10,630;3,96867945823928
1338;10,635;3,89249435665914
1339;10,639;2,99379232505643
1340;10,643;3,36202031602709
1341;10,648;3,16027088036117
1342;10,652;2,1063769751693
1343;10,657;1,95259593679458
1344;10,661;2,11766365688488
1345;10,666;1,90744920993228
1346;10,670;1,6915914221219
1347;10,675;1,52793453724605
1348;10,679;1,40378103837472
1349;10,683;1,32477426636569
1350;10,688;1,33465011286682
1351;10,692;1,03273137697517
1352;10,697;1,05389390519187
1353;10,701;0,976297968397291
1354;10,706;1,0665914221219
1355;10,710;1,23024830699774
1356;10,715;1,01297968397291
1357;10,719;1,29373589164786
1358;10,723;0,839446952595937
1359;10,728;0,988995485327314
1360;10,732;1,52793453724605
1361;10,737;1,16817155756208
1362;10,741;1,09904063205418
1363;10,746;1,23730248306998
1364;10,750;2,63120767494357
1365;10,755;4,18171557562077
1366;10,759;8,49040632054176
1367;10,763;15,0987584650113
1368;10,768;26,3431151241535
1369;10,772;40,451467268623
1370;10,777;57,2799097065463
1371;10,781;77,3702031602709
1372;10,786;89,2325056433409
1373;10,790;97,0541760722348
1374;10,795;98,8713318284424
1375;10,799;87,0767494356659
1376;10,803;78,2731376975169
1377;10,808;65,8352144469526
1378;10,812;55,4627539503386
1379;10,817;47,4266365688488
1380;10,821;43,3408577878104
1381;10,826;35,4627539503386
1382;10,830;32,0993227990971
1383;10,834;32,6185101580135
1384;10,839;30,5530474040632
1385;10,843;29,6049661399549
1386;10,848;27,8781038374718
1387;10,852;24,7629796839729
1388;10,857;23,2167042889391
1389;10,861;19,2931715575621
1390;10,866;16,7889390519187
1391;10,870;14,9195823927765
1392;10,874;12,8555304740406
1393;10,879;9,11258465011287
1394;10,883;8,3563769751693
1395;10,888;7,061230248307
1396;10,892;6,37274266365688
1397;10,897;5,61371331828442
1398;10,901;5,66168171557562
1399;10,906;3,64136568848758
1400;10,910;4,02088036117382
1401;10,914;4,73617381489842
1402;10,919;3,17861173814898
1403;10,923;3,45654627539503
1404;10,928;3,05022573363431
1405;10,932;2,6142776523702
1406;10,937;2,57195259593679
1407;10,941;3,05163656884876
1408;10,946;2,61145598194131
1409;10,950;2,81179458239278
1410;10,954;2,12612866817156
1411;10,959;2,03160270880361
1412;10,963;1,88205417607223
1413;10,968;1,66337471783296
1414;10,972;1,94695259593679
1415;10,977;1,9652934537246
1416;10,981;1,77341986455982
1417;10,986;1,2260158013544
1418;10,990;1,71416478555305
1419;10,994;1,57308126410835
1420;10,999;1,56038374717833
1421;11,003;1,21190744920993
1422;11,008;1,75225733634312
1423;11,012;1,36851015801354
1424;11,017;1,27257336343115
1425;11,021;1,04119638826185
1426;11,025;1,24858916478555
1427;11,030;1,20062076749436
1428;11,034;1,03132054176072
1429;11,039;0,945259593679458
1430;11,043;1,09904063205418
1431;11,048;1,37697516930023
1432;11,052;1,26975169300226
1433;11,057;1,52088036117381
1434;11,061;1,93566591422122
1435;11,065;1,436230248307
1436;11,070;1,49266365688488
1437;11,074;1,87358916478555
1438;11,079;1,70993227990971
1439;11,083;1,70993227990971
1440;11,088;1,64785553047404
1441;11,092;1,42353273137698
1442;11,097;1,52229119638826
1443;11,101;1,70852144469526
1444;11,105;1,37274266365688
1445;11,110;1,16676072234763
1446;11,114;1,16393905191874
1447;11,119;1,36851015801354
1448;11,123;0,909988713318284
1449;11,128;1,23165914221219
1450;11,132;0,886004514672686
1451;11,137;0,914221218961625
1452;11,141;1,15124153498871
1453;11,145;0,839446952595937
1454;11,150;0,727990970654628
1455;11,154;0,833803611738149
1456;11,159;0,850733634311512
1457;11,163;0,960778781038375
1458;11,168;0,918453724604966
1459;11,172;0,783013544018059
1460;11,177;0,949492099322799
1461;11,181;0,933972911963883
1462;11,185;0,895880361173815
1463;11,190;0,794300225733634
1464;11,194;0,749153498871332
1465;11,199;1,12161399548533
1466;11,203;0,794300225733634
1467;11,208;0,572799097065463
1468;11,212;0,681433408577878
1469;11,216;0,811230248306998
1470;11,221;0,891647855530474
1471;11,225;1,00169300225734
1472;11,230;0,853555304740406
1473;11,234;0,653216704288939
1474;11,239;0,678611738148984
1475;11,243;0,77313769751693
1476;11,248;0,591139954853273
1477;11,252;0,678611738148984
1478;11,256;0,665914221218962
1479;11,261;0,828160270880361
1480;11,265;0,881772009029345
1481;11,270;0,627821670428894
1482;11,274;0,698363431151242
1483;11,279;0,801354401805869
1484;11,283;0,681433408577878
1485;11,288;1,13713318284424
1486;11,292;1,04401805869075
1487;11,296;0,846501128668172
1488;11,301;0,774548532731377
1489;11,305;0,757618510158014
1490;11,310;0,684255079006772
1491;11,314;1,10468397291196
1492;11,319;1,47996613995485
1493;11,323;2,16281038374718
1494;11,328;3,1038374717833
1495;11,332;4,39475169300226
1496;11,336;6,12161399548533
1497;11,341;8,25479683972912
1498;11,345;7,90773137697517
1499;11,350;8,20823927765237
1500;11,354;7,85129796839729
1501;11,359;7,6834085778781
1502;11,363;6,36286681715576
1503;11,368;5,186230248307
1504;11,372;4,68820541760722
1505;11,376;4,78132054176072
1506;11,381;3,03329571106095
1507;11,385;3,88402934537246
1508;11,390;3,39729119638826
1509;11,394;3,09678329571106
1510;11,399;2,50705417607223
1511;11,403;2,79204288939052
1512;11,407;1,9229683972912
1513;11,412;2,3589164785553
1514;11,416;2,39841986455982
1515;11,421;2,56207674943567
1516;11,425;2,7553611738149
1517;11,430;4,22545146726862
1518;11,434;6,31489841986456
1519;11,439;10,1495485327314
1520;11,443;13,9193002257336
1521;11,447;20,6433408577878
1522;11,452;26,1512415349887
1523;11,456;33,4537246049661
1524;11,461;35,0677200902935
1525;11,465;39,7291196388262
1526;11,470;37,6523702031603
1527;11,474;36,941309255079
1528;11,479;31,1738148984199
1529;11,483;25,5643340857788
1530;11,487;22,8781038374718
1531;11,492;17,9119638826185
1532;11,496;14,9238148984199
1533;11,501;12,6890519187359
1534;11,505;10,6137133182844
1535;11,510;9,03922121896163
1536;11,514;7,127539503386
1537;11,519;6,79599322799097
1538;11,523;5,70400677200903
1539;11,527;5,11145598194131
1540;11,532;4,07308126410835
1541;11,536;3,96867945823928
1542;11,541;4,15914221218962
1543;11,545;3,41563205417607
1544;11,550;2,36032731376975
1545;11,554;2,5239841986456
1546;11,559;2,5479683972912
1547;11,563;2,32505643340858
1548;11,567;2,21783295711061
1549;11,572;2,31094808126411
1550;11,576;2,127539503386
1551;11,581;1,67607223476298
1552;11,585;1,71698645598194
1553;11,590;1,82562076749436
1554;11,594;2,05276523702032
1555;11,599;1,68312641083521
1556;11,603;1,62810383747178
1557;11,607;1,60553047404063
1558;11,612;1,49971783295711
1559;11,616;1,74379232505643
1560;11,621;1,37838600451467
1561;11,625;1,25141083521445
1562;11,630;2,25874717832957
1563;11,634;1,72262979683973
1564;11,638;1,73250564334086
1565;11,643;2,25733634311512
1566;11,647;2,97404063205418
1567;11,652;2,19667042889391
1568;11,656;2,16139954853273
1569;11,661;2,46613995485327
1570;11,665;2,41393905191874
1571;11,670;2,02172686230248
1572;11,674;1,88769751693002
1573;11,678;2,20231376975169
1574;11,683;1,95541760722348
1575;11,687;1,82138826185102
1576;11,692;1,7367381489842
1577;11,696;1,46162528216704
1578;11,701;1,38402934537246
1579;11,705;1,49125282167043
1580;11,710;1,55332957110609
1581;11,714;1,40519187358916
1582;11,718;1,33041760722348
1583;11,723;1,21472911963883
1584;11,727;1,29373589164786
1585;11,732;1,06518058690745
1586;11,736;0,922686230248307
1587;11,741;0,932562076749436
1588;11,745;1,41083521444695
1589;11,750;1,19920993227991
1590;11,754;0,862020316027088
1591;11,758;0,960778781038375
1592;11,763;0,984762979683973
1593;11,767;1,0186230248307
1594;11,772;1,17945823927765
1595;11,776;0,694130925507901
1596;11,781;1,18369074492099
1597;11,785;0,780191873589165
1598;11,790;0,847911963882619
1599;11,794;0,667325056433409
1600;11,798;0,804176072234763
1601;11,803;0,790067720090293
1602;11,807;0,821106094808126
1603;11,812;0,981941309255079
1604;11,816;0,753386004514673
1605;11,821;0,735045146726862
1606;11,825;0,410553047404063
1607;11,829;0,840857787810384
1608;11,834;0,711060948081264
1609;11,838;1,09057562076749
1610;11,843;0,917042889390519
1611;11,847;0,950902934537246
1612;11,852;0,864841986455982
1613;11,856;0,981941309255079
1614;11,861;1,05389390519187
1615;11,865;0,678611738148984
1616;11,869;0,991817155756208
1617;11,874;0,774548532731377
1618;11,878;0,678611738148984
1619;11,883;0,605248306997743
1620;11,887;0,670146726862302
1621;11,892;0,579853273137698
1622;11,896;0,81969525959368
1623;11,901;0,530474040632054
1624;11,905;0,790067720090293
1625;11,909;0,489559819413093
1626;11,914;0,571388261851016
1627;11,918;0,651805869074492
1628;11,923;0,678611738148984
1629;11,927;0,558690744920993
1630;11,932;0,584085778781038
1631;11,936;0,72234762979684
1632;11,941;0,70823927765237
1633;11,945;0,575620767494357
1634;11,949;0,709650112866817
1635;11,954;0,404909706546275
1636;11,958;0,625
1637;11,963;0,7872460496614
1638;11,967;0,593961625282167
1639;11,972;0,761851015801354
1640;11,976;1,063769751693
1641;11,981;1,33747178329571
1642;11,985;1,57872460496614
1643;11,989;1,63092550790068
1644;11,994;2,67071106094808
1645;11,998;2,71444695259594
1646;12,003;3,46501128668172
1647;12,007;3,53555304740406
1648;12,012;3,26890519187359
1649;12,016;3,74717832957111
1650;12,020;3,54401805869075
1651;12,025;3,03752821670429
1652;12,029;2,78075620767494
1653;12,034;2,90914221218962
1654;12,038;2,52539503386005
1655;12,043;2,60158013544018
1656;12,047;2,53668171557562
1657;12,052;2,36597065462754
1658;12,056;1,7127539503386
1659;12,060;1,63656884875847
1660;12,065;1,7579006772009
1661;12,069;1,51100451467269
1662;12,074;1,37838600451467
1663;12,078;1,11455981941309
1664;12,083;1,2979683972912
1665;12,087;1,65067720090293
1666;12,092;1,21896162528217
1667;12,096;1,56461625282167
1668;12,100;1,00451467268623
1669;12,105;1,24294582392777
1670;12,109;0,996049661399549
1671;12,114;1,1597065462754
1672;12,118;0,980530474040632
1673;12,123;0,874717832957111
1674;12,127;0,922686230248307
1675;12,132;0,911399548532731
1676;12,136;1,10327313769752
1677;12,140;0,780191873589165
1678;12,145;1,00028216704289
1679;12,149;0,767494356659142
1680;12,154;0,7872460496614
1681;12,158;0,97206546275395
1682;12,163;1,11455981941309
1683;12,167;0,966422121896163
1684;12,172;0,942437923250564
1685;12,176;0,905756207674944
1686;12,180;0,874717832957111
1687;12,185;0,830981941309255
1688;12,189;0,792889390519187
1689;12,194;0,781602708803612
1690;12,198;0,880361173814898
1691;12,203;0,668735891647856
1692;12,207;0,781602708803612
1693;12,211;0,581264108352144
1694;12,216;0,603837471783296
1695;12,220;0,65744920993228
1696;12,225;0,863431151241535
1697;12,229;0,826749435665914
1698;12,234;0,795711060948081
1699;12,238;0,924097065462754
1700;12,243;0,877539503386005
1701;12,247;0,908577878103837
1702;12,251;0,656038374717833
1703;12,256;0,742099322799097
1704;12,260;0,481094808126411
1705;12,265;0,615124153498871
1706;12,269;0,75479683972912
1707;12,274;0,67579006772009
1708;12,278;0,931151241534989
1709;12,283;0,917042889390519
1710;12,287;0,733634311512415
1711;12,291;0,636286681715576
1712;12,296;0,383747178329571
1713;12,300;0,677200902934537
1714;12,305;1,15124153498871
1715;12,309;0,771726862302483
1716;12,314;0,366817155756208
1717;12,318;0,781602708803612
1718;12,323;0,695541760722348
1719;12,327;0,723758465011287
1720;12,331;0,792889390519187
1721;12,336;0,661681715575621
1722;12,340;1,05812641083521
1723;12,345;0,650395033860045
1724;12,349;0,466986455981941
1725;12,354;0,387979683972912
1726;12,358;1,18510158013544
1727;12,363;0,517776523702032
1728;12,367;0,341422121896163
1729;12,371;0,469808126410835
1730;12,376;0,584085778781038
1731;12,380;0,775959367945824
1732;12,385;0,529063205417607
1733;12,389;0,366817155756208
1734;12,394;0,568566591422122
1735;12,398;0,751975169300226
1736;12,402;0,481094808126411
1737;12,407;0,712471783295711
1738;12,411;0,691309255079007
1739;12,416;0,503668171557562
1740;12,420;0,428893905191874
1741;12,425;0,553047404063205
1742;12,429;0,783013544018059
1743;12,434;0,749153498871332
1744;12,438;0,585496613995485
1745;12,442;0,682844243792325
1746;12,447;0,661681715575621
1747;12,451;0,795711060948081
1748;12,456;0,561512415349887
1749;12,460;0,616534988713318
1750;12,465;0,502257336343115
1751;12,469;0,475451467268623
1752;12,474;0,653216704288939
1753;12,478;0,529063205417607
1754;12,482;0,577031602708804
1755;12,487;0,622178329571106
1756;12,491;0,682844243792325
1757;12,496;0,74068848758465
1758;12,500;0,564334085778781
1759;12,505;0,482505643340858
1760;12,509;0,647573363431151
1761;12,514;0,450056433408578
1762;12,518;0,672968397291196
1763;12,522;0,601015801354402
1764;12,527;0,648984198645598
1765;12,531;0,481094808126411
1766;12,536;0,609480812641084
1767;12,540;0,781602708803612
1768;12,545;0,609480812641084
1769;12,549;0,514954853273138
1770;12,554;0,608069977426637
1771;12,558;0,489559819413093
1772;12,562;0,586907449209932
1773;12,567;0,571388261851016
1774;12,571;0,502257336343115
1775;12,576;0,507900677200903
1776;12,580;0,629232505643341
1777;12,585;0,619356659142212
1778;12,589;0,571388261851016
1779;12,594;0,709650112866817
1780;12,598;0,3936230248307
1781;12,602;0,808408577878104
1782;12,607;0,747742663656885
1783;12,611;0,75479683972912
1784;12,616;0,688487584650113
1785;12,620;0,593961625282167
1786;12,625;0,65744920993228
1787;12,629;0,656038374717833
1788;12,633;0,499435665914221
1789;12,638;0,615124153498871
1790;12,642;0,670146726862302
1791;12,647;0,795711060948081
1792;12,651;0,392212189616253
1793;12,656;0,399266365688488
1794;12,660;0,455699774266366
1795;12,665;0,45852144469526
1796;12,669;0,517776523702032
1797;12,673;0,792889390519187
1798;12,678;0,536117381489842
1799;12,682;0,735045146726862
1800;12,687;0,742099322799097
1801;12,691;0,8563769751693
1802;12,696;0,578442437923251
1803;12,700;0,424661399548533
1804;12,705;0,544582392776524
1805;12,709;0,578442437923251
1806;12,713;0,632054176072235
1807;12,718;0,578442437923251
1808;12,722;0,520598194130926
1809;12,727;0,685665914221219
1810;12,731;0,451467268623025
1811;12,736;0,464164785553047
1812;12,740;0,49520316027088
1813;12,745;0,437358916478555
1814;12,749;0,663092550790068
1815;12,753;0,729401805869075
1816;12,758;0,543171557562077
1817;12,762;0,577031602708804
1818;12,767;0,677200902934537
1819;12,771;0,750564334085779
1820;12,776;0,465575620767494
1821;12,780;0,502257336343115
1822;12,785;0,744920993227991
1823;12,789;0,664503386004515
1824;12,793;0,671557562076749
1825;12,798;0,660270880361174
1826;12,802;0,533295711060948
1827;12,807;0,640519187358917
1828;12,811;0,36117381489842
1829;12,816;0,694130925507901
1830;12,820;0,640519187358917
1831;12,824;0,644751693002257
1832;12,829;0,701185101580135
1833;12,833;0,682844243792325
1834;12,838;0,605248306997743
1835;12,842;0,869074492099323
1836;12,847;0,764672686230248
1837;12,851;0,479683972911964
1838;12,856;0,790067720090293
1839;12,860;0,610891647855531
1840;12,864;0,49097065462754
1841;12,869;0,593961625282167
1842;12,873;0,438769751693002
1843;12,878;0,626410835214447
1844;12,882;0,454288939051919
1845;12,887;0,534706546275395
1846;12,891;0,514954853273138
1847;12,896;0,44441309255079
1848;12,900;0,50931151241535
1849;12,904;0,457110609480813
1850;12,909;0,866252821670429
1851;12,913;0,464164785553047
1852;12,918;0,488148984198646
1853;12,922;0,34706546275395
1854;12,927;0,751975169300226
1855;12,931;0,378103837471783
1856;12,936;0,481094808126411
1857;12,940;0,790067720090293
1858;12,944;0,554458239277652
1859;12,949;0,80558690744921
1860;12,953;0,396444695259594
1861;12,958;0,797121896162528
1862;12,962;0,564334085778781
1863;12,967;0,337189616252822
1864;12,971;0,601015801354402
1865;12,976;0,698363431151242
1866;12,980;0,507900677200903
1867;12,984;0,440180586907449
1868;12,989;0,443002257336343
1869;12,993;0,859198645598194
1870;12,998;0,348476297968397
1871;13,002;0,699774266365689
1872;13,007;0,499435665914221
1873;13,011;0,598194130925508
1874;13,015;0,348476297968397
1875;13,020;0,608069977426637
1876;13,024;0,822516930022573
1877;13,029;0,725169300225734
1878;13,033;0,792889390519187
1879;13,038;0,898702031602709
1880;13,042;1,29655756207675
1881;13,047;1,58013544018059
1882;13,051;2,83154627539503
1883;13,055;4,75874717832957
1884;13,060;7,20513544018059
1885;13,064;8,48899548532731
1886;13,069;9,82505643340858
1887;13,073;13,7189616252822
1888;13,078;16,6986455981941
1889;13,082;17,8527088036117
1890;13,087;18,3041760722348
1891;13,091;19,2310948081264
1892;13,095;18,9263544018059
1893;13,100;19,4314334085779
1894;13,104;18,3380361173815
1895;13,109;16,2895033860045
1896;13,113;14,3284424379233
1897;13,118;12,7962753950339
1898;13,122;11,5392212189616
1899;13,127;9,64588036117381
1900;13,131;8,86992099322799
1901;13,135;6,20626410835215
1902;13,140;6,44610609480813
1903;13,144;6,42212189616253
1904;13,149;5,45005643340858
1905;13,153;5,08182844243792
1906;13,158;5,52624153498871
1907;13,162;4,60073363431151
1908;13,167;3,27595936794582
1909;13,171;3,57364559819413
1910;13,175;3,5665914221219
1911;13,180;2,55502257336343
1912;13,184;2,69610609480813
1913;13,189;3,27737020316027
1914;13,193;2,63120767494357
1915;13,198;2,6410835214447
1916;13,202;2,11484198645598
1917;13,206;2,17974040632054
1918;13,211;2,07816027088036
1919;13,215;1,79176072234763
1920;13,220;1,80445823927765
1921;13,224;1,67607223476298
1922;13,229;1,58577878103837
1923;13,233;1,61258465011287
1924;13,238;1,59001128668172
1925;13,242;1,42917607223476
1926;13,246;0,996049661399549
1927;13,251;1,67466139954853
1928;13,255;1,21613995485327
1929;13,260;1,95682844243792
1930;13,264;1,07787810383747
1931;13,269;0,952313769751693
1932;13,273;1,26551918735892
1933;13,278;0,960778781038375
1934;13,282;1,04401805869075
1935;13,286;1,14277652370203
1936;13,291;0,93961625282167
1937;13,295;1,19497742663657
1938;13,300;1,07505643340858
1939;13,304;0,887415349887133
1940;13,309;0,941027088036117
1941;13,313;1,09904063205418
1942;13,318;0,585496613995485
1943;13,322;0,907167042889391
1944;13,326;1,11032731376975
1945;13,331;0,877539503386005
1946;13,335;0,957957110609481
1947;13,340;1,00451467268623
1948;13,344;0,881772009029345
