#"+EI TIC Scan 150C_1ml-min_10C-min_2.d "
#Point;X(Minutes);Y(Counts)
0;4,691;100
1;4,696;93,7727347242841
2;4,700;88,2622399110836
3;4,705;82,8568708300319
4;4,709;78,3972606321357
5;4,713;73,8364042346425
6;4,718;69,1628889224324
7;4,722;65,1190042374999
8;4,727;61,4408685544913
9;4,731;58,1147256269779
10;4,736;54,66532989382
11;4,740;51,3178015372323
12;4,745;48,8223755174051
13;4,749;45,9785143920211
14;4,753;43,188441545468
15;4,758;40,7022032977834
16;4,762;38,6357112721992
17;4,767;36,5346931010222
18;4,771;34,4699121356465
19;4,776;32,447794734215
20;4,780;30,6360360912857
21;4,785;28,7524580961073
22;4,789;27,2037791955295
23;4,793;25,6752546642061
24;4,798;24,3102352064021
25;4,802;22,8504297895243
26;4,807;21,5890565332599
27;4,811;20,3928447415026
28;4,816;19,3032551536936
29;4,820;18,2663018437831
30;4,824;17,2334426548336
31;4,829;16,327636745193
32;4,833;15,4348586108032
33;4,838;14,6479459738669
34;4,842;13,8016883477195
35;4,847;13,0080218229635
36;4,851;12,3454405807801
37;4,856;11,6880151074758
38;4,860;11,0092776169212
39;4,864;10,422112906369
40;4,869;9,89773789369844
41;4,873;9,2961279949836
42;4,878;8,92765710850364
43;4,882;8,43294047278005
44;4,887;7,98593022861176
45;4,891;7,58007578246134
46;4,896;7,19370935208475
47;4,900;6,87986250981813
48;4,904;6,55404389315553
49;4,909;6,25339988510485
50;4,913;5,93055727085106
51;4,918;5,7711914947997
52;4,922;5,89997277550738
53;4,927;6,47205417973327
54;4,931;7,55869035338702
55;4,936;9,0382209627012
56;4,940;10,3933298242481
57;4,944;11,4161711227362
58;4,949;11,884583737169
59;4,953;11,9931880603687
60;4,958;11,8071907333497
61;4,962;11,5562126478521
62;4,967;11,2780439521109
63;4,971;10,9498253335057
64;4,976;10,5552876023975
65;4,980;10,2792817319363
66;4,984;9,89733130513405
67;4,989;9,58325293326826
68;4,993;9,27189079889514
69;4,998;8,94227735563155
70;5,002;8,56540928588422
71;5,007;8,256938447969
72;5,011;7,90596216388467
73;5,016;7,65821419864867
74;5,020;7,28189954111398
75;5,024;6,96765740440976
76;5,029;6,77768454476114
77;5,033;6,50354220522004
78;5,038;6,26137918568103
79;5,042;5,96150317825198
80;5,047;5,69656555204365
81;5,051;5,40876861321507
82;5,055;5,16915806633029
83;5,060;4,93239363939626
84;5,064;4,6892875602704
85;5,069;4,42087699007455
86;5,073;4,20959776023913
87;5,078;3,99857264825645
88;5,082;3,75612727554772
89;5,087;3,50856001634034
90;5,091;3,3279669289897
91;5,095;3,11361569666776
92;5,100;2,92133883515426
93;5,104;2,71482572682365
94;5,109;2,53485381644638
95;5,113;2,36593320913182
96;5,118;2,19024177280746
97;5,122;2,04121576983112
98;5,127;1,92581238230461
99;5,131;1,77259061122628
100;5,135;1,72839669310226
101;5,140;1,60991565602585
102;5,144;1,54897254787425
103;5,149;1,4774299017315
104;5,153;1,39496583498411
105;5,158;1,35665615691698
106;5,162;1,26362078749541
107;5,167;1,24438124251094
108;5,171;1,19651108611721
109;5,175;1,19852144068559
110;5,180;1,29678599081031
111;5,184;1,5518073736982
112;5,189;2,06190096304454
113;5,193;2,8449227733022
114;5,198;3,66591543782332
115;5,202;4,46416737805548
116;5,207;5,04697820273059
117;5,211;5,31237888813726
118;5,215;5,40772955355051
119;5,220;5,41622838395897
120;5,224;5,33708479048745
121;5,229;5,26606167417698
122;5,233;5,0953678889566
123;5,238;4,95604354089171
124;5,242;4,85153333865287
125;5,246;4,76174503068304
126;5,251;4,60200090138426
127;5,255;4,42638852394742
128;5,260;4,3112957249076
129;5,264;4,13850687916792
130;5,269;4,03294632313773
131;5,273;3,90895939925184
132;5,278;3,77942705911273
133;5,282;3,63997282858977
134;5,286;3,44688843701088
135;5,291;3,33840270214242
136;5,295;3,21812589890661
137;5,300;3,07098601510397
138;5,304;2,90734541206311
139;5,309;2,772228126227
140;5,313;2,64736590751499
141;5,318;2,51751733182579
142;5,322;2,43011773167176
143;5,326;2,24064746066524
144;5,331;2,12575795590762
145;5,335;2,00092397251258
146;5,340;1,83479866157821
147;5,344;1,7015787890426
148;5,349;1,5831824579171
149;5,353;1,4853922611175
150;5,358;1,39303453930325
151;5,362;1,30553893907152
152;5,366;1,17711907042108
153;5,371;1,12847526634233
154;5,375;1,04881214303853
155;5,380;0,987163151962645
156;5,384;0,931889695458954
157;5,389;0,898329197706456
158;5,393;0,859528225124022
159;5,398;0,84334938849927
160;5,402;0,794242525222185
161;5,406;0,76672438530162
162;5,411;0,752217079441589
163;5,415;0,717736110355816
164;5,420;0,712794929885779
165;5,424;0,685434907740255
166;5,429;0,675394429025138
167;5,433;0,663846184383735
168;5,437;0,630138862982986
169;5,442;0,636390162160508
170;5,446;0,621289914644072
171;5,451;0,605743549119484
172;5,455;0,598481425594377
173;5,460;0,572341169142029
174;5,464;0,579975998851161
175;5,469;0,585820709464292
176;5,473;0,56454257459446
177;5,477;0,551034798955226
178;5,482;0,58688800444582
179;5,486;0,605856490387371
180;5,491;0,747998723086025
181;5,495;1,10749077876901
182;5,500;1,95173240328458
183;5,504;3,26090240411865
184;5,509;5,05368126697966
185;5,513;7,02476615651661
186;5,517;8,64831382357637
187;5,522;9,71638245278956
188;5,526;10,2829636172694
189;5,531;10,5307002883786
190;5,535;10,4299510303604
191;5,540;10,3838371106823
192;5,544;10,0479497799876
193;5,549;9,92749227072315
194;5,553;9,72187139840885
195;5,557;9,45808577313296
196;5,562;9,10779843078273
197;5,566;8,91974557268818
198;5,571;8,63080792705395
199;5,575;8,31913520419414
200;5,580;8,04286956881678
201;5,584;7,72585472398594
202;5,589;7,43906860950494
203;5,593;7,0716763121333
204;5,597;6,7370934530827
205;5,602;6,37936892824214
206;5,606;6,04296771477857
207;5,611;5,65881493325256
208;5,615;5,28183392223734
209;5,620;4,91176491681678
210;5,624;4,5690954629855
211;5,628;4,1313576969107
212;5,633;3,76558045966983
213;5,637;3,44185690352653
214;5,642;3,0995375676257
215;5,646;2,81263286481342
216;5,651;2,52357098378451
217;5,655;2,21407802739492
218;5,660;1,97478936312363
219;5,664;1,74117035050024
220;5,668;1,56857915197936
221;5,673;1,43801904630248
222;5,677;1,27565467958873
223;5,682;1,15973176222994
224;5,686;1,05236414591357
225;5,691;0,947340060905838
226;5,695;0,871771058562927
227;5,700;0,832608673923256
228;5,704;0,767870739170669
229;5,708;0,719633523656311
230;5,713;0,661333241173259
231;5,717;0,630720510512601
232;5,722;0,610763788477043
233;5,726;0,574983994810575
234;5,731;0,564610339355192
235;5,735;0,537075258244444
236;5,740;0,507591940262653
237;5,744;0,49814440320394
238;5,748;0,484060627098484
239;5,753;0,47214532333645
240;5,757;0,445231419199078
241;5,762;0,44618577291272
242;5,766;0,450867188466618
243;5,771;0,452431425026848
244;5,775;0,427844111007939
245;5,780;0,424365519957033
246;5,784;0,389302903341644
247;5,788;0,401895854710998
248;5,793;0,402697737712992
249;5,797;0,402454913987036
250;5,802;0,400879383300018
251;5,806;0,395780085054939
252;5,811;0,387258666392897
253;5,815;0,362230881429231
254;5,819;0,376094422062309
255;5,824;0,379251130499739
256;5,828;0,365799825494447
257;5,833;0,362230881429231
258;5,837;0,382306191796071
259;5,842;0,354759816558534
260;5,846;0,384350428744818
261;5,851;0,374332538283278
262;5,855;0,398801263970905
263;5,859;0,478232857675537
264;5,864;0,698908800999124
265;5,868;1,13623997850954
266;5,873;1,83866125293993
267;5,877;2,78028648569071
268;5,882;3,78136964892037
269;5,886;4,64551717190096
270;5,891;5,36218034021185
271;5,895;5,82548236227278
272;5,899;5,92338550034026
273;5,904;5,87992570045751
274;5,908;5,76734019756477
275;5,913;5,68608460238377
276;5,917;5,64201491965443
277;5,922;5,50370704300052
278;5,926;5,37320340795758
279;5,931;5,21947340117377
280;5,935;5,09770577320185
281;5,939;4,99421768943738
282;5,944;4,76752197653544
283;5,948;4,58590677071042
284;5,953;4,39760544182652
285;5,957;4,17308949539479
286;5,962;3,94263848533562
287;5,966;3,67932721338485
288;5,971;3,40217498905458
289;5,975;3,16408350222288
290;5,979;2,86415667122328
291;5,984;2,60601810934172
292;5,988;2,33296565303573
293;5,993;2,07125250002555
294;5,997;1,83757701676822
295;6,002;1,6031956505866
296;6,006;1,38699782853471
297;6,011;1,28012150673364
298;6,015;1,09882818352211
299;6,019;0,985367385803249
300;6,024;0,869150821147959
301;6,028;0,786568166069292
302;6,033;0,715872579435688
303;6,037;0,671345484571404
304;6,042;0,588237652597065
305;6,046;0,560691277359528
306;6,050;0,518293125394906
307;6,055;0,499765110398113
308;6,059;0,458998959754452
309;6,064;0,443610712004906
310;6,068;0,448467186524029
311;6,073;0,413698217205145
312;6,077;0,397383851058929
313;6,082;0,399202205471903
314;6,086;0,382989486466784
315;6,090;0,367595591653844
316;6,095;0,374507597248502
317;6,099;0,352805932624096
318;6,104;0,320685436037153
319;6,108;0,324000262249624
320;6,113;0,325259557386559
321;6,117;0,31747225696578
322;6,122;0,296708004864832
323;6,126;0,300694831621228
324;6,130;0,298102829523231
325;6,135;0,277016694808807
326;6,139;0,285651054738736
327;6,144;0,281184227593822
328;6,148;0,26659786284627
329;6,153;0,283911759213283
330;6,157;0,279625638096987
331;6,162;0,244687256876274
332;6,166;0,23916442887662
333;6,170;0,24425243299491
334;6,175;0,236318308925878
335;6,179;0,233110776917899
336;6,184;0,227785596137047
337;6,188;0,221963473777494
338;6,193;0,21640111633408
339;6,197;0,204717342171213
340;6,202;0,221980414967677
341;6,206;0,215452409683833
342;6,210;0,20280863474393
343;6,215;0,200770044858577
344;6,219;0,188103681665098
345;6,224;0,185155914573258
346;6,228;0,187047680810358
347;6,233;0,193304627051275
348;6,237;0,181056146548975
349;6,241;0,188465093722335
350;6,246;0,184585561170431
351;6,250;0,205344166207984
352;6,255;0,200600632956748
353;6,259;0,187358269297046
354;6,264;0,185816620990394
355;6,268;0,209991699381517
356;6,273;0,234759719429044
357;6,277;0,343008277634935
358;6,281;0,672604779708339
359;6,286;1,30692246960313
360;6,290;2,49582131426478
361;6,295;4,2751432250571
362;6,299;6,43301603048827
363;6,304;8,70707151819436
364;6,308;10,6972886585113
365;6,313;12,0413631581857
366;6,317;12,7680724522751
367;6,321;12,9475756563906
368;6,326;12,9506250706236
369;6,330;12,7980244765186
370;6,335;12,6563678912719
371;6,339;12,3669841276295
372;6,344;12,1448738302038
373;6,348;11,8529488880339
374;6,353;11,5767736056709
375;6,357;11,1751036334956
376;6,361;10,6277789551905
377;6,366;10,0931432283324
378;6,370;9,45427965240518
379;6,375;8,81375019277663
380;6,379;7,98010245918881
381;6,384;7,22096208002578
382;6,388;6,4305990873555
383;6,393;5,60158194575103
384;6,397;4,85018933756502
385;6,401;4,19009280327512
386;6,406;3,5805996040618
387;6,410;3,0150970286903
388;6,415;2,51486321203046
389;6,419;2,12382666022676
390;6,424;1,78161461853042
391;6,428;1,53863277479923
392;6,432;1,27026738111054
393;6,437;1,06254580121354
394;6,441;0,9241758068623
395;6,446;0,791080169721361
396;6,450;0,69898221282325
397;6,455;0,600683780318166
398;6,459;0,531230547631314
399;6,464;0,487832865445896
400;6,468;0,428013522909769
401;6,472;0,392973494547958
402;6,477;0,380115131199071
403;6,481;0,355092993298799
404;6,486;0,317319786254133
405;6,490;0,27816869574125
406;6,495;0,297063769858675
407;6,499;0,264689155418987
408;6,504;0,257771502760934
409;6,508;0,245545610512212
410;6,512;0,249701849170438
411;6,517;0,230230774586792
412;6,521;0,206925343958396
413;6,526;0,227943713912088
414;6,530;0,212290054183009
415;6,535;0,227170066227065
416;6,539;0,201871222220472
417;6,544;0,223414769069837
418;6,548;0,200696633034451
419;6,552;0,212465113148233
420;6,557;0,231569128611248
421;6,561;0,23125854012456
422;6,566;0,239040193481945
423;6,570;0,233969130553837
424;6,575;0,256619501828491
425;6,579;0,258387032670916
426;6,584;0,262927271639956
427;6,588;0,253570087595553
428;6,592;0,261555035235134
429;6,597;0,270669395553581
430;6,601;0,26748445179918
431;6,606;0,265728215083543
432;6,610;0,252028439288901
433;6,615;0,246115963915039
434;6,619;0,231800658210415
435;6,623;0,245833610745323
436;6,628;0,23617713234102
437;6,632;0,219761119053706
438;6,637;0,243800667923364
439;6,641;0,246099022724856
440;6,646;0,339806392690351
441;6,650;0,536211257545112
442;6,655;0,887503777179528
443;6,659;1,55149113814812
444;6,663;2,40013747211127
445;6,668;3,52421367606942
446;6,672;4,47861821328157
447;6,677;5,38529941774823
448;6,681;5,99314367445041
449;6,686;6,37253033447161
450;6,690;6,51426033154248
451;6,695;6,63745666655316
452;6,699;6,58944533357458
453;6,703;6,4921351371635
454;6,708;6,34254442784773
455;6,712;6,17552123383366
456;6,717;5,93029185887153
457;6,721;5,65752740279865
458;6,726;5,30445605819502
459;6,730;4,98172638520912
460;6,735;4,59913784024333
461;6,739;4,20037610571619
462;6,743;3,84260075730508
463;6,748;3,62501375765819
464;6,752;3,68762839657451
465;6,757;4,04797880589343
466;6,761;4,74471913454914
467;6,766;5,61033489401224
468;6,770;6,46814641186439
469;6,775;7,18724346449824
470;6,779;7,75482415919885
471;6,783;7,99499941242305
472;6,788;8,03830109453077
473;6,792;7,95984079572996
474;6,797;7,82335127348903
475;6,801;7,67255209260687
476;6,806;7,46667710243982
477;6,810;7,20184112337258
478;6,814;6,88131380511047
479;6,819;6,57932014890854
480;6,823;6,10887459165379
481;6,828;5,69926484834614
482;6,832;5,15129640481403
483;6,837;4,59692983845615
484;6,841;3,93965683586342
485;6,846;3,36932602128977
486;6,850;2,86609361396754
487;6,854;2,39118122956787
488;6,859;1,97174559595408
489;6,863;1,62194390105577
490;6,868;1,33039731213335
491;6,872;1,09857406566936
492;6,877;0,913943327991776
493;6,881;0,776657569812245
494;6,886;0,647187347370465
495;6,890;0,544484205417804
496;6,894;0,465346259009678
497;6,899;0,409344331328118
498;6,903;0,350998872337911
499;6,908;0,313999312978267
500;6,912;0,300209184169316
501;6,917;0,268755041062904
502;6,921;0,251955027464775
503;6,926;0,216824646088655
504;6,930;0,204706048044425
505;6,934;0,190339918769252
506;6,939;0,175019435780437
507;6,943;0,182383206446642
508;6,948;0,169773313887106
509;6,952;0,160235423814084
510;6,957;0,148387884812782
511;6,961;0,14104105533676
512;6,966;0,14958506225238
513;6,970;0,132841519288194
514;6,974;0,129814693308834
515;6,979;0,143130468792662
516;6,983;0,127668809218989
517;6,988;0,113952092234164
518;6,992;0,109123853032013
519;6,997;0,100749258018223
520;7,001;0,116493270761612
521;7,006;0,103284789482277
522;7,010;0,0961412542884505
523;7,014;0,0959718423866207
524;7,019;0,095480547871314
525;7,023;0,100641963813731
526;7,028;0,0954749008079197
527;7,032;0,0993036097892747
528;7,037;0,0888000718758229
529;7,041;0,0802278296432315
530;7,045;0,0769242975575491
531;7,050;0,0855078339169291
532;7,054;0,0870777175405525
533;7,059;0,082159125324092
534;7,063;0,080527124003131
535;7,068;0,0898108962234078
536;7,072;0,0887436012418796
537;7,077;0,0739200598317661
538;7,081;0,0650767585562469
539;7,085;0,0771388859665336
540;7,090;0,0643256991248012
541;7,094;0,076613709070861
542;7,099;0,0724800586662122
543;7,103;0,0669289953495868
544;7,108;0,0681487610427619
545;7,112;0,0648226407035021
546;7,117;0,0650202879223036
547;7,121;0,0641732284131543
548;7,125;0,0625016976484329
549;7,130;0,0741459423675392
550;7,134;0,0977167849754683
551;7,139;0,15766036290627
552;7,143;0,297075063985464
553;7,148;0,590231065975263
554;7,152;1,1176554928788
555;7,157;1,93811733344085
556;7,161;3,05219823519104
557;7,165;4,32012773205633
558;7,170;5,48028302404085
559;7,174;6,53553281934892
560;7,179;7,20693477455426
561;7,183;7,48429594023013
562;7,188;7,68650033919086
563;7,192;7,69289281495324
564;7,197;7,56097741406172
565;7,201;7,47292275455395
566;7,205;7,10371774983272
567;7,210;6,7188760265726
568;7,214;6,28354390950378
569;7,219;5,76916419904114
570;7,223;5,20218209306033
571;7,228;4,55939945513744
572;7,232;3,91483234518195
573;7,236;3,34408929498051
574;7,241;2,97410499551087
575;7,245;2,96347722220274
576;7,250;3,53411862526308
577;7,254;5,08564364579156
578;7,259;7,62244569910899
579;7,263;11,1335525410402
580;7,268;15,3226853435383
581;7,272;19,3666095579146
582;7,276;22,5580361410928
583;7,281;24,7484981493726
584;7,285;25,6514409978722
585;7,290;26,3792571163869
586;7,294;26,6262822575085
587;7,299;26,3724354638066
588;7,303;25,6672923048201
589;7,308;24,4463124930153
590;7,312;22,997168731826
591;7,316;21,3121866620993
592;7,321;19,1082789958776
593;7,325;16,7528154422789
594;7,330;14,2075597350601
595;7,334;11,9148237616456
596;7,339;9,68907890127798
597;7,343;7,78754889156898
598;7,348;6,20444549253941
599;7,352;4,92945716643121
600;7,356;3,95632696700347
601;7,361;3,14377666225688
602;7,365;2,54720394408978
603;7,370;2,06452684752291
604;7,374;1,71208232695605
605;7,379;1,41611408739587
606;7,383;1,18042260250677
607;7,388;0,979087851308755
608;7,392;0,863893405127839
609;7,396;0,746219898116812
610;7,401;0,645894169853163
611;7,405;0,565519516561679
612;7,410;0,513944886581273
613;7,414;0,480892624534266
614;7,419;0,434518939940036
615;7,423;0,392730670822002
616;7,427;0,352879344448222
617;7,432;0,329579560883221
618;7,436;0,28473058340546
619;7,441;0,267405392911659
620;7,445;0,265581391435291
621;7,450;0,233370541834039
622;7,454;0,222799239159855
623;7,459;0,221974767904283
624;7,463;0,214622291364866
625;7,467;0,187612387149791
626;7,472;0,187403445804201
627;7,476;0,180406734258627
628;7,481;0,17091402069276
629;7,485;0,154927184223415
630;7,490;0,157163421327569
631;7,494;0,148173296403798
632;7,499;0,164295662394607
633;7,503;0,153600124325748
634;7,507;0,139081524338928
635;7,512;0,155610478894129
636;7,516;0,129984105210664
637;7,521;0,132163871680875
638;7,525;0,127900338818157
639;7,530;0,139126700846083
640;7,534;0,128436809840618
641;7,539;0,107441028140503
642;7,543;0,120463156327825
643;7,547;0,111015619269113
644;7,552;0,104532790492423
645;7,556;0,108242911142497
646;7,561;0,10169796466847
647;7,565;0,0936904287753118
648;7,570;0,110885736811043
649;7,574;0,104487613985269
650;7,579;0,0892744252009465
651;7,583;0,108886676369451
652;7,587;0,131356341615486
653;7,592;0,20078698604876
654;7,596;0,352421932313282
655;7,601;0,70667916022972
656;7,605;1,31605377111176
657;7,610;2,22034626776263
658;7,614;3,47925175732378
659;7,618;4,86881335263951
660;7,623;6,23872316734299
661;7,627;7,40860834955593
662;7,632;8,21631912097359
663;7,636;8,65762583111361
664;7,641;8,90690979759287
665;7,645;8,88724672285382
666;7,650;8,70677222383446
667;7,654;8,26358504158413
668;7,658;7,66752620618592
669;7,663;6,97460329238478
670;7,667;6,18781489084311
671;7,672;5,28263580523933
672;7,676;4,45170430914419
673;7,681;3,69964534747765
674;7,685;2,99885042730482
675;7,690;2,42604619896445
676;7,694;1,92616250023506
677;7,698;1,5806921029602
678;7,703;1,26520196524583
679;7,707;1,03612319159148
680;7,712;0,838583266994456
681;7,716;0,693171384590485
682;7,721;0,565457398864342
683;7,725;0,483654038534092
684;7,730;0,40309867921399
685;7,734;0,373197478541018
686;7,738;0,310577192561304
687;7,743;0,28801717430096
688;7,747;0,238215722226373
689;7,752;0,224120651994128
690;7,756;0,192909332613672
691;7,761;0,195202040351769
692;7,765;0,246697611444655
693;7,770;0,365319825105929
694;7,774;0,692505031109955
695;7,778;1,287530453907
696;7,783;2,23082157035911
697;7,787;3,51604237533783
698;7,792;5,08283140822119
699;7,796;6,60054746020783
700;7,801;7,96168738545991
701;7,805;9,0336411942884
702;7,810;9,65009157560353
703;7,814;10,0473003676972
704;7,818;10,026976586541
705;7,823;9,85197973901419
706;7,827;9,36179769519625
707;7,832;8,58848883397684
708;7,836;7,72920343257878
709;7,841;6,81779563605106
710;7,845;5,73998582248264
711;7,849;4,69976286286688
712;7,854;3,83202380756751
713;7,858;3,05270647089653
714;7,863;2,45170080796489
715;7,867;1,94674039924399
716;7,872;1,53532359565016
717;7,876;1,25523489835484
718;7,881;1,02924506837718
719;7,885;0,829858554050218
720;7,889;0,718317757885432
721;7,894;0,588887064887412
722;7,898;0,511708649477119
723;7,903;0,43839847249194
724;7,907;0,392459611779074
725;7,912;0,37646148118294
726;7,916;0,34814145826038
727;7,921;0,313626606794242
728;7,925;0,293511766983642
729;7,929;0,29230894248065
730;7,934;0,282663758203136
731;7,938;0,247279258974271
732;7,943;0,241129606937847
733;7,947;0,222178062186479
734;7,952;0,205231224940097
735;7,956;0,211301818089001
736;7,961;0,170806726488268
737;7,965;0,161850483944862
738;7,969;0,152719182436232
739;7,974;0,139273524494335
740;7,978;0,138776582915634
741;7,983;0,123806217857268
742;7,987;0,117571859869929
743;7,992;0,107977499162964
744;7,996;0,0908894853317246
745;8,001;0,107870204958472
746;8,005;0,0874786590415499
747;8,009;0,0855134809803234
748;8,014;0,081814654457038
749;8,018;0,0610165199757244
750;8,023;0,058108282327645
751;8,027;0,0600339309451112
752;8,032;0,0535623962952102
753;8,036;0,0474409795757576
754;8,040;0,0502701583363164
755;8,045;0,0460461549173583
756;8,049;0,0350343812984169
757;8,054;0,0309233191473454
758;8,058;0,0412630922223617
759;8,063;0,0472602735471391
760;8,067;0,0337750861614815
761;8,072;0,0403313267622974
762;8,076;0,0384452075885916
763;8,080;0,0403200326355088
764;8,085;0,0239040193481945
765;8,089;0,0280941403867866
766;8,094;0,0223002533442051
767;8,098;0,0224470769924576
768;8,103;0,0278061401536758
769;8,107;0,0248922554422021
770;8,112;0
771;8,116;0,0287266114869514
772;8,120;0,0288113174378664
773;8,125;0,0632640512066673
774;8,129;0,157722480603608
775;8,134;0,36791747426732
776;8,138;0,767718268459022
777;8,143;1,54597395721186
778;8,147;2,68531417352488
779;8,152;4,090834369993
780;8,156;5,77627949891799
781;8,160;7,51327102250643
782;8,165;8,87563636051508
783;8,169;9,78291615370155
784;8,174;10,4006766537242
785;8,178;10,5523003058619
786;8,183;10,2249343938293
787;8,187;9,49962557146164
788;8,192;8,60467331766499
789;8,196;7,56037882534192
790;8,200;6,39440141099785
791;8,205;5,33159019780477
792;8,209;4,30438936637633
793;8,214;3,42287712345819
794;8,218;2,73562950836836
795;8,223;2,13675843539977
796;8,227;1,7042667912183
797;8,231;1,35761615769402
798;8,236;1,10916795659712
799;8,240;0,849640217120552
800;8,245;0,756887200868699
801;8,249;0,636435338667662
802;8,254;0,520557597816032
803;8,258;0,444305300802408
804;8,263;0,393109024069422
805;8,267;0,337530626142436
806;8,271;0,318742846229504
807;8,276;0,278614813749402
808;8,280;0,254620441386898
809;8,285;0,234516895703087
810;8,289;0,221336649740724
811;8,294;0,209963464064545
812;8,298;0,208015227193502
813;8,303;0,266863274825804
814;8,307;0,44601636101089
815;8,311;0,848239745398759
816;8,316;1,73100563639044
817;8,320;3,29031231027632
818;8,325;5,69220601910323
819;8,329;8,84423304097921
820;8,334;12,6128967972623
821;8,338;16,3161562653124
822;8,343;19,563725952757
823;8,347;21,849809685493
824;8,351;23,0476195961909
825;8,356;23,3971502320463
826;8,360;22,588886048416
827;8,365;20,9190889321567
828;8,369;18,561807024145
829;8,374;15,9746839889207
830;8,378;13,3206545466004
831;8,383;10,7449329323692
832;8,387;8,50596829659552
833;8,391;6,74271228116006
834;8,396;5,29289651942683
835;8,400;4,16666878431544
836;8,405;3,29322619498779
837;8,409;2,6727494574725
838;8,414;2,1956798948562
839;8,418;1,81254358474116
840;8,422;1,52278146785135
841;8,427;1,28385986270069
842;8,431;1,11391148984836
843;8,436;0,954082654598666
844;8,440;0,844128683247687
845;8,445;0,743012366108833
846;8,449;0,642833461493437
847;8,454;0,602112487356931
848;8,458;0,523872424028503
849;8,462;0,471930734927465
850;8,467;0,427211639907774
851;8,471;0,411902451045749
852;8,476;0,370769241281456
853;8,480;0,311068487076611
854;8,485;0,295798827658345
855;8,489;0,262210094588877
856;8,494;0,268766335189693
857;8,498;0,248798319027345
858;8,502;0,215124880006962
859;8,507;0,22174888536851
860;8,511;0,222522533053533
861;8,516;0,312248723326025
862;8,520;0,469293556322314
863;8,525;0,840960680683469
864;8,529;1,53733395021854
865;8,534;2,5844237389218
866;8,538;4,09216707695406
867;8,542;5,90499301486493
868;8,547;7,7440213269255
869;8,551;9,31886871927256
870;8,556;10,6096123522509
871;8,560;11,2441107481743
872;8,565;11,3459498894277
873;8,569;10,8076266301731
874;8,574;10,0015591542032
875;8,578;8,70737081255426
876;8,582;7,52938774143384
877;8,587;6,2372210484801
878;8,591;5,0568266812903
879;8,596;4,07777835942531
880;8,600;3,26449393643745
881;8,605;2,5964802192687
882;8,609;2,08993298573399
883;8,613;1,69477407765243
884;8,618;1,38921147738529
885;8,622;1,20368285662801
886;8,627;1,11732796320193
887;8,631;1,27197844131902
888;8,636;1,7678979015456
889;8,640;2,8686178513048
890;8,645;4,74054030763733
891;8,649;7,59993650441919
892;8,653;11,233895210494
893;8,658;15,1848800555264
894;8,662;18,8286646519074
895;8,667;21,866349934175
896;8,671;23,4291973168091
897;8,676;23,8686517901558
898;8,680;22,9130500755041
899;8,685;20,8556837043652
900;8,689;18,4317551541736
901;8,693;15,5650460102961
902;8,698;12,7947830621303
903;8,702;10,2763622001614
904;8,707;8,13109928728978
905;8,711;6,3257444142496
906;8,716;4,98809627271792
907;8,720;3,96292838411145
908;8,725;3,14863878383939
909;8,729;2,57194372882034
910;8,733;2,11489300593693
911;8,738;1,76804472519385
912;8,742;1,53623277285664
913;8,747;1,31024858994239
914;8,751;1,10406301128865
915;8,756;0,985762680240852
916;8,760;0,827961140749723
917;8,765;0,760309321285662
918;8,769;0,695430209948217
919;8,773;0,616964264084016
920;8,778;0,552858800431594
921;8,782;0,499014050966667
922;8,787;0,479147681945418
923;8,791;0,430170701126403
924;8,796;0,412297745483352
925;8,800;0,374970656446837
926;8,805;0,338360744461403
927;8,809;0,319273670188571
928;8,813;0,305167305829537
929;8,818;0,276034105778194
930;8,822;0,275542811262887
931;8,827;0,225199241102445
932;8,831;0,230304186410918
933;8,836;0,211962524506137
934;8,840;0,235736661396262
935;8,844;0,297893888177641
936;8,849;0,486003216906133
937;8,853;0,946984295911995
938;8,858;1,88445329000455
939;8,862;3,69951546501958
940;8,867;6,72130991089555
941;8,871;10,9637340506459
942;8,876;16,4285949445568
943;8,880;22,2388980004257
944;8,884;27,7266407952104
945;8,889;31,4817911287909
946;8,893;33,4865663985385
947;8,898;33,4413164795597
948;8,902;31,6184782982507
949;8,907;28,0953432112896
950;8,911;23,8916014557904
951;8,916;19,4989654297508
952;8,920;15,6335787716496
953;8,924;12,3649568318709
954;8,929;9,71414621568541
955;8,933;7,61710357713795
956;8,938;6,06025337582861
957;8,942;4,85187780951992
958;8,947;3,95707237937153
959;8,951;3,23998568130606
960;8,956;2,7429537495908
961;8,960;2,32168846743725
962;8,964;2,02359128497742
963;8,969;1,76183295546009
964;8,973;1,52500076376532
965;8,978;1,36302039736239
966;8,982;1,17880754237599
967;8,987;1,08840370449617
968;8,991;0,967844548090646
969;8,996;0,908053440871491
970;9,000;0,797557351434656
971;9,004;0,739302245458759
972;9,009;0,689427381560045
973;9,013;0,618144500333431
974;9,018;0,590569889778923
975;9,022;0,561673866390141
976;9,027;0,517728419055473
977;9,031;0,505118526495937
978;9,035;0,462471903741964
979;9,040;0,436478470937868
980;9,044;0,407204094301667
981;9,049;0,398699616829808
982;9,053;0,384277016920691
983;9,058;0,365692531289955
984;9,062;0,348265693655056
985;9,067;0,318912258131334
986;9,071;0,327710382899698
987;9,075;0,287904233033073
988;9,080;0,264180919713497
989;9,084;0,24825620094149
990;9,089;0,237125838991267
991;9,093;0,245009139489751
992;9,098;0,232879247318732
993;9,102;0,262294800539791
994;9,107;0,374010655669801
995;9,111;0,660282887381914
996;9,115;1,20194920816595
997;9,120;2,13576455224237
998;9,124;3,46944280820783
999;9,129;5,14378581049957
1000;9,133;6,99860331181068
1001;9,138;8,69870257024396
1002;9,142;10,0528062545067
1003;9,147;10,7142298486943
1004;9,151;10,5606240773051
1005;9,155;9,95763064805869
1006;9,160;8,80291347812291
1007;9,164;7,5094140782081
1008;9,169;6,11495083186609
1009;9,173;4,90521432327936
1010;9,178;3,88667608709782
1011;9,182;3,05528717886774
1012;9,187;2,38624569616122
1013;9,191;1,93260015250459
1014;9,195;1,54259136623866
1015;9,200;1,29113328035258
1016;9,204;1,08067287470934
1017;9,209;0,894376253330426
1018;9,213;0,760247203588325
1019;9,218;0,66893983556542
1020;9,222;0,591682361267605
1021;9,226;0,526893602944469
1022;9,231;0,46747520190934
1023;9,235;0,400563147749936
1024;9,240;0,373875126148337
1025;9,244;0,341353688060397
1026;9,249;0,310548957244332
1027;9,253;0,28208211067352
1028;9,258;0,250051967100886
1029;9,262;0,220980884746881
1030;9,266;0,227362066382473
1031;9,271;0,197314042061248
1032;9,275;0,190548860114842
1033;9,280;0,175346965457309
1034;9,284;0,158648599000278
1035;9,289;0,156587420861348
1036;9,293;0,137449523017967
1037;9,298;0,13434928521448
1038;9,302;0,12682174970984
1039;9,306;0,142565762453229
1040;9,311;0,124156335787716
1041;9,315;0,113799621522517
1042;9,320;0,0910193677897942
1043;9,324;0,10897702938376
1044;9,329;0,115414681653295
1045;9,333;0,090002896378815
1046;9,338;0,0967737253886154
1047;9,342;0,0670362895540791
1048;9,346;0,0915671329390441
1049;9,351;0,0643765226953501
1050;9,355;0,0593506362743974
1051;9,360;0,0687981733331097
1052;9,364;0,0760433556680338
1053;9,369;0,0705939394925063
1054;9,373;0,0661384064743808
1055;9,378;0,0752301785392504
1056;9,382;0,053404278520169
1057;9,386;0,0609374610882038
1058;9,391;0,0883426597408822
1059;9,395;0,168451901052833
1060;9,400;0,321227554123009
1061;9,404;0,724890939676431
1062;9,409;1,5377744211633
1063;9,413;3,06762601238435
1064;9,417;5,65178998639001
1065;9,422;9,37094593789507
1066;9,426;14,1384905026841
1067;9,431;19,1078328778694
1068;9,435;23,3570956113903
1069;9,440;25,8594392838756
1070;9,444;25,9560040679186
1071;9,449;24,177122628071
1072;9,453;20,9744922711185
1073;9,457;17,874299644139
1074;9,462;15,3593743144112
1075;9,466;13,6527470506941
1076;9,471;12,953838249695
1077;9,475;12,9616311971791
1078;9,480;13,2882855792241
1079;9,484;13,5971291233233
1080;9,489;13,5114067009974
1081;9,493;12,8689402986246
1082;9,497;11,8454439407829
1083;9,502;10,3980338280556
1084;9,506;8,66972748796766
1085;9,511;7,10454786815169
1086;9,515;5,79752375140746
1087;9,520;4,66097318441124
1088;9,524;3,7379324372912
1089;9,529;3,05883353467938
1090;9,533;2,53186087284739
1091;9,537;2,12975042972741
1092;9,542;1,81543488119906
1093;9,546;1,52623747064868
1094;9,551;1,33576202235797
1095;9,555;1,20567062294281
1096;9,560;1,08923382281514
1097;9,564;0,957928304770204
1098;9,569;0,863023757365112
1099;9,573;0,801544178191053
1100;9,577;0,715200578891763
1101;9,582;0,680013726881699
1102;9,586;0,633459336258851
1103;9,591;0,58945741829024
1104;9,595;0,549013150260056
1105;9,600;0,503266289702597
1106;9,604;0,479136387818629
1107;9,608;0,450550952916536
1108;9,613;0,433208821232552
1109;9,617;0,400472794735627
1110;9,622;0,381786661963792
1111;9,626;0,381843132597736
1112;9,631;0,368437004099599
1113;9,635;0,353432756660867
1114;9,640;0,319550376294893
1115;9,644;0,341449688138101
1116;9,648;0,322407790372423
1117;9,653;0,375004538827203
1118;9,657;0,469993792183211
1119;9,662;0,719187405648159
1120;9,666;1,23374782213941
1121;9,671;2,17039234497639
1122;9,675;3,46739857125908
1123;9,680;5,14765969598808
1124;9,684;6,89299757927334
1125;9,688;8,48762663469073
1126;9,693;9,49246509507763
1127;9,697;9,80375381762662
1128;9,702;9,47403308015854
1129;9,706;8,46419132160427
1130;9,711;7,27190423890602
1131;9,715;6,04902701380069
1132;9,720;5,0246610081962
1133;9,724;4,42087134301116
1134;9,728;4,27361851794064
1135;9,733;4,75813655717406
1136;9,737;5,89183535715615
1137;9,742;7,59221132169575
1138;9,746;9,58508822887141
1139;9,751;11,3042350321338
1140;9,755;12,2814875878394
1141;9,760;12,3989916829486
1142;9,764;11,6354409472746
1143;9,768;10,3252431809027
1144;9,773;8,69256421233433
1145;9,777;7,21350795634526
1146;9,782;5,90728007553964
1147;9,786;4,7553130254769
1148;9,791;3,9100944589941
1149;9,795;3,19968823692413
1150;9,800;2,70726995600204
1151;9,804;2,27672090162821
1152;9,808;1,94194039535881
1153;9,813;1,68180277303566
1154;9,817;1,47161342643534
1155;9,822;1,31096011993007
1156;9,826;1,15681787751847
1157;9,831;1,03715660419264
1158;9,835;0,932098636804544
1159;9,839;0,851746571766637
1160;9,844;0,797399233659615
1161;9,848;0,727878236212031
1162;9,853;0,676631135908496
1163;9,857;0,613338849384857
1164;9,862;0,562515278835896
1165;9,866;0,531191018187554
1166;9,871;0,483315214730433
1167;9,875;0,460054960609192
1168;9,879;0,428837994165341
1169;9,884;0,406390917172884
1170;9,888;0,383091133607882
1171;9,893;0,371994654038026
1172;9,897;0,345058161647077
1173;9,902;0,335141918326635
1174;9,906;0,297764005719572
1175;9,911;0,298232711981301
1176;9,915;0,278671284383345
1177;9,919;0,269257629704999
1178;9,924;0,26167927062981
1179;9,928;0,246985611677766
1180;9,933;0,273024220989017
1181;9,937;0,33703933162713
1182;9,942;0,429391406377985
1183;9,946;0,716058932527701
1184;9,951;1,2407275924948
1185;9,955;2,13115654851259
1186;9,959;3,57508807018893
1187;9,964;5,62646290706645
1188;9,968;7,87763084683532
1189;9,973;9,78322109512484
1190;9,977;11,021017861718
1191;9,982;11,3099046837817
1192;9,986;10,609713999392
1193;9,991;9,39765654775024
1194;9,995;8,01263519140354
1195;9,999;6,60720534794974
1196;10,004;5,48577761672353
1197;10,008;4,53187002109009
1198;10,013;3,81838050240681
1199;10,017;3,2446219203528
1200;10,022;2,74042386519014
1201;10,026;2,39874829451627
1202;10,030;2,08381156901454
1203;10,035;1,82483159468722
1204;10,039;1,64017826875606
1205;10,044;1,46462236195316
1206;10,048;1,28057327180519
1207;10,053;1,18537507710359
1208;10,057;1,10349265788582
1209;10,062;0,990929743246663
1210;10,066;0,911893443979635
1211;10,070;0,844687742523726
1212;10,075;0,787731461128524
1213;10,079;0,720762936335177
1214;10,084;0,683678671024618
1215;10,088;0,653896058682928
1216;10,093;0,613372731765223
1217;10,097;0,55907621722875
1218;10,102;0,542552909736943
1219;10,106;0,516971712560633
1220;10,110;0,485483687073855
1221;10,115;0,46053496099771
1222;10,119;0,448856833898237
1223;10,124;0,419249280521771
1224;10,128;0,420017281143399
1225;10,133;0,389212550327335
1226;10,137;0,403708562060577
1227;10,142;0,355849699793639
1228;10,146;0,355149463932743
1229;10,150;0,32558708706343
1230;10,155;0,324028497566596
1231;10,159;0,315207784544654
1232;10,164;0,29529623901625
1233;10,168;0,26882845288703
1234;10,173;0,268421864322638
1235;10,177;0,246669376127683
1236;10,182;0,268563040907497
1237;10,186;0,288615763020759
1238;10,190;0,375648304054157
1239;10,195;0,556535038701302
1240;10,199;0,939931113732478
1241;10,204;1,64393921297668
1242;10,208;2,82572275776148
1243;10,213;4,40754992046394
1244;10,217;6,23491139955182
1245;10,221;8,0243302596932
1246;10,226;9,30458729594831
1247;10,230;9,87315622674292
1248;10,235;9,70003420426298
1249;10,239;8,79399111795987
1250;10,244;7,6743196234493
1251;10,248;6,46268570156207
1252;10,253;5,26755249891308
1253;10,257;4,22937377624607
1254;10,261;3,48306352511495
1255;10,266;2,81423098375402
1256;10,270;2,33672659725635
1257;10,275;1,96539264963546
1258;10,279;1,63566061804059
1259;10,284;1,43068351095324
1260;10,288;1,25131018929578
1261;10,293;1,09482441557553
1262;10,297;0,978878909963165
1263;10,301;0,853689161574286
1264;10,306;0,786398754167462
1265;10,310;0,708186926156006
1266;10,315;0,660378887459617
1267;10,319;0,600294132943957
1268;10,324;0,558822099376005
1269;10,328;0,501188170373484
1270;10,333;0,466566024702853
1271;10,337;0,431418702136549
1272;10,341;0,408231859839435
1273;10,346;0,379341483514048
1274;10,350;0,354923581396969
1275;10,355;0,337920273516645
1276;10,359;0,33173109203646
1277;10,364;0,325530616429487
1278;10,368;0,30556260026714
1279;10,373;0,300265654803259
1280;10,377;0,283239758669358
1281;10,381;0,25646138405345
1282;10,386;0,249780908057959
1283;10,390;0,23697336827962
1284;10,395;0,241378077727197
1285;10,399;0,211386524039916
1286;10,404;0,212504642591993
1287;10,408;0,215480645000804
1288;10,412;0,206507461267216
1289;10,417;0,195371452253599
1290;10,421;0,198206278077552
1291;10,426;0,176126260205726
1292;10,430;0,19658557088338
1293;10,435;0,178379438500063
1294;10,439;0,173246257874618
1295;10,444;0,171049550214224
1296;10,448;0,156214714677322
1297;10,452;0,149133297180833
1298;10,457;0,155062713744879
1299;10,461;0,141470232154729
1300;10,466;0,151917299434238
1301;10,470;0,171326256320546
1302;10,475;0,206863226261058
1303;10,479;0,290772941237392
1304;10,484;0,483704862104641
1305;10,488;0,876424238799855
1306;10,492;1,55588455346891
1307;10,497;2,84715901040635
1308;10,501;4,88816583889188
1309;10,506;7,94649113786577
1310;10,510;11,8024020235913
1311;10,515;16,0903358472365
1312;10,519;19,6887349951173
1313;10,524;21,5523788565137
1314;10,528;21,4278159321616
1315;10,532;19,7435453924226
1316;10,537;17,1739677831645
1317;10,541;14,5233943436415
1318;10,546;12,2333350782759
1319;10,550;10,6181111826594
1320;10,555;9,69959373331822
1321;10,559;9,58860070230269
1322;10,564;10,053698490523
1323;10,568;10,8411758337988
1324;10,572;11,7252066669908
1325;10,577;12,2825322945673
1326;10,581;12,3277765664827
1327;10,586;11,7607662251849
1328;10,590;10,6001591681288
1329;10,595;9,30163388179307
1330;10,599;7,90060874778685
1331;10,604;6,59660016289519
1332;10,608;5,46263595093357
1333;10,612;4,59577783752371
1334;10,617;3,89782903730162
1335;10,621;3,31338621130555
1336;10,626;2,85940184384526
1337;10,630;2,51539403598953
1338;10,635;2,24382675735625
1339;10,639;1,97286371450616
1340;10,643;1,78266497232177
1341;10,648;1,60272129726147
1342;10,652;1,50360968762761
1343;10,657;1,36933381423725
1344;10,661;1,26227113934417
1345;10,666;1,18507578274369
1346;10,670;1,11826537572539
1347;10,675;1,05350485271922
1348;10,679;0,998790455491569
1349;10,683;0,923102864817378
1350;10,688;0,884256715727789
1351;10,692;0,835025617056029
1352;10,697;0,802447708334145
1353;10,701;0,756616141825771
1354;10,706;0,714178460417389
1355;10,710;0,677709725016813
1356;10,715;0,671334190444615
1357;10,719;0,64037134185351
1358;10,723;0,629941215764184
1359;10,728;0,600469191909181
1360;10,732;0,596680012371587
1361;10,737;0,567693635968496
1362;10,741;0,552960447572692
1363;10,746;0,563695515085311
1364;10,750;0,645058404470803
1365;10,755;0,808015712840954
1366;10,759;1,18130354439628
1367;10,763;1,81258876124832
1368;10,768;2,72918620903543
1369;10,772;4,00069594409272
1370;10,777;5,55184825843718
1371;10,781;7,01813085702827
1372;10,786;8,24912291223125
1373;10,790;8,75139531877645
1374;10,795;8,70528704616175
1375;10,799;8,07731665552219
1376;10,803;7,22899220417251
1377;10,808;6,44063956607061
1378;10,812;5,86074827317037
1379;10,817;5,75885830834649
1380;10,821;6,26441165872379
1381;10,826;7,53315433271786
1382;10,830;9,70381208967379
1383;10,834;12,4278312357034
1384;10,839;15,3244698155709
1385;10,843;17,6329554487922
1386;10,848;18,7388142262402
1387;10,852;18,6080169439008
1388;10,857;17,3436338028471
1389;10,861;15,4326901384598
1390;10,866;13,320462546445
1391;10,870;11,1791582250128
1392;10,874;9,29731387829641
1393;10,879;7,7244034286936
1394;10,883;6,4310903818708
1395;10,888;5,37789047057487
1396;10,892;4,63213927871979
1397;10,897;3,98068839848661
1398;10,901;3,48000846381862
1399;10,906;3,05982177077339
1400;10,910;2,69973112637061
1401;10,914;2,42159066594633
1402;10,919;2,20952649429909
1403;10,923;1,99192820052541
1404;10,928;1,81116005420955
1405;10,932;1,65903946049312
1406;10,937;1,54106665912219
1407;10,941;1,43230986521081
1408;10,946;1,33637755226795
1409;10,950;1,24474265456817
1410;10,954;1,17687624669513
1411;10,959;1,09274064918302
1412;10,963;1,05542485427329
1413;10,968;0,988648329635354
1414;10,972;0,945036059040951
1415;10,977;0,878575769953094
1416;10,981;0,838075031288967
1417;10,986;0,808027006967742
1418;10,990;0,76087967468849
1419;10,994;0,730938944571757
1420;10,999;0,698383624103451
1421;11,003;0,672299838285046
1422;11,008;0,631324746295795
1423;11,012;0,610035317299174
1424;11,017;0,601869663630975
1425;11,021;0,572363757395606
1426;11,025;0,56155527805886
1427;11,030;0,603812253438624
1428;11,034;0,685869731621618
1429;11,039;0,831993144013274
1430;11,043;1,11258442995069
1431;11,048;1,61406060055729
1432;11,052;2,31640846316356
1433;11,057;3,31287797560006
1434;11,061;4,54730909241018
1435;11,065;5,94330269293206
1436;11,070;7,13250083195361
1437;11,074;7,98359234436651
1438;11,079;8,14119623663884
1439;11,083;7,93168453764584
1440;11,088;7,26527458648108
1441;11,092;6,45858593353779
1442;11,097;5,6930304903588
1443;11,101;5,02654712736991
1444;11,105;4,37749624907932
1445;11,110;3,92712035512801
1446;11,114;3,45140044066294
1447;11,119;3,10016439166247
1448;11,123;2,77832695469288
1449;11,128;2,52871545853675
1450;11,132;2,28534961449475
1451;11,137;2,09247416426144
1452;11,141;1,94511969204982
1453;11,145;1,80189887024285
1454;11,150;1,68205124382501
1455;11,154;1,55511090578389
1456;11,159;1,44910987880894
1457;11,163;1,35238132992748
1458;11,168;1,27134032315546
1459;11,172;1,22919064198019
1460;11,177;1,15187104998504
1461;11,181;1,09847806559166
1462;11,185;1,02311800459434
1463;11,190;0,994092098747487
1464;11,194;0,95788312826305
1465;11,199;0,886583305846252
1466;11,203;0,872584235691711
1467;11,208;0,84843739261756
1468;11,212;0,812691481331458
1469;11,216;0,780576631807909
1470;11,221;0,736416596064257
1471;11,225;0,709067868045521
1472;11,230;0,704872099943535
1473;11,234;0,684892789654399
1474;11,239;0,66674877496842
1475;11,243;0,677715372080207
1476;11,248;0,649045231227199
1477;11,252;0,657719120600888
1478;11,256;0,606584961565239
1479;11,261;0,623537445875015
1480;11,265;0,599565661766089
1481;11,270;0,562594337723417
1482;11,274;0,549007503196661
1483;11,279;0,538074788465241
1484;11,283;0,518524654994074
1485;11,288;0,491650280300462
1486;11,292;0,47134908739785
1487;11,296;0,478560387352408
1488;11,301;0,497907226541379
1489;11,305;0,558409863748219
1490;11,310;0,699309742500121
1491;11,314;0,950508063470056
1492;11,319;1,42198703332598
1493;11,323;2,09248545838823
1494;11,328;3,00210878288334
1495;11,332;4,24420861178297
1496;11,336;5,46712536633206
1497;11,341;6,56415778369477
1498;11,345;7,31581015679693
1499;11,350;7,4943815954524
1500;11,354;7,19616017759788
1501;11,359;6,57877238375929
1502;11,363;5,89849324489806
1503;11,368;5,13523615652056
1504;11,372;4,47211844331469
1505;11,376;3,79419977695229
1506;11,381;3,3441005891073
1507;11,385;2,94450308919779
1508;11,390;2,57742702737623
1509;11,394;2,27105124998031
1510;11,399;2,05070848339698
1511;11,403;1,8324156008258
1512;11,407;1,6455147436637
1513;11,412;1,5413603064187
1514;11,416;1,41065337709356
1515;11,421;1,36215074959967
1516;11,425;1,42986468676106
1517;11,430;1,54993819571468
1518;11,434;1,90070553845342
1519;11,439;2,46053846217701
1520;11,443;3,2868393662888
1521;11,447;4,2013643418102
1522;11,452;5,34093044065899
1523;11,456;6,27235707691961
1524;11,461;6,94787009427603
1525;11,465;7,28063459891365
1526;11,470;7,13107212491485
1527;11,474;6,63302936885201
1528;11,479;5,93990880783207
1529;11,483;5,19092184865204
1530;11,487;4,44291747850262
1531;11,492;3,76253669250029
1532;11,496;3,15944726317614
1533;11,501;2,70095089206378
1534;11,505;2,31757740528618
1535;11,510;2,00547550560841
1536;11,514;1,77236472869051
1537;11,519;1,5305010035114
1538;11,523;1,3817347654512
1539;11,527;1,24064288654389
1540;11,532;1,11918584705866
1541;11,536;1,04399519796317
1542;11,541;0,939315583822496
1543;11,545;0,874752708035133
1544;11,550;0,806253829061923
1545;11,554;0,765346501833404
1546;11,559;0,724868351422854
1547;11,563;0,686536085102149
1548;11,567;0,649101701861142
1549;11,572;0,615981675053403
1550;11,576;0,584437178932681
1551;11,581;0,549250326922618
1552;11,585;0,54153079126257
1553;11,590;0,522443716989738
1554;11,594;0,498381579866502
1555;11,599;0,500792875935881
1556;11,603;0,544969852869716
1557;11,607;0,5835223546628
1558;11,612;0,71295304766082
1559;11,616;0,941489703229313
1560;11,621;1,2923078695386
1561;11,625;1,93476297778462
1562;11,630;2,83347617580189
1563;11,634;4,21050693744561
1564;11,638;6,01512769224453
1565;11,643;8,27092622399676
1566;11,647;10,6763888768889
1567;11,652;12,8107981339166
1568;11,656;14,2461743545505
1569;11,661;14,5977605214815
1570;11,665;14,2280755163717
1571;11,670;13,0169837125703
1572;11,674;11,6051783345443
1573;11,678;10,2034416705504
1574;11,683;8,94379076862123
1575;11,687;7,84256258315654
1576;11,692;6,88286674754391
1577;11,696;6,0563851374035
1578;11,701;5,41959968080539
1579;11,705;4,89121525312482
1580;11,710;4,38800543405616
1581;11,714;3,98029310404901
1582;11,718;3,63346176449611
1583;11,723;3,33090340195475
1584;11,727;3,12062370234013
1585;11,732;2,89318822413353
1586;11,736;2,6734496933334
1587;11,741;2,50438226237058
1588;11,745;2,36517650263698
1589;11,750;2,18550388661962
1590;11,754;2,0630416698502
1591;11,758;1,96468111964778
1592;11,763;1,8428796092955
1593;11,767;1,7800447349068
1594;11,772;1,66578770124934
1595;11,776;1,58552034216235
1596;11,781;1,54793913527309
1597;11,785;1,43762939892827
1598;11,790;1,38079735292774
1599;11,794;1,30342693736204
1600;11,798;1,23604617694091
1601;11,803;1,20332709163416
1602;11,807;1,13718303809639
1603;11,812;1,09944371343209
1604;11,816;1,06579286266528
1605;11,821;1,02542765352262
1606;11,825;0,977693026650356
1607;11,829;0,92064074517745
1608;11,834;0,927428515377434
1609;11,838;0,901056729325917
1610;11,843;0,854519279893252
1611;11,847;0,832924909473339
1612;11,852;0,834506087223751
1613;11,856;0,792520170886915
1614;11,861;0,782265103762813
1615;11,865;0,739053774669408
1616;11,869;0,742165306599683
1617;11,874;0,735699419013177
1618;11,878;0,69523820979281
1619;11,883;0,684237730300657
1620;11,887;0,660977476179416
1621;11,892;0,670543601569409
1622;11,896;0,618217912157557
1623;11,901;0,617128028922452
1624;11,905;0,58739624015131
1625;11,909;0,565271045772329
1626;11,914;0,548081384799991
1627;11,918;0,562114337334899
1628;11,923;0,539622083835287
1629;11,927;0,51594959408626
1630;11,932;0,53504796248588
1631;11,936;0,51893689062186
1632;11,941;0,490803220791313
1633;11,945;0,498048403126237
1634;11,949;0,503266289702597
1635;11,954;0,495670989437224
1636;11,958;0,548030561229442
1637;11,963;0,602536017111506
1638;11,967;0,728465530805041
1639;11,972;0,91816168434734
1640;11,976;1,22583063926056
1641;11,981;1,63796461990548
1642;11,985;2,25407617741695
1643;11,989;2,97480523137176
1644;11,994;3,82462615452093
1645;11,998;4,75985891150933
1646;12,003;5,42098885840039
1647;12,007;5,93514268632726
1648;12,012;6,13458567128817
1649;12,016;6,05485478322364
1650;12,020;5,6970060229884
1651;12,025;5,3007911140521
1652;12,029;4,8748048869009
1653;12,034;4,42177487315425
1654;12,038;4,0042027704606
1655;12,043;3,54460522198634
1656;12,047;3,28772030817832
1657;12,052;2,97574264389522
1658;12,056;2,72568502973094
1659;12,060;2,52723028086404
1660;12,065;2,34829178308794
1661;12,069;2,1431000875916
1662;12,074;1,99497761475835
1663;12,078;1,89367494452748
1664;12,083;1,73966823163735
1665;12,087;1,63747332539017
1666;12,092;1,56207373494909
1667;12,096;1,45257152866966
1668;12,100;1,38076911761077
1669;12,105;1,31739777219961
1670;12,109;1,22916240666322
1671;12,114;1,16612988505572
1672;12,118;1,14856187083596
1673;12,123;1,07700228350302
1674;12,127;1,04609025848247
1675;12,132;1,01599141059069
1676;12,136;0,967031370961863
1677;12,140;0,927134868080928
1678;12,145;0,904924967751033
1679;12,149;0,861216697078927
1680;12,154;0,835036911182818
1681;12,158;0,800025118137978
1682;12,163;0,784523929120545
1683;12,167;0,753493315768707
1684;12,172;0,7106829281763
1685;12,176;0,708542691149849
1686;12,180;0,692075854291986
1687;12,185;0,678426902067892
1688;12,189;0,642545461260326
1689;12,194;0,631420746373498
1690;12,198;0,612830613679367
1691;12,203;0,608284727646933
1692;12,207;0,596109658968759
1693;12,211;0,586673416036836
1694;12,216;0,573950582209412
1695;12,220;0,567168459072823
1696;12,225;0,555422567212619
1697;12,229;0,53795620013396
1698;12,234;0,509031941428207
1699;12,238;0,499025345093456
1700;12,243;0,497065814095624
1701;12,247;0,479407446861557
1702;12,251;0,500103934201773
1703;12,256;0,455475192196391
1704;12,260;0,465741553447281
1705;12,265;0,451302012347982
1706;12,269;0,450342011570946
1707;12,274;0,437466707031876
1708;12,278;0,414234688227607
1709;12,283;0,402409737479882
1710;12,287;0,410021978935437
1711;12,291;0,401907148837786
1712;12,296;0,398665734449442
1713;12,300;0,377065716966133
1714;12,305;0,394102907226824
1715;12,309;0,366771120398272
1716;12,314;0,362106646034556
1717;12,318;0,365771590177475
1718;12,323;0,362931117290128
1719;12,327;0,345142867597992
1720;12,331;0,348056752309465
1721;12,336;0,35008404806803
1722;12,340;0,323542850114683
1723;12,345;0,334210152866571
1724;12,349;0,33017814960302
1725;12,354;0,330449208645948
1726;12,358;0,322097201885735
1727;12,363;0,282392699160208
1728;12,367;0,316636491583419
1729;12,371;0,30627977731822
1730;12,376;0,287960703667017
1731;12,380;0,286498114247885
1732;12,385;0,272515985283527
1733;12,389;0,300655302177468
1734;12,394;0,287175761855205
1735;12,398;0,289897646411271
1736;12,402;0,258234561959269
1737;12,407;0,260595034458099
1738;12,411;0,257997385296707
1739;12,416;0,270437865954414
1740;12,420;0,257398796576908
1741;12,425;0,252011498098718
1742;12,429;0,246641140810712
1743;12,434;0,258499973938802
1744;12,438;0,23946372323652
1745;12,442;0,24046890052071
1746;12,447;0,238063251514726
1747;12,451;0,238356898811231
1748;12,456;0,249250084098892
1749;12,460;0,235815720283783
1750;12,465;0,232083011380132
1751;12,469;0,229169126668658
1752;12,474;0,231891011224724
1753;12,478;0,254659970830659
1754;12,482;0,233099482791111
1755;12,487;0,259143739165756
1756;12,491;0,290264705531903
1757;12,496;0,315563549538497
1758;12,500;0,371345241747678
1759;12,505;0,431791408320575
1760;12,509;0,497071461159018
1761;12,514;0,581737882630192
1762;12,518;0,66001747540238
1763;12,522;0,6916636186642
1764;12,527;0,738393068252272
1765;12,531;0,749675900914141
1766;12,536;0,773907449939207
1767;12,540;0,700992567391631
1768;12,545;0,670153954195201
1769;12,549;0,582833412928692
1770;12,554;0,521218304233169
1771;12,558;0,505897821244354
1772;12,562;0,449602246266289
1773;12,567;0,426426698095963
1774;12,571;0,370227123195601
1775;12,576;0,325434616351784
1776;12,580;0,305076952815228
1777;12,585;0,309679309481606
1778;12,589;0,27610751760232
1779;12,594;0,286707055593476
1780;12,598;0,251040203194894
1781;12,602;0,243636903084929
1782;12,607;0,240310782745669
1783;12,611;0,240762547817215
1784;12,616;0,212899937029596
1785;12,620;0,221811003065847
1786;12,625;0,212431230767867
1787;12,629;0,209986052318122
1788;12,633;0,219778060243889
1789;12,638;0,201447692465897
1790;12,642;0,206637343725285
1791;12,647;0,18399826657742
1792;12,651;0,204751224551579
1793;12,656;0,188239211186562
1794;12,660;0,186646739309361
1795;12,665;0,191107919390881
1796;12,669;0,195653805423315
1797;12,673;0,194671216392702
1798;12,678;0,187166269141639
1799;12,682;0,186262738998546
1800;12,687;0,19881616092414
1801;12,691;0,188826505779572
1802;12,696;0,191254743039133
1803;12,700;0,1928810972967
1804;12,705;0,166673076083619
1805;12,709;0,175990730684262
1806;12,713;0,192514038176069
1807;12,718;0,168203430263482
1808;12,722;0,187132386761273
1809;12,727;0,164549780247352
1810;12,731;0,172591198520876
1811;12,736;0,166136605061158
1812;12,740;0,171439197588433
1813;12,745;0,148574237904795
1814;12,749;0,169762019760317
1815;12,753;0,174183670398077
1816;12,758;0,164826486353674
1817;12,762;0,171958727420711
1818;12,767;0,154831184145711
1819;12,771;0,169756372696923
1820;12,776;0,147038236661537
1821;12,780;0,160766247773151
1822;12,785;0,148918708771849
1823;12,789;0,167322488373967
1824;12,793;0,177758261526687
1825;12,798;0,16502978063587
1826;12,802;0,156756832763178
1827;12,807;0,163330014554176
1828;12,811;0,164431191916071
1829;12,816;0,149991650816771
1830;12,820;0,148472590763697
1831;12,824;0,148704120362864
1832;12,829;0,152939417908611
1833;12,833;0,168615665891268
1834;12,838;0,152335182125418
1835;12,842;0,155333772787807
1836;12,847;0,154565772166178
1837;12,851;0,157225539024907
1838;12,856;0,153458947740889
1839;12,860;0,165944604905751
1840;12,864;0,166667429020225
1841;12,869;0,145225529311958
1842;12,873;0,147077766105298
1843;12,878;0,160483894603435
1844;12,882;0,146371883181007
1845;12,887;0,161393071809922
1846;12,891;0,159862717630059
1847;12,896;0,149201061941565
1848;12,900;0,153187888697962
1849;12,904;0,161167189274148
1850;12,909;0,160359659208759
1851;12,913;0,159230246529894
1852;12,918;0,149167179561199
1853;12,922;0,144186469647401
1854;12,927;0,160913071421404
1855;12,931;0,146456589131922
1856;12,936;0,156434950149701
1857;12,940;0,147930472677841
1858;12,944;0,175985083620868
1859;12,949;0,150703180804457
1860;12,953;0,154853772399289
1861;12,958;0,146496118575682
1862;12,962;0,159461776129061
1863;12,967;0,150166709781996
1864;12,971;0,167232135359658
1865;12,976;0,16616484037813
1866;12,980;0,152165770223588
1867;12,984;0,146563883336414
1868;12,989;0,149878709548885
1869;12,993;0,146473530322105
1870;12,998;0,156739891572995
1871;13,002;0,142368115234427
1872;13,007;0,164532839057169
1873;13,011;0,138522465062889
1874;13,015;0,146033059377347
1875;13,020;0,154108360031237
1876;13,024;0,160642012378476
1877;13,029;0,165571898721725
1878;13,033;0,18808109341152
1879;13,038;0,212352171880346
1880;13,042;0,289496704910274
1881;13,047;0,389060079615688
1882;13,051;0,553993860173854
1883;13,055;0,764369559866185
1884;13,060;1,07826157863996
1885;13,064;1,42482185914993
1886;13,069;1,83256242447406
1887;13,073;2,34451954474053
1888;13,078;2,70653583776077
1889;13,082;3,03134927713918
1890;13,087;3,22656261161774
1891;13,091;3,29458149020243
1892;13,095;3,25300780949338
1893;13,100;3,13709618626138
1894;13,104;2,93219249099816
1895;13,109;2,72593350052029
1896;13,113;2,46660340826252
1897;13,118;2,216986265043
1898;13,122;2,0103602154445
1899;13,127;1,76205883799586
1900;13,131;1,59731141052971
1901;13,135;1,39576207092271
1902;13,140;1,29804528594724
1903;13,144;1,15954540913793
1904;13,149;1,06883098277143
1905;13,153;0,993634686612546
1906;13,158;0,906387557170164
1907;13,162;0,838396913902443
1908;13,167;0,765945090553203
1909;13,171;0,703369981080644
1910;13,175;0,648604760282441
1911;13,180;0,61659155789999
1912;13,184;0,595008481606865
1913;13,189;0,561696454643719
1914;13,193;0,536764669757756
1915;13,198;0,503334054463329
1916;13,202;0,481084624689673
1917;13,206;0,451183424016701
1918;13,211;0,424907638042888
1919;13,215;0,430814466353356
1920;13,220;0,396773968212341
1921;13,224;0,380917014201066
1922;13,229;0,365195589711254
1923;13,233;0,368165945056671
1924;13,238;0,32845579526775
1925;13,242;0,326366381811848
1926;13,246;0,329692502151108
1927;13,251;0,309419544565467
1928;13,255;0,320397435804042
1929;13,260;0,307629425469464
1930;13,264;0,287356467883823
1931;13,269;0,279495755638917
1932;13,273;0,259211503926488
1933;13,278;0,261125858417165
1934;13,282;0,247663259285085
1935;13,286;0,267704687271559
1936;13,291;0,248950789738992
1937;13,295;0,255507030339808
1938;13,300;0,246330552324024
1939;13,304;0,229050538337377
1940;13,309;0,22995406848047
1941;13,313;0,228429361364001
1942;13,318;0,21825335312742
1943;13,322;0,218298529634575
1944;13,326;0,218987471368683
1945;13,331;0,228790773421238
1946;13,335;0,212843466395653
1947;13,340;0,212832172268864
1948;13,344;0,197731924752429
