#"+EI TIC Scan 150C_1ml-min_7C-min_3.d "
#Point;X(Minutes);Y(Counts)
0;4,991;9,28664353369493
1;4,995;9,02555014045258
2;4,999;8,56553562187208
3;5,003;8,36063832538645
4;5,007;8,04927478660926
5;5,011;7,76153972283121
6;5,016;7,4609483580972
7;5,020;7,28078437497411
8;5,024;7,06486380481725
9;5,028;6,78885509366895
10;5,032;6,61373821306959
11;5,036;6,38586530061773
12;5,040;6,11814287719496
13;5,044;6,09750248776956
14;5,049;6,02290078827706
15;5,053;5,77175094030533
16;5,057;5,58063901339943
17;5,061;5,37754963423573
18;5,065;5,29722286322377
19;5,069;5,12886056261885
20;5,073;5,07193627694079
21;5,077;4,99756056711353
22;5,082;4,78583336074504
23;5,086;4,71522414533847
24;5,090;4,61614023211147
25;5,094;4,91555142859367
26;5,098;5,71093461039256
27;5,102;7,55224818285477
28;5,106;10,5645899806729
29;5,110;14,7915257893128
30;5,114;19,7957907164952
31;5,119;24,1190985623793
32;5,123;27,1753325751799
33;5,127;28,9100292455737
34;5,131;29,6996622458903
35;5,135;29,7016961528775
36;5,139;29,0116241550811
37;5,143;28,2751991659475
38;5,147;27,1221998938853
39;5,152;26,4081478816105
40;5,156;25,3462224446407
41;5,160;24,3456155368397
42;5,164;23,1364954979092
43;5,168;22,4702026348888
44;5,172;21,8196034986213
45;5,176;20,8366991145976
46;5,180;20,2320261002997
47;5,185;19,4150232405261
48;5,189;18,6624274353462
49;5,193;17,986216137018
50;5,197;17,2262128928108
51;5,201;16,70558292402
52;5,205;16,1820653095067
53;5,209;15,4709009429544
54;5,213;14,751801828156
55;5,218;14,1786920371035
56;5,222;13,8671778385495
57;5,226;13,2981358614713
58;5,230;12,6396019769576
59;5,234;12,2836180342766
60;5,238;11,9015950601672
61;5,242;11,432038755721
62;5,246;10,9080189419515
63;5,251;10,3957505907747
64;5,255;10,0218130246884
65;5,259;9,74080743094195
66;5,263;9,30766057256239
67;5,267;8,90816106434102
68;5,271;8,53756312330774
69;5,275;8,15697141707824
70;5,279;7,75794899815015
71;5,283;7,34747643618316
72;5,288;6,89828431157145
73;5,292;6,47636160656555
74;5,296;6,05941067419497
75;5,300;5,86199614662511
76;5,304;5,45611870785136
77;5,308;5,09915547662099
78;5,312;4,82304632562148
79;5,316;4,64177750413498
80;5,321;4,35025083597344
81;5,325;4,17294938861007
82;5,329;3,91547183001158
83;5,333;3,77098910403384
84;5,337;3,58602911801507
85;5,341;3,41174086618825
86;5,345;3,32639210261538
87;5,349;3,19617183551066
88;5,354;3,1152424253914
89;5,358;2,8936721136035
90;5,362;2,81065857657145
91;5,366;2,82534790481215
92;5,370;2,69590604655437
93;5,374;2,59185036069206
94;5,378;2,55963427841374
95;5,382;2,38524558673571
96;5,387;2,37560336101874
97;5,391;2,39629397036974
98;5,395;2,23860340395678
99;5,399;2,3225460096126
100;5,403;2,17859059285375
101;5,407;2,13482392768532
102;5,411;2,1363807453792
103;5,415;2,17916812199826
104;5,420;2,44653900594177
105;5,424;3,04292573251411
106;5,428;3,85937617310607
107;5,432;5,5461881444315
108;5,436;7,79636724124121
109;5,440;10,1671494894015
110;5,444;12,5680888028901
111;5,448;14,5684488797567
112;5,452;15,9030434028218
113;5,457;16,5054565204673
114;5,461;16,5519099516558
115;5,465;16,3282304029923
116;5,469;16,0795413313754
117;5,473;15,3602162269117
118;5,477;14,8548028955805
119;5,481;14,3238276221141
120;5,485;13,8435242535875
121;5,490;13,42579491237
122;5,494;12,8165016649161
123;5,498;12,2796506601535
124;5,502;11,8780670250193
125;5,506;11,4494650699074
126;5,510;10,7212008186852
127;5,514;10,2551850189944
128;5,518;10,0757994447183
129;5,523;9,57538299598517
130;5,527;9,11519270766504
131;5,531;8,74517229577628
132;5,535;8,49964707947278
133;5,539;8,21668290862761
134;5,543;7,74346054961189
135;5,547;7,58107442015446
136;5,551;7,22026936461499
137;5,556;6,99611272665822
138;5,560;6,62453549707557
139;5,564;6,45619830643345
140;5,568;6,05755253694743
141;5,572;5,81391056785428
142;5,576;5,64070204442806
143;5,580;5,4421826784948
144;5,584;5,1977371905919
145;5,589;4,96233128929866
146;5,593;4,72052234749025
147;5,597;4,37706827624876
148;5,601;4,07029986066482
149;5,605;3,95014868864475
150;5,609;3,7359355959586
151;5,613;3,54738488525877
152;5,617;3,34078011130242
153;5,621;3,19722645394845
154;5,626;2,98062791479587
155;5,630;2,84832352077837
156;5,634;2,71373412014565
157;5,638;2,59564196507556
158;5,642;2,45108390920941
159;5,646;2,29705939736591
160;5,650;2,3056721146079
161;5,654;2,15360617986317
162;5,659;2,1102161641368
163;5,663;1,98215535383327
164;5,667;2,01773617112741
165;5,671;1,88678771510136
166;5,675;1,92161523351135
167;5,679;1,81557586058748
168;5,683;1,75347892257167
169;5,687;1,71762189568669
170;5,692;1,72048443144641
171;5,696;1,63772199404241
172;5,700;1,61005081503173
173;5,704;1,65567561744771
174;5,708;1,609372846036
175;5,712;1,55119306221772
176;5,716;1,51264926931264
177;5,720;1,52086022714975
178;5,725;1,47069052146613
179;5,729;1,47606405350632
180;5,733;1,44193961405485
181;5,737;1,47312618785818
182;5,741;1,43051458097875
183;5,745;1,41562437303562
184;5,749;1,43528547391163
185;5,753;1,36590664668248
186;5,758;1,36173839285692
187;5,762;1,32939676076458
188;5,766;1,34961028082229
189;5,770;1,36633351605016
190;5,774;1,35767057888257
191;5,778;1,31787128783726
192;5,782;1,35500892282528
193;5,786;1,36603219649651
194;5,790;1,40063372524126
195;5,795;1,4079407244174
196;5,799;1,28959746971927
197;5,803;1,31357748419767
198;5,807;1,3349711725072
199;5,811;1,41331425645759
200;5,815;1,5761523652455
201;5,819;2,1374855837426
202;5,823;3,32857666937938
203;5,828;5,28291018442514
204;5,832;8,69871886458775
205;5,836;12,8353341370195
206;5,840;18,1538502487016
207;5,844;23,3532195868758
208;5,848;27,8175198739078
209;5,852;31,0622543774826
210;5,856;33,6345691871127
211;5,861;34,352011044366
212;5,865;34,1783003216837
213;5,869;33,5708652114774
214;5,873;32,4290147629004
215;5,877;31,0300885151299
216;5,881;29,6723928262845
217;5,885;28,3877671292006
218;5,889;27,1825893544304
219;5,894;25,757297645715
220;5,898;24,6759622074972
221;5,902;23,5757942971759
222;5,906;22,4772836443997
223;5,910;21,1747545438361
224;5,914;20,4090513380723
225;5,918;19,0794034776796
226;5,922;18,1317785913964
227;5,927;17,2688244996903
228;5,931;16,2269619230013
229;5,935;15,508867206715
230;5,939;14,5528053729294
231;5,943;13,8105799823879
232;5,947;13,1343937940225
233;5,951;12,444723555631
234;5,955;11,6766349034007
235;5,959;11,1145232760567
236;5,964;10,5108044403454
237;5,968;9,81548446032287
238;5,972;9,19298337243373
239;5,976;8,405032739625
240;5,980;7,85843906929421
241;5,984;7,39995625844479
242;5,988;6,74988443139619
243;5,992;6,26131988510685
244;5,997;5,60753178356317
245;6,001;5,33446093806301
246;6,005;4,76202911600627
247;6,009;4,41403014149715
248;6,013;4,12318144233133
249;6,017;3,84114634010993
250;6,021;3,51521902290606
251;6,025;3,21337216003182
252;6,030;3,01141272919432
253;6,034;2,77643369726876
254;6,038;2,62024972862408
255;6,042;2,44937643173869
256;6,046;2,28739206168614
257;6,050;2,12362488427446
258;6,054;2,12450373297262
259;6,058;1,98481700989056
260;6,063;1,86793013303509
261;6,067;1,7367556873438
262;6,071;1,66833103870123
263;6,075;1,60487816269398
264;6,079;1,53462048676667
265;6,083;1,53175795100695
266;6,087;1,38268010183597
267;6,091;1,34463850818698
268;6,096;1,31161890709891
269;6,100;1,25903864498606
270;6,104;1,18782679047218
271;6,108;1,20791476071586
272;6,112;1,22021864249012
273;6,116;1,1035577552999
274;6,120;1,086708970258
275;6,124;1,09075167426954
276;6,128;1,08648298059276
277;6,133;1,01190639106306
278;6,137;0,988855445208429
279;6,141;0,948327965241785
280;6,145;0,923042232697541
281;6,149;0,909934832113533
282;6,153;0,94574163907291
283;6,157;0,925854548531657
284;6,161;0,93735491149617
285;6,166;0,900694365801436
286;6,170;0,92695938689506
287;6,174;0,851127299225132
288;6,178;0,86935713222128
289;6,182;0,854040054910467
290;6,186;0,862276122710379
291;6,190;0,841811503024621
292;6,194;0,87033642077066
293;6,199;0,815019172712099
294;6,203;0,819564075979734
295;6,207;0,7981452777074
296;6,211;0,780392534004539
297;6,215;0,777253788653963
298;6,219;0,7758225207741
299;6,223;0,717517187141791
300;6,227;0,749055300424384
301;6,232;0,769143270668073
302;6,236;0,7654772160986
303;6,240;0,760354783686459
304;6,244;0,710812827072959
305;6,248;0,753851303320064
306;6,252;0,721559891153333
307;6,256;0,712319424841236
308;6,260;0,711515906031488
309;6,265;0,727962931668509
310;6,269;0,706920782838244
311;6,273;0,72823914125936
312;6,277;0,667121491792934
313;6,281;0,722639619553932
314;6,285;0,724648416578301
315;6,289;0,755332791125537
316;6,293;0,867473885010934
317;6,297;1,18222726876675
318;6,302;1,67202220323351
319;6,306;2,63699807381475
320;6,310;4,43620223865362
321;6,314;6,46616696166688
322;6,318;9,25319706323919
323;6,322;12,1262790073429
324;6,326;14,5172245556353
325;6,330;16,6616655990747
326;6,335;18,1756708063788
327;6,339;18,9453413862658
328;6,343;19,2680546282307
329;6,347;19,076013632701
330;6,351;18,5934252575592
331;6,355;17,7861901733165
332;6,359;17,1011401680811
333;6,363;16,3446272087037
334;6,368;15,2350932822563
335;6,372;14,474462288979
336;6,376;13,6313450678886
337;6,380;12,8853531829263
338;6,384;11,9980424272998
339;6,388;11,5219826424871
340;6,392;10,8905172978767
341;6,396;10,1355360462305
342;6,401;9,53729118241057
343;6,405;8,87993746614863
344;6,409;8,2460364551462
345;6,413;7,93482357614584
346;6,417;7,2682545035346
347;6,421;6,80487524993829
348;6,425;6,42692008980327
349;6,429;5,81745107260973
350;6,434;5,44173069916432
351;6,438;5,01343006360605
352;6,442;4,67145748017003
353;6,446;4,24330750438859
354;6,450;3,92513916569135
355;6,454;3,55938744747937
356;6,458;3,274263819833
357;6,462;3,06095468580782
358;6,466;2,71950941159071
359;6,471;2,52900012379212
360;6,475;2,35561583062627
361;6,479;2,19390767016457
362;6,483;1,98182892431681
363;6,487;1,8086204008906
364;6,491;1,70554400357767
365;6,495;1,51794747146441
366;6,499;1,45773378065895
367;6,504;1,43897663844391
368;6,508;1,28889439076074
369;6,512;1,2467347632118
370;6,516;1,14127291943242
371;6,520;1,10878062756326
372;6,524;1,07935175115625
373;6,528;0,981899985511552
374;6,532;0,963092623370897
375;6,537;0,938384419971159
376;6,541;0,870361530733465
377;6,545;0,835835331877123
378;6,549;0,803142160305518
379;6,553;0,803142160305518
380;6,557;0,769645469924165
381;6,561;0,753349104063972
382;6,565;0,762238030896805
383;6,570;0,718973564984458
384;6,574;0,698107185893826
385;6,578;0,722539179702713
386;6,582;0,729745739027637
387;6,586;0,720932142083218
388;6,590;0,692683433928029
389;6,594;0,683719177206783
390;6,598;0,682036809698874
391;6,603;0,676110858476985
392;6,607;0,649795617457752
393;6,611;0,658157235071688
394;6,615;0,673047443014823
395;6,619;0,664987144954542
396;6,623;0,600303880769861
397;6,627;0,662124609194816
398;6,631;0,630636715837833
399;6,635;0,553900669506938
400;6,640;0,485049151496692
401;6,644;0,516637484704894
402;6,648;0,537328094055894
403;6,652;0,517742323068297
404;6,656;0,529744885288901
405;6,660;0,545112182525324
406;6,664;0,459436989435988
407;6,668;0,526380150273083
408;6,673;0,542676516133277
409;6,677;0,491879061379546
410;6,681;0,452129990259845
411;6,685;0,450824272194006
412;6,689;0,465538710397508
413;6,693;0,458131271370148
414;6,697;0,434753895999054
415;6,701;0,464860741401784
416;6,706;0,376498782292354
417;6,710;0,452958619032398
418;6,714;0,484320962575358
419;6,718;0,409443053492005
420;6,722;0,425111670282083
421;6,726;0,425739419352198
422;6,730;0,375494383780169
423;6,734;0,40293957312561
424;6,739;0,403090232902438
425;6,743;0,36863936393451
426;6,747;0,364671989811381
427;6,751;0,379235768238057
428;6,755;0,368463594194878
429;6,759;0,387999145256866
430;6,763;0,439273689303884
431;6,767;0,393071357743398
432;6,772;0,388200024959303
433;6,776;0,4023369340183
434;6,780;0,383303582212404
435;6,784;0,392016739305604
436;6,788;0,384107101022151
437;6,792;0,381370115076449
438;6,796;0,398721099374436
439;6,800;0,397666480936642
440;6,804;0,378959558647206
441;6,809;0,386266557823348
442;6,813;0,360453516060207
443;6,817;0,363115172117496
444;6,821;0,366906776500992
445;6,825;0,347546995178636
446;6,829;0,391539650012316
447;6,833;0,353824485879789
448;6,837;0,397566041085423
449;6,842;0,497754792675826
450;6,846;0,611377374366695
451;6,850;0,958849039656918
452;6,854;1,79380552283588
453;6,858;3,32885287897023
454;6,862;5,75005593244215
455;6,866;9,52985863342041
456;6,870;14,5299050868516
457;6,875;20,4935463629098
458;6,879;26,8054628230679
459;6,883;32,9055265270436
460;6,887;37,8717498605769
461;6,891;40,6451703623091
462;6,895;43,1115462388666
463;6,899;43,1981756105425
464;6,903;42,7181735615695
465;6,908;41,4206915635296
466;6,912;39,5524601109408
467;6,916;37,6241154073978
468;6,920;35,4583057856116
469;6,924;33,0150059648717
470;6,928;31,036366005831
471;6,932;29,270859411076
472;6,936;27,1739515272256
473;6,941;25,2076154499592
474;6,945;23,241128712916
475;6,949;21,3596894198921
476;6,953;19,8238887648736
477;6,957;18,370348348003
478;6,961;16,4974966622582
479;6,965;15,1933354141123
480;6,969;13,7607367062207
481;6,973;12,5798904854082
482;6,978;11,3955790897287
483;6,982;10,0164143826854
484;6,986;9,1084130177078
485;6,990;8,02682647986193
486;6,994;7,22519091732469
487;6,998;6,28083032620604
488;7,002;5,59758823829254
489;7,006;4,91394439097417
490;7,011;4,40323285749117
491;7,015;3,89141648564476
492;7,019;3,51677584059995
493;7,023;3,05877011904382
494;7,027;2,7145627489182
495;7,031;2,39993491497641
496;7,035;2,18617380162075
497;7,039;1,98019677673451
498;7,044;1,75955553357039
499;7,048;1,66807993907319
500;7,052;1,41939086745631
501;7,056;1,36660972564101
502;7,060;1,26149942134091
503;7,064;1,17519647918146
504;7,068;1,045327751556
505;7,072;0,999602509288803
506;7,077;0,942025364577827
507;7,081;0,855998632009226
508;7,085;0,884172010276001
509;7,089;0,831164878795465
510;7,093;0,776500489769825
511;7,097;0,710511507519304
512;7,101;0,630737155689051
513;7,105;0,666569072611233
514;7,110;0,63693931650179
515;7,114;0,608539948569774
516;7,118;0,61820728424955
517;7,122;0,570146815441522
518;7,126;0,498859631039229
519;7,130;0,514578467754916
520;7,134;0,538834691824171
521;7,138;0,526455480161497
522;7,142;0,598922832815608
523;7,147;0,562011187492828
524;7,151;0,615394968415433
525;7,155;0,61559584811787
526;7,159;0,613009521948995
527;7,163;0,577403594692055
528;7,167;0,591741383453489
529;7,171;0,646330442590715
530;7,175;0,664710935363692
531;7,180;0,64504983448768
532;7,184;0,66252636859969
533;7,188;0,625514283425692
534;7,192;0,617378655476998
535;7,196;0,604723234223473
536;7,200;0,603869495488116
537;7,204;0,575520347481709
538;7,208;0,528188067595015
539;7,213;0,520981508270092
540;7,217;0,51982644998108
541;7,221;0,493536318924651
542;7,225;0,493310329259409
543;7,229;0,478846990683953
544;7,233;0,396059443317147
545;7,237;0,411753170070029
546;7,241;0,441282486328253
547;7,246;0,405626339145704
548;7,250;0,395281034470204
549;7,254;0,369819532186327
550;7,258;0,39226783893365
551;7,262;0,430058332954591
552;7,266;0,444069692199565
553;7,270;0,459662979101229
554;7,274;0,477767262283354
555;7,279;0,482688814993058
556;7,283;0,500541998547138
557;7,287;0,518621171766458
558;7,291;0,522588545889587
559;7,295;0,518721611617677
560;7,299;0,476461544217515
561;7,303;0,47741572280409
562;7,307;0,501270187468471
563;7,312;0,393422897222662
564;7,316;0,528815816665131
565;7,320;0,515758636006733
566;7,324;0,546894989884452
567;7,328;0,634830079626203
568;7,332;0,830587349650959
569;7,336;1,26323200877443
570;7,340;2,12000904963059
571;7,344;3,27024622578427
572;7,349;5,00235657000921
573;7,353;7,34888259410021
574;7,357;10,1424915059273
575;7,361;13,0372433479314
576;7,365;15,6843858467192
577;7,369;17,9982438092014
578;7,373;19,9107441262147
579;7,377;21,1396005959096
580;7,382;21,3208694173961
581;7,386;21,3112020817164
582;7,390;20,6894040727857
583;7,394;19,6750871252934
584;7,398;18,8144431501654
585;7,402;17,8038926970937
586;7,406;16,508570155855
587;7,410;15,3330472471571
588;7,415;14,2606760656605
589;7,419;12,9843617662649
590;7,423;12,1391855282245
591;7,427;11,2578258337826
592;7,431;10,0052906691629
593;7,435;9,15017088585187
594;7,439;8,29964622573405
595;7,443;7,53467120889154
596;7,448;6,79586077329144
597;7,452;6,04188392015735
598;7,456;5,35783831343411
599;7,460;4,72057256741586
600;7,464;4,19971660895979
601;7,468;3,78429738432028
602;7,472;3,56337993156531
603;7,476;3,55780551982268
604;7,481;3,76034247980468
605;7,485;4,60052183524701
606;7,489;6,08366689826422
607;7,493;8,02592252120097
608;7,497;10,9912584686488
609;7,501;14,0297397377465
610;7,505;17,3361192000066
611;7,509;19,9263374131164
612;7,513;22,4434103045763
613;7,518;23,9174655610583
614;7,522;24,6713168643783
615;7,526;24,817858607306
616;7,530;24,5716805319696
617;7,534;23,5301946047227
618;7,538;22,4014515567298
619;7,542;21,0045089960208
620;7,546;19,3351986687702
621;7,551;17,835606580116
622;7,555;16,530415823495
623;7,559;15,0552557286497
624;7,563;13,6972336102879
625;7,567;12,61589817207
626;7,571;11,542171052582
627;7,575;10,3612495018811
628;7,579;9,05914727068515
629;7,584;8,18840909050961
630;7,588;7,26740076479925
631;7,592;6,32826304594395
632;7,596;5,56572369549349
633;7,600;4,94254463860863
634;7,604;4,30153750813249
635;7,608;3,74075670881709
636;7,612;3,26617841180992
637;7,617;2,8316253955133
638;7,621;2,59709834291822
639;7,625;2,18725353002135
640;7,629;1,93728385030143
641;7,633;1,73537463938955
642;7,637;1,54416227263243
643;7,641;1,36151240319168
644;7,645;1,23360225266498
645;7,650;1,19463159039223
646;7,654;1,02197548614771
647;7,658;0,930926761018189
648;7,662;0,883343381503449
649;7,666;0,807159754354256
650;7,670;0,790310969312361
651;7,674;0,693009863444489
652;7,678;0,652432163552236
653;7,682;0,675031130076387
654;7,687;0,603995045302139
655;7,691;0,562613826600139
656;7,695;0,583103556248702
657;7,699;0,515984625671974
658;7,703;0,511012853036661
659;7,707;0,519324250724987
660;7,711;0,472042190763903
661;7,715;0,439976768262413
662;7,720;0,444396121716025
663;7,724;0,43402570707772
664;7,728;0,378859118795987
665;7,732;0,36831293441805
666;7,736;0,447710636806234
667;7,740;0,300541144808402
668;7,744;0,321507963750253
669;7,748;0,328212323819085
670;7,753;0,345739077856704
671;7,757;0,333585855859272
672;7,761;0,24532433660106
673;7,765;0,315908442044825
674;7,769;0,282537301477495
675;7,773;0,264357688406956
676;7,777;0,261721142312472
677;7,781;0,268099072864843
678;7,786;0,244746807456554
679;7,790;0,224784387026887
680;7,794;0,239649485007218
681;7,798;0,239649485007218
682;7,802;0,232292265905467
683;7,806;0,250848528418075
684;7,810;0,176171499037158
685;7,814;0,21391177313249
686;7,819;0,202110090614323
687;7,823;0,191388136496753
688;7,827;0,227094503604912
689;7,831;0,178280735912746
690;7,835;0,214388862425778
691;7,839;0,192769184451007
692;7,843;0,158544305148321
693;7,847;0,152869453554478
694;7,851;0,205625485406968
695;7,856;0,184482896725485
696;7,860;0,150308237348408
697;7,864;0,147696801216728
698;7,868;0,148650979803304
699;7,872;0,171651705732328
700;7,876;0,161356620982437
701;7,880;0,134212751190652
702;7,884;0,18418157717183
703;7,889;0,13659819765709
704;7,893;0,143227227837507
705;7,897;0,133534782194927
706;7,901;0,130797796249224
707;7,905;0,121306230309081
708;7,909;0,118669684214597
709;7,913;0,146541742927716
710;7,917;0,115556048826825
711;7,922;0,086353162085061
712;7,926;0,0977279752355503
713;7,930;0,0931077420795017
714;7,934;0,0764598367400438
715;7,938;0,113070162509168
716;7,942;0,0847712344283705
717;7,946;0,103252167052565
718;7,950;0,14465849571737
719;7,955;0,11748951596278
720;7,959;0,137401716466837
721;7,963;0,0954931885459398
722;7,967;0,0777655548058837
723;7,971;0,115355169124388
724;7,975;0,111839774331742
725;7,979;0,106918221622038
726;7,983;0,0920029037160987
727;7,988;0,136020668512584
728;7,992;0,117389076111562
729;7,996;0,145210914899072
730;8,000;0,277565528842182
731;8,004;0,566731860500095
732;8,008;0,950160992526522
733;8,012;1,73125660548959
734;8,016;2,98123055390318
735;8,020;4,87818780394041
736;8,025;7,28623323690271
737;8,029;10,4046395176075
738;8,033;13,5754754006483
739;8,037;16,9866638476548
740;8,041;19,8909574755247
741;8,045;21,8613613667654
742;8,049;23,3988946092174
743;8,053;24,0781693230078
744;8,058;24,034578427579
745;8,062;23,3686119940751
746;8,066;22,3411876459987
747;8,070;20,7023357036301
748;8,074;19,4897504898326
749;8,078;17,8772640084088
750;8,082;16,5107045026934
751;8,086;14,6322281852804
752;8,091;13,2400062975787
753;8,095;11,9183685153207
754;8,099;10,7707176653359
755;8,103;9,53621145400997
756;8,107;8,44415406167459
757;8,111;7,18207711118918
758;8,115;6,34907920510897
759;8,119;5,49097133622416
760;8,124;4,73593986465228
761;8,128;4,05500789331681
762;8,132;3,5262925165029
763;8,136;3,06389255145596
764;8,140;2,68940256618798
765;8,144;2,46645120644583
766;8,148;2,28139078057584
767;8,152;2,39448605304781
768;8,157;3,06291326290658
769;8,161;4,40145005013204
770;8,165;7,05532201895149
771;8,169;11,443212689169
772;8,173;17,7070686805192
773;8,177;26,3087375388671
774;8,181;35,9538760115235
775;8,185;47,0852982925476
776;8,189;57,8883826999387
777;8,194;68,0734607027827
778;8,198;76,2871304158737
779;8,202;81,3970078466123
780;8,206;83,7510417495819
781;8,210;83,1183711267569
782;8,214;81,5297893299231
783;8,218;76,9814208874212
784;8,222;71,9094595005176
785;8,227;66,7509691817894
786;8,231;60,3454427802956
787;8,235;54,5936040404943
788;8,239;48,7546086197983
789;8,243;43,3083079074035
790;8,247;38,167068133122
791;8,251;33,6010724967313
792;8,255;29,1286114717878
793;8,260;25,0640115726797
794;8,264;21,51635047783
795;8,268;18,1524943107102
796;8,272;15,7564514399685
797;8,276;13,2862086291392
798;8,280;11,5116624477744
799;8,284;9,74043078149988
800;8,288;8,33550325261903
801;8,293;7,25052686979455
802;8,297;6,13599606074904
803;8,301;5,41782601457432
804;8,305;4,75748421273864
805;8,309;4,14686013725608
806;8,313;3,71009744423266
807;8,317;3,29284519230842
808;8,321;3,04325216203057
809;8,326;2,63305580965443
810;8,330;2,48129119446335
811;8,334;2,29171097528853
812;8,338;2,08181679620478
813;8,342;1,90027176512743
814;8,346;1,78916017971703
815;8,350;1,63325242066319
816;8,354;1,52141264633145
817;8,358;1,47335217752342
818;8,363;1,32259196084453
819;8,367;1,28444992734432
820;8,371;1,18840431961668
821;8,375;1,11081453455043
822;8,379;1,10144851842431
823;8,383;0,995082715983973
824;8,387;0,980292947892056
825;8,391;0,948503734981417
826;8,396;0,926683177304209
827;8,400;0,863431180999392
828;8,404;0,793525044551352
829;8,408;0,79591049101779
830;8,412;0,751993166072523
831;8,416;0,701095271467574
832;8,420;0,653537001915639
833;8,424;0,693361402923754
834;8,429;0,616198487225181
835;8,433;0,661095100719827
836;8,437;0,611653583957546
837;8,441;0,600103001067425
838;8,445;0,540065080001597
839;8,449;0,537528973758331
840;8,453;0,520604858828023
841;8,457;0,488664986140556
842;8,462;0,480529358191862
843;8,466;0,471288891879764
844;8,470;0,479801169270528
845;8,474;0,527635648413314
846;8,478;0,396913182052503
847;8,482;0,461646666162793
848;8,486;0,421922705005897
849;8,490;0,433272408193582
850;8,495;0,394904385028134
851;8,499;0,390836571053787
852;8,503;0,376825211808814
853;8,507;0,349154032798131
854;8,511;0,374289105565548
855;8,515;0,35502976409441
856;8,519;0,379135328386838
857;8,523;0,364169790555289
858;8,527;0,370246401554005
859;8,532;0,322010163006346
860;8,536;0,291677327938374
861;8,540;0,271790237397121
862;8,544;0,288036383331705
863;8,548;0,24793577273274
864;8,552;0,235380791330434
865;8,556;0,263905709076473
866;8,560;0,242185591250484
867;8,565;0,216096339896492
868;8,569;0,201256351878966
869;8,573;0,178707605280424
870;8,577;0,198092496565585
871;8,581;0,220314813647667
872;8,585;0,214187982723341
873;8,589;0,236912499061515
874;8,593;0,251652047227822
875;8,598;0,229680829773787
876;8,602;0,227948242340269
877;8,606;0,213007814471524
878;8,610;0,232191826054248
879;8,614;0,258255967445435
880;8,618;0,296297561094423
881;8,622;0,428275525595464
882;8,626;0,826243326085761
883;8,631;1,34325746023272
884;8,635;2,35764973761344
885;8,639;3,78148506848617
886;8,643;5,97396147077087
887;8,647;8,84596368647399
888;8,651;12,1183693690595
889;8,655;15,5664694613888
890;8,659;19,0799558968613
891;8,664;22,1432206992472
892;8,668;24,5187738403403
893;8,672;25,8516106660091
894;8,676;26,6706223228072
895;8,680;26,3616191205336
896;8,684;25,5239758713345
897;8,688;24,0338251286948
898;8,692;22,1126367645512
899;8,696;20,1797722677033
900;8,701;18,2526579523378
901;8,705;16,3255938568978
902;8,709;14,531009925215
903;8,713;12,5185217363138
904;8,717;11,0999343876672
905;8,721;9,55881042053412
906;8,725;8,14170455969304
907;8,729;6,96743714913535
908;8,734;5,93843087340235
909;8,738;5,13209974782064
910;8,742;4,29875030226118
911;8,746;3,77226971213688
912;8,750;3,23589579666756
913;8,754;2,8441552669528
914;8,758;2,47581722257195
915;8,762;2,16671358044717
916;8,767;1,94825690404705
917;8,771;1,80980056914242
918;8,775;1,59340290969227
919;8,779;1,48721287699157
920;8,783;1,2995912349155
921;8,787;1,11626339647903
922;8,791;1,08839133776591
923;8,795;1,0251895613867
924;8,800;0,909608402597073
925;8,804;0,783380619578288
926;8,808;0,712997393836961
927;8,812;0,702225219793782
928;8,816;0,645175384301703
929;8,820;0,557918263555676
930;8,824;0,506166630215371
931;8,828;0,463052824079852
932;8,833;0,444496561567243
933;8,837;0,442512874505679
934;8,841;0,405023700038393
935;8,845;0,389957722355626
936;8,849;0,368940683488166
937;8,853;0,309254301901603
938;8,857;0,343177861650634
939;8,861;0,340742195258586
940;8,865;0,320352905461241
941;8,870;0,334916683887916
942;8,874;0,404772600410347
943;8,878;0,591666053565075
944;8,882;0,950186102489326
945;8,886;1,62810487828824
946;8,890;2,82886329960479
947;8,894;4,73614074435472
948;8,898;7,49082921383469
949;8,903;10,7500772759105
950;8,907;14,8280858951564
951;8,911;19,1351727050687
952;8,915;23,1542984615377
953;8,919;26,501908482723
954;8,923;28,948799028144
955;8,927;30,7084801115284
956;8,931;30,7668356650863
957;8,936;30,2520312076662
958;8,940;29,1664521857344
959;8,944;27,0884018839503
960;8,948;24,9769051117105
961;8,952;22,4813012384485
962;8,956;20,3091890159983
963;8,960;17,7214315792434
964;8,964;15,5155213468582
965;8,969;13,4329010318437
966;8,973;11,252376971854
967;8,977;9,82711037310141
968;8,981;8,19963324388328
969;8,985;6,98594319172235
970;8,989;5,92898952738781
971;8,993;5,02257009006693
972;8,997;4,26093469827743
973;9,002;3,69774334253279
974;9,006;3,11343450806946
975;9,010;2,76448135497377
976;9,014;2,4940721655309
977;9,018;2,13896707154808
978;9,022;1,88309655056908
979;9,026;1,69550001845582
980;9,030;1,50772771660293
981;9,034;1,39182012829684
982;9,039;1,25620121918913
983;9,043;1,10729913975778
984;9,047;1,03415381810795
985;9,051;1,01145441173258
986;9,055;0,873374726270018
987;9,059;0,803167270268323
988;9,063;0,778358627017366
989;9,067;0,694014261956674
990;9,072;0,664108296256381
991;9,076;0,624936754281186
992;9,080;0,559173761695907
993;9,084;0,478646110981516
994;9,088;0,509330485528752
995;9,092;0,479273860051631
996;9,096;0,461546226311575
997;9,100;0,404521500782301
998;9,105;0,382399623551438
999;9,109;0,356109492495009
1000;9,113;0,332355467681846
1001;9,117;0,329216722331269
1002;9,121;0,317339709924688
1003;9,125;0,341169064626265
1004;9,129;0,274502113380019
1005;9,133;0,283064610696392
1006;9,138;0,292405516859708
1007;9,142;0,30423230934068
1008;9,146;0,201407011655794
1009;9,150;0,246906264257751
1010;9,154;0,208337361389867
1011;9,158;0,18059085249077
1012;9,162;0,204169107564301
1013;9,166;0,157539906636136
1014;9,171;0,153145663145329
1015;9,175;0,1867427933779
1016;9,179;0,18543707531206
1017;9,183;0,15309544321972
1018;9,187;0,179963103420655
1019;9,191;0,171149506476236
1020;9,195;0,158067215855033
1021;9,199;0,171927915323179
1022;9,203;0,13273126338518
1023;9,208;0,162913438676323
1024;9,212;0,193170943855881
1025;9,216;0,146064653634429
1026;9,220;0,117866165404849
1027;9,224;0,132505273719938
1028;9,228;0,139536063305229
1029;9,232;0,16507289547752
1030;9,236;0,159448263809287
1031;9,241;0,137351496541228
1032;9,245;0,147621471328315
1033;9,249;0,133359012455295
1034;9,253;0,137627706132079
1035;9,257;0,133961651562606
1036;9,261;0,121984199304806
1037;9,265;0,131249775579707
1038;9,269;0,136673527545504
1039;9,274;0,076836486182113
1040;9,278;0,0911240550179373
1041;9,282;0,0963971472069058
1042;9,286;0,0860016226057964
1043;9,290;0,0866042617131071
1044;9,294;0,073471751166295
1045;9,298;0,0916011443112249
1046;9,302;0,0662400818785667
1047;9,307;0,0904460860222128
1048;9,311;0,0723920227656967
1049;9,315;0,0795734721278157
1050;9,319;0,0767611562936992
1051;9,323;0,0748276891577441
1052;9,327;0,0296297561094423
1053;9,331;0,0588577528140108
1054;9,335;0,0151413075711811
1055;9,340;0,0646832641846808
1056;9,344;0
1057;9,348;0,0862778321966472
1058;9,352;0,0337728999722033
1059;9,356;0,0801510012723218
1060;9,360;0,124244095957221
1061;9,364;0,225914335353095
1062;9,368;0,491853951416742
1063;9,372;0,87812050924009
1064;9,377;1,7373081065255
1065;9,381;3,03436323519774
1066;9,385;5,00461646666163
1067;9,389;7,72307125981454
1068;9,393;11,3038272856406
1069;9,397;15,0497566467955
1070;9,401;19,1547835860191
1071;9,405;23,0370851551658
1072;9,410;26,2740104603083
1073;9,414;28,8861747809093
1074;9,418;30,241384583437
1075;9,422;30,4412347773989
1076;9,426;29,2762580530789
1077;9,430;28,1006347045298
1078;9,434;25,9852458880553
1079;9,438;23,42837370555
1080;9,443;20,5646577775724
1081;9,447;18,1216843863489
1082;9,451;15,587260510591
1083;9,455;13,2959261847445
1084;9,459;11,4330180442704
1085;9,463;9,51361248748582
1086;9,467;8,01931860098336
1087;9,471;6,67272151569762
1088;9,476;5,72062705603514
1089;9,480;4,76225510567151
1090;9,484;4,11552290367592
1091;9,488;3,57897321846697
1092;9,492;3,06806080528153
1093;9,496;2,59654592373652
1094;9,500;2,34539607576479
1095;9,504;2,01796216079265
1096;9,509;1,76329691802828
1097;9,513;1,57529862651014
1098;9,517;1,47064030154052
1099;9,521;1,33579980127975
1100;9,525;1,222804968659
1101;9,529;1,07174343242645
1102;9,533;0,959627448503861
1103;9,537;0,917844470396986
1104;9,541;0,798521927149469
1105;9,546;0,733336463708696
1106;9,550;0,699789553401735
1107;9,554;0,661396420273483
1108;9,558;0,621295809674517
1109;9,562;0,504986461963554
1110;9,566;0,555959686456917
1111;9,570;0,470485373070017
1112;9,574;0,485224921236324
1113;9,579;0,430234102694224
1114;9,583;0,371677669433868
1115;9,587;0,371049920363753
1116;9,591;0,344759789307324
1117;9,595;0,338658068345803
1118;9,599;0,299335866593781
1119;9,603;0,287283084447567
1120;9,607;0,253284194810122
1121;9,612;0,218080026958056
1122;9,616;0,298984327114516
1123;9,620;0,343956270497577
1124;9,624;0,412129819512098
1125;9,628;0,629782977102476
1126;9,632;1,26433684713783
1127;9,636;2,25316718238345
1128;9,640;4,08466275938905
1129;9,645;7,11616345882707
1130;9,649;11,6590328194747
1131;9,653;17,6580791430874
1132;9,657;25,3201331932867
1133;9,661;34,2148855374901
1134;9,665;44,3035663931271
1135;9,669;54,0957236980045
1136;9,673;61,6013175699683
1137;9,678;67,3709090534724
1138;9,682;71,0846474423117
1139;9,686;72,1190021401221
1140;9,690;70,2418566507377
1141;9,694;65,9341169817925
1142;9,698;59,9763765469934
1143;9,702;54,1123967133068
1144;9,706;47,285223816398
1145;9,710;40,3892245114417
1146;9,715;33,9216011719322
1147;9,719;28,5341079924258
1148;9,723;23,7902835994529
1149;9,727;19,7490108557902
1150;9,731;16,4573207217708
1151;9,735;13,8303415231151
1152;9,739;11,5334076755632
1153;9,743;9,78002919284276
1154;9,748;8,35398418524323
1155;9,752;7,11420488172831
1156;9,756;6,21913514759511
1157;9,760;5,43351974132721
1158;9,764;4,86799315904173
1159;9,768;4,18816602606967
1160;9,772;3,86557833391881
1161;9,776;3,41169064626265
1162;9,781;3,1277722968309
1163;9,785;2,87815415659025
1164;9,789;2,71790237397121
1165;9,793;2,56422940160699
1166;9,797;2,48628807706147
1167;9,801;2,28822069045869
1168;9,805;2,27664499760577
1169;9,809;2,09454754734672
1170;9,814;2,01786172094143
1171;9,818;1,90014621531341
1172;9,822;1,82614715492822
1173;9,826;1,80244335004067
1174;9,830;1,69082956537416
1175;9,834;1,59993150002147
1176;9,838;1,50780304649135
1177;9,842;1,3246258678317
1178;9,847;1,31513430189156
1179;9,851;1,20336985744823
1180;9,855;1,148780798311
1181;9,859;0,996187554347376
1182;9,863;0,932157149195615
1183;9,867;0,931228080571844
1184;9,871;0,853060766361087
1185;9,875;0,800380064397011
1186;9,879;0,798923686554343
1187;9,884;0,685476874603106
1188;9,888;0,701497030872448
1189;9,892;0,660768671203367
1190;9,896;0,597290685233308
1191;9,900;0,621973778670242
1192;9,904;0,581345858852379
1193;9,908;0,530372634359017
1194;9,912;0,603919715413726
1195;9,917;0,833851644815559
1196;9,921;1,24482640603864
1197;9,925;1,99111961055452
1198;9,929;3,09914693923364
1199;9,933;5,01764853735722
1200;9,937;7,77241233672561
1201;9,941;11,3197470020588
1202;9,945;15,5348560182178
1203;9,950;20,1857986587764
1204;9,954;24,7427547085575
1205;9,958;28,8533811694865
1206;9,962;32,1828869074896
1207;9,966;33,8050407245932
1208;9,970;34,0791912984939
1209;9,974;33,7064590106223
1210;9,978;31,8387046473268
1211;9,983;29,231913858766
1212;9,987;26,2506330849372
1213;9,991;23,1041036458913
1214;9,995;20,1882343251685
1215;9,999;17,053983657934
1216;10,003;14,3405257473792
1217;10,007;11,9309988266114
1218;10,011;10,0105386513891
1219;10,016;8,49284227955273
1220;10,020;7,09522174984802
1221;10,024;5,94438193458704
1222;10,028;5,25498790578642
1223;10,032;4,34193943828511
1224;10,036;3,82834025907957
1225;10,040;3,30138257966198
1226;10,044;2,98911508222383
1227;10,048;2,66148028754925
1228;10,053;2,34228244037702
1229;10,057;2,24683947175669
1230;10,061;2,13113276315304
1231;10,065;2,27114591575156
1232;10,069;2,80109168074289
1233;10,073;3,78038023012277
1234;10,077;5,50955270869957
1235;10,081;8,68227183895073
1236;10,086;13,2211487155124
1237;10,090;19,339718462075
1238;10,094;27,2976683139639
1239;10,098;36,3632186251643
1240;10,102;45,8653307496856
1241;10,106;55,3604120846216
1242;10,110;63,412750286693
1243;10,114;68,5997153032417
1244;10,119;71,1881004890667
1245;10,123;70,7780547964674
1246;10,127;67,4812422300359
1247;10,131;62,0662034213329
1248;10,135;56,2177415446595
1249;10,139;48,7955629691326
1250;10,143;42,0801294067043
1251;10,147;35,5741129340665
1252;10,152;30,0557717383853
1253;10,156;25,008192125365
1254;10,160;20,9226505172778
1255;10,164;17,5472688772306
1256;10,168;14,76079119484
1257;10,172;12,364145684991
1258;10,176;10,3338545324613
1259;10,180;9,10607779116697
1260;10,185;7,62421333625279
1261;10,189;6,8196147981046
1262;10,193;5,86910226609881
1263;10,197;5,28260886487149
1264;10,201;4,63384275588873
1265;10,205;4,26394789381399
1266;10,209;3,78444804409711
1267;10,213;3,525765207284
1268;10,217;3,17455215753589
1269;10,222;2,88274927978349
1270;10,226;2,63006772408068
1271;10,230;2,42579817666516
1272;10,234;2,31335576322611
1273;10,238;2,13477370775971
1274;10,242;1,95581500285124
1275;10,246;1,87074244886921
1276;10,250;1,67701908583163
1277;10,255;1,62536789234254
1278;10,259;1,56010709901335
1279;10,263;1,44919639330538
1280;10,267;1,38157526347256
1281;10,271;1,22664679296811
1282;10,275;1,23382824233022
1283;10,279;1,11269778176078
1284;10,283;1,12798974910878
1285;10,288;1,06724874908443
1286;10,292;1,02021778875139
1287;10,296;0,968340605597061
1288;10,300;0,955308534901467
1289;10,304;0,875132423666341
1290;10,308;0,835006703104571
1291;10,312;0,739965493889114
1292;10,316;0,771804926725362
1293;10,321;0,682915658397035
1294;10,325;0,727159412858762
1295;10,329;0,64504983448768
1296;10,333;0,62631780223544
1297;10,337;0,612582652581317
1298;10,341;0,617730194956262
1299;10,345;0,545664601707025
1300;10,349;0,551992312333788
1301;10,354;0,54373113457107
1302;10,358;0,472820599610846
1303;10,362;0,476712643845561
1304;10,366;0,440579407369724
1305;10,370;0,487283938186302
1306;10,374;0,63018473650735
1307;10,378;0,754303282650547
1308;10,382;1,13419190992152
1309;10,386;1,90592150675847
1310;10,391;3,2077977482892
1311;10,395;5,33335609969961
1312;10,399;8,53040678390843
1313;10,403;13,0319953657053
1314;10,407;19,1831829539511
1315;10,411;26,9094431790418
1316;10,415;35,7028014934401
1317;10,419;45,4588506718045
1318;10,424;56,0426999939485
1319;10,428;67,5735464533056
1320;10,432;77,2297333095961
1321;10,436;87,0980742416226
1322;10,440;93,963338952106
1323;10,444;97,7181572400937
1324;10,448;98,6574958386514
1325;10,452;95,4866599556106
1326;10,457;89,8847276937529
1327;10,461;81,3439504952061
1328;10,465;71,4886416338751
1329;10,469;61,6893279895985
1330;10,473;52,2777372809878
1331;10,477;43,6438021204359
1332;10,481;36,1376307193276
1333;10,485;30,2018866119454
1334;10,490;24,8337281037986
1335;10,494;20,7119025994587
1336;10,498;17,5509349318001
1337;10,502;14,7267923052026
1338;10,506;12,8576820039156
1339;10,510;11,1735065786847
1340;10,514;9,70027995097531
1341;10,518;8,47724899265107
1342;10,523;7,43071596288044
1343;10,527;6,63174205640049
1344;10,531;6,07078548734546
1345;10,535;5,50824699063373
1346;10,539;4,9761417688412
1347;10,543;4,51246119569123
1348;10,547;4,14349540224026
1349;10,551;3,74226330658536
1350;10,555;3,6254266496555
1351;10,560;3,26472203396725
1352;10,564;2,96957953116184
1353;10,568;2,76990510693957
1354;10,572;2,62790826727948
1355;10,576;2,47310534658905
1356;10,580;2,34665157390502
1357;10,584;2,18602314184392
1358;10,588;2,02323525298162
1359;10,593;1,94172831371785
1360;10,597;1,86941162084057
1361;10,601;1,74461510570164
1362;10,605;1,63061587456871
1363;10,609;1,62845641776751
1364;10,613;1,52728837762773
1365;10,617;1,4373193808988
1366;10,621;1,41620190218012
1367;10,626;1,3921214478505
1368;10,630;1,44048323621218
1369;10,634;1,26915795999631
1370;10,638;1,21991732293647
1371;10,642;1,17800879501557
1372;10,646;1,16660887190228
1373;10,650;1,08793935843543
1374;10,654;1,02403450309769
1375;10,659;0,983607462982265
1376;10,663;0,980820257110953
1377;10,667;0,932257589046833
1378;10,671;0,971830890426902
1379;10,675;0,845201348003243
1380;10,679;0,886431906928416
1381;10,683;0,811453557993845
1382;10,687;0,772633555497914
1383;10,692;0,748753980870728
1384;10,696;0,702124779942564
1385;10,700;0,697027457493227
1386;10,704;0,726355894049014
1387;10,708;0,663957636479553
1388;10,712;0,688389630288441
1389;10,716;0,647887260284601
1390;10,720;0,74702139343721
1391;10,724;0,973036168641523
1392;10,729;1,36299389099715
1393;10,733;2,03694529267294
1394;10,737;3,11669880323406
1395;10,741;4,97812545590276
1396;10,745;7,44924711543025
1397;10,749;10,6257327401021
1398;10,753;14,9675215186104
1399;10,757;19,2336288692256
1400;10,762;23,2871552747369
1401;10,766;27,1290298037682
1402;10,770;29,5103833462692
1403;10,774;31,0772199153141
1404;10,778;31,0562530963723
1405;10,782;29,6710619982559
1406;10,786;28,2047155003549
1407;10,790;25,2556256988417
1408;10,795;21,9357872965183
1409;10,799;18,988882061769
1410;10,803;15,7680522427842
1411;10,807;13,4121602025671
1412;10,811;11,2588553422576
1413;10,815;9,59052430355635
1414;10,819;8,04726598958489
1415;10,823;6,7493822321401
1416;10,828;5,60534721679917
1417;10,832;4,84022154017983
1418;10,836;4,21764512240228
1419;10,840;3,72353127433312
1420;10,844;3,17854464162182
1421;10,848;2,87865635584634
1422;10,852;2,57766323170745
1423;10,856;2,35420967270921
1424;10,861;2,1129531500825
1425;10,865;1,96997702187304
1426;10,869;1,74612170346992
1427;10,873;1,63754622430278
1428;10,877;1,53544911553923
1429;10,881;1,44226604357131
1430;10,885;1,29921458547343
1431;10,889;1,23546038991252
1432;10,893;1,14416056515495
1433;10,898;1,06468753287836
1434;10,902;1,01233326043074
1435;10,906;0,951064951187488
1436;10,910;0,878647818458987
1437;10,914;0,822702821330311
1438;10,918;0,782326001140495
1439;10,922;0,720856812194804
1440;10,926;0,701497030872448
1441;10,931;0,678872954385493
1442;10,935;0,654365630688191
1443;10,939;0,61461655956849
1444;10,943;0,583881965095645
1445;10,947;0,570146815441522
1446;10,951;0,502651235422725
1447;10,955;0,466769098574934
1448;10,959;0,440629627295333
1449;10,964;0,439976768262413
1450;10,968;0,432644659123466
1451;10,972;0,48580245038083
1452;10,976;0,393272237445835
1453;10,980;0,411200750888328
1454;10,984;0,371376349880213
1455;10,988;0,367760515236349
1456;10,992;0,305914676848589
1457;10,997;0,323918520179496
1458;11,001;0,350057991459097
1459;11,005;0,304860058410795
1460;11,009;0,339210487527505
1461;11,013;0,254288593322307
1462;11,017;0,268450612344108
1463;11,021;0,253384634661341
1464;11,025;0,303353460642519
1465;11,030;0,288463252699384
1466;11,034;0,268073962902039
1467;11,038;0,230710338248776
1468;11,042;0,309831831046109
1469;11,046;0,229931929401833
1470;11,050;0,240704103445012
1471;11,054;0,235983430437745
1472;11,058;0,263629499485622
1473;11,062;0,187671862001671
1474;11,067;0,252957765293662
1475;11,071;0,240980313035862
1476;11,075;0,239247725602344
1477;11,079;0,279247896350091
1478;11,083;0,22556279587383
1479;11,087;0,215719690454423
1480;11,091;0,199272664817402
1481;11,095;0,251978476744282
1482;11,100;0,25469035272718
1483;11,104;0,247358243588234
1484;11,108;0,256573599937526
1485;11,112;0,263202630117944
1486;11,116;0,232166716091443
1487;11,120;0,275883161334273
1488;11,124;0,261118503205161
1489;11,128;0,239523935193195
1490;11,133;0,195104410991836
1491;11,137;0,192995174116249
1492;11,141;0,191011487054684
1493;11,145;0,179686893829804
1494;11,149;0,180666182379184
1495;11,153;0,187345432485211
1496;11,157;0,207383182803291
1497;11,161;0,299235426742562
1498;11,166;0,458457700886608
1499;11,170;1,05964043035463
1500;11,174;1,89813741828904
1501;11,178;3,50853977280003
1502;11,182;6,18129443364856
1503;11,186;10,6928767806416
1504;11,190;17,0440401126634
1505;11,194;26,0776254412134
1506;11,199;36,7839862718811
1507;11,203;48,7198564312767
1508;11,207;61,3898665731906
1509;11,211;74,3870595304487
1510;11,215;85,5655629917315
1511;11,219;93,2283452308522
1512;11,223;98,4443624743659
1513;11,227;99,2264624858411
1514;11,231;96,2526895908909
1515;11,236;91,5936364323464
1516;11,240;84,4148487262846
1517;11,244;76,0755036493564
1518;11,248;69,1402825824994
1519;11,252;61,5352030379037
1520;11,256;54,3574950602426
1521;11,260;47,2398250036472
1522;11,264;40,9345375736695
1523;11,269;34,813381500938
1524;11,273;29,6301076489215
1525;11,277;25,2426438480717
1526;11,281;21,3094946042456
1527;11,285;18,278973193357
1528;11,289;15,5339018396312
1529;11,293;13,4067113406385
1530;11,297;11,6828119542507
1531;11,302;10,1632825551296
1532;11,306;8,87484014369929
1533;11,310;8,0288101669235
1534;11,314;7,10396001690403
1535;11,318;6,47837040358992
1536;11,322;5,86618951041348
1537;11,326;5,30560959080051
1538;11,330;4,91130784487969
1539;11,335;4,42319527792083
1540;11,339;4,12920783340444
1541;11,343;3,85458017021039
1542;11,347;3,56990852189451
1543;11,351;3,27712635559273
1544;11,355;3,06979339271505
1545;11,359;2,83918349431749
1546;11,363;2,76882537853897
1547;11,368;2,53058205144881
1548;11,372;2,41198769712262
1549;11,376;2,27430977106494
1550;11,380;2,11360600911542
1551;11,384;2,00513096979949
1552;11,388;1,87807455800816
1553;11,392;1,81291420453019
1554;11,396;1,72038399159519
1555;11,400;1,70780390023008
1556;11,405;1,58235452605824
1557;11,409;1,53971780921601
1558;11,413;1,45871306920833
1559;11,417;1,44588187821517
1560;11,421;1,2608967822336
1561;11,425;1,27515924110662
1562;11,429;1,23684143786678
1563;11,433;1,22082128159744
1564;11,438;1,11430481938027
1565;11,442;1,0758112464008
1566;11,446;1,01627552459107
1567;11,450;1,0398537796646
1568;11,454;0,957518211628273
1569;11,458;0,897932269892929
1570;11,462;0,896224792422215
1571;11,466;0,860066445983574
1572;11,471;0,897430070636836
1573;11,475;0,923644871804851
1574;11,479;0,911843189286684
1575;11,483;0,994379637025444
1576;11,487;1,10704804012974
1577;11,491;1,28851774131867
1578;11,495;1,70057223094235
1579;11,499;2,32814553131802
1580;11,504;3,51853353799627
1581;11,508;5,14618643695403
1582;11,512;7,38155065570901
1583;11,516;10,6422802055903
1584;11,520;13,9166695752374
1585;11,524;17,8555690005456
1586;11,528;21,8045877408642
1587;11,532;24,9828310629323
1588;11,537;27,3073105396809
1589;11,541;28,3957018774468
1590;11,545;27,9340301013212
1591;11,549;26,853774391504
1592;11,553;24,2247110659355
1593;11,557;21,7786993692126
1594;11,561;19,2223293859635
1595;11,565;16,3141437138589
1596;11,569;13,7302783213387
1597;11,574;11,4688248512297
1598;11,578;9,52353092279365
1599;11,582;8,18685227281573
1600;11,586;6,70184907255097
1601;11,590;5,83761437274183
1602;11,594;5,05009060930078
1603;11,598;4,52107391293321
1604;11,602;4,21325087891147
1605;11,607;4,15921423895595
1606;11,611;4,59760907956167
1607;11,615;5,4634508169903
1608;11,619;7,24942203143114
1609;11,623;10,0655294699312
1610;11,627;13,8557528054734
1611;11,631;18,8282034097823
1612;11,635;24,1202787306311
1613;11,640;29,7519662984123
1614;11,644;34,3161791274439
1615;11,648;37,9027857746034
1616;11,652;40,2993057346384
1617;11,656;40,5115853601886
1618;11,660;38,6113135950612
1619;11,664;35,659637467379
1620;11,668;31,60774320945
1621;11,673;27,4639213776933
1622;11,677;23,6487638490861
1623;11,681;20,0239147285751
1624;11,685;16,7802599534009
1625;11,689;14,120537363248
1626;11,693;11,903804736894
1627;11,697;10,1081912967362
1628;11,701;8,75107313703536
1629;11,706;7,46084791824598
1630;11,710;6,46930570701746
1631;11,714;5,87020710446222
1632;11,718;5,1111580388416
1633;11,722;4,53282537552577
1634;11,726;4,35836135395933
1635;11,730;3,86193738931215
1636;11,734;3,45138949745674
1637;11,738;3,24882742751193
1638;11,743;3,00719425544315
1639;11,747;2,71446230906698
1640;11,751;2,57771345163306
1641;11,755;2,39920672605508
1642;11,759;2,16822017821545
1643;11,763;2,06062398759769
1644;11,767;1,9681439945883
1645;11,771;1,7999072437974
1646;11,776;1,70991313710567
1647;11,780;1,61798556327799
1648;11,784;1,54195259590562
1649;11,788;1,43395464588298
1650;11,792;1,46034521679063
1651;11,796;1,32620779548839
1652;11,800;1,31716820887873
1653;11,804;1,19239680370261
1654;11,809;1,15267284254572
1655;11,813;1,04552863125844
1656;11,817;1,00522714095704
1657;11,821;0,917367381103698
1658;11,825;0,927913565481636
1659;11,829;0,917819360434181
1660;11,833;0,836563520798457
1661;11,837;0,846858605548348
1662;11,842;0,874102915191352
1663;11,846;0,78360660924353
1664;11,850;0,790963828345281
1665;11,854;0,764045948218737
1666;11,858;0,728766450478257
1667;11,862;0,70167280061208
1668;11,866;0,66709638183013
1669;11,870;0,655269589349157
1670;11,875;0,581044539298724
1671;11,879;0,615821837783112
1672;11,883;0,565576802211083
1673;11,887;0,550837254044776
1674;11,891;0,584057734835277
1675;11,895;0,591791603379098
1676;11,899;0,549857965495396
1677;11,903;0,555532817089238
1678;11,907;0,506618609545854
1679;11,912;0,464333432182887
1680;11,916;0,484396292463772
1681;11,920;0,498081222192286
1682;11,924;0,469003885264545
1683;11,928;0,594377929547973
1684;11,932;0,633499251597559
1685;11,936;0,904912839552611
1686;11,940;1,32708664418655
1687;11,945;2,25334295212309
1688;11,949;3,72240132600692
1689;11,953;6,11299533482001
1690;11,957;9,68491265373889
1691;11,961;14,2811909052719
1692;11,965;20,1021824826371
1693;11,969;26,9676480728229
1694;11,973;33,2463440521906
1695;11,978;39,1494452079268
1696;11,982;42,8718465339337
1697;11,986;44,2907603120968
1698;11,990;43,3336187499105
1699;11,994;40,7394331626777
1700;11,998;36,6212234929816
1701;12,002;31,8011401429711
1702;12,006;27,2005429778357
1703;12,011;22,7472157445493
1704;12,015;19,2101008340776
1705;12,019;16,0390389613716
1706;12,023;13,5163163282806
1707;12,027;11,3848069156855
1708;12,031;9,85086439791457
1709;12,035;8,48530929071135
1710;12,039;7,54715086040543
1711;12,044;6,63857196628335
1712;12,048;5,86551154141775
1713;12,052;5,2499910231883
1714;12,056;4,76185334626664
1715;12,060;4,4257313841641
1716;12,064;3,90228909953916
1717;12,068;3,62228790430493
1718;12,072;3,33078634610619
1719;12,076;3,02881393341792
1720;12,081;2,78040107139189
1721;12,085;2,5844680316275
1722;12,089;2,39905606627825
1723;12,093;2,27508817991188
1724;12,097;2,11805047253184
1725;12,101;2,02988939312484
1726;12,105;1,88603441621722
1727;12,109;1,85336635460842
1728;12,114;1,7209866307025
1729;12,118;1,60814245785858
1730;12,122;1,57404312836991
1731;12,126;1,52776546692101
1732;12,130;1,44281846275301
1733;12,134;1,40507818865768
1734;12,138;1,37670393068847
1735;12,142;1,26971037917802
1736;12,147;1,18426117575392
1737;12,151;1,19262279336786
1738;12,155;1,1492829975671
1739;12,159;1,0834195651306
1740;12,163;1,01625041462826
1741;12,167;1,04683434932428
1742;12,171;0,948930604349096
1743;12,175;0,92924439351028
1744;12,180;0,913249347203742
1745;12,184;0,866921465829233
1746;12,188;0,813914334348697
1747;12,192;0,7997774252897
1748;12,196;0,82667019545344
1749;12,200;0,740442583182402
1750;12,204;0,757316478187101
1751;12,208;0,674378271043467
1752;12,213;0,720630822529563
1753;12,217;0,691930135043891
1754;12,221;0,644020326012691
1755;12,225;0,606405601731382
1756;12,229;0,617202885737365
1757;12,233;0,608640388420993
1758;12,237;0,552695391292317
1759;12,241;0,534214458668122
1760;12,246;0,55603501634533
1761;12,250;0,555231497535583
1762;12,254;0,602588887385081
1763;12,258;0,625137633983623
1764;12,262;0,839451166520987
1765;12,266;1,22325694798948
1766;12,270;1,92229320250708
1767;12,274;3,01156338897115
1768;12,278;4,98809411113619
1769;12,283;7,497985553234
1770;12,287;11,3053087734461
1771;12,291;15,8130241861673
1772;12,295;20,5780413877473
1773;12,299;25,1607853693286
1774;12,303;29,3458377600105
1775;12,307;32,3001504337872
1776;12,311;34,4118480857294
1777;12,316;34,0973960215273
1778;12,320;32,514664846027
1779;12,324;29,8018597945051
1780;12,328;26,2900055066148
1781;12,332;22,8668396073505
1782;12,336;19,472098185981
1783;12,340;16,2892848506823
1784;12,344;13,6059588954931
1785;12,349;11,604117330821
1786;12,353;9,8151078108808
1787;12,357;8,31056905955405
1788;12,361;7,1947576424055
1789;12,365;6,27510525468659
1790;12,369;5,52253455946956
1791;12,373;4,76476610195197
1792;12,377;4,25192022163058
1793;12,382;3,79293521152507
1794;12,386;3,43991424445503
1795;12,390;3,09101131128494
1796;12,394;2,8555551900661
1797;12,398;2,62823469679594
1798;12,402;2,36211931099266
1799;12,406;2,2136943208546
1800;12,410;2,10815714718682
1801;12,415;1,92485441871315
1802;12,419;1,77821223593421
1803;12,423;1,74790451082905
1804;12,427;1,61087944380428
1805;12,431;1,50453875132675
1806;12,435;1,37783387901468
1807;12,439;1,32535405675304
1808;12,443;1,3022780009356
1809;12,447;1,23197010508268
1810;12,452;1,17301191241745
1811;12,456;1,07937686111906
1812;12,460;1,04218900620543
1813;12,464;1,08048169948246
1814;12,468;0,971881110352511
1815;12,472;0,961862235193471
1816;12,476;0,939991457590654
1817;12,480;0,904209760594082
1818;12,485;0,876312591918158
1819;12,489;0,837567919310641
1820;12,493;0,761585171863885
1821;12,497;0,779488575343573
1822;12,501;0,72017884319908
1823;12,505;0,703179398380357
1824;12,509;0,701748130500494
1825;12,513;0,698810264852355
1826;12,518;0,689519578614648
1827;12,522;0,581496518629207
1828;12,526;0,603442626120438
1829;12,530;0,553323140362432
1830;12,534;0,599676131699746
1831;12,538;0,600780970063149
1832;12,542;0,551640772854523
1833;12,546;0,539889310261965
1834;12,551;0,565727461987911
1835;12,555;0,553122260659995
1836;12,559;0,508878506198269
1837;12,563;0,547849168471027
1838;12,567;0,474502967118755
1839;12,571;0,504434042781852
1840;12,575;0,50006490925385
1841;12,579;0,445927829447106
1842;12,584;0,391991629342799
1843;12,588;0,38611589804652
1844;12,592;0,419461928651045
1845;12,596;0,346894136145716
1846;12,600;0,399901267626252
1847;12,604;0,360051756655333
1848;12,608;0,439976768262413
1849;12,612;0,373636246532628
1850;12,616;0,40331622256768
1851;12,621;0,359298457771195
1852;12,625;0,378934448684401
1853;12,629;0,346567706629256
1854;12,633;0,414716145680973
1855;12,637;0,355632403201721
1856;12,641;0,316937950519814
1857;12,645;0,303529230382151
1858;12,649;0,312317717363765
1859;12,654;0,305412477592497
1860;12,658;0,322185932745978
1861;12,662;0,303001921163254
1862;12,666;0,286027586307336
1863;12,670;0,34566374796829
1864;12,674;0,346241277112796
1865;12,678;0,403291112604875
1866;12,682;0,42531254998452
1867;12,687;0,485099371422301
1868;12,691;0,734868171439778
1869;12,695;1,10780133901388
1870;12,699;1,93103146956308
1871;12,703;3,31443976032038
1872;12,707;5,47419788107068
1873;12,711;9,06617806027044
1874;12,715;14,465724021923
1875;12,720;21,8329871087962
1876;12,724;31,7201354029634
1877;12,728;43,2151248354356
1878;12,732;55,9641560302957
1879;12,736;69,1441495167713
1880;12,740;81,9167840766678
1881;12,744;91,417490043272
1882;12,748;97,4484260196465
1883;12,753;100
1884;12,757;97,5475350428363
1885;12,761;92,8747216246749
1886;12,765;87,5252700388175
1887;12,769;80,5874375358288
1888;12,773;74,4647246454034
1889;12,777;68,1955955618643
1890;12,781;62,9091197627209
1891;12,785;57,4933276551337
1892;12,790;51,4916196754638
1893;12,794;45,487450919439
1894;12,798;39,8714821883734
1895;12,802;34,4453447761108
1896;12,806;29,7810185253773
1897;12,810;25,8023449189865
1898;12,814;22,124614216809
1899;12,818;19,3030830263431
1900;12,823;16,8641272291683
1901;12,827;14,6666037243599
1902;12,831;12,9327356827386
1903;12,835;11,543075011243
1904;12,839;10,312686833817
1905;12,843;9,3752063725068
1906;12,847;8,50582413032272
1907;12,851;7,66933593941267
1908;12,856;7,08535353446581
1909;12,860;6,55036066695074
1910;12,864;6,04426936662379
1911;12,868;5,56353912872949
1912;12,872;5,26776887685396
1913;12,876;4,95128290566463
1914;12,880;4,57767176909481
1915;12,884;4,4219397797806
1916;12,889;4,04857974283883
1917;12,893;3,84358200650197
1918;12,897;3,59798146031006
1919;12,901;3,51127675874574
1920;12,905;3,36506144533448
1921;12,909;3,11890847996087
1922;12,913;2,90487115701436
1923;12,917;2,88890122067062
1924;12,922;2,68784574849409
1925;12,926;2,66376529416447
1926;12,930;2,56370209238809
1927;12,934;2,4673802750696
1928;12,938;2,37146021715598
1929;12,942;2,17597915672208
1930;12,946;2,17331750066479
1931;12,950;2,11631788509832
1932;12,954;2,07162215130611
1933;12,959;1,99217422899231
1934;12,963;2,02662509796024
1935;12,967;1,89896604706159
1936;12,971;1,82943656005562
1937;12,975;1,75370491223691
1938;12,979;1,76731451207701
1939;12,983;1,70813032974654
1940;12,987;1,67277550211765
1941;12,992;1,65263731194835
1942;12,996;1,61635341569569
1943;13,000;1,57592637558026
1944;13,004;1,5249782610497
1945;13,008;1,62358508498341
1946;13,012;1,54903360541652
1947;13,016;1,78815578120484
1948;13,020;2,05746013228431
1949;13,025;2,64716760875062
1950;13,029;3,72822683737759
1951;13,033;5,38704120017587
1952;13,037;7,95255120988589
1953;13,041;11,1780514819523
1954;13,045;15,2713018486206
1955;13,049;19,9410016313943
1956;13,053;24,5013977460795
1957;13,058;28,1286825329826
1958;13,062;30,8183864187242
1959;13,066;32,2113867152729
1960;13,070;31,8302174798988
1961;13,074;30,1195008239834
1962;13,078;27,4378572363021
1963;13,082;24,7656298846725
1964;13,086;21,7486929636611
1965;13,091;19,591219849526
1966;13,095;17,8249599558868
1967;13,099;17,1272043094723
1968;13,103;17,5343372463862
1969;13,107;18,7179204531444
1970;13,111;21,1602660952978
1971;13,115;24,2508254272523
1972;13,119;27,5866588758822
1973;13,123;31,0393792013676
1974;13,128;34,5819680837307
1975;13,132;37,7157416616719
1976;13,136;40,348320382033
1977;13,140;42,3175189950591
1978;13,144;45,083783157392
1979;13,148;47,2952678015198
1980;13,152;50,5784958780741
1981;13,156;53,289241912646
1982;13,161;54,8110060984567
1983;13,165;55,1870026814929
1984;13,169;53,8687296342508
1985;13,173;50,7894195656328
1986;13,177;46,327278735402
1987;13,181;41,0155172037144
1988;13,185;36,2039712410574
1989;13,189;30,7183734368734
1990;13,194;26,8519664741821
1991;13,198;22,7926145573001
1992;13,202;19,7876550885465
1993;13,206;17,1404372598703
1994;13,210;14,9450481019002
1995;13,214;13,2275768659904
1996;13,218;11,6652098703246
1997;13,222;10,4932023564193
1998;13,227;9,49789365077014
1999;13,231;8,56741886908243
2000;13,235;7,88430233098296
2001;13,239;7,09155569527855
2002;13,243;6,63455437223461
2003;13,247;6,22006421621888
2004;13,251;5,70520953887311
2005;13,255;5,30021094879752
2006;13,260;4,95376879198229
2007;13,264;4,62580756779125
2008;13,268;4,34711209062286
2009;13,272;4,16619480861563
2010;13,276;3,92802681141388
2011;13,280;3,63602305395905
2012;13,284;3,51614809152983
2013;13,288;3,33563256892748
2014;13,292;3,20887747668979
2015;13,297;3,05563137369325
2016;13,301;2,85763931697888
2017;13,305;2,75016867617514
2018;13,309;2,65339487952617
2019;13,313;2,56164307543811
2020;13,317;2,47200050822565
2021;13,321;2,28962684837575
2022;13,325;2,1886345779756
2023;13,330;2,16887303724837
2024;13,334;1,94682563616719
2025;13,338;1,9447163992916
2026;13,342;1,94680052620438
2027;13,346;1,86172797222235
2028;13,350;1,80040944305349
2029;13,354;1,72249322847078
2030;13,358;1,65901524250072
2031;13,363;1,56716299856145
2032;13,367;1,61399307919205
2033;13,371;1,5238734226863
2034;13,375;1,43603877279577
2035;13,379;1,46584429864484
2036;13,383;1,38315719112925
2037;13,387;1,34845522253328
2038;13,391;1,29708023863504
2039;13,396;1,27209582564445
2040;13,400;1,25532237049097
2041;13,404;1,18177528943626
2042;13,408;1,20906981900488
2043;13,412;1,20372139692749
2044;13,416;1,1574688454414
2045;13,420;1,20655882272442
2046;13,424;1,20347029729945
2047;13,429;1,30604449535629
2048;13,433;1,45040167152
2049;13,437;1,76836913051481
2050;13,441;2,31280334404441
2051;13,445;3,45327274466708
2052;13,449;4,95557670930422
2053;13,453;7,56086090009675
2054;13,457;11,0422316931422
2055;13,461;16,0632951854408
2056;13,466;21,8300994630737
2057;13,470;28,5304670478192
2058;13,474;35,1001874960923
2059;13,478;40,2837375576996
2060;13,482;43,3568705754676
2061;13,486;44,5874847425588
2062;13,490;43,526839913692
2063;13,494;40,0048663107915
2064;13,499;35,8239068440468
2065;13,503;31,0857573026677
2066;13,507;26,8244208449854
2067;13,511;22,9137450178695
2068;13,515;19,7975986338171
2069;13,519;16,8867010857297
2070;13,523;14,5321147635784
2071;13,527;12,6710898703146
2072;13,532;11,0500911115
2073;13,536;10,1783485328123
2074;13,540;8,93070981093956
2075;13,544;8,10790654975803
2076;13,548;7,44565639074919
2077;13,552;6,77793225984894
2078;13,556;6,26724583632874
2079;13,560;5,77966057858879
2080;13,565;5,36509509268464
2081;13,569;5,18329896197925
2082;13,573;4,82595908130681
2083;13,577;4,50937267026626
2084;13,581;4,26773949819748
2085;13,585;4,03386530463532
2086;13,589;3,83695297632156
2087;13,593;3,56933099275
2088;13,598;3,39220531512627
2089;13,602;3,28940512740418
2090;13,606;3,13580748492837
2091;13,610;2,97015706030635
2092;13,614;2,74979202673307
2093;13,618;2,6965840155501
2094;13,622;2,67476345787289
2095;13,626;2,59363316805119
2096;13,630;2,38918785089604
2097;13,635;2,39182439699052
2098;13,639;2,27222564415215
2099;13,643;2,2556279587383
2100;13,647;2,13891685162247
2101;13,651;2,07471067673107
2102;13,655;1,96656206693161
2103;13,659;1,94278293215564
2104;13,663;1,902255452189
2105;13,668;1,7939059626871
2106;13,672;1,70684972164351
2107;13,676;1,69195951370037
2108;13,680;1,7215139399214
2109;13,684;1,62283178609928
2110;13,688;1,58305760501677
2111;13,692;1,53251124989109
2112;13,696;1,58248007587226
2113;13,701;1,51086646195351
2114;13,705;1,44959815271026
2115;13,709;1,45775889062176
2116;13,713;1,36470136846786
2117;13,717;1,30988631966539
2118;13,721;1,39274919692061
2119;13,725;1,29592518034603
2120;13,729;1,28331997901812
2121;13,734;1,2816125015474
2122;13,738;1,17424230059488
2123;13,742;1,21487022041274
2124;13,746;1,24490173592706
2125;13,750;1,23975419355211
2126;13,754;1,40422444992232
2127;13,758;1,69524891882778
2128;13,762;2,21500003892044
2129;13,767;3,14680564863679
2130;13,771;4,71406908704946
2131;13,775;6,97434238890662
2132;13,779;10,5150480240594
2133;13,783;14,8647464408511
2134;13,787;19,7555143361566
2135;13,791;25,3517968563833
2136;13,795;30,6462827336614
2137;13,799;34,3365433072784
2138;13,804;36,5842867376961
2139;13,808;36,2804561877603
2140;13,812;35,042384361716
2141;13,816;32,2360949186726
2142;13,820;28,7400096874237
2143;13,824;25,0375958918092
2144;13,828;21,6585984171182
2145;13,832;18,5325587077208
2146;13,837;15,9728239894558
2147;13,841;13,6620796623614
2148;13,845;11,7585184921066
2149;13,849;10,4850416185079
2150;13,853;9,21359865189632
2151;13,857;8,30308629063828
2152;13,861;7,80116324413689
2153;13,865;7,58200348877823
2154;13,870;7,52784129900868
2155;13,874;8,42969072309913
2156;13,878;9,55311045897748
2157;13,882;11,7338353986696
2158;13,886;14,559283743333
2159;13,890;17,6619460773593
2160;13,894;21,2346418051251
2161;13,898;24,1601031316392
2162;13,903;26,7786453827926
2163;13,907;27,9928376342096
2164;13,911;28,2525499794977
2165;13,915;27,3902236368617
2166;13,919;26,0365455420651
2167;13,923;23,5927184121062
2168;13,927;20,9468063014958
2169;13,931;18,2503980556854
2170;13,936;15,8532503465803
2171;13,940;13,6440255991049
2172;13,944;11,6417069451395
2173;13,948;10,2671122513266
2174;13,952;8,80716879394087
2175;13,956;7,71152067692442
2176;13,960;6,83312395809348
2177;13,964;6,17318391566267
2178;13,968;5,55314360412838
2179;13,973;5,04172899168684
2180;13,977;4,5950227533928
2181;13,981;4,22547943079732
2182;13,985;3,87652627770162
2183;13,989;3,68360643347379
2184;13,993;3,38951854910617
2185;13,997;3,18517367180224
2186;14,001;2,98931596192627
2187;14,006;2,80365289694896
2188;14,010;2,65768868316575
2189;14,014;2,52144202498793
2190;14,018;2,37690907908458
2191;14,022;2,29798846598969
2192;14,026;2,23009112656601
2193;14,030;2,18185488801835
2194;14,034;1,98853328438565
2195;14,039;1,97640517235102
2196;14,043;2,0089476841458
2197;14,047;1,77072946701844
2198;14,051;1,85309014501757
2199;14,055;1,69341589154304
2200;14,059;1,73211034422495
2201;14,063;1,65926634212877
2202;14,067;1,52866942558198
2203;14,072;1,54777810727629
2204;14,076;1,50109868642252
2205;14,080;1,46609539827289
2206;14,084;1,42933441272693
2207;14,088;1,37092863924341
2208;14,092;1,32261707080733
2209;14,096;1,35176973762349
2210;14,100;1,28447503730713
2211;14,105;1,30910791081845
2212;14,109;1,27917683515535
2213;14,113;1,26006815346104
2214;14,117;1,20743767142258
2215;14,121;1,1628925974072
2216;14,125;1,25346423324343
2217;14,129;1,17996737211433
2218;14,133;1,11046299507117
2219;14,137;1,09871153247861
2220;14,142;1,12291753662225
2221;14,146;1,02529000123792
2222;14,150;1,06739940886126
2223;14,154;1,07450552833496
2224;14,158;1,24588102447644
2225;14,162;1,39402980502365
2226;14,166;1,81595251002955
2227;14,170;2,44543416757837
2228;14,175;3,44501156690437
2229;14,179;5,13579091235292
2230;14,183;7,79222409737844
2231;14,187;11,5794844573097
2232;14,191;17,0054963197583
2233;14,195;24,3300724698637
2234;14,199;33,111729541595
2235;14,203;44,1056496663012
2236;14,208;55,8091773398656
2237;14,212;67,5607905922009
2238;14,216;77,4910275825409
2239;14,220;85,7995627351077
2240;14,224;89,4420139395448
2241;14,228;86,7925111042533
2242;14,232;80,172821829999
2243;14,236;70,9493800726833
2244;14,241;61,364505510758
2245;14,245;51,9029961960917
2246;14,249;43,9768355571135
2247;14,253;37,2763675325168
2248;14,257;31,932364808588
2249;14,261;27,2605557889387
2250;14,265;23,6672698916731
2251;14,269;20,7206659764775
2252;14,274;18,3350688502625
2253;14,278;16,3590654373164
2254;14,282;14,8049847293761
2255;14,286;13,4335790008394
2256;14,290;12,2697071148829
2257;14,294;11,2392193513444
2258;14,298;10,4129509152958
2259;14,302;9,66786298899456
2260;14,306;8,84538615732949
2261;14,311;8,29793874826333
2262;14,315;7,82815645415184
2263;14,319;7,40364742297707
2264;14,323;6,86938274438334
2265;14,327;6,47834529362712
2266;14,331;6,10146986189269
2267;14,335;5,87887004162981
2268;14,339;5,50603731390693
2269;14,344;5,09330485528752
2270;14,348;4,91698269647353
2271;14,352;4,68735208662535
2272;14,356;4,4562399889717
2273;14,360;4,32589417205296
2274;14,364;4,08137335426165
2275;14,368;4,02572967668663
2276;14,372;3,79589818713602
2277;14,377;3,693474648856
2278;14,381;3,49666276039345
2279;14,385;3,46075551358286
2280;14,389;3,36315308816133
2281;14,393;3,18675559945893
2282;14,397;3,14996950395017
2283;14,401;2,95878224715586
2284;14,405;2,95278096604556
2285;14,410;2,93681102970182
2286;14,414;2,72405431485834
2287;14,418;2,78009975183824
2288;14,422;2,60302429414011
2289;14,426;2,56498270049113
2290;14,430;2,551247550837
2291;14,434;2,44802049374724
2292;14,438;2,28932552882209
2293;14,443;2,32829619109485
2294;14,447;2,25156014476396
2295;14,451;2,25022931673531
2296;14,455;2,12490549237749
2297;14,459;2,11066814346728
2298;14,463;2,12686406947625
2299;14,467;2,13974548039502
2300;14,471;2,07061775279392
2301;14,475;2,04096288672168
2302;14,480;1,92934910205518
2303;14,484;1,88894717190255
2304;14,488;1,86539402679183
2305;14,492;1,88683793502697
2306;14,496;1,82376170846178
2307;14,500;1,75445821112105
2308;14,504;1,77514882047205
2309;14,508;1,64103650913262
2310;14,513;1,76588324419715
2311;14,517;1,69140709451867
2312;14,521;1,639831230918
2313;14,525;1,61103010358111
2314;14,529;1,57813605230707
2315;14,533;1,45883861902235
2316;14,537;1,50795370626817
2317;14,541;1,51141888113521
2318;14,546;1,44723781620662
2319;14,550;1,4362145425354
2320;14,554;1,48871947475984
2321;14,558;1,4449528095914
2322;14,562;1,41085348010274
2323;14,566;1,49615202375001
2324;14,570;1,55759610273289
2325;14,574;1,78843199079569
2326;14,579;2,1129531500825
2327;14,583;2,58567330984213
2328;14,587;3,51152785837378
2329;14,591;4,92938701809901
2330;14,595;7,08387204666034
2331;14,599;9,94746242482391
2332;14,603;13,8285838257188
2333;14,607;18,5686668342338
2334;14,612;23,7899822798992
2335;14,616;28,9838023162936
2336;14,620;33,7298614959562
2337;14,624;36,9777096349187
2338;14,628;38,6900333284536
2339;14,632;38,4202518880809
2340;14,636;36,8838737039179
2341;14,640;33,7794034525697
2342;14,644;30,6459311941821
2343;14,649;27,1801787980011
2344;14,653;23,6593602533897
2345;14,657;20,6334088557315
2346;14,661;18,0770388724823
2347;14,665;15,9261445686021
2348;14,669;14,3103184621253
2349;14,673;12,5754460219918
2350;14,677;11,2680455886441
2351;14,682;10,2137033604412
2352;14,686;9,04538701106822
2353;14,690;8,35752468999868
2354;14,694;7,72302103988893
2355;14,698;7,05188195404726
2356;14,702;6,74983421147058
2357;14,706;6,29634828321929
2358;14,710;5,79517853560204
2359;14,715;5,50508313532035
2360;14,719;5,14076268498823
2361;14,723;4,89144586430124
2362;14,727;4,64931049297637
2363;14,731;4,41340239242704
2364;14,735;4,11494537453142
2365;14,739;3,98281675025355
2366;14,743;3,77006003541007
2367;14,748;3,56320416182568
2368;14,752;3,51004637056831
2369;14,756;3,36938035893687
2370;14,760;3,24674330059915
2371;14,764;3,08179595493565
2372;14,768;3,00247358243588
2373;14,772;2,85698645794596
2374;14,776;2,73121065425766
2375;14,781;2,72242216727604
2376;14,785;2,60440534209437
2377;14,789;2,54989161284555
2378;14,793;2,41028021965191
2379;14,797;2,40955203073058
2380;14,801;2,288823329566
2381;14,805;2,20128999922912
2382;14,809;2,19368168049933
2383;14,813;2,12460417282384
2384;14,818;2,03551402479308
2385;14,822;2,03089379163703
2386;14,826;2,03940606902779
2387;14,830;1,90813118348528
2388;14,834;1,94981372174093
2389;14,838;1,88221770187092
2390;14,842;1,82205423099107
2391;14,846;1,75104325617962
2392;14,851;1,69909074313688
2393;14,855;1,70325899696245
2394;14,859;1,68826834916809
2395;14,863;1,69909074313688
2396;14,867;1,61248648142378
2397;14,871;1,60666097005311
2398;14,875;1,59159499237034
2399;14,879;1,49710620233658
2400;14,884;1,49364102746955
2401;14,888;1,49788461118353
2402;14,892;1,40676055616559
2403;14,896;1,45803510021261
2404;14,900;1,38290609150121
2405;14,904;1,48163846524894
2406;14,908;1,39171968844563
2407;14,912;1,36397317954653
2408;14,917;1,32219020143965
2409;14,921;1,39144347885477
2410;14,925;1,39568706256875
2411;14,929;1,32319459995184
2412;14,933;1,27882529567609
2413;14,937;1,32502762723658
2414;14,941;1,33826057763461
2415;14,945;1,37607618161835
2416;14,950;1,38840517335542
2417;14,954;1,33697996953157
2418;14,958;1,31829815720494
2419;14,962;1,38933424197919
2420;14,966;1,26519058587319
2421;14,970;1,2979590873332
2422;14,974;1,32939676076458
2423;14,978;1,22531596493946
2424;14,982;1,3317068773426
2425;14,987;1,20085886116777
2426;14,991;1,2407837020271
2427;14,995;1,14210154820498
2428;14,999;1,13127915423619
2429;15,003;1,09537190742559
2430;15,007;1,09984148080481
2431;15,011;1,10056966972615
2432;15,015;1,0491193559395
2433;15,020;1,13469410917762
2434;15,024;0,976074474140881
2435;15,028;1,08625699092752
2436;15,032;1,14488875407629
2437;15,036;1,14669667139822
2438;15,040;1,19252235351664
2439;15,044;1,30850527171114
2440;15,048;1,43144364960252
2441;15,053;1,62812998825105
2442;15,057;1,74931066874611
2443;15,061;1,98069897599061
2444;15,065;2,19290327165238
2445;15,069;2,31280334404441
2446;15,073;2,56985403327522
2447;15,077;2,64525925157747
2448;15,081;2,59109706180792
2449;15,086;2,56111576621922
2450;15,090;2,57110953141545
2451;15,094;2,4123894565275
2452;15,098;2,29731049699396
2453;15,102;2,18456676400125
2454;15,106;1,94403843029587
2455;15,110;1,85314036494318
2456;15,114;1,64171447812834
2457;15,119;1,50822991585903
2458;15,123;1,45765845077054
2459;15,127;1,38953512168162
2460;15,131;1,27109142713227
2461;15,135;1,24394755734048
2462;15,139;1,15427988016521
2463;15,143;1,13740598516051
2464;15,147;1,05886202150769
2465;15,151;1,00424785240766
2466;15,156;0,984963400973714
2467;15,160;1,09579877679327
2468;15,164;1,03643882472317
2469;15,168;0,93506990488095
2470;15,172;0,881510354218712
2471;15,176;0,9386104096364
2472;15,180;0,895622153314904
2473;15,184;0,869432462109694
2474;15,189;0,874153135116961
2475;15,193;0,850072680787338
2476;15,197;0,912897807724477
2477;15,201;0,893663576216145
2478;15,205;0,904586410036151
2479;15,209;0,895973692794169
2480;15,213;0,82629354601137
2481;15,217;0,902175853606908
2482;15,222;0,875885722550479
2483;15,226;0,902150743644104
2484;15,230;0,843719860197771
2485;15,234;0,845829097073359
2486;15,238;0,820066275235827
2487;15,242;0,784108808499622
2488;15,246;0,805527606771956
2489;15,250;0,806707775023773
2490;15,255;0,769268820482096
2491;15,259;0,76743579319736
2492;15,263;0,792244436448316
2493;15,267;0,74184874109946
2494;15,271;0,699689113550516
2495;15,275;0,727962931668509
2496;15,279;0,754629712167007
2497;15,283;0,701446810946839
2498;15,288;0,69100106642012
2499;15,292;0,699839773327344
2500;15,296;0,709883758449189
2501;15,300;0,693989151993869
2502;15,304;0,730348378134947
2503;15,308;0,742928469500058
2504;15,312;0,738207796492791
2505;15,316;0,731704316126397
2506;15,320;0,762890889929725
2507;15,325;0,651754194556512
2508;15,329;0,755583890753583
2509;15,333;0,744058417826266
2510;15,337;0,73667608876171
2511;15,341;0,681861039959242
2512;15,345;0,750160138787786
2513;15,349;0,649720287569338
2514;15,353;0,75508169149749
2515;15,358;0,750210358713396
2516;15,362;0,74604210488783
2517;15,366;0,72856557077582
2518;15,370;0,709758208635166
2519;15,374;0,734340862220881
2520;15,378;0,72017884319908
2521;15,382;0,688339410362831
2522;15,386;0,66481137521491
2523;15,391;0,712645854357696
2524;15,395;0,686506383078095
2525;15,399;0,715809709671077
2526;15,403;0,645853353297428
2527;15,407;0,675608659220893
2528;15,411;0,697881196228584
2529;15,415;0,682790108583012
2530;15,419;0,668778749338039
2531;15,424;0,661245760496655
2532;15,428;0,666644402499647
2533;15,432;0,683392747690323
2534;15,436;0,708301830792498
2535;15,440;0,638722123860918
2536;15,444;0,581596958480425
2537;15,448;0,632670622825006
2538;15,452;0,677265916765998
2539;15,457;0,652984582733938
2540;15,461;0,591942263155926
2541;15,465;0,622827517405598
2542;15,469;0,65087534585835
2543;15,473;0,624108125508634
2544;15,477;0,625062304095209
2545;15,481;0,62435922513668
2546;15,485;0,63829525449324
2547;15,489;0,600881409914368
2548;15,494;0,699387793996861
2549;15,498;0,628653028776268
2550;15,502;0,617679975030653
2551;15,506;0,616198487225181
2552;15,510;0,587874449181578
2553;15,514;0,624585214801921
2554;15,518;0,658784984141803
2555;15,522;0,621973778670242
2556;15,527;0,695470639799341
2557;15,531;0,656273987861342
2558;15,535;0,592519792300432
2559;15,539;0,634177220593283
2560;15,543;0,673424092456892
2561;15,547;0,59136473401142
2562;15,551;0,635834478138388
2563;15,555;0,643116367351725
2564;15,560;0,678973394236711
2565;15,564;0,598897722852803
2566;15,568;0,608238629016119
2567;15,572;0,630059186693327
2568;15,576;0,646079342962669
2569;15,580;0,688916939507338
2570;15,584;0,542626296207667
2571;15,588;0,612582652581317
2572;15,593;0,592419352449213
2573;15,597;0,632067983717696
2574;15,601;0,647962590173015
2575;15,605;0,567786478937889
2576;15,609;0,621597129228172
2577;15,613;0,634076780742065
2578;15,617;0,572180722428696
2579;15,621;0,603141306566783
2580;15,626;0,58162206844323
2581;15,630;0,634729639774985
2582;15,634;0,554528418577054
2583;15,638;0,581571848517621
2584;15,642;0,577855574022538
2585;15,646;0,577604474394492
2586;15,650;0,605476533107612
2587;15,654;0,614917879122146
2588;15,658;0,582023827848104
2589;15,663;0,623932355769001
2590;15,667;0,535771276362008
2591;15,671;0,620291411162333
2592;15,675;0,539562880745505
2593;15,679;0,59038544546204
2594;15,683;0,603819275562507
2595;15,687;0,51754144336586
2596;15,691;0,584735703831002
2597;15,696;0,54373113457107
2598;15,700;0,522990305294461
2599;15,704;0,508727846421441
2600;15,708;0,561760087864782
2601;15,712;0,558395352848964
2602;15,716;0,634855189589008
2603;15,720;0,58292778650907
2604;15,724;0,545061962599715
2605;15,729;0,573285560792099
2606;15,733;0,600328990732666
2607;15,737;0,579437501679229
2608;15,741;0,56643054094644
2609;15,745;0,629983856804913
2610;15,749;0,564346414033657
2611;15,753;0,590259895648017
2612;15,757;0,616625356592859
2613;15,762;0,659839602579597
2614;15,766;0,791466027601373
2615;15,770;0,868327623746291
2616;15,774;1,0164764042935
2617;15,778;1,26928350981034
2618;15,782;1,8314955770056
2619;15,786;2,53701020192679
2620;15,790;3,59682640202105
2621;15,795;4,84941178656632
2622;15,799;6,58360625770405
2623;15,803;8,50348890378189
2624;15,807;10,6200327785454
2625;15,811;12,8655665322363
2626;15,815;14,7857002779422
2627;15,819;16,1009099097222
2628;15,823;17,3729052955154
2629;15,827;17,70054009019
2630;15,832;17,6716385230019
2631;15,836;16,9667516471508
2632;15,840;15,8284668132921
2633;15,844;14,7617955933522
2634;15,848;13,4721981236329
2635;15,852;12,2757586159188
2636;15,856;10,8248798551055
2637;15,860;9,73950171287611
2638;15,865;8,59908253217904
2639;15,869;7,66152674098044
2640;15,873;6,94805225785019
2641;15,877;6,15387435426592
2642;15,881;5,58207028127929
2643;15,885;5,15537668334052
2644;15,889;4,61390544542186
2645;15,893;4,21593764493157
2646;15,898;3,86130964024203
2647;15,902;3,58504982946569
2648;15,906;3,28609061231398
2649;15,910;3,12784762671931
2650;15,914;2,96425621904726
2651;15,918;2,86082828225507
2652;15,922;2,66097808829316
2653;15,926;2,50562274842102
2654;15,931;2,40051244412092
2655;15,935;2,30140342093111
2656;15,939;2,19795037417611
2657;15,943;2,0579623315404
2658;15,947;1,97843907933819
2659;15,951;1,91664346087604
2660;15,955;1,83061672830744
2661;15,959;1,74667412265162
2662;15,964;1,67445786962556
2663;15,968;1,63880172244301
2664;15,972;1,63814886341009
2665;15,976;1,53657906386543
2666;15,980;1,52502848097531
2667;15,984;1,4400312568817
2668;15,988;1,51696818291503
2669;15,992;1,4247643994965
2670;15,996;1,35952871613011
2671;16,001;1,35573711174662
2672;16,005;1,3153854015196
2673;16,009;1,27423017248285
2674;16,013;1,22373403728277
2675;16,017;1,24768894179837
2676;16,021;1,20535354450979
2677;16,025;1,1945060405782
2678;16,029;1,1160876267394
2679;16,034;1,1536772410579
2680;16,038;1,04630704010538
2681;16,042;1,11297399135163
2682;16,046;1,08577990163423
2683;16,050;1,018083441913
2684;16,054;1,06586770113017
2685;16,058;1,0017368561272
2686;16,062;1,06287961555643
2687;16,067;1,01215749069111
2688;16,071;0,999250969809538
2689;16,075;0,925251909424347
2690;16,079;0,93828398011994
2691;16,083;0,882715632433334
2692;16,087;0,908604004084889
2693;16,091;0,878698038384596
2694;16,095;0,879576887082757
2695;16,100;0,889319552650947
2696;16,104;0,902954262453851
2697;16,108;0,843142331053265
2698;16,112;0,928516204588946
2699;16,116;0,863380961073782
2700;16,120;0,818032368248653
2701;16,124;0,839074517078918
2702;16,128;0,804146558817702
2703;16,133;0,760605883314505
2704;16,137;0,80168578246285
2705;16,141;0,81562181181941
2706;16,145;0,767787332676624
2707;16,149;0,828980312031464
2708;16,153;0,832872356266179
2709;16,157;0,787423323589831
