#"+EI TIC Scan 150C_1ml-min_7C-min_2.d "
#Point;X(Minutes);Y(Counts)
0;4,941;13,397622146554
1;4,945;12,8685650929712
2;4,949;12,2317026675256
3;4,953;11,5405431462516
4;4,957;11,0408915416606
5;4,962;10,6399957929611
6;4,966;10,2017625740066
7;4,970;9,75033853516164
8;4,974;9,53216412710516
9;4,978;9,09456634631818
10;4,982;8,69860072133188
11;4,986;8,30471670413561
12;4,990;8,03638650416979
13;4,995;7,81080595471298
14;4,999;7,47682841854778
15;5,003;7,1821604021228
16;5,007;6,98383795888496
17;5,011;6,67413854304984
18;5,015;6,44474536458813
19;5,019;6,21204352532331
20;5,023;5,96536204637384
21;5,028;5,81035895682965
22;5,032;5,69981462734838
23;5,036;5,45425064310725
24;5,040;5,25220321750829
25;5,044;5,08872031517733
26;5,048;5,01227053013073
27;5,052;4,775756061861
28;5,056;4,75548777548436
29;5,061;4,58063272112153
30;5,065;4,43323297792619
31;5,069;4,33322815736078
32;5,073;4,17059980980678
33;5,077;4,08304081265968
34;5,081;4,01426010894478
35;5,085;4,07949112358615
36;5,089;4,18313327986888
37;5,093;4,95551932827612
38;5,098;6,56701243267642
39;5,102;9,47701247649974
40;5,106;13,6010061834707
41;5,110;18,2096200956225
42;5,114;22,7733589261533
43;5,118;25,9728120110961
44;5,122;28,2833528347116
45;5,126;29,0240765330494
46;5,131;29,1524131312202
47;5,135;28,8833379347821
48;5,139;28,1433592329166
49;5,143;27,3165227070542
50;5,147;26,5548952841723
51;5,151;25,6581605598868
52;5,155;24,9479378935882
53;5,159;24,2487587044073
54;5,164;23,5496233385483
55;5,168;22,5410295851246
56;5,172;21,7554088935049
57;5,176;21,0882864642906
58;5,180;20,3231312639961
59;5,184;19,5808080144091
60;5,188;18,7972908422404
61;5,192;18,2685624635719
62;5,197;17,6058881015299
63;5,201;16,7718864625376
64;5,205;16,1816082282669
65;5,209;15,5837704709692
66;5,213;15,0285728058758
67;5,217;14,4574891865953
68;5,221;13,9476705713246
69;5,225;13,3289071778219
70;5,230;12,6784376109278
71;5,234;12,0807532352567
72;5,238;11,6902874371683
73;5,242;11,2395645714736
74;5,246;10,7783241085241
75;5,250;10,3128108716897
76;5,254;9,84206074788881
77;5,258;9,40424385049235
78;5,262;8,86624683924291
79;5,267;8,24586198283002
80;5,271;7,91019724877185
81;5,275;7,32971352694477
82;5,279;6,85661885542248
83;5,283;6,57314769774178
84;5,287;5,97452112064999
85;5,291;5,59779393397578
86;5,295;5,34591939138171
87;5,300;4,88321084714864
88;5,304;4,70879402600476
89;5,308;4,33318433403889
90;5,312;4,10968539237211
91;5,316;3,84735898750597
92;5,320;3,66224927581961
93;5,324;3,53656398862347
94;5,328;3,35351397306619
95;5,333;3,16893014124257
96;5,337;2,94615428438706
97;5,341;2,85018120943604
98;5,345;2,77662376363453
99;5,349;2,64259013361731
100;5,353;2,5440533943354
101;5,357;2,42318867254776
102;5,361;2,39641262286964
103;5,366;2,30620231474786
104;5,370;2,2563094627699
105;5,374;2,13816178693977
106;5,378;2,15214142662442
107;5,382;2,03002774016276
108;5,386;2,01508398739641
109;5,390;1,96238644281714
110;5,394;1,85298151970516
111;5,399;1,87951654111285
112;5,403;1,81921565018472
113;5,407;1,79206710227049
114;5,411;1,82410195057606
115;5,415;1,97706725565211
116;5,419;2,40730271836066
117;5,423;3,15714166765269
118;5,427;4,6410431703544
119;5,431;6,56747257755632
120;5,436;8,80868490593324
121;5,440;11,3361511729312
122;5,444;13,1977220637279
123;5,448;14,5905806151918
124;5,452;15,4297534061677
125;5,456;15,8430730666246
126;5,460;15,6407188777724
127;5,464;15,5897742660689
128;5,469;15,1433022625981
129;5,473;14,7986756592123
130;5,477;14,2248092589914
131;5,481;13,9285855146392
132;5,485;13,4866492249846
133;5,489;12,9729741573871
134;5,493;12,5550530481312
135;5,497;12,1347435678319
136;5,502;11,6774910271748
137;5,506;11,1753414932359
138;5,510;11,0663967150038
139;5,514;10,4624017809798
140;5,518;10,075025527085
141;5,522;9,93352002068461
142;5,526;9,43426282599074
143;5,530;9,18365915973163
144;5,535;8,67079482358922
145;5,539;8,3428210825237
146;5,543;8,04659733817143
147;5,547;7,77154025829466
148;5,551;7,35797956956733
149;5,555;7,14830688595857
150;5,559;6,89358382744129
151;5,563;6,55279176472135
152;5,568;6,25385097441156
153;5,572;5,77137811200365
154;5,576;5,60971387753134
155;5,580;5,22801274382201
156;5,584;5,03672394374838
157;5,588;4,61240462949572
158;5,592;4,41368777636082
159;5,596;4,0202858157054
160;5,600;3,82779187427965
161;5,605;3,59092681943477
162;5,609;3,28944427645504
163;5,613;3,08649847275723
164;5,617;2,90664755969832
165;5,621;2,75210461503403
166;5,625;2,66432650127745
167;5,629;2,49462068723733
168;5,633;2,29165297187857
169;5,638;2,22245594660566
170;5,642;2,07402635534579
171;5,646;2,01646442203612
172;5,650;1,92195942836859
173;5,654;1,87171598981546
174;5,658;1,81877741696576
175;5,662;1,65897567367402
176;5,666;1,66024655000898
177;5,671;1,54731384948442
178;5,675;1,57413372248443
179;5,679;1,52783438290189
180;5,683;1,46356748134222
181;5,687;1,44820740701787
182;5,691;1,46326071808895
183;5,695;1,37631524744839
184;5,699;1,3679669046273
185;5,704;1,33746587258807
186;5,708;1,26550797803575
187;5,712;1,25126539841973
188;5,716;1,25312788960029
189;5,720;1,25176936662153
190;5,724;1,19471140151366
191;5,728;1,2332978364426
192;5,732;1,23621208734865
193;5,737;1,17093724938538
194;5,741;1,16000333057246
195;5,745;1,19065774423833
196;5,749;1,12761789569173
197;5,753;1,10921210049564
198;5,757;1,14948573331756
199;5,761;1,14164135869827
200;5,765;1,11887514297359
201;5,769;1,09152939011083
202;5,774;1,14674677569909
203;5,778;1,07967518153811
204;5,782;1,10452300505283
205;5,786;1,09019277879302
206;5,790;1,09461893430446
207;5,794;1,09319467634286
208;5,798;1,0682372945234
209;5,802;1,063372905793
210;5,807;1,11808632317947
211;5,811;1,26296622536582
212;5,815;1,55993496619031
213;5,819;2,3034633571294
214;5,823;3,88623027402723
215;5,827;6,33970086200474
216;5,831;10,1388322837648
217;5,835;14,8777548435727
218;5,840;19,823523482727
219;5,844;24,3585361257554
220;5,848;28,1161887733414
221;5,852;30,582192831381
222;5,856;31,8681882124029
223;5,860;32,2858025584055
224;5,864;32,1618921157462
225;5,868;31,7780436392639
226;5,873;30,8513994977847
227;5,877;30,0386740815727
228;5,881;29,3367559347734
229;5,885;28,0536528929966
230;5,889;27,049200443492
231;5,893;25,8166476035216
232;5,897;25,0520621064118
233;5,901;23,9333403450648
234;5,906;23,2002638163978
235;5,910;21,9352817182248
236;5,914;21,3554553462262
237;5,918;20,4730289365394
238;5,922;19,6323442409582
239;5,926;18,8026153758507
240;5,930;17,9086634325055
241;5,934;17,134721656171
242;5,938;16,2035856241975
243;5,943;15,4584357703483
244;5,947;14,4978285544001
245;5,951;13,5180048118007
246;5,955;12,8128437391811
247;5,959;11,9303515945116
248;5,963;10,8451765860756
249;5,967;10,2603981787027
250;5,971;9,47804232456429
251;5,976;8,60475307749278
252;5,980;7,85447589498179
253;5,984;7,1283015395133
254;5,988;6,43521379207587
255;5,992;5,89697575255599
256;5,996;5,31070735223871
257;6,000;4,77358680742718
258;6,004;4,35641069464348
259;6,009;3,93599165603951
260;6,013;3,67114541016438
261;6,017;3,29757350266665
262;6,021;3,04797777281113
263;6,025;2,76801248088208
264;6,029;2,60431046194164
265;6,033;2,42555513193011
266;6,037;2,2154003917805
267;6,042;2,01422943261945
268;6,046;1,86343338197722
269;6,050;1,78759712343715
270;6,054;1,65417701992646
271;6,058;1,5946430371315
272;6,062;1,46159543185693
273;6,066;1,41623829369514
274;6,070;1,36347501413302
275;6,075;1,30365617974574
276;6,079;1,24587512982659
277;6,083;1,1851798290014
278;6,087;1,11889705463454
279;6,091;1,09063101201197
280;6,095;1,07614740412553
281;6,099;1,00927301491308
282;6,103;0,97699713833708
283;6,107;1,00405803960752
284;6,112;0,970818049949822
285;6,116;0,96227250218021
286;6,120;0,926687964801108
287;6,124;0,926907081410585
288;6,128;0,898597215466127
289;6,132;0,844760264517571
290;6,136;0,903330134230835
291;6,140;0,897939865637695
292;6,145;0,834505607194036
293;6,149;0,835645013563318
294;6,153;0,862968854765129
295;6,157;0,807554264228337
296;6,161;0,783210408915417
297;6,165;0,801309440858236
298;6,169;0,764454027144166
299;6,173;0,808847052224253
300;6,178;0,78645333473568
301;6,182;0,757551853945633
302;6,186;0,738160034006898
303;6,190;0,776242500734041
304;6,194;0,736560482757714
305;6,198;0,787176419546954
306;6,202;0,674221807361442
307;6,206;0,728672284816534
308;6,211;0,692342750965209
309;6,215;0,678297376297718
310;6,219;0,678363111280561
311;6,223;0,711274426024041
312;6,227;0,65759085670212
313;6,231;0,653624846070582
314;6,235;0,658051001582022
315;6,239;0,682175740285465
316;6,244;0,637081542055051
317;6,248;0,644093273558322
318;6,252;0,666092581149836
319;6,256;0,615082234463537
320;6,260;0,692014076050993
321;6,264;0,617689722116316
322;6,268;0,617602075472525
323;6,272;0,62794437943985
324;6,276;0,601694209624478
325;6,281;0,599305838581176
326;6,285;0,661513044011762
327;6,289;0,714583086827148
328;6,293;0,87122955094242
329;6,297;1,22164083281841
330;6,301;1,88440284150419
331;6,305;3,04609336996963
332;6,309;4,91717392161761
333;6,314;7,11607483270447
334;6,318;9,77384974735855
335;6,322;12,0813010267804
336;6,326;14,3877224581378
337;6,330;16,2804517308021
338;6,334;17,4491978140927
339;6,338;18,0059731187743
340;6,342;18,1043783880906
341;6,347;17,9953897865366
342;6,351;17,8002445341362
343;6,355;17,0903724544128
344;6,359;16,8228968092239
345;6,363;16,165656539097
346;6,367;15,6598915811016
347;6,371;15,0805253539829
348;6,375;14,5824733006411
349;6,380;13,9430033875428
350;6,384;13,3126268137377
351;6,388;12,7254600353216
352;6,392;12,2021000135852
353;6,396;11,6427391329118
354;6,400;11,0691137609613
355;6,404;10,3529749462069
356;6,408;9,59601470710683
357;6,413;9,19652130470794
358;6,417;8,64018423324525
359;6,421;8,06208888246147
360;6,425;7,28637226159017
361;6,429;6,80181779139222
362;6,433;6,21362116491154
363;6,437;5,58103151335077
364;6,441;5,11343666872636
365;6,445;4,46439135979386
366;6,450;4,03700441300851
367;6,454;3,7056343644961
368;6,458;3,32060265832271
369;6,462;2,98761114690016
370;6,466;2,67699144130523
371;6,470;2,45443470105921
372;6,474;2,22578651906972
373;6,478;2,04593560601081
374;6,483;1,8568598836929
375;6,487;1,69624740894609
376;6,491;1,51554194111022
377;6,495;1,46748966865186
378;6,499;1,31612391482499
379;6,503;1,22961667740338
380;6,507;1,14023901239762
381;6,511;1,11052680015251
382;6,516;1,03039585606668
383;6,520;0,940492311198173
384;6,524;0,937950558528237
385;6,528;0,890533724237365
386;6,532;0,856176239871335
387;6,536;0,795502850707089
388;6,540;0,778784253403977
389;6,544;0,727423320142513
390;6,549;0,724903479133525
391;6,553;0,707637090306719
392;6,557;0,702378291679266
393;6,561;0,702202998391684
394;6,565;0,677355174876966
395;6,569;0,631362598547695
396;6,573;0,663967150037907
397;6,577;0,616375022459452
398;6,582;0,63506566924786
399;6,586;0,641485785905543
400;6,590;0,647248552734794
401;6,594;0,679677810937425
402;6,598;0,683161765028113
403;6,602;0,6313187752258
404;6,606;0,622860874099978
405;6,610;0,604937135444741
406;6,614;0,620713531327102
407;6,619;0,624372778705371
408;6,623;0,602789792671864
409;6,627;0,542423166760887
410;6,631;0,580812396741298
411;6,635;0,584362085814829
412;6,639;0,522111057062347
413;6,643;0,531051014729019
414;6,647;0,532299979403039
415;6,652;0,489550328894031
416;6,656;0,559273234029686
417;6,660;0,516370201894044
418;6,664;0,481508749326216
419;6,668;0,465337943546797
420;6,672;0,469807922380132
421;6,676;0,485167996704486
422;6,680;0,481530660987164
423;6,685;0,471692325221636
424;6,689;0,449123314445482
425;6,693;0,469873657362975
426;6,697;0,4710787987151
427;6,701;0,429008409695472
428;6,705;0,434836911507566
429;6,709;0,447195088282082
430;6,713;0,420835360161971
431;6,718;0,448969932818848
432;6,722;0,435713377945475
433;6,726;0,423048437917691
434;6,730;0,419257720573735
435;6,734;0,41391127530249
436;6,738;0,443864515818028
437;6,742;0,37512763542502
438;6,746;0,427518416751027
439;6,751;0,408017038507553
440;6,755;0,400369868836798
441;6,759;0,43152825070446
442;6,763;0,388428013620288
443;6,767;0,442900402736328
444;6,771;0,394497543702808
445;6,775;0,372301031162764
446;6,779;0,421470798329455
447;6,783;0,394585190346599
448;6,788;0,388340366976498
449;6,792;0,422654028020632
450;6,796;0,396907826407057
451;6,800;0,41757052268076
452;6,804;0,448027731398095
453;6,808;0,392897992453624
454;6,812;0,39129844120444
455;6,816;0,43720337088992
456;6,821;0,431243399112139
457;6,825;0,390728738019799
458;6,829;0,413034808864582
459;6,833;0,428657823120308
460;6,837;0,438561893868679
461;6,841;0,490843116889946
462;6,845;0,683161765028113
463;6,849;1,06374540402912
464;6,854;1,93230173233591
465;6,858;3,47597824610301
466;6,862;6,01950576057566
467;6,866;9,73031127705542
468;6,870;14,6926451318863
469;6,874;20,4959266222298
470;6,878;26,2911446213446
471;6,882;31,2506518719132
472;6,887;35,3192529000083
473;6,891;38,2623176402018
474;6,895;39,6268882373822
475;6,899;40,4713198269855
476;6,903;40,5447458028213
477;6,907;40,1463479834698
478;6,911;39,1004605831131
479;6,915;38,0465535148495
480;6,920;36,630074192884
481;6,924;35,3960313599692
482;6,928;33,6665658730263
483;6,932;32,2372463177454
484;6,936;30,6150822344635
485;6,940;29,3652410940054
486;6,944;28,0126123520415
487;6,948;26,0488454745847
488;6,952;24,5662367598789
489;6,957;22,8369027429017
490;6,961;20,9360661556867
491;6,965;19,0582149008059
492;6,969;17,3627782233149
493;6,973;15,6564295386719
494;6,977;14,1936070538019
495;6,981;12,3118336116114
496;6,985;10,9681010039923
497;6,990;9,46272607356183
498;6,994;8,31337181020996
499;6,998;7,08916731306066
500;7,002;6,06913567262226
501;7,006;5,39423460377143
502;7,010;4,70158508955296
503;7,014;4,09515796116377
504;7,018;3,5199111263032
505;7,023;3,14447672762491
506;7,027;2,6758739465969
507;7,031;2,36849716682224
508;7,035;2,08645026710315
509;7,039;1,85791164341839
510;7,043;1,70753191433417
511;7,047;1,52467910372542
512;7,051;1,36025399997371
513;7,056;1,24405646196793
514;7,060;1,14157562371543
515;7,064;1,08898763744089
516;7,068;0,96939379198822
517;7,072;0,940601869502912
518;7,076;0,862136211649115
519;7,080;0,83533825031005
520;7,084;0,761057719697268
521;7,089;0,729986984473397
522;7,093;0,729855514507711
523;7,097;0,662959213634312
524;7,101;0,627111736323837
525;7,105;0,591351905657153
526;7,109;0,593323955142448
527;7,113;0,538281862841767
528;7,117;0,543562573130168
529;7,121;0,529188523548462
530;7,126;0,526931622470846
531;7,130;0,526230449320519
532;7,134;0,479273759909549
533;7,138;0,509555675339302
534;7,142;0,521804293809079
535;7,146;0,569264951421848
536;7,150;0,547024615559909
537;7,154;0,533899530652223
538;7,159;0,580264605217605
539;7,163;0,592710428635911
540;7,167;0,597684375671045
541;7,171;0,569002011490475
542;7,175;0,617711633777264
543;7,179;0,641529609227439
544;7,183;0,585238552252738
545;7,187;0,58493178899947
546;7,192;0,612562393454549
547;7,196;0,575268746521524
548;7,200;0,547791523693079
549;7,204;0,58887588797006
550;7,208;0,594331891546043
551;7,212;0,534622615463497
552;7,216;0,561990279987204
553;7,220;0,51428859410401
554;7,225;0,500155572792729
555;7,229;0,471582766916898
556;7,233;0,463102954130129
557;7,237;0,458479593670159
558;7,241;0,442462169517374
559;7,245;0,44557362537195
560;7,249;0,476775830561508
561;7,253;0,399624872364575
562;7,258;0,405497197498565
563;7,262;0,41930154389563
564;7,266;0,4219966781922
565;7,270;0,450547572407084
566;7,274;0,455828282695485
567;7,278;0,480150226347458
568;7,282;0,497285145208577
569;7,286;0,514420064069697
570;7,290;0,49196061159828
571;7,295;0,440994088233876
572;7,299;0,458019448790257
573;7,303;0,46029826152882
574;7,307;0,471889530170166
575;7,311;0,470377625564773
576;7,315;0,439438360306588
577;7,319;0,434420589949559
578;7,323;0,521431795572968
579;7,328;0,675142097121246
580;7,332;0,841342045409726
581;7,336;1,33483647327435
582;7,340;2,06166817857127
583;7,344;3,31218858051878
584;7,348;5,10550464746329
585;7,352;7,37163053433776
586;7,356;10,0046671837819
587;7,361;12,6874652152382
588;7,365;15,4320103072453
589;7,369;17,5262392139849
590;7,373;19,1949217534588
591;7,377;20,244775164447
592;7,381;20,4852775550092
593;7,385;20,5007252759774
594;7,389;20,2842380658139
595;7,394;19,6593394072457
596;7,398;19,1934755838362
597;7,402;18,5221899390418
598;7,406;17,9465486942841
599;7,410;17,0639469913098
600;7,414;16,3702676290268
601;7,418;15,2681768183392
602;7,422;14,3269175990078
603;7,427;13,3050892023717
604;7,431;12,3302394068075
605;7,435;11,19832682557
606;7,439;10,200754637603
607;7,443;9,28425559514262
608;7,447;8,1757884911192
609;7,451;7,31663226535898
610;7,455;6,44283905008567
611;7,459;5,56196836832626
612;7,464;4,92216978031369
613;7,468;4,35248850733383
614;7,472;3,86887623855664
615;7,476;3,69382397924527
616;7,480;3,8687666802519
617;7,484;4,64141566859051
618;7,488;5,79769401680186
619;7,492;7,70067794678972
620;7,497;10,1836635420638
621;7,501;13,0334284299418
622;7,505;15,8946750281565
623;7,509;18,4347624118603
624;7,513;20,759918313328
625;7,517;22,3629535166025
626;7,521;23,1375526427654
627;7,525;23,4740061966177
628;7,530;23,5604915223784
629;7,534;23,1890888693145
630;7,538;22,5727795818379
631;7,542;21,6621528645114
632;7,546;21,0012314353453
633;7,550;20,1642498104641
634;7,554;19,13067676356
635;7,558;18,3041031776291
636;7,563;17,0527720442265
637;7,567;15,8251055046475
638;7,571;14,6560307464426
639;7,575;13,1244056461968
640;7,579;11,8182296254421
641;7,583;10,4582604770607
642;7,587;9,33868416093677
643;7,591;8,1589822471723
644;7,596;7,08200219993076
645;7,600;6,04268829785835
646;7,604;5,26388213279343
647;7,608;4,55666136404472
648;7,612;3,85472130558441
649;7,616;3,28422930114949
650;7,620;2,76119795432733
651;7,624;2,418893987002
652;7,628;1,9945089377665
653;7,633;1,80672600344451
654;7,637;1,55513631244276
655;7,641;1,41100140672863
656;7,645;1,264565776615
657;7,649;1,09827818168273
658;7,653;1,0571719057448
659;7,657;0,967136890910605
660;7,661;0,848594805183422
661;7,666;0,780493362957899
662;7,670;0,687127775659651
663;7,674;0,69319730574217
664;7,678;0,612189895218437
665;7,682;0,589445591154701
666;7,686;0,524740456376074
667;7,690;0,499016166423447
668;7,694;0,511155226588486
669;7,699;0,445902300286166
670;7,703;0,449167137767377
671;7,707;0,427408858446288
672;7,711;0,392700787505094
673;7,715;0,387770663791857
674;7,719;0,37552204532208
675;7,723;0,379115557717506
676;7,727;0,346927327785301
677;7,732;0,355034642335958
678;7,736;0,342829847188077
679;7,740;0,315878504222377
680;7,744;0,335029295890687
681;7,748;0,333736507894771
682;7,752;0,27225238727546
683;7,756;0,264210807707646
684;7,760;0,249004115009926
685;7,765;0,267256528579379
686;7,769;0,26359728120111
687;7,773;0,233709775668415
688;7,777;0,196481863718234
689;7,781;0,227749803890635
690;7,785;0,190017923738655
691;7,789;0,217604704871839
692;7,793;0,176125930697799
693;7,797;0,230466849848152
694;7,802;0,174329174500085
695;7,806;0,195780690567906
696;7,810;0,193392319524605
697;7,814;0,216333828536871
698;7,818;0,215128687184746
699;7,822;0,15272427680563
700;7,826;0,190872478515616
701;7,830;0,174614026092406
702;7,835;0,166353329915114
703;7,839;0,196722891988659
704;7,843;0,139051400374251
705;7,847;0,16418407548129
706;7,851;0,199680966216601
707;7,855;0,184802948433097
708;7,859;0,187366612763981
709;7,863;0,166923033099755
710;7,868;0,107060375390575
711;7,872;0,138854195425722
712;7,876;0,149810025899583
713;7,880;0,146632835062163
714;7,884;0,134778626489445
715;7,888;0,121149573379961
716;7,892;0,13030864765611
717;7,896;0,122310891410191
718;7,901;0,117424591018848
719;7,905;0,113896813606265
720;7,909;0,110040361279466
721;7,913;0,153819859853017
722;7,917;0,103401128012306
723;7,921;0,131864375583398
724;7,925;0,141768446331769
725;7,929;0,114181665198585
726;7,934;0,120097813654471
727;7,938;0,120273106942052
728;7,942;0,130483940943691
729;7,946;0,128577626441239
730;7,950;0,102721866522926
731;7,954;0,135742739571145
732;7,958;0,122310891410191
733;7,962;0,0960388099338706
734;7,966;0,110215654567047
735;7,971;0,124392499200224
736;7,975;0,104562446042535
737;7,979;0,0987558558913883
738;7,983;0,0821249052320664
739;7,987;0,112604025610349
740;7,991;0,121083838397118
741;7,995;0,186533969647967
742;7,999;0,232614192621029
743;8,004;0,518692837954503
744;8,008;0,929273540792939
745;8,012;1,72975033853516
746;8,016;2,83482113511168
747;8,020;4,44727835259368
748;8,024;6,90968889823786
749;8,028;9,68927073610034
750;8,032;12,8283791067931
751;8,037;15,9052145370723
752;8,041;18,7225282550868
753;8,045;20,8100960168983
754;8,049;22,2856272651179
755;8,053;23,1950050177704
756;8,057;23,6925969262322
757;8,061;23,6491899258948
758;8,065;23,1992997033161
759;8,070;22,6197362712488
760;8,074;21,5903702632467
761;8,078;20,5682131916964
762;8,082;19,2398406584016
763;8,086;17,9409612207425
764;8,090;16,659413906893
765;8,094;15,1382844922411
766;8,098;13,7959323192617
767;8,103;12,151067755238
768;8,107;10,8027556104808
769;8,111;9,43093225352668
770;8,115;8,14723759690432
771;8,119;6,88286902523785
772;8,123;5,92188931105356
773;8,127;4,9629912046593
774;8,131;4,17914535757639
775;8,135;3,62942560771992
776;8,140;3,12775813032179
777;8,144;2,63297091446126
778;8,148;2,37180582762535
779;8,152;2,46199422408617
780;8,156;2,83488687009453
781;8,160;3,86368317491202
782;8,164;6,11320002278813
783;8,168;9,64255507495979
784;8,173;15,2531235072681
785;8,177;22,4210194181139
786;8,181;31,2210492179728
787;8,185;41,477897707602
788;8,189;51,5005105417001
789;8,193;61,347567148285
790;8,197;68,6767767070279
791;8,201;74,7086625560391
792;8,206;78,2099268588757
793;8,210;80,1963942170744
794;8,214;81,1809508784385
795;8,218;79,8932463878627
796;8,222;76,9765632874503
797;8,226;74,4384260415708
798;8,230;70,4554119611375
799;8,234;66,5689187471789
800;8,239;61,6564120093431
801;8,243;56,4539482621862
802;8,247;50,8682714767145
803;8,251;45,2406557721888
804;8,255;38,9693412040019
805;8,259;34,0321619359391
806;8,263;28,8601115741775
807;8,267;24,2925162913199
808;8,272;20,3239200837902
809;8,276;17,1438807304471
810;8,280;14,3659860904776
811;8,284;11,8772377283743
812;8,288;10,0303914737345
813;8,292;8,44254105149679
814;8,296;7,14802203436625
815;8,300;6,11593898040659
816;8,304;5,15818028038161
817;8,309;4,48809977693929
818;8,313;3,94795542291697
819;8,317;3,36315510388318
820;8,321;2,98857525998186
821;8,325;2,67385807378971
822;8,329;2,32765383081568
823;8,333;2,12341523912196
824;8,337;1,99670010386127
825;8,342;1,7957920846316
826;8,346;1,61230383585537
827;8,350;1,45865926928993
828;8,354;1,37819965028989
829;8,358;1,26222122889359
830;8,362;1,21804732042298
831;8,366;1,10809460578731
832;8,370;1,0711296337685
833;8,375;1,00142864029379
834;8,379;0,91982961492447
835;8,383;0,8488139217929
836;8,387;0,785160546739764
837;8,391;0,787198331207902
838;8,395;0,724202305983198
839;8,399;0,660636577573853
840;8,403;0,666990959248693
841;8,408;0,672381227841833
842;8,412;0,572376407276424
843;8,416;0,555789279938998
844;8,420;0,565649527365473
845;8,424;0,543431103164482
846;8,428;0,499673516251879
847;8,432;0,464220448838463
848;8,436;0,455149021206105
849;8,441;0,431090017485505
850;8,445;0,420134187011644
851;8,449;0,400786190394804
852;8,453;0,396250476578626
853;8,457;0,346554829549189
854;8,461;0,334766355959314
855;8,465;0,355472875554913
856;8,469;0,312986164977278
857;8,473;0,367327084127631
858;8,478;0,374251168987112
859;8,482;0,312065875217473
860;8,486;0,322364355862903
861;8,490;0,310816910543453
862;8,494;0,34366249030409
863;8,498;0,316842617304077
864;8,502;0,266752560377582
865;8,506;0,316119532492802
866;8,511;0,345985126364549
867;8,515;0,275736341366148
868;8,519;0,292126263755045
869;8,523;0,248127648572017
870;8,527;0,278541033967457
871;8,531;0,245805012511558
872;8,535;0,25108572279996
873;8,539;0,209146803746018
874;8,544;0,242649733335086
875;8,548;0,223126443430665
876;8,552;0,219116609477232
877;8,556;0,205772407960068
878;8,560;0,184496185179829
879;8,564;0,190916301837512
880;8,568;0,168829347602207
881;8,572;0,138372138884872
882;8,577;0,182721340643063
883;8,581;0,190675273567087
884;8,585;0,180311057938814
885;8,589;0,157501018892234
886;8,593;0,144244464018862
887;8,597;0,161642322811354
888;8,601;0,166835386455964
889;8,605;0,128577626441239
890;8,610;0,157128520656123
891;8,614;0,186840732901235
892;8,618;0,293199935141484
893;8,622;0,331720635087581
894;8,626;0,629259079096714
895;8,630;1,14286841171134
896;8,634;1,96194820959818
897;8,638;3,25348724083983
898;8,642;5,13333245686689
899;8,647;7,81019242820644
900;8,651;10,8763130562823
901;8,655;14,3368654930781
902;8,659;17,783986081713
903;8,663;20,6654571429824
904;8,667;23,1570978443308
905;8,671;25,0646613114567
906;8,675;26,478730350718
907;8,680;26,5652594998006
908;8,684;26,5154323828055
909;8,688;26,0060081774319
910;8,692;25,0908895696112
911;8,696;23,7343824636595
912;8,700;21,9727068351235
913;8,704;20,1740443229078
914;8,708;18,1853857986143
915;8,713;16,2002550517334
916;8,717;14,2288190929449
917;8,721;12,3718277392863
918;8,725;10,565408499095
919;8,729;8,88042368387609
920;8,733;7,47836223481412
921;8,737;6,28053937744589
922;8,741;5,27737971593723
923;8,746;4,36315948621537
924;8,750;3,73083277458598
925;8,754;3,18707299650728
926;8,758;2,81028007485023
927;8,762;2,39321352037127
928;8,766;2,10840575137277
929;8,770;1,83424704959485
930;8,774;1,61657660974017
931;8,779;1,45199812436182
932;8,783;1,300194137316
933;8,787;1,19394449338049
934;8,791;1,08364119216965
935;8,795;0,949147417272524
936;8,799;0,86353855794977
937;8,803;0,773328249827993
938;8,807;0,671395203099185
939;8,811;0,619837064889193
940;8,816;0,622510287524815
941;8,820;0,631822743427597
942;8,824;0,506268926197144
943;8,828;0,473116583183238
944;8,832;0,429884876133381
945;8,836;0,415467003229779
946;8,840;0,36136711234985
947;8,844;0,34116456095605
948;8,849;0,34539351151896
949;8,853;0,319033783398849
950;8,857;0,309940444105544
951;8,861;0,266840207021373
952;8,865;0,288488928037723
953;8,869;0,293857284969915
954;8,873;0,366691645960147
955;8,877;0,440314826744497
956;8,882;0,664734058171077
957;8,886;1,23851281174816
958;8,890;2,10698149341116
959;8,894;3,61445994329262
960;8,898;5,77363501308126
961;8,902;8,68602342794789
962;8,906;12,174118822555
963;8,910;15,9588761947333
964;8,915;19,994127674866
965;8,919;23,5324226847043
966;8,923;26,3844663853209
967;8,927;28,3338373015351
968;8,931;29,9189049428325
969;8,935;29,9893947561013
970;8,939;30,1435871141904
971;8,943;29,7483226623545
972;8,948;28,2657139476487
973;8,952;26,6603780199747
974;8,956;24,5718461450815
975;8,960;22,2182489077037
976;8,964;19,980301416808
977;8,968;17,1362773840983
978;8,972;14,8219896664607
979;8,976;12,6740333670773
980;8,980;10,7466398467937
981;8,985;8,84128945742345
982;8,989;7,35957912081652
983;8,993;6,2082308963184
984;8,997;5,19659142202297
985;9,001;4,33995503727173
986;9,005;3,64369009899688
987;9,009;3,0434639706559
988;9,013;2,63803250814018
989;9,018;2,30079013449377
990;9,022;1,98710279636617
991;9,026;1,77203984416427
992;9,030;1,57544842214129
993;9,034;1,37502245945247
994;9,038;1,1808632317947
995;9,042;1,12203042215006
996;9,046;0,987317530643458
997;9,051;0,913168469996363
998;9,055;0,844891734483257
999;9,059;0,763818588976682
1000;9,063;0,703079464829593
1001;9,067;0,64536414989329
1002;9,071;0,575356393165315
1003;9,075;0,552349149170205
1004;9,079;0,542269785134253
1005;9,084;0,469720275736341
1006;9,088;0,414283773538602
1007;9,092;0,41487538838419
1008;9,096;0,430892812536976
1009;9,100;0,387310518911955
1010;9,104;0,333407832980556
1011;9,108;0,344276016810626
1012;9,112;0,290592447488705
1013;9,117;0,271332097515656
1014;9,121;0,264342277673332
1015;9,125;0,260858323582644
1016;9,129;0,236207705016456
1017;9,133;0,247251182134108
1018;9,137;0,229480825105505
1019;9,141;0,194290697623461
1020;9,145;0,203953740101407
1021;9,149;0,210461503402881
1022;9,154;0,206736521041768
1023;9,158;0,160743944712497
1024;9,162;0,169201845838318
1025;9,166;0,165783626730473
1026;9,170;0,156975139029489
1027;9,174;0,164556573717401
1028;9,178;0,156712199098116
1029;9,182;0,101078491951847
1030;9,187;0,1082655167427
1031;9,191;0,130155266029476
1032;9,195;0,11442269346901
1033;9,199;0,089991191512299
1034;9,203;0,106096262308876
1035;9,207;0,107849195184693
1036;9,211;0,0812265271332097
1037;9,215;0,122288979749243
1038;9,220;0,0966523364404069
1039;9,224;0,0982518876895906
1040;9,228;0,136925969262322
1041;9,232;0,0934313222810916
1042;9,236;0,0503091735359724
1043;9,240;0,086353855794977
1044;9,244;0,0954033717663866
1045;9,248;0,0829794600090276
1046;9,253;0,0940010254657323
1047;9,257;0,0959073399681843
1048;9,261;0,0855869476618067
1049;9,265;0,0775453680939923
1050;9,269;0,0521497530555811
1051;9,273;0,0944830820065823
1052;9,277;0,0681890888693145
1053;9,281;0,0677070323284646
1054;9,286;0,0796707992059214
1055;9,290;0,0531576894591764
1056;9,294;0,0515581382099926
1057;9,298;0,0455324314493687
1058;9,302;0,0696352584918642
1059;9,306;0,0657568945041172
1060;9,310;0,0425086222385829
1061;9,314;0,0504625551626064
1062;9,318;0,0265569330686405
1063;9,323;0,00083264311601348
1064;9,327;0,0493231487933248
1065;9,331;0,0200929930890621
1066;9,335;0,0436480286078645
1067;9,339;0,0196766715310554
1068;9,343;0,0442615551144008
1069;9,347;0,036964972018809
1070;9,351;0,00582850181209436
1071;9,356;0
1072;9,360;0,0674660040580396
1073;9,364;0,160481004781124
1074;9,368;0,346269977956869
1075;9,372;0,650338096928423
1076;9,376;1,37217394352927
1077;9,380;2,4435007822463
1078;9,384;4,16087103234599
1079;9,389;6,58123310063149
1080;9,393;9,58898106394261
1081;9,397;13,1368076462932
1082;9,401;17,185841561162
1083;9,405;21,4818418065726
1084;9,409;24,9755904097042
1085;9,413;27,3854129690739
1086;9,417;29,7599358426567
1087;9,422;31,1181520581623
1088;9,426;31,1076125492465
1089;9,430;30,4230046145958
1090;9,434;29,5077326251484
1091;9,438;27,5546367265731
1092;9,442;25,324007730434
1093;9,446;22,677911731065
1094;9,450;20,0630398485466
1095;9,455;17,2232009430779
1096;9,459;14,7697522667613
1097;9,463;12,3641805696155
1098;9,467;10,1546086796471
1099;9,471;8,66027722633431
1100;9,475;7,06775962031474
1101;9,479;5,92305062908379
1102;9,483;4,82253745798439
1103;9,487;4,11040847718339
1104;9,492;3,34661179986765
1105;9,496;2,95285925263707
1106;9,500;2,5993365149065
1107;9,504;2,20161795704438
1108;9,508;1,92239766158754
1109;9,512;1,70788250090933
1110;9,516;1,46935215983242
1111;9,520;1,34322863941732
1112;9,525;1,15034028809452
1113;9,529;1,05289913185999
1114;9,533;0,991897067781532
1115;9,537;0,903001459316619
1116;9,541;0,847608780440775
1117;9,545;0,733449026903137
1118;9,549;0,695278913532204
1119;9,553;0,606054630153075
1120;9,558;0,577854322513355
1121;9,562;0,581382099925939
1122;9,566;0,483042565592557
1123;9,570;0,40670233885069
1124;9,574;0,406132635666049
1125;9,578;0,352733917936447
1126;9,582;0,305229437001784
1127;9,586;0,2887080446472
1128;9,591;0,32085245125751
1129;9,595;0,301110044743612
1130;9,599;0,258272747590813
1131;9,603;0,235725648475606
1132;9,607;0,224901287967431
1133;9,611;0,216487210163505
1134;9,615;0,216618680129191
1135;9,619;0,210110916827717
1136;9,624;0,289518776102266
1137;9,628;0,413034808864582
1138;9,632;0,779967483095154
1139;9,636;1,30608837411093
1140;9,640;2,67997142719412
1141;9,644;4,78813615029646
1142;9,648;8,12756092537327
1143;9,652;13,1103164482074
1144;9,657;19,4346791475487
1145;9,661;27,3994364320804
1146;9,665;36,3448281906665
1147;9,669;45,418731840711
1148;9,673;53,894293765256
1149;9,677;60,4757898058189
1150;9,681;66,4263176577311
1151;9,685;69,7394703513316
1152;9,689;71,4686071633602
1153;9,694;71,0203384036917
1154;9,698;68,3981480264167
1155;9,702;63,5722142609854
1156;9,706;58,0811082041641
1157;9,710;52,1178277655803
1158;9,714;44,8331207902221
1159;9,718;37,7970016083159
1160;9,722;31,3664550000219
1161;9,727;25,8812870033174
1162;9,731;21,1790007406141
1163;9,735;17,4927362843958
1164;9,739;14,4018993027709
1165;9,743;11,9102805130835
1166;9,747;10,0126649400278
1167;9,751;8,35206780344364
1168;9,755;6,99074013208349
1169;9,760;6,01247211741144
1170;9,764;5,16968390237917
1171;9,768;4,5424187844287
1172;9,772;3,95268834168168
1173;9,776;3,56373444819864
1174;9,780;3,27833506435455
1175;9,784;2,78683459763617
1176;9,788;2,56057478668998
1177;9,793;2,36716055550443
1178;9,797;2,17024045856724
1179;9,801;2,01837073653857
1180;9,805;1,93839317407938
1181;9,809;1,83203397183913
1182;9,813;1,69396859620753
1183;9,817;1,57518548220992
1184;9,821;1,48208283484305
1185;9,826;1,39936631476539
1186;9,830;1,32414358273186
1187;9,834;1,29745517969753
1188;9,838;1,16550315747034
1189;9,842;1,07800989530608
1190;9,846;1,10149919584204
1191;9,850;0,939243346524153
1192;9,854;0,869564264710393
1193;9,858;0,861018716940781
1194;9,863;0,767521659676847
1195;9,867;0,768244744488122
1196;9,871;0,697229051356551
1197;9,875;0,61784310374295
1198;9,879;0,601540827997844
1199;9,883;0,51054170008195
1200;9,887;0,513850360885056
1201;9,891;0,499213371371977
1202;9,896;0,500944392586847
1203;9,900;0,461415756237154
1204;9,904;0,411829667512457
1205;9,908;0,424012550999391
1206;9,912;0,46954498244876
1207;9,916;0,570908325992927
1208;9,920;0,911547007086231
1209;9,924;1,29657871325962
1210;9,929;2,18356274842346
1211;9,933;3,68245182721341
1212;9,937;5,83016709832639
1213;9,941;8,79836451362686
1214;9,945;12,394155721792
1215;9,949;16,5711318249346
1216;9,953;21,2024681294892
1217;9,957;25,5776571175648
1218;9,962;29,4864344907073
1219;9,966;32,8243035378568
1220;9,970;34,5737743712449
1221;9,974;35,3782171796186
1222;9,978;34,8057969490203
1223;9,982;33,2670067356446
1224;9,986;31,2880769888119
1225;9,990;28,1455065756894
1226;9,995;24,5799534596321
1227;9,999;21,2620240239451
1228;10,003;18,1547971199313
1229;10,007;15,2740929667951
1230;10,011;12,8424025697996
1231;10,015;10,6361393406343
1232;10,019;8,78703618491689
1233;10,023;7,23518662161629
1234;10,027;6,01713930119331
1235;10,032;5,05609385202617
1236;10,036;4,27546901910259
1237;10,040;3,7426869831587
1238;10,044;3,21178935005631
1239;10,048;2,84901989140581
1240;10,052;2,52144056023735
1241;10,056;2,23102340603622
1242;10,060;2,01631104040949
1243;10,065;1,9339012835851
1244;10,069;2,23211898908361
1245;10,073;2,74550920508876
1246;10,077;4,12511120167931
1247;10,081;6,28319068842056
1248;10,085;9,71481973276538
1249;10,089;14,8199299703316
1250;10,093;21,700060037951
1251;10,098;29,8742051544991
1252;10,102;39,0059994127675
1253;10,106;47,8795647467669
1254;10,110;56,9596693968596
1255;10,114;64,2876299909286
1256;10,118;69,951794345915
1257;10,122;72,6281722607137
1258;10,126;72,9302683302
1259;10,131;70,2475141220655
1260;10,135;65,3828405400786
1261;10,139;59,3649124190912
1262;10,143;52,6067207446459
1263;10,147;45,394826218617
1264;10,151;38,2012498411405
1265;10,155;31,7219278755768
1266;10,159;26,3998264596453
1267;10,164;21,7322482678832
1268;10,168;18,0053595922678
1269;10,172;14,791247606151
1270;10,176;12,3613758770142
1271;10,180;10,4188194873548
1272;10,184;8,77086537913747
1273;10,188;7,3659554141523
1274;10,192;6,4194812195154
1275;10,196;5,54303669326742
1276;10,201;4,88781229594766
1277;10,205;4,31405545403153
1278;10,209;3,83234949975678
1279;10,213;3,36549965160459
1280;10,217;2,97917515743528
1281;10,221;2,81273418087638
1282;10,225;2,48173663060007
1283;10,229;2,29040400720455
1284;10,234;2,10954515774205
1285;10,238;1,95769734737433
1286;10,242;1,80004294685546
1287;10,246;1,61164648602693
1288;10,250;1,56151260577854
1289;10,254;1,41842945978991
1290;10,258;1,31551038831846
1291;10,262;1,18432527422444
1292;10,267;1,18042499857574
1293;10,271;1,08574471162063
1294;10,275;1,0494590010912
1295;10,279;0,985805626038065
1296;10,283;0,904710568870541
1297;10,287;0,853809780488981
1298;10,291;0,783035115627835
1299;10,295;0,743221627685822
1300;10,300;0,757025974082887
1301;10,304;0,706410037293647
1302;10,308;0,647138994430056
1303;10,312;0,616528404086087
1304;10,316;0,573800665238026
1305;10,320;0,520467682491268
1306;10,324;0,536507018305002
1307;10,328;0,509884350253518
1308;10,333;0,46568853012196
1309;10,337;0,462927660842547
1310;10,341;0,484488735215107
1311;10,345;0,465754265104803
1312;10,349;0,399537225720784
1313;10,353;0,369321045273874
1314;10,357;0,36329533851325
1315;10,361;0,40823615511703
1316;10,365;0,412706133950366
1317;10,370;0,36136711234985
1318;10,374;0,441432321452831
1319;10,378;0,54152478866203
1320;10,382;0,803325313665426
1321;10,386;1,38882680584954
1322;10,390;2,34351787334184
1323;10,394;3,92442229905911
1324;10,398;6,59455539048771
1325;10,403;10,2057285846382
1326;10,407;15,2482372068768
1327;10,411;21,2938616673021
1328;10,415;28,8943375885779
1329;10,419;37,7274978197897
1330;10,423;47,4827445670037
1331;10,427;57,5886874476859
1332;10,431;67,8756644711182
1333;10,436;77,3294286753524
1334;10,440;84,9605590102941
1335;10,444;91,938130234148
1336;10,448;97,0901314261424
1337;10,452;97,9451901713054
1338;10,456;96,0718527185798
1339;10,460;91,0817129660063
1340;10,464;83,1163202433071
1341;10,469;74,1886111951058
1342;10,473;64,6137193291526
1343;10,477;54,9306934164224
1344;10,481;45,7932240379685
1345;10,485;37,7118309822121
1346;10,489;30,9847757779735
1347;10,493;25,7344131399848
1348;10,497;21,4235348767907
1349;10,502;17,6588266743796
1350;10,506;14,8430467726315
1351;10,510;12,546748528632
1352;10,514;10,8514652327676
1353;10,518;9,33675593477337
1354;10,522;7,94418223490177
1355;10,526;6,96545407534982
1356;10,530;6,28152540218854
1357;10,534;5,51041023011626
1358;10,539;4,93983057903755
1359;10,543;4,48121951540171
1360;10,547;4,02151286871847
1361;10,551;3,63396132153609
1362;10,555;3,28206004671566
1363;10,559;3,10100399230462
1364;10,563;2,77837669651035
1365;10,567;2,64212998873741
1366;10,572;2,43642331576018
1367;10,576;2,30782377765799
1368;10,580;2,01206017818563
1369;10,584;2,00929930890621
1370;10,588;1,82425533220269
1371;10,592;1,71178277655803
1372;10,596;1,61545911503184
1373;10,600;1,52757144297052
1374;10,605;1,46792790187082
1375;10,609;1,38569343833401
1376;10,613;1,33115531423513
1377;10,617;1,23419621454145
1378;10,621;1,15875436589844
1379;10,625;1,16646727055204
1380;10,629;1,0456025487644
1381;10,633;1,06990258075543
1382;10,638;0,988566495317478
1383;10,642;0,977019049998028
1384;10,646;0,919369470044568
1385;10,650;0,919654321636889
1386;10,654;0,825872412780634
1387;10,658;0,856636384751237
1388;10,662;0,77153149363028
1389;10,666;0,7636432956891
1390;10,671;0,79434153267686
1391;10,675;0,736100337877812
1392;10,679;0,694709210347563
1393;10,683;0,632348623290343
1394;10,687;0,696111556648217
1395;10,691;0,573450078662863
1396;10,695;0,53190556950598
1397;10,699;0,497285145208577
1398;10,703;0,507561714193059
1399;10,708;0,491040321838476
1400;10,712;0,461788254473266
1401;10,716;0,529933520020685
1402;10,720;0,529999255003528
1403;10,724;0,63112157027727
1404;10,728;0,905674681952241
1405;10,732;1,46321689476706
1406;10,736;2,39991848862127
1407;10,741;3,89698889955256
1408;10,745;5,9868792974245
1409;10,749;9,0342435437291
1410;10,753;12,6250827165201
1411;10,757;16,8514038801169
1412;10,761;21,1672122670243
1413;10,765;25,448904197836
1414;10,769;29,5067466004058
1415;10,774;31,8416093676733
1416;10,778;33,2702058381429
1417;10,782;33,4087751819763
1418;10,786;31,7240752183497
1419;10,790;29,4304940203077
1420;10,794;26,1767876628584
1421;10,798;22,9677591820815
1422;10,802;19,5832402087743
1423;10,807;16,5577657117565
1424;10,811;13,8203419095574
1425;10,815;11,3071182221755
1426;10,819;9,3922800836149
1427;10,823;7,71421935325542
1428;10,827;6,38573726165591
1429;10,831;5,41518215163746
1430;10,835;4,56838410265175
1431;10,840;3,82494335835645
1432;10,844;3,30114510340113
1433;10,848;2,9010381744957
1434;10,852;2,54269487135664
1435;10,856;2,27473716962693
1436;10,860;2,01484295912599
1437;10,864;1,84794183768718
1438;10,868;1,69204037004413
1439;10,872;1,49503262646315
1440;10,877;1,31693464628006
1441;10,881;1,30490514441976
1442;10,885;1,222232447664
1443;10,889;1,14273694174566
1444;10,893;1,03280613877093
1445;10,897;0,953354456174487
1446;10,901;0,878569957359908
1447;10,905;0,888430204786383
1448;10,910;0,72928581132307
1449;10,914;0,719666592167019
1450;10,918;0,642406075665348
1451;10,922;0,603841552397355
1452;10,926;0,617273400558309
1453;10,930;0,57222302564979
1454;10,934;0,555197665093409
1455;10,938;0,508350533987177
1456;10,943;0,49735088019142
1457;10,947;0,394234603771435
1458;10,951;0,439504095289431
1459;10,955;0,366297236063088
1460;10,959;0,319165253364536
1461;10,963;0,353873324305729
1462;10,967;0,331939751697058
1463;10,971;0,34780379422321
1464;10,976;0,317368497166822
1465;10,980;0,29092112240292
1466;10,984;0,289431129458475
1467;10,988;0,272800178799153
1468;10,992;0,232658015942924
1469;10,996;0,236185793355508
1470;11,000;0,234235655531161
1471;11,004;0,249026026670874
1472;11,009;0,237434758029528
1473;11,013;0,254372471942118
1474;11,017;0,196262747108756
1475;11,021;0,191398358378362
1476;11,025;0,198212884933104
1477;11,029;0,21894131618965
1478;11,033;0,195802602228854
1479;11,037;0,172313301692895
1480;11,041;0,133814513407745
1481;11,046;0,175161817616099
1482;11,050;0,128073658239442
1483;11,054;0,179084004925741
1484;11,058;0,130922174162646
1485;11,062;0,117884735898751
1486;11,066;0,132981870291732
1487;11,070;0,151102813895499
1488;11,074;0,165411128494362
1489;11,079;0,149174587732099
1490;11,083;0,151979280333408
1491;11,087;0,139401986949415
1492;11,091;0,149634732612001
1493;11,095;0,155550881067887
1494;11,099;0,141702711348926
1495;11,103;0,125619552213297
1496;11,107;0,157084697334227
1497;11,112;0,138350227223924
1498;11,116;0,154762061273769
1499;11,120;0,219730135983768
1500;11,124;0,149547085968211
1501;11,128;0,137802435700231
1502;11,132;0,147202538246804
1503;11,136;0,156011025947789
1504;11,140;0,109821244669988
1505;11,145;0,104387152754953
1506;11,149;0,0919851526585418
1507;11,153;0,119440463826039
1508;11,157;0,157522930553182
1509;11,161;0,161138354609556
1510;11,165;0,203888005118564
1511;11,169;0,402166625034511
1512;11,173;0,783341878881103
1513;11,178;1,63309800209475
1514;11,182;3,12832783350644
1515;11,186;5,73986914356082
1516;11,190;9,66654834369755
1517;11,194;15,6623895104497
1518;11,198;23,8729737191539
1519;11,202;34,1031557174097
1520;11,206;46,1679353518355
1521;11,210;58,8876983553107
1522;11,215;71,819500501777
1523;11,219;83,0304046207311
1524;11,223;92,5093891467161
1525;11,227;97,8644895240349
1526;11,231;100
1527;11,235;98,1730495335007
1528;11,239;94,1828703399375
1529;11,243;87,9774003128985
1530;11,248;80,3557139038253
1531;11,252;72,053823803952
1532;11,256;64,0599897453427
1533;11,260;55,8435551231654
1534;11,264;48,132688254035
1535;11,268;41,3976352935505
1536;11,272;35,0496080003856
1537;11,276;29,5248018090267
1538;11,281;24,7639894999321
1539;11,285;20,7291324296964
1540;11,289;17,4857902878754
1541;11,293;14,7717243162466
1542;11,297;12,6700454447848
1543;11,301;10,7332737336156
1544;11,305;9,38724040159692
1545;11,309;8,28677105381942
1546;11,314;7,24500304572087
1547;11,318;6,31575141658888
1548;11,322;5,70838208677894
1549;11,326;5,20772254578442
1550;11,330;4,63628833992874
1551;11,334;4,30673695927499
1552;11,338;3,93816091047334
1553;11,342;3,59252637068395
1554;11,347;3,30767477836355
1555;11,351;2,97249210084623
1556;11,355;2,80826420204304
1557;11,359;2,66936618329543
1558;11,363;2,39766158754366
1559;11,367;2,28345801068413
1560;11,371;2,09475478660233
1561;11,375;2,00940886721095
1562;11,379;1,85059314866185
1563;11,384;1,76469943774678
1564;11,388;1,65507539802532
1565;11,392;1,60757091709066
1566;11,396;1,48552296561184
1567;11,400;1,42254885204808
1568;11,404;1,39375692956277
1569;11,408;1,27893982619671
1570;11,412;1,22267068088295
1571;11,417;1,14247400181429
1572;11,421;1,15522658848586
1573;11,425;1,01687636126194
1574;11,429;0,995337198550324
1575;11,433;0,985104452887738
1576;11,437;0,914329788026592
1577;11,441;0,91540345941303
1578;11,445;0,832818409301062
1579;11,450;0,816253193624583
1580;11,454;0,79530564575856
1581;11,458;0,789564790590256
1582;11,462;0,705818422448058
1583;11,466;0,731192125825522
1584;11,470;0,655574983894929
1585;11,474;0,671482849742976
1586;11,478;0,70012139060165
1587;11,483;0,749028217836968
1588;11,487;0,792566688140094
1589;11,491;0,961637064012726
1590;11,495;1,29265652594998
1591;11,499;1,86209677065941
1592;11,503;2,74178422272765
1593;11,507;4,15767192984763
1594;11,511;6,35801901055704
1595;11,516;9,27746298024883
1596;11,520;12,7959060252685
1597;11,524;16,9235151562959
1598;11,528;21,1618000867702
1599;11,532;24,9347251620367
1600;11,536;27,8924707150651
1601;11,540;29,9073355858521
1602;11,544;30,287941136514
1603;11,548;29,721678082642
1604;11,553;28,1585221022924
1605;11,557;25,5911766123696
1606;11,561;22,4962202384865
1607;11,565;19,2212814815789
1608;11,569;16,1830324862285
1609;11,573;13,5033678222877
1610;11,577;11,2194277550627
1611;11,581;9,20112275350696
1612;11,586;7,66224489348742
1613;11,590;6,40004557625477
1614;11,594;5,36147667065459
1615;11,598;4,60951229025062
1616;11,602;4,09897059016868
1617;11,606;3,78572148526003
1618;11,610;3,72276928335722
1619;11,614;4,18657341063767
1620;11,619;5,10432141777211
1621;11,623;6,9242601527681
1622;11,627;9,72980730885362
1623;11,631;13,5833234730859
1624;11,635;18,2581325129607
1625;11,639;23,7385237675786
1626;11,643;29,2691584607496
1627;11,647;34,5479186113266
1628;11,652;38,134813685147
1629;11,656;39,6162829934835
1630;11,660;39,9772776075972
1631;11,664;38,0661644513977
1632;11,668;34,6957346760799
1633;11,672;30,9097283392276
1634;11,676;26,9730135983768
1635;11,680;22,9593670159385
1636;11,685;19,4679629605283
1637;11,689;16,2208739246852
1638;11,693;13,44076620696
1639;11,697;11,2985726744059
1640;11,701;9,58720621940584
1641;11,705;8,23696584848525
1642;11,709;7,04372252825509
1643;11,713;6,13110184978242
1644;11,717;5,28862039800341
1645;11,722;4,70767653129642
1646;11,726;4,21236343557314
1647;11,730;3,74194198668647
1648;11,734;3,34466166204331
1649;11,738;3,08847052224253
1650;11,742;2,75256475991393
1651;11,746;2,55516260643589
1652;11,750;2,29537795423969
1653;11,755;2,21912537414161
1654;11,759;2,0267409910206
1655;11,763;1,8789906612501
1656;11,767;1,76086489708093
1657;11,771;1,6576390623562
1658;11,775;1,51867530862574
1659;11,779;1,39266134651539
1660;11,783;1,31662788302679
1661;11,788;1,26458768827595
1662;11,792;1,16114273694175
1663;11,796;1,2169517373756
1664;11,800;1,13228507947359
1665;11,804;1,00256804666307
1666;11,808;0,897457809096845
1667;11,812;0,886019922082134
1668;11,816;0,830495773240603
1669;11,821;0,824119479904816
1670;11,825;0,784130698675221
1671;11,829;0,746004408626183
1672;11,833;0,713421768796918
1673;11,837;0,705533570855738
1674;11,841;0,63333464803299
1675;11,845;0,607763739706997
1676;11,849;0,641003729364693
1677;11,854;0,611992690269908
1678;11,858;0,56461967930093
1679;11,862;0,559492350639163
1680;11,866;0,550442834667753
1681;11,870;0,514617269018226
1682;11,874;0,484313441927525
1683;11,878;0,457384010622773
1684;11,882;0,51650167185973
1685;11,886;0,457384010622773
1686;11,891;0,470815858783728
1687;11,895;0,478463028454483
1688;11,899;0,445047745509205
1689;11,903;0,394694748651337
1690;11,907;0,408170420134187
1691;11,911;0,366910762569624
1692;11,915;0,333648861250981
1693;11,919;0,385930084272248
1694;11,924;0,381175253846592
1695;11,928;0,345809833076967
1696;11,932;0,422588293037789
1697;11,936;0,487205781172624
1698;11,940;0,610677990613044
1699;11,944;1,05419191985591
1700;11,948;1,71964906283826
1701;11,952;3,03029506242632
1702;11,957;5,03017235712501
1703;11,961;8,07679160695739
1704;11,965;12,2025601584651
1705;11,969;17,5428044296614
1706;11,973;23,6806769826766
1707;11,977;29,8226689279501
1708;11,981;35,0532672477639
1709;11,985;39,0078180806261
1710;11,990;40,5215413538777
1711;11,994;40,0862881208121
1712;11,998;37,8831363475014
1713;12,002;34,2440038739817
1714;12,006;30,231365227947
1715;12,010;25,8615226851426
1716;12,014;21,9778122521243
1717;12,018;18,2971790927696
1718;12,023;15,3637335717322
1719;12,027;13,0638418153373
1720;12,031;11,0708886054981
1721;12,035;9,4250161050708
1722;12,039;8,13297310562735
1723;12,043;7,01593854217337
1724;12,047;6,17150695257002
1725;12,051;5,64461915342107
1726;12,055;4,88126070932429
1727;12,060;4,37034651100623
1728;12,064;3,86111951058114
1729;12,068;3,68626445621831
1730;12,072;3,2051720284501
1731;12,076;2,99880800564444
1732;12,080;2,71971918015329
1733;12,084;2,49008497342116
1734;12,088;2,36893540004119
1735;12,093;2,13638694240301
1736;12,097;1,97261918847973
1737;12,101;1,91422461205404
1738;12,105;1,7799499537664
1739;12,109;1,71259350801309
1740;12,113;1,5628711287573
1741;12,117;1,52943393415108
1742;12,121;1,42988925846557
1743;12,126;1,32863547322614
1744;12,130;1,32920517641078
1745;12,134;1,30339323981436
1746;12,138;1,20544811537804
1747;12,142;1,15064705134779
1748;12,146;1,08714705792128
1749;12,150;1,05651455591637
1750;12,154;1,01654768634772
1751;12,159;0,977829781453094
1752;12,163;0,960716774252922
1753;12,167;0,84929597833375
1754;12,171;0,868797356577223
1755;12,175;0,845658642616428
1756;12,179;0,826858437523281
1757;12,183;0,756193330966874
1758;12,187;0,731367419113104
1759;12,192;0,711515454294466
1760;12,196;0,66133775072418
1761;12,200;0,667122429214379
1762;12,204;0,631515980174329
1763;12,208;0,610371227359776
1764;12,212;0,589883824373655
1765;12,216;0,585194728930842
1766;12,220;0,575860361367112
1767;12,224;0,512163162992081
1768;12,229;0,522746495229831
1769;12,233;0,518758572937346
1770;12,237;0,51650167185973
1771;12,241;0,459268413464277
1772;12,245;0,438211307293515
1773;12,249;0,475592600870331
1774;12,253;0,448115378041886
1775;12,257;0,492530314782921
1776;12,262;0,591242347352414
1777;12,266;0,83726647647345
1778;12,270;1,33829851570409
1779;12,274;2,18354083676251
1780;12,278;3,63968026504345
1781;12,282;5,73995679020461
1782;12,286;8,91705998098068
1783;12,290;12,8666149551468
1784;12,295;17,8243911845006
1785;12,299;22,9518294045725
1786;12,303;27,6147623242137
1787;12,307;31,7621795967378
1788;12,311;34,0536353636678
1789;12,315;34,9075108791397
1790;12,319;34,1810297604179
1791;12,323;31,9215650184715
1792;12,328;28,6342023498065
1793;12,332;24,8540464264272
1794;12,336;21,5791953161634
1795;12,340;18,1999132298226
1796;12,344;15,2428250266227
1797;12,348;12,6675475154368
1798;12,352;10,6269145313753
1799;12,356;9,02880945181407
1800;12,361;7,58353820736319
1801;12,365;6,50316185267476
1802;12,369;5,74607014360903
1803;12,373;4,93623706664213
1804;12,377;4,27770400851925
1805;12,381;3,70318025846995
1806;12,385;3,39505848222307
1807;12,389;3,08895257878338
1808;12,393;2,75786738186328
1809;12,398;2,50877562020956
1810;12,402;2,27592039931811
1811;12,406;2,09611330958109
1812;12,410;1,97172081038087
1813;12,414;1,81145892220922
1814;12,418;1,70119944432028
1815;12,422;1,55287941136514
1816;12,426;1,35054713417386
1817;12,431;1,32142653677434
1818;12,435;1,27118309822121
1819;12,439;1,25001643374571
1820;12,443;1,16561271577508
1821;12,447;1,12494467305611
1822;12,451;1,07654181402259
1823;12,455;0,935430717519249
1824;12,459;0,953683131088703
1825;12,464;0,911021127223486
1826;12,468;0,863911056185881
1827;12,472;0,786760097988948
1828;12,476;0,733076528667026
1829;12,480;0,730469041014247
1830;12,484;0,713750443711134
1831;12,488;0,760860514748739
1832;12,492;0,657678503345911
1833;12,497;0,64065314278953
1834;12,501;0,604718018835264
1835;12,505;0,627922467778903
1836;12,509;0,574107428491294
1837;12,513;0,545074477735561
1838;12,517;0,5682789266792
1839;12,521;0,533768060686536
1840;12,525;0,543825513061541
1841;12,530;0,504822756574594
1842;12,534;0,517071375044371
1843;12,538;0,494831039182432
1844;12,542;0,479076554961019
1845;12,546;0,444872452221623
1846;12,550;0,501075862552533
1847;12,554;0,437444399160345
1848;12,558;0,440227180100706
1849;12,562;0,421383151685664
1850;12,567;0,390860207985486
1851;12,571;0,337571048560623
1852;12,575;0,377559829790218
1853;12,579;0,330603140379247
1854;12,583;0,345371599858012
1855;12,587;0,395505480106403
1856;12,591;0,381832603675024
1857;12,595;0,32153171274689
1858;12,600;0,354990819014063
1859;12,604;0,28331777605406
1860;12,608;0,334744444298367
1861;12,612;0,292038617111254
1862;12,616;0,32104965620604
1863;12,620;0,335971497311439
1864;12,624;0,326659041408657
1865;12,628;0,311868670268944
1866;12,633;0,320655246308981
1867;12,637;0,309436475903746
1868;12,641;0,2685054932534
1869;12,645;0,280162496877588
1870;12,649;0,28717422838086
1871;12,653;0,311342790406198
1872;12,657;0,24223341177708
1873;12,661;0,253189242250941
1874;12,666;0,285355560522199
1875;12,670;0,221198217267265
1876;12,674;0,26782623176402
1877;12,678;0,222534828585076
1878;12,682;0,292674055278738
1879;12,686;0,31980069153202
1880;12,690;0,390487709749374
1881;12,694;0,524630898071336
1882;12,699;0,879577893763503
1883;12,703;1,50636095517312
1884;12,707;2,61726025356174
1885;12,711;4,47076765312964
1886;12,715;7,52910964156905
1887;12,719;11,7329275293726
1888;12,723;17,9105259236861
1889;12,727;25,5626257181547
1890;12,731;35,7089079666417
1891;12,736;46,9342737818212
1892;12,740;59,3673227017954
1893;12,744;71,8743673007901
1894;12,748;82,1183974687649
1895;12,752;88,4022674186749
1896;12,756;91,3036780914067
1897;12,760;89,9870940317018
1898;12,764;86,402894092178
1899;12,769;81,4609819053504
1900;12,773;76,2809995223258
1901;12,777;71,4131706611625
1902;12,781;66,1479300053903
1903;12,785;61,005109799333
1904;12,789;55,5714122941947
1905;12,793;49,41066396715
1906;12,797;43,4014347755589
1907;12,802;37,2790975901555
1908;12,806;32,262992519359
1909;12,810;27,5966632922709
1910;12,814;23,8140751745264
1911;12,818;20,1589471885148
1912;12,822;17,3827616580992
1913;12,826;14,9748892365539
1914;12,830;13,2154705090955
1915;12,835;11,6512189456985
1916;12,839;10,2367774082011
1917;12,843;9,1747411137259
1918;12,847;8,22916529718786
1919;12,851;7,58237688933296
1920;12,855;6,81509625792654
1921;12,859;6,30529955431682
1922;12,863;5,75229305531818
1923;12,868;5,36962780852714
1924;12,872;4,95017288300488
1925;12,876;4,57649141720241
1926;12,880;4,26374628049555
1927;12,884;4,02977356489577
1928;12,888;3,84253842209747
1929;12,892;3,57604880165126
1930;12,896;3,3629798105956
1931;12,900;3,21882299322053
1932;12,905;2,94367826669997
1933;12,909;2,8129752091468
1934;12,913;2,73619674918598
1935;12,917;2,71717742748336
1936;12,921;2,43307083163518
1937;12,925;2,39277528715232
1938;12,929;2,23544956154766
1939;12,933;2,17293559286381
1940;12,938;2,04562884275754
1941;12,942;2,0051141816652
1942;12,946;1,95416956996174
1943;12,950;1,96731656653038
1944;12,954;1,79237386552375
1945;12,958;1,79053328600415
1946;12,962;1,70293046553515
1947;12,966;1,66765269140931
1948;12,971;1,60783385702203
1949;12,975;1,55353676119357
1950;12,979;1,45982058732016
1951;12,983;1,50235112121969
1952;12,987;1,40771465758647
1953;12,991;1,40302556214366
1954;12,995;1,36262045935606
1955;12,999;1,34456525073514
1956;13,004;1,37022380570492
1957;13,008;1,28257716191403
1958;13,012;1,34647156523759
1959;13,016;1,46144205023029
1960;13,020;1,6615393380049
1961;13,024;2,1330782815999
1962;13,028;2,92095587429718
1963;13,032;4,32027836574068
1964;13,037;6,42303090858893
1965;13,041;9,41401645127504
1966;13,045;13,2718053893921
1967;13,049;17,6281503490528
1968;13,053;22,5602022884539
1969;13,057;26,938568467367
1970;13,061;30,449342431055
1971;13,065;32,5502763060446
1972;13,069;33,0143871965783
1973;13,074;31,7701116180009
1974;13,078;29,8548133345604
1975;13,082;26,5951250936723
1976;13,086;23,550609363291
1977;13,090;20,7900030238092
1978;13,094;18,5108396986708
1979;13,098;17,1274688963973
1980;13,102;16,9112665378261
1981;13,107;17,8414822800398
1982;13,111;20,0302161804469
1983;13,115;23,0106183908953
1984;13,119;26,4969608526266
1985;13,123;30,5927104286359
1986;13,127;34,0008720841057
1987;13,131;36,6517448255613
1988;13,135;38,6989074845851
1989;13,140;40,0856088593228
1990;13,144;41,6327035921977
1991;13,148;43,0277752214173
1992;13,152;44,3767666276639
1993;13,156;45,9077562897423
1994;13,160;47,5114926661671
1995;13,164;48,7828729693368
1996;13,168;49,0235725648476
1997;13,173;47,1942775506269
1998;13,177;44,341116355302
1999;13,181;40,3672394374838
2000;13,185;36,0174460644466
2001;13,189;31,3846197669476
2002;13,193;27,135116066068
2003;13,197;23,1722826253676
2004;13,201;19,8283002248136
2005;13,206;17,2731376183777
2006;13,210;14,9845961023538
2007;13,214;13,056413762276
2008;13,218;11,6477788149297
2009;13,222;10,2307517014405
2010;13,226;9,23561170783868
2011;13,230;8,38830969065117
2012;13,234;7,42303529092112
2013;13,238;6,83803776693881
2014;13,243;6,19155612233719
2015;13,247;5,79889915815399
2016;13,251;5,43656793272244
2017;13,255;5,06290837858091
2018;13,259;4,63703333640097
2019;13,263;4,36407977597518
2020;13,267;4,13538777066379
2021;13,271;3,81672648550105
2022;13,276;3,55527654707282
2023;13,280;3,32553278203594
2024;13,284;3,24827226553427
2025;13,288;3,00836148981765
2026;13,292;2,9020022875774
2027;13,296;2,72833046290575
2028;13,300;2,60963499555193
2029;13,304;2,49692141163685
2030;13,309;2,36580203252567
2031;13,313;2,3159530038696
2032;13,317;2,13827134524451
2033;13,321;2,05623408665624
2034;13,325;1,95108002576811
2035;13,329;1,85618062220352
2036;13,333;1,83255985170188
2037;13,337;1,8160384593473
2038;13,342;1,71912318297552
2039;13,346;1,60669445065275
2040;13,350;1,59692184987006
2041;13,354;1,53458317447379
2042;13,358;1,46838804675072
2043;13,362;1,50557213537901
2044;13,366;1,39261752319349
2045;13,370;1,35714254411913
2046;13,375;1,3617659045791
2047;13,379;1,32508578415261
2048;13,383;1,28792360718527
2049;13,387;1,27679248342383
2050;13,391;1,15577438000955
2051;13,395;1,15288204076445
2052;13,399;1,09983390961002
2053;13,403;1,06041483156506
2054;13,407;1,10476403332325
2055;13,412;1,02986997620394
2056;13,416;1,05739102235428
2057;13,420;1,0099741880634
2058;13,424;1,01225300080197
2059;13,428;1,10355889197113
2060;13,432;1,12490084973421
2061;13,436;1,1741144402228
2062;13,440;1,45123121622865
2063;13,445;1,85168873170924
2064;13,449;2,58456805542774
2065;13,453;3,64605655837924
2066;13,457;5,4527606501628
2067;13,461;8,12626813737735
2068;13,465;11,5566482170481
2069;13,469;16,2484826174794
2070;13,473;21,4670514354329
2071;13,478;26,7561977132991
2072;13,482;31,4208397424942
2073;13,486;35,0100355407141
2074;13,490;36,1474917721713
2075;13,494;35,590979407421
2076;13,498;33,4318919842762
2077;13,502;29,9865024168562
2078;13,506;26,2351822392841
2079;13,511;22,6634500348395
2080;13,515;19,6997006867115
2081;13,519;16,8738633325883
2082;13,523;14,8406584015882
2083;13,527;12,8709096406926
2084;13,531;11,2808023173773
2085;13,535;10,0408214243456
2086;13,539;9,08895696111557
2087;13,544;8,144016582745
2088;13,548;7,36799319862044
2089;13,552;6,65941390689297
2090;13,556;6,24024383296303
2091;13,560;5,83564501356332
2092;13,564;5,4248451941154
2093;13,568;4,98836490803676
2094;13,572;4,67060200097288
2095;13,576;4,37810323898172
2096;13,581;4,14518228310742
2097;13,585;3,79599805424451
2098;13,589;3,63867232863986
2099;13,593;3,45016630950659
2100;13,597;3,22850794735943
2101;13,601;3,09771724316247
2102;13,605;2,95215807948674
2103;13,609;2,77953801454058
2104;13,614;2,76130751263207
2105;13,618;2,67212705257484
2106;13,622;2,46475509336559
2107;13,626;2,47358549272752
2108;13,630;2,35134033630017
2109;13,634;2,27918523679932
2110;13,638;2,26965366428706
2111;13,642;2,10595164534662
2112;13,647;2,03384036916766
2113;13,651;2,00890489900915
2114;13,655;1,89467941048867
2115;13,659;1,87936315948622
2116;13,663;1,74699481570102
2117;13,667;1,75742476631214
2118;13,671;1,67416045471079
2119;13,675;1,60715459553265
2120;13,680;1,57606194864783
2121;13,684;1,5209979446862
2122;13,688;1,4805928418986
2123;13,692;1,47743756272213
2124;13,696;1,39848984832748
2125;13,700;1,41580006047618
2126;13,704;1,37879126513548
2127;13,708;1,32830679831193
2128;13,713;1,30221001012319
2129;13,717;1,22069863139766
2130;13,721;1,2544206775962
2131;13,725;1,26254990380781
2132;13,729;1,13736858481347
2133;13,733;1,17698486780695
2134;13,737;1,11742897335104
2135;13,741;1,18553041557656
2136;13,745;1,08778249608877
2137;13,750;1,11723176840251
2138;13,754;1,25650228538624
2139;13,758;1,365578533584
2140;13,762;1,62937301973364
2141;13,766;2,19675356831399
2142;13,770;3,20674966803834
2143;13,774;4,80759370521804
2144;13,778;7,2778924488034
2145;13,783;10,5666355521081
2146;13,787;14,9259604976576
2147;13,791;19,7566271818536
2148;13,795;24,8338219633725
2149;13,799;28,8494844186179
2150;13,803;31,9706690506554
2151;13,807;33,0783473348847
2152;13,811;32,682557003186
2153;13,816;30,9150309611769
2154;13,820;28,2532023892475
2155;13,824;24,8809320344101
2156;13,828;21,5092313827573
2157;13,832;18,5639316531472
2158;13,836;15,9158855159539
2159;13,840;13,776102266104
2160;13,844;11,9553527996529
2161;13,849;10,4643080954823
2162;13,853;9,13251734307964
2163;13,857;8,35458764445263
2164;13,861;7,44135343947342
2165;13,865;7,15334656797655
2166;13,869;7,33413968245621
2167;13,873;7,71235686207486
2168;13,877;8,85875305119879
2169;13,882;10,9900564882619
2170;13,886;13,6162566994903
2171;13,890;16,7206569992419
2172;13,894;20,640039616283
2173;13,898;24,293305111114
2174;13,902;27,5175621962496
2175;13,906;29,5949410357204
2176;13,910;30,2245945247142
2177;13,914;29,824356125843
2178;13,919;28,012415147093
2179;13,923;25,6181498669962
2180;13,927;22,9552476236804
2181;13,931;19,8948897624338
2182;13,935;17,1354447409823
2183;13,939;14,3962680059074
2184;13,943;12,4077847749015
2185;13,947;10,5682570150183
2186;13,952;9,16253631857802
2187;13,956;7,96909579339933
2188;13,960;6,8809627107354
2189;13,964;6,0450985805626
2190;13,968;5,48987900380825
2191;13,972;4,88235629237167
2192;13,976;4,35474540841145
2193;13,980;3,95608464912857
2194;13,985;3,68909106048057
2195;13,989;3,44407486776313
2196;13,993;3,19908058670663
2197;13,997;2,9400628426436
2198;14,001;2,80087997230366
2199;14,005;2,54030650031334
2200;14,009;2,40723698337781
2201;14,013;2,26279531441042
2202;14,018;2,20008414077804
2203;14,022;2,08230896318403
2204;14,026;2,00962798382043
2205;14,030;1,91858503258264
2206;14,034;1,84636419809894
2207;14,038;1,80462248399353
2208;14,042;1,71149792496571
2209;14,046;1,64585058876633
2210;14,051;1,58598793105715
2211;14,055;1,54264666570255
2212;14,059;1,53364097305304
2213;14,063;1,45587648834957
2214;14,067;1,45092445297538
2215;14,071;1,4199851877172
2216;14,075;1,3184246392245
2217;14,079;1,33130869586176
2218;14,083;1,35685769252681
2219;14,088;1,27950952938135
2220;14,092;1,21243793522037
2221;14,096;1,2115833804434
2222;14,100;1,14613324919256
2223;14,104;1,17540722821871
2224;14,108;1,17420208686659
2225;14,112;1,16745329529469
2226;14,116;1,09323849966475
2227;14,121;1,10149919584204
2228;14,125;1,06648436164758
2229;14,129;1,05677749584774
2230;14,133;1,06115982803728
2231;14,137;0,998886887623856
2232;14,141;0,95929251629132
2233;14,145;0,924694003654865
2234;14,149;0,969437615310116
2235;14,154;0,936394830600949
2236;14,158;0,959358251274163
2237;14,162;1,02724057689021
2238;14,166;1,19749418245402
2239;14,170;1,40966479541082
2240;14,174;1,89088869314472
2241;14,178;2,66930044831258
2242;14,182;3,90941281130992
2243;14,187;5,81721730670628
2244;14,191;8,45325585370022
2245;14,195;12,5597640552349
2246;14,199;17,9194001463699
2247;14,203;25,105636117429
2248;14,207;33,0549895043144
2249;14,211;42,5447326558248
2250;14,215;51,9260130856439
2251;14,220;61,0077830219686
2252;14,224;67,0035803653989
2253;14,228;69,4407705892922
2254;14,232;67,6387336812905
2255;14,236;62,6363233985863
2256;14,240;55,784634666877
2257;14,244;48,236659085232
2258;14,248;41,6859051049788
2259;14,252;35,5262304493205
2260;14,257;30,545731827564
2261;14,261;26,337487784249
2262;14,265;23,009040751307
2263;14,269;20,1197034037574
2264;14,273;17,9225554255464
2265;14,277;16,0766732839883
2266;14,281;14,3292402350683
2267;14,285;12,9881808500848
2268;14,290;11,7136890910605
2269;14,294;10,8640206144906
2270;14,298;10,0045138021552
2271;14,302;9,18972868981414
2272;14,306;8,52021788955646
2273;14,310;7,84807768998506
2274;14,314;7,44457445363273
2275;14,318;6,8588319331782
2276;14,323;6,54919825232592
2277;14,327;6,15082234463537
2278;14,331;5,87504217994732
2279;14,335;5,4869209295803
2280;14,339;5,30834089285636
2281;14,343;4,93761750128183
2282;14,347;4,63790980283887
2283;14,351;4,50626454386495
2284;14,356;4,28228354565733
2285;14,360;4,09522369614661
2286;14,364;4,00284413359101
2287;14,368;3,7902571990762
2288;14,372;3,65561004255245
2289;14,376;3,54960142688736
2290;14,380;3,38357677188646
2291;14,384;3,32522601878268
2292;14,389;3,11156541288143
2293;14,393;3,13847293252523
2294;14,397;2,94080783911582
2295;14,401;2,9665540407294
2296;14,405;2,74106113791638
2297;14,409;2,59979665978641
2298;14,413;2,67699144130523
2299;14,417;2,60284238065814
2300;14,421;2,53631857802085
2301;14,426;2,44052079635741
2302;14,430;2,37969402556653
2303;14,434;2,31253478476175
2304;14,438;2,32866176721928
2305;14,442;2,23477030005829
2306;14,446;2,1610375609692
2307;14,450;2,14324529227965
2308;14,454;2,18185363886953
2309;14,459;2,06307052487193
2310;14,463;2,03721476495361
2311;14,467;2,0065822629487
2312;14,471;1,9449228490418
2313;14,475;1,89347426913655
2314;14,479;1,85951119466758
2315;14,483;1,8371613005009
2316;14,487;1,80407469246984
2317;14,492;1,79314077365692
2318;14,496;1,77403380531051
2319;14,500;1,7173264267778
2320;14,504;1,68090924628269
2321;14,508;1,61942512566338
2322;14,512;1,62659023879328
2323;14,516;1,5860098427181
2324;14,520;1,52194014610696
2325;14,525;1,47417272524092
2326;14,529;1,56078952096727
2327;14,533;1,45962338237163
2328;14,537;1,51652796585287
2329;14,541;1,49008059108897
2330;14,545;1,43836907125234
2331;14,549;1,43148880971475
2332;14,553;1,37835303191653
2333;14,558;1,35926797523106
2334;14,562;1,34947346278743
2335;14,566;1,41091376008484
2336;14,570;1,37865979516979
2337;14,574;1,44485492289287
2338;14,578;1,61236957083821
2339;14,582;1,83102603543554
2340;14,586;2,31075994022499
2341;14,591;3,03270534513057
2342;14,595;4,23230304703557
2343;14,599;5,98714223735588
2344;14,603;8,28411974284475
2345;14,607;11,316102003164
2346;14,611;15,1753809342256
2347;14,615;19,2225085345919
2348;14,619;23,3711090368072
2349;14,623;26,9002449723694
2350;14,628;29,3609464084597
2351;14,632;30,2604639136856
2352;14,636;30,0980108594192
2353;14,640;28,6402499682281
2354;14,644;26,678257935308
2355;14,648;24,0888035794889
2356;14,652;21,5693569803978
2357;14,656;19,1485128555715
2358;14,661;16,7905551976651
2359;14,665;15,0307858836315
2360;14,669;13,3894052736986
2361;14,673;11,8662599862395
2362;14,677;10,907865848047
2363;14,681;9,74729281428991
2364;14,685;8,80204567266608
2365;14,689;8,17789201057018
2366;14,694;7,40123318827814
2367;14,698;6,83023721564142
2368;14,702;6,2818321654418
2369;14,706;5,92752060791712
2370;14,710;5,68837674033367
2371;14,714;5,3271849212714
2372;14,718;4,99855383037745
2373;14,722;4,70088391640263
2374;14,727;4,43187445494743
2375;14,731;4,22800836148982
2376;14,735;3,99046404515555
2377;14,739;3,86648786751333
2378;14,743;3,66525117336944
2379;14,747;3,41188663783092
2380;14,751;3,29185455915929
2381;14,755;3,22763148092152
2382;14,760;3,04453764204234
2383;14,764;2,92544776479147
2384;14,768;2,880375478222
2385;14,772;2,75111859029138
2386;14,776;2,67118485115409
2387;14,780;2,56114448987462
2388;14,784;2,50202682863766
2389;14,788;2,41915692693338
2390;14,792;2,32649251278545
2391;14,797;2,356862074859
2392;14,801;2,2356029431743
2393;14,805;2,17385588262361
2394;14,809;2,08653791374694
2395;14,813;2,06464816446016
2396;14,817;2,02345424187844
2397;14,821;2,01653015701896
2398;14,825;1,92340559799114
2399;14,830;1,9151668134748
2400;14,834;1,83917717330809
2401;14,838;1,7837187594494
2402;14,842;1,77962127885218
2403;14,846;1,75849843769857
2404;14,850;1,70065165279659
2405;14,854;1,68963008733988
2406;14,858;1,6475816099812
2407;14,863;1,59823654952693
2408;14,867;1,55631954213393
2409;14,871;1,57376122424832
2410;14,875;1,50839873964126
2411;14,879;1,51552002944927
2412;14,883;1,48455885253014
2413;14,887;1,4329788026592
2414;14,891;1,44980695826705
2415;14,896;1,38709578463467
2416;14,900;1,39980454798435
2417;14,904;1,39710941368778
2418;14,908;1,3318783990464
2419;14,912;1,31973933888137
2420;14,916;1,33485838493529
2421;14,920;1,3309581092866
2422;14,924;1,28825228209949
2423;14,929;1,36378177738629
2424;14,933;1,300194137316
2425;14,937;1,27157750811827
2426;14,941;1,29434372384295
2427;14,945;1,28779213721959
2428;14,949;1,30508043770734
2429;14,953;1,2765952784753
2430;14,957;1,22573831341563
2431;14,961;1,15871054257655
2432;14,966;1,21530836280452
2433;14,970;1,25566964227022
2434;14,974;1,21524262782167
2435;14,978;1,16059494541805
2436;14,982;1,13758770142294
2437;14,986;1,13114567310431
2438;14,990;1,14247400181429
2439;14,994;1,07568725924563
2440;14,999;1,10081993435266
2441;15,003;0,997199689730881
2442;15,007;1,0846272169123
2443;15,011;0,958635166462888
2444;15,015;1,05885910363777
2445;15,019;1,05872763367209
2446;15,023;1,04562446042535
2447;15,027;1,04402490917617
2448;15,032;1,01150800432974
2449;15,036;1,12465982146379
2450;15,040;1,20233665952347
2451;15,044;1,30698675220979
2452;15,048;1,38091669624741
2453;15,052;1,68838112266586
2454;15,056;1,83781865032933
2455;15,060;2,08051220698631
2456;15,065;2,28142022621599
2457;15,069;2,49766640810907
2458;15,073;2,65258185100947
2459;15,077;2,76470382007897
2460;15,081;2,85614118121382
2461;15,085;2,7836354951378
2462;15,089;2,73873850185592
2463;15,093;2,64850628207319
2464;15,098;2,4785813514236
2465;15,102;2,21281481578867
2466;15,106;2,14390264210808
2467;15,110;1,88569562950011
2468;15,114;1,73441752231703
2469;15,118;1,57987457765274
2470;15,122;1,50254832616822
2471;15,126;1,34007336024085
2472;15,130;1,36555662192306
2473;15,135;1,22356905898181
2474;15,139;1,20141636976366
2475;15,143;1,18167396324976
2476;15,147;1,01858547081586
2477;15,151;1,02380044612142
2478;15,155;1,02419485601848
2479;15,159;0,977281989929401
2480;15,163;0,971672604726783
2481;15,168;0,927235756324801
2482;15,172;0,886852565198147
2483;15,176;0,918536826928555
2484;15,180;0,90549938866466
2485;15,184;0,863604292932613
2486;15,188;0,888254911498801
2487;15,192;0,890314607627887
2488;15,196;0,858038731051891
2489;15,201;0,856636384751237
2490;15,205;0,831657091270832
2491;15,209;0,845812024243062
2492;15,213;0,81031513350775
2493;15,217;0,779156751640088
2494;15,221;0,770348263939103
2495;15,225;0,855212126789635
2496;15,229;0,813141737770006
2497;15,234;0,837814267997143
2498;15,238;0,817217306706283
2499;15,242;0,83437413722835
2500;15,246;0,811344981572293
2501;15,250;0,716883811226659
2502;15,254;0,85670211973408
2503;15,258;0,766864309848415
2504;15,262;0,75536068785086
2505;15,267;0,743900889175201
2506;15,271;0,779923659773258
2507;15,275;0,766689016560833
2508;15,279;0,717826012647411
2509;15,283;0,74545661710249
2510;15,287;0,739474733663761
2511;15,291;0,730271836065717
2512;15,295;0,767192984762631
2513;15,299;0,748765277905596
2514;15,304;0,776045295785511
2515;15,308;0,746837051742196
2516;15,312;0,769493709162142
2517;15,316;0,753717313279781
2518;15,320;0,764432115483218
2519;15,324;0,683994408144126
2520;15,328;0,710332224603289
2521;15,332;0,740395023423566
2522;15,337;0,749729390987296
2523;15,341;0,706081362379431
2524;15,345;0,779463514893356
2525;15,349;0,85324007730434
2526;15,353;0,73640710113108
2527;15,357;0,702838436559168
2528;15,361;0,781084977803487
2529;15,365;0,718724390746267
2530;15,370;0,674681952241344
2531;15,374;0,722054963210321
2532;15,378;0,710485606229923
2533;15,382;0,735990779573073
2534;15,386;0,760597574817366
2535;15,390;0,754396574769161
2536;15,394;0,669795651850001
2537;15,398;0,708382086778942
2538;15,403;0,7636432956891
2539;15,407;0,699814627348382
2540;15,411;0,648519429069762
2541;15,415;0,667604485755229
2542;15,419;0,664821704814868
2543;15,423;0,657196446805061
2544;15,427;0,685659694376153
2545;15,431;0,734741814899053
2546;15,436;0,725714210588591
2547;15,440;0,649856040387573
2548;15,444;0,68241676855589
2549;15,448;0,633926262878579
2550;15,452;0,640061527943941
2551;15,456;0,64113519933038
2552;15,460;0,665457142982352
2553;15,464;0,653055142885941
2554;15,468;0,641157110991327
2555;15,473;0,704963867671097
2556;15,477;0,709631051452962
2557;15,481;0,698675220979101
2558;15,485;0,674309454005232
2559;15,489;0,712019422496264
2560;15,493;0,61659413906893
2561;15,497;0,641726814175968
2562;15,501;0,648519429069762
2563;15,506;0,649045308932508
2564;15,510;0,663485093497057
2565;15,514;0,669861386832845
2566;15,518;0,659212319612251
2567;15,522;0,670255796729904
2568;15,526;0,676325326812423
2569;15,530;0,747384843265889
2570;15,534;0,782355854138455
2571;15,539;0,677618114808339
2572;15,543;0,666837577622059
2573;15,547;0,655092927354079
2574;15,551;0,720959380162935
2575;15,555;0,705380189229104
2576;15,559;0,704788574383515
2577;15,563;0,654282195899013
2578;15,567;0,658883644698035
2579;15,572;0,725232154047741
2580;15,576;0,652507351362248
2581;15,580;0,682548238521576
2582;15,584;0,648168842494599
2583;15,588;0,660746135878592
2584;15,592;0,630770983702107
2585;15,596;0,622400729220076
2586;15,600;0,620297209769095
2587;15,605;0,683161765028113
2588;15,609;0,648212665816494
2589;15,613;0,623321018979881
2590;15,617;0,624942481890012
2591;15,621;0,607281683166147
2592;15,625;0,602877439315655
2593;15,629;0,711427807650675
2594;15,633;0,664624499866339
2595;15,637;0,655794100504406
2596;15,642;0,566394523837696
2597;15,646;0,618916775129388
2598;15,650;0,605682131916964
2599;15,654;0,666355521081209
2600;15,658;0,613307389926771
2601;15,662;0,63920697316698
2602;15,666;0,660132609372056
2603;15,670;0,678319287958666
2604;15,675;0,609713877531345
2605;15,679;0,603315672534609
2606;15,683;0,640324467875314
2607;15,687;0,65364675773153
2608;15,691;0,589686619425126
2609;15,695;0,626366739851614
2610;15,699;0,573362432019072
2611;15,703;0,598779958718431
2612;15,708;0,649483542151462
2613;15,712;0,596260117709443
2614;15,716;0,620845001292788
2615;15,720;0,634320672775638
2616;15,724;0,651915736516659
2617;15,728;0,621940584340174
2618;15,732;0,60167229796353
2619;15,736;0,629587754010929
2620;15,741;0,676434885117162
2621;15,745;0,635701107415344
2622;15,749;0,703846372962763
2623;15,753;0,636424192226619
2624;15,757;0,670956969880231
2625;15,761;0,677727673113077
2626;15,765;0,769384150857403
2627;15,769;0,824667271428509
2628;15,774;1,01299799727419
2629;15,778;1,31412995367875
2630;15,782;1,7327960594069
2631;15,786;2,50592710428636
2632;15,790;3,36354951378024
2633;15,794;4,71795310028091
2634;15,798;6,45243635758078
2635;15,802;8,39611024194856
2636;15,806;10,6799407508688
2637;15,811;12,9280333407833
2638;15,815;14,9017700239714
2639;15,819;16,3611742897335
2640;15,823;17,9351984539132
2641;15,827;18,2482503538733
2642;15,831;17,9389672595962
2643;15,835;17,3195246046041
2644;15,839;16,0521541353878
2645;15,844;14,8536081932083
2646;15,848;13,5004754830426
2647;15,852;12,0301153868065
2648;15,856;10,8702654378607
2649;15,860;9,55273917673507
2650;15,864;8,40643063425494
2651;15,868;7,58984876571614
2652;15,872;6,80304484440529
2653;15,877;6,20783648642134
2654;15,881;5,54191919855909
2655;15,885;4,99555193282761
2656;15,889;4,52725591505287
2657;15,893;4,05343815871931
2658;15,897;3,89815021758279
2659;15,901;3,55781829974276
2660;15,905;3,23847775309064
2661;15,910;2,99847933073023
2662;15,914;2,84222727651201
2663;15,918;2,62506080485913
2664;15,922;2,51147075450613
2665;15,926;2,42305720258207
2666;15,930;2,24539745561793
2667;15,934;2,18621405939813
2668;15,938;2,06523977930575
2669;15,943;2,04196959537927
2670;15,947;1,95561573958429
2671;15,951;1,8631923537068
2672;15,955;1,78413508100741
2673;15,959;1,75512404191263
2674;15,963;1,66988768082598
2675;15,967;1,57435283909391
2676;15,971;1,60568651424915
2677;15,975;1,49915201872132
2678;15,980;1,52119514963473
2679;15,984;1,47739373940023
2680;15,988;1,35582784446227
2681;15,992;1,37239306013874
2682;15,996;1,25146260336826
2683;16,000;1,30339323981436
2684;16,004;1,22775418622282
2685;16,008;1,30611028577188
2686;16,013;1,2371104654475
2687;16,017;1,25455214756189
2688;16,021;1,1682859384107
2689;16,025;1,10732769765414
2690;16,029;1,13870519613128
2691;16,033;1,16388169456021
2692;16,037;1,08055164797602
2693;16,041;1,12371762004303
2694;16,046;1,04836341804381
2695;16,050;1,06565171853157
2696;16,054;0,981730057101788
2697;16,058;1,08791396605445
2698;16,062;1,02699954861978
2699;16,066;0,968736442159789
2700;16,070;0,983789753230874
2701;16,074;1,00719140712304
2702;16,079;0,952872399633637
2703;16,083;0,933480579694902
2704;16,087;0,962820293703903
2705;16,091;0,944239205220234
2706;16,095;0,933721607965327
2707;16,099;0,827318582403183
2708;16,103;0,933239551424477
2709;16,107;0,847389663831298
2710;16,112;0,888057706550272
2711;16,116;0,898290452212859
2712;16,120;0,806918826060853
2713;16,124;0,846644667359075
2714;16,128;0,805582214743042
2715;16,132;0,839194702636849
2716;16,136;0,800564444386013
2717;16,140;0,805034423219349
2718;16,144;0,806524416163794
2719;16,149;0,80560412640399
2720;16,153;0,828742840364785
2721;16,157;0,830386214935865
2722;16,161;0,786519069718523
2723;16,165;0,802536493871308
2724;16,169;0,842437628457112
2725;16,173;0,808211614056769
2726;16,177;0,813536147667065
2727;16,182;0,794231974372121
2728;16,186;0,769712825771619
2729;16,190;0,752205408674388
2730;16,194;0,772386048407241
2731;16,198;0,75748611896279
2732;16,202;0,710376047925185
2733;16,206;0,811432628216084
2734;16,210;0,771180907055117
2735;16,215;0,758187292113117
2736;16,219;0,736385189470132
2737;16,223;0,79261051146199
2738;16,227;0,741402959827161
2739;16,231;0,692364662626156
2740;16,235;0,76508946531165
2741;16,239;0,746420730184189
2742;16,243;0,717628807698881
2743;16,248;0,728168316614736
2744;16,252;0,731455065756894
2745;16,256;0,721266143416203
2746;16,260;0,72832169824137
2747;16,264;0,708579291727471
2748;16,268;0,777666758695643
2749;16,272;0,770698850514267
