#"+EI TIC Scan 100C_1ml-min_10C-min_2.d "
#Point;X(Minutes);Y(Counts)
0;5,591;1,30556180317904
1;5,595;1,29617614725992
2;5,599;1,27880415139507
3;5,603;1,23614207903541
4;5,607;1,248121588954
5;5,612;1,26365058329292
6;5,616;1,23124447312853
7;5,620;1,27559596355362
8;5,624;1,21993049153875
9;5,628;1,24658575434906
10;5,632;1,22863355430012
11;5,636;1,2190943149205
12;5,640;1,16982815375957
13;5,645;1,19339468253104
14;5,649;1,15936741361698
15;5,653;1,16796808740469
16;5,657;1,16291689803731
17;5,661;1,15713192102534
18;5,665;1,21307043030331
19;5,669;1,14049371280507
20;5,673;1,10477702582557
21;5,678;1,11003299314028
22;5,682;1,11156882774523
23;5,686;1,13008416714932
24;5,690;1,09279751590698
25;5,694;1,08842891969735
26;5,698;1,09005007844702
27;5,702;1,09056202331533
28;5,706;1,06337775080776
29;5,710;1,06051085954519
30;5,715;1,06858252363564
31;5,719;1,02476004290781
32;5,723;1,05320711275722
33;5,727;1,0385313598655
34;5,731;1,03305354977452
35;5,735;1,0375586646157
36;5,739;1,01960646456676
37;5,743;1,06482826126799
38;5,748;0,995272018492814
39;5,752;1,03003307505146
40;5,756;1,00143242174155
41;5,760;0,983616740324157
42;5,764;0,985835168086859
43;5,768;0,982183294692872
44;5,772;0,963548501486176
45;5,776;1,01356551512063
46;5,781;0,985374417705374
47;5,785;0,933053652163496
48;5,789;1,00885562233213
49;5,793;0,966534846551352
50;5,797;0,967353958340657
51;5,801;0,95592052294827
52;5,805;0,987575780639132
53;5,809;0,96476010434119
54;5,814;0,978514356469942
55;5,818;1,02237096685567
56;5,822;1,04691019087694
57;5,826;1,03103989995915
58;5,830;1,00385562745158
59;5,834;1,06853132914881
60;5,838;1,03778050739197
61;5,842;1,079111523094
62;5,847;1,06561324339941
63;5,851;1,07406033372662
64;5,855;1,08588626018472
65;5,859;1,05112520362607
66;5,863;1,05557912398042
67;5,867;1,08619342710571
68;5,871;1,12890669395219
69;5,875;1,141125111476
70;5,879;1,1650158719974
71;5,884;1,19339468253104
72;5,888;1,19049366161059
73;5,892;1,18580083365102
74;5,896;1,1511251012371
75;5,900;1,1814322374414
76;5,904;1,15301929724987
77;5,908;1,16706365147066
78;5,912;1,17249026707481
79;5,917;1,13673945043742
80;5,921;1,14687595883008
81;5,925;1,12117632644062
82;5,929;1,13395788331957
83;5,933;1,12936744433367
84;5,937;1,14679063468536
85;5,941;1,13237085422779
86;5,945;1,11499885836294
87;5,950;1,11848008346749
88;5,954;1,041722482878
89;5,958;1,04564739353509
90;5,962;1,02034025221135
91;5,966;1,02202967027679
92;5,970;1,03319006840607
93;5,974;0,954862503553751
94;5,978;0,942712345345721
95;5,983;0,974930742391731
96;5,987;0,973531426418335
97;5,991;0,971330063484577
98;5,995;0,956586051277081
99;5,999;0,928958093216969
100;6,003;0,919384724179463
101;6,007;0,888770421054176
102;6,011;0,916654351548445
103;6,016;0,927695295875124
104;6,020;0,91605708253541
105;6,024;0,880613432819011
106;6,028;0,862985464520002
107;6,032;0,896500788565745
108;6,036;0,876790911135586
109;6,040;0,881569063239867
110;6,044;0,885306260778573
111;6,048;0,851313121522401
112;6,053;0,900732866143823
113;6,057;1,16421382503704
114;6,061;1,51950356364823
115;6,065;2,34206244840022
116;6,069;3,7713613262512
117;6,073;5,81769028905431
118;6,077;8,60347241965281
119;6,081;11,6824283115068
120;6,086;14,6205140404293
121;6,090;17,2599823276631
122;6,094;18,6459706696546
123;6,098;19,5766011161081
124;6,102;19,676327976456
125;6,106;19,2606970026993
126;6,110;18,3508515178995
127;6,114;17,3116546297052
128;6,119;16,2729355567213
129;6,123;15,1649674078832
130;6,127;14,1495247615787
131;6,131;13,2104472247981
132;6,135;12,290345777803
133;6,139;11,2031625906185
134;6,143;10,6074123473594
135;6,147;9,80720838852383
136;6,152;9,16476877327429
137;6,156;8,57753387965814
138;6,160;7,90978712308486
139;6,164;7,30581163227478
140;6,168;6,86238205216855
141;6,172;6,28944748520735
142;6,176;5,79260499050684
143;6,180;5,31306623235539
144;6,185;4,91432943925313
145;6,189;4,4077941217125
146;6,193;4,00149760938811
147;6,197;3,69160031576759
148;6,201;3,23765880103194
149;6,205;2,91924615776844
150;6,209;2,73579924662193
151;6,213;2,45472444908759
152;6,217;2,23564617510631
153;6,222;2,05655079534048
154;6,226;1,860936661157
155;6,230;1,74194360893146
156;6,234;1,60847958176152
157;6,238;1,50750698890069
158;6,242;1,40051051142268
159;6,246;1,24899189523014
160;6,250;1,19902607608252
161;6,255;1,1647428347343
162;6,259;1,09946986402403
163;6,263;1,03612521898442
164;6,267;0,973548491247278
165;6,271;0,91238814431248
166;6,275;0,908241390879122
167;6,279;0,855732912218861
168;6,283;0,864487169467062
169;6,288;0,787968476482789
170;6,292;0,769419007420811
171;6,296;0,756466802252421
172;6,300;0,74621084005716
173;6,304;0,755971922213049
174;6,308;0,702320100013549
175;6,312;0,696006113304321
176;6,316;0,636176823027144
177;6,321;0,670528323691136
178;6,325;0,634999349830017
179;6,329;0,647576128761643
180;6,333;0,635460100211501
181;6,337;0,651108548353022
182;6,341;0,634521534619589
183;6,345;0,591501100852115
184;6,349;0,590323627654989
185;6,354;0,590886767010136
186;6,358;0,606176853743836
187;6,362;0,587849227458129
188;6,366;0,594077890022638
189;6,370;0,571262213724696
190;6,374;0,59134751739162
191;6,378;0,582678584288139
192;6,382;0,591535230510003
193;6,386;0,543412412888314
194;6,391;0,557115470530235
195;6,395;0,560135945253298
196;6,399;0,540647910599409
197;6,403;0,505665011264494
198;6,407;0,532781024456289
199;6,411;0,540306614020532
200;6,415;0,535767369521465
201;6,419;0,480613842374905
202;6,424;0,536740064771265
203;6,428;0,531552356772331
204;6,432;0,526637686036499
205;6,436;0,50039197912084
206;6,440;0,486125782123773
207;6,444;0,507303234843104
208;6,448;0,517832234301467
209;6,452;0,505409038830336
210;6,457;0,495545567700784
211;6,461;0,504299824948985
212;6,465;0,493770825490622
213;6,469;0,522200830511095
214;6,473;0,481996093519358
215;6,477;0,502371499278328
216;6,481;0,490562637649176
217;6,485;0,510323709566168
218;6,490;0,505221325711953
219;6,494;0,494470483477321
220;6,498;0,487456838781394
221;6,502;0,472388594823964
222;6,506;0,490391989359738
223;6,510;0,457968814366402
224;6,514;0,461313520839398
225;6,518;0,483583122611137
226;6,523;0,473378354902708
227;6,527;0,50017013634457
228;6,531;0,468839110403641
229;6,535;0,482354454927179
230;6,539;0,490767415596503
231;6,543;0,478156507006989
232;6,547;0,453822060933043
233;6,551;0,470306685692813
234;6,555;0,465938089483185
235;6,560;0,452166772525489
236;6,564;0,461620687760388
237;6,568;0,484794725466151
238;6,572;0,447473944565927
239;6,576;0,456842535656107
240;6,580;0,460903964944746
241;6,584;0,456057553524689
242;6,588;0,450818651038924
243;6,593;0,4567230818535
244;6,597;0,413600259112363
245;6,601;0,442764051777421
246;6,605;0,418327216729812
247;6,609;0,438668492830895
248;6,613;0,424794786899536
249;6,617;0,418429605703475
250;6,621;0,409043949784352
251;6,626;0,450477354460047
252;6,630;0,425545639373065
253;6,634;0,427473965043722
254;6,638;0,417644623572058
255;6,642;0,441979069646004
256;6,646;0,414538824704275
257;6,650;0,398992765536418
258;6,654;0,390187313801385
259;6,659;0,396825532260547
260;6,663;0,403054194825056
261;6,667;0,429555874174873
262;6,671;0,406125864034951
263;6,675;0,442525144172207
264;6,679;0,460221371786991
265;6,683;0,411808452073257
266;6,687;0,425374991083627
267;6,692;0,398173653747112
268;6,696;0,426603658767585
269;6,700;0,396944986063154
270;6,704;0,449982474420675
271;6,708;0,432798191674206
272;6,712;0,408668523547587
273;6,716;0,423344276439307
274;6,720;0,405528595021916
275;6,724;0,443054153869467
276;6,729;0,409590024310555
277;6,733;0,435665082936775
278;6,737;0,450596808262654
279;6,741;0,43409511867394
280;6,745;0,433276006884635
281;6,749;0,433037099279421
282;6,753;0,438173612791523
283;6,757;0,412337461770517
284;6,762;0,416211177940773
285;6,766;0,392115639472041
286;6,770;0,406569549587492
287;6,774;0,41416339846751
288;6,778;0,366893822293015
289;6,782;0,404009825245913
290;6,786;0,381108824803251
291;6,790;0,375392107107058
292;6,795;0,367474026477106
293;6,799;0,376057635435868
294;6,803;0,378566165290616
295;6,807;0,368702694161064
296;6,811;0,361484271517811
297;6,815;0,352883597730105
298;6,819;0,348105445625824
299;6,823;0,354061070927231
300;6,828;0,354743664084986
301;6,832;0,371637844739408
302;6,836;0,355067895834919
303;6,840;0,369999621160797
304;6,844;0,384299947815753
305;6,848;0,359880177597088
306;6,852;0,394828947274115
307;6,856;0,356125915229438
308;6,861;0,379726573658798
309;6,865;0,380921111684869
310;6,869;0,389129294406866
311;6,873;0,405119039127264
312;6,877;0,401927916114762
313;6,881;0,394078094800586
314;6,885;0,419453495440107
315;6,889;0,419794792018984
316;6,893;0,418992745058623
317;6,898;0,409470570507948
318;6,902;0,390904036617027
319;6,906;0,390204378630329
320;6,910;0,355067895834919
321;6,914;0,384794827855125
322;6,918;0,356313628347821
323;6,922;0,359385297557716
324;6,926;0,379504730882528
325;6,931;0,357730009150161
326;6,935;0,336962112325482
327;6,939;0,34883923327041
328;6,943;0,350460392020076
329;6,947;0,301569657095914
330;6,951;0,333685665168261
331;6,955;0,338617400733037
332;6,959;0,356091785571551
333;6,964;0,303532112424458
334;6,968;0,345887017863122
335;6,972;0,341689069942932
336;6,976;0,311808554462231
337;6,980;0,360904067333719
338;6,984;0,322183970460099
339;6,988;0,293890484071177
340;6,992;0,329385328274408
341;6,997;0,301501397780139
342;7,001;0,312132786212164
343;7,005;0,307491152739434
344;7,009;0,325204445183162
345;7,013;0,313651555988168
346;7,017;0,310306849515171
347;7,021;0,328054271616787
348;7,025;0,32223516494693
349;7,030;0,313310259409291
350;7,034;0,300852934280272
351;7,038;0,316450187934961
352;7,042;0,290409258966629
353;7,046;0,315716400290375
354;7,050;0,285341004770302
355;7,054;0,300852934280272
356;7,058;0,315443363027273
357;7,062;0,303941668319111
358;7,067;0,30778125483148
359;7,071;0,310989442672926
360;7,075;0,328037206787843
361;7,079;0,300921193596048
362;7,083;0,304692520792641
363;7,087;0,311962137922726
364;7,091;0,279965583652986
365;7,095;0,267201091602978
366;7,100;0,274607227364614
367;7,104;0,291057722466496
368;7,108;0,282695956284004
369;7,112;0,289078202309008
370;7,116;0,286211311046439
371;7,120;0,270648187049638
372;7,124;0,277422924140351
373;7,128;0,276910979272035
374;7,133;0,276399034403719
375;7,137;0,28515329165192
376;7,141;0,269658426970894
377;7,145;0,311125961304476
378;7,149;0,302183990937893
379;7,153;0,270409279444424
380;7,157;0,291757380453194
381;7,161;0,281825650007867
382;7,166;0,26177447599883
383;7,170;0,298753960320177
384;7,174;0,268583342747431
385;7,178;0,282883669402386
386;7,182;0,28462428195466
387;7,186;0,253190867040068
388;7,190;0,295733485597114
389;7,194;0,260528743485928
390;7,199;0,270887094654852
391;7,203;0,278463878705926
392;7,207;0,253651617421552
393;7,211;0,3032761399903
394;7,215;0,260648197288535
395;7,219;0,29916351621483
396;7,223;0,304794909766304
397;7,227;0,280016778139818
398;7,231;0,276774460640484
399;7,236;0,276262515772168
400;7,240;0,284163531573176
401;7,244;0,280358074718695
402;7,248;0,255904174842142
403;7,252;0,265528738366479
404;7,256;0,297866589215096
405;7,260;0,273771050746364
406;7,264;0,24904411360671
407;7,269;0,27697923858781
408;7,273;0,256108952789468
409;7,277;0,271330780207392
410;7,281;0,241108968147814
411;7,285;0,246416129949355
412;7,289;0,291876834255801
413;7,293;0,274385384588343
414;7,297;0,272849549983396
415;7,302;0,262951949195956
416;7,306;0,269385389707792
417;7,310;0,271791530588877
418;7,314;0,316125956185028
419;7,318;0,372542280673433
420;7,322;0,588719533734266
421;7,326;1,07733678088384
422;7,330;1,99624368985288
423;7,335;3,64916008618421
424;7,339;6,28961813349679
425;7,343;10,0082662031404
426;7,347;14,4275620195611
427;7,351;19,2348949813362
428;7,355;23,9178594697685
429;7,359;27,6131628534169
430;7,363;29,9060273999719
431;7,368;30,5262315431076
432;7,372;29,9327850517559
433;7,376;28,6505338049142
434;7,380;26,6135904980302
435;7,384;24,3962207547228
436;7,388;22,0517521654415
437;7,392;19,6972323919122
438;7,396;17,4657159054103
439;7,401;15,2725099598874
440;7,405;13,1969660099324
441;7,409;11,3908927738299
442;7,413;9,85149161963315
443;7,417;8,28340448798175
444;7,421;6,99296212324697
445;7,425;5,90327040620777
446;7,429;4,96170140440129
447;7,433;4,09444973264532
448;7,438;3,45525243489512
449;7,442;2,92666935835902
450;7,446;2,48498039080506
451;7,450;2,06656784993053
452;7,454;1,81293329733792
453;7,458;1,5614318483633
454;7,462;1,35129554474859
455;7,466;1,21177350330358
456;7,471;1,06165420308443
457;7,475;1,02467471876309
458;7,479;0,863719252164588
459;7,483;0,808292687754927
460;7,487;0,791279053297898
461;7,491;0,698378124527517
462;7,495;0,676398624847824
463;7,499;0,639589788815916
464;7,504;0,59262737956241
465;7,508;0,546347563466659
466;7,512;0,539538696718058
467;7,516;0,494880039371973
468;7,520;0,497644541660879
469;7,524;0,45791761987957
470;7,528;0,406398901298053
471;7,532;0,453634347814661
472;7,537;0,431569523990248
473;7,541;0,432235052319059
474;7,545;0,41093814579712
475;7,549;0,381125889632195
476;7,553;0,407286272403134
477;7,557;0,382798242868693
478;7,561;0,369351157660931
479;7,565;0,357047415992407
480;7,570;0,33496552733905
481;7,574;0,352354588032845
482;7,578;0,332013311931763
483;7,582;0,338054261377889
484;7,586;0,305562827068778
485;7,590;0,34464128535022
486;7,594;0,296723245675858
487;7,598;0,302149861280005
488;7,602;0,28679151523053
489;7,607;0,299743720398921
490;7,611;0,292013352887352
491;7,615;0,256108952789468
492;7,619;0,283156706665488
493;7,623;0,278600397337477
494;7,627;0,261569698051504
495;7,631;0,258924649565205
496;7,635;0,238225012056302
497;7,640;0,255801785868479
498;7,644;0,287593562190892
499;7,648;0,266535563274167
500;7,652;0,244146507699821
501;7,656;0,283702781191692
502;7,660;0,261450244248897
503;7,664;0,26813965719489
504;7,668;0,249197697067204
505;7,673;0,279590157416221
506;7,677;0,253822265710991
507;7,681;0,261279595959458
508;7,685;0,269146482102578
509;7,689;0,295067957268303
510;7,693;0,288788100216962
511;7,697;0,262627717446023
512;7,701;0,268054333050171
513;7,706;0,273941699035803
514;7,710;0,279914389166154
515;7,714;0,264163552050971
516;7,718;0,265835905287469
517;7,722;0,271399039523168
518;7,726;0,244556063594474
519;7,730;0,271996308536203
520;7,734;0,280545787837077
521;7,739;0,260614067630647
522;7,743;0,230853005952554
523;7,747;0,258071408118012
524;7,751;0,23247416470222
525;7,755;0,225750622098339
526;7,759;0,219197727783896
527;7,763;0,216757457244924
528;7,767;0,210068044298931
529;7,771;0,237303511293333
530;7,776;0,218856431205019
531;7,780;0,196109014222852
532;7,784;0,195528810038761
533;7,788;0,203139723747723
534;7,792;0,204504910063232
535;7,796;0,210238692588369
536;7,800;0,217849606297331
537;7,804;0,192354751855203
538;7,809;0,214760872258493
539;7,813;0,191091954513357
540;7,817;0,195767717643975
541;7,821;0,183549300120171
542;7,825;0,188207998421845
543;7,829;0,202917880971453
544;7,833;0,196706283235887
545;7,837;0,187798442527192
546;7,842;0,198941775827533
547;7,846;0,202388871274193
548;7,850;0,199112424116972
549;7,854;0,208156783457218
550;7,858;0,184095374646374
551;7,862;0,190289907552996
552;7,866;0,236143102925151
553;7,870;0,216774522073868
554;7,875;0,229914440360641
555;7,879;0,214453705337503
556;7,883;0,199402526209018
557;7,887;0,229931505189585
558;7,891;0,213361556285096
559;7,895;0,211893980995924
560;7,899;0,188685813632273
561;7,903;0,209641423575334
562;7,908;0,197678978485688
563;7,912;0,197798432288295
564;7,916;0,221177247941384
565;7,920;0,190716528276592
566;7,924;0,191535640065898
567;7,928;0,186143154119637
568;7,932;0,202627778879407
569;7,936;0,188412776369171
570;7,940;0,17037525217551
571;7,945;0,178190943831798
572;7,949;0,188395711540227
573;7,953;0,174590264924643
574;7,957;0,1804093715945
575;7,961;0,14332749829949
576;7,965;0,163651709571628
577;7,969;0,171228493622703
578;7,973;0,166552730492085
579;7,978;0,163907682005786
580;7,982;0,18902711021115
581;7,986;0,168617574794292
582;7,990;0,168156824412808
583;7,994;0,169607334873036
584;7,998;0,152371857639736
585;8,002;0,181450326160076
586;8,006;0,166655119465748
587;8,011;0,16423191375572
588;8,015;0,160102225151305
589;8,019;0,180682408857602
590;8,023;0,151876977600364
591;8,027;0,141160265023619
592;8,031;0,17793497139764
593;8,035;0,166211433913208
594;8,039;0,203651668616039
595;8,044;0,269368324878848
596;8,048;0,37363442972584
597;8,052;0,663719456942536
598;8,056;1,22462331949831
599;8,060;2,27951985032097
600;8,064;3,8607298354302
601;8,068;6,20130764371231
602;8,072;9,08179957494924
603;8,077;12,1067111535381
604;8,081;14,9134830237375
605;8,085;17,0946412000261
606;8,089;18,4717899606246
607;8,093;18,6804245592923
608;8,097;17,9843672515011
609;8,101;16,6913992920826
610;8,105;15,0699333754948
611;8,109;13,3551399094131
612;8,114;11,3477528862598
613;8,118;9,46214048245002
614;8,122;7,98331947100395
615;8,126;6,49120495781062
616;8,130;5,28987512982069
617;8,134;4,29349389744652
618;8,138;3,40934804503613
619;8,142;2,75699376417021
620;8,147;2,27334238224329
621;8,151;1,83196058161033
622;8,155;1,57358200657132
623;8,159;1,30240480982443
624;8,163;1,04621053289024
625;8,167;0,976961457036051
626;8,171;0,826210758145981
627;8,175;0,750903668016722
628;8,180;0,690050488002913
629;8,184;0,572644464869149
630;8,188;0,55307110607054
631;8,192;0,505596751948718
632;8,196;0,504572862212086
633;8,200;0,453907385077763
634;8,204;0,410033709863096
635;8,208;0,393139529208673
636;8,213;0,342951867284778
637;8,217;0,345750499231571
638;8,221;0,321228340039242
639;8,225;0,299931433517304
640;8,229;0,310528692291441
641;8,233;0,322183970460099
642;8,237;0,256774481118279
643;8,241;0,287644756677724
644;8,246;0,230887135610441
645;8,250;0,253839330539935
646;8,254;0,278088452469161
647;8,258;0,249607252961857
648;8,262;0,256023628644749
649;8,266;0,263907579616813
650;8,270;0,2610236235253
651;8,274;0,271416104352112
652;8,278;0,262013383604044
653;8,283;0,242917840015863
654;8,287;0,270870029825908
655;8,291;0,269880269747164
656;8,295;0,222474174941118
657;8,299;0,24117722746359
658;8,303;0,238873475556168
659;8,307;0,244112378041934
660;8,311;0,222405915625342
661;8,316;0,234317166228157
662;8,320;0,197730172972519
663;8,324;0,186620969330066
664;8,328;0,191638029039561
665;8,332;0,196825737038494
666;8,336;0,168583445136404
667;8,340;0,196399116314898
668;8,344;0,215136298495258
669;8,349;0,225153353085304
670;8,353;0,219061209152346
671;8,357;0,239248901792933
672;8,361;0,238242076885246
673;8,365;0,25638199005257
674;8,369;0,234351295886045
675;8,373;0,211706267877541
676;8,377;0,239709652174418
677;8,382;0,197713108143575
678;8,386;0,218259162191984
679;8,390;0,192013455276326
680;8,394;0,189419601276859
681;8,398;0,158924751954179
682;8,402;0,138020336497949
683;8,406;0,1430203313785
684;8,410;0,164863312426643
685;8,415;0,138071530984781
686;8,419;0,129795088947008
687;8,423;0,140289958747483
688;8,427;0,116484522370796
689;8,431;0,134914537630166
690;8,435;0,125102260987446
691;8,439;0,120836053751481
692;8,443;0,124965742355895
693;8,447;0,142235349247083
694;8,452;0,119709775041186
695;8,456;0,108805349346059
696;8,460;0,123788269158769
697;8,464;0,12025584956739
698;8,468;0,114283159437038
699;8,472;0,110238794977343
700;8,476;0,0959384683223874
701;8,480;0,113993057344992
702;8,485;0,123429907750948
703;8,489;0,118651755646667
704;8,493;0,118327523896733
705;8,497;0,110426508095725
706;8,501;0,0982080905719209
707;8,505;0,0997439251768684
708;8,509;0,107098866451673
709;8,513;0,115955512673537
710;8,518;0,116211485107694
711;8,522;0,103310474426135
712;8,526;0,0982763498876964
713;8,530;0,0967746449406366
714;8,534;0,0858019599297339
715;8,538;0,111365073687638
716;8,542;0,11919783017287
717;8,546;0,100034027268914
718;8,551;0,0892490553763938
719;8,555;0,106194430517648
720;8,559;0,105819004280883
721;8,563;0,0993855637690473
722;8,567;0,103429928228742
723;8,571;0,102167130886897
724;8,575;0,0948121896120925
725;8,579;0,105204670438904
726;8,584;0,0964504131907032
727;8,588;0,0929350584282678
728;8,592;0,096603996651198
729;8,596;0,112781454489978
730;8,600;0,107610811319988
731;8,604;0,10474392005742
732;8,608;0,104453817965374
733;8,612;0,107235385083223
734;8,616;0,101638121189637
735;8,621;0,115580086436772
736;8,625;0,0959214034934435
737;8,629;0,108293404477743
738;8,633;0,117406023133765
739;8,637;0,09365178124391
740;8,641;0,106859958846459
741;8,645;0,093771235046517
742;8,649;0,0793002601021228
743;8,654;0,111569851634964
744;8,658;0,0907848899813413
745;8,662;0,0928326694546047
746;8,666;0,102610816439437
747;8,670;0,107696135464708
748;8,674;0,123498167066723
749;8,678;0,102098871571121
750;8,682;0,10226951986056
751;8,687;0,0897951299025974
752;8,691;0,0991125265059456
753;8,695;0,123191000145734
754;8,699;0,106842894017515
755;8,703;0,121262674475077
756;8,707;0,148429882153704
757;8,711;0,107286579570055
758;8,715;0,117866773515249
759;8,720;0,11424902977915
760;8,724;0,124419667829692
761;8,728;0,112406028253213
762;8,732;0,107576681662101
763;8,736;0,0915698721127589
764;8,740;0,100375323847791
765;8,744;0,105102281465241
766;8,748;0,0837200507985828
767;8,753;0,0986005816376297
768;8,757;0,0689760385910868
769;8,761;0,0762456557211716
770;8,765;0,0672354260388129
771;8,769;0,0823036699962423
772;8,773;0,0995391472295421
773;8,777;0,0837541804564705
774;8,781;0,103310474426135
775;8,785;0,113139815897799
776;8,790;0,144607360470279
777;8,794;0,24851510390945
778;8,798;0,516723020420116
779;8,802;1,14257562193622
780;8,806;2,48839335659383
781;8,810;4,8090735743274
782;8,814;8,77717531347237
783;8,818;14,3310092173967
784;8,823;21,3237836275253
785;8,827;29,0040146716573
786;8,831;35,9319256669703
787;8,835;41,6198549967355
788;8,839;44,4138111803981
789;8,843;44,6705685966874
790;8,847;41,7317661449493
791;8,851;37,1588868680339
792;8,856;31,7598821571172
793;8,860;26,0346320464518
794;8,864;20,8925042056271
795;8,868;16,2265704164808
796;8,872;12,5767277371388
797;8,876;9,72840300846108
798;8,880;7,52029946727017
799;8,884;5,74313405139858
800;8,889;4,58410793436048
801;8,893;3,57470623750215
802;8,897;2,94344408521083
803;8,901;2,43892241748558
804;8,905;2,06351324554958
805;8,909;1,78404254193596
806;8,913;1,49160256832502
807;8,917;1,2803741156579
808;8,922;1,15383840903917
809;8,926;1,04085217660187
810;8,930;0,922797689968236
811;8,934;0,869077608452961
812;8,938;0,746244969715048
813;8,942;0,697012938212009
814;8,946;0,644931080275344
815;8,950;0,593361167206996
816;8,954;0,552166670136515
817;8,959;0,520255440011495
818;8,963;0,486825440110471
819;8,967;0,448361315671008
820;8,971;0,408907431152801
821;8,975;0,415904011019784
822;8,979;0,351040596204168
823;8,983;0,377132719659331
824;8,987;0,338054261377889
825;8,992;0,331979182273875
826;8,996;0,315460427856217
827;9,000;0,291654991479531
828;9,004;0,287883664282938
829;9,008;0,267201091602978
830;9,012;0,267644777155518
831;9,016;0,251381995172019
832;9,020;0,251996329013998
833;9,025;0,237627743043267
834;9,029;0,252098717987661
835;9,033;0,215716502679349
836;9,037;0,212576574153678
837;9,041;0,196535634946449
838;9,045;0,208054394483555
839;9,049;0,169248973465215
840;9,053;0,174419616635205
841;9,058;0,174334292490485
842;9,062;0,168105629925976
843;9,066;0,16662098980786
844;9,070;0,139641495247616
845;9,074;0,181126094410142
846;9,078;0,142593710654904
847;9,082;0,146859917890869
848;9,086;0,151842847942477
849;9,091;0,145750704009518
850;9,095;0,136740474327159
851;9,099;0,121279739304021
852;9,103;0,167661944373436
853;9,107;0,132269489143868
854;9,111;0,104760984886364
855;9,115;0,138481086879433
856;9,119;0,13104082145991
857;9,123;0,106211495346592
858;9,128;0,109487942503813
859;9,132;0,121586906225011
860;9,136;0,124726834750681
861;9,140;0,0997439251768684
862;9,144;0,103720030320788
863;9,148;0,109505007332757
864;9,152;0,100477712821454
865;9,156;0,114453807726477
866;9,161;0,100068156926802
867;9,165;0,0974401732694472
868;9,169;0,0918258445469168
869;9,173;0,119249024659702
870;9,177;0,108310469306687
871;9,181;0,104795114544251
872;9,185;0,0734640886033223
873;9,189;0,0767064061026559
874;9,194;0,119914552988512
875;9,198;0,105955522912434
876;9,202;0,094760995125261
877;9,206;0,0991978506506649
878;9,210;0,0737883203532556
879;9,214;0,0743173300505153
880;9,218;0,106313884320255
881;9,222;0,0840272177195723
882;9,227;0,0932422253492573
883;9,231;0,0922695300994572
884;9,235;0,0604606889481
885;9,239;0,0940613371385627
886;9,243;0,0810750023122843
887;9,247;0,0682251861175569
888;9,251;0,0609896986453597
889;9,255;0,0727985602745117
890;9,260;0,0664675087363392
891;9,264;0,0762115260632839
892;9,268;0,0895562222973833
893;9,272;0,0777644254971753
894;9,276;0,107081801622729
895;9,280;0,117866773515249
896;9,284;0,07791800895767
897;9,288;0,0832422355881547
898;9,292;0,105955522912434
899;9,297;0,0840442825485162
900;9,301;0,101996482597458
901;9,305;0,075085247352989
902;9,309;0,0937029757307416
903;9,313;0,0774572585761858
904;9,317;0,0797951401414947
905;9,321;0,0636518119606021
906;9,325;0,0677473709071288
907;9,330;0,0655801376312584
908;9,334;0,0849657833114847
909;9,338;0,0798292697993825
910;9,342;0,0996927306900368
911;9,346;0,0700340579856061
912;9,350;0,0656654617759777
913;9,354;0,066365119762676
914;9,358;0,0838395046011898
915;9,363;0,0849999129693724
916;9,367;0,081604012009544
917;9,371;0,108395793451406
918;9,375;0,111399203345526
919;9,379;0,126996457000215
920;9,383;0,155648304796958
921;9,387;0,148225104206378
922;9,391;0,15725239871768
923;9,396;0,188754072948048
924;9,400;0,195494680380873
925;9,404;0,18849810051389
926;9,408;0,181074899923311
927;9,412;0,19397591060487
928;9,416;0,180289917791893
929;9,420;0,157388917349231
930;9,424;0,148242169035322
931;9,429;0,154266053652505
932;9,433;0,131245599407236
933;9,437;0,129078366131366
934;9,441;0,119880423330625
935;9,445;0,0824913831146248
936;9,449;0,105324124241511
937;9,453;0,0886005918765271
938;9,457;0,0843343846405618
939;9,461;0,0886347215344148
940;9,466;0,0763139150369471
941;9,470;0,0621159773556546
942;9,474;0,0806313167597439
943;9,478;0,0605460130928194
944;9,482;0,0558702499622014
945;9,486;0,0613821897110686
946;9,490;0,058993113658928
947;9,494;0,0590955026325912
948;9,499;0,057389019738205
949;9,503;0,040682552202165
950;9,507;0,0373207809002243
951;9,511;0,0440784531619933
952;9,515;0,0525255434892046
953;9,519;0,0446245276881969
954;9,523;0,0439078048725547
955;9,527;0,0451364725565127
956;9,532;0,0427815261622599
957;9,536;0,0473549003192147
958;9,540;0,0606313372375387
959;9,544;0,0844197087852811
960;9,548;0,113839473884498
961;9,552;0,272576512720294
962;9,556;0,608821902230134
963;9,560;1,28540824019634
964;9,565;2,60639664874063
965;9,569;4,89661614680941
966;9,573;8,16217594316456
967;9,577;12,5164718261381
968;9,581;16,823532262595
969;9,585;21,1740738832008
970;9,589;23,9102826857174
971;9,593;25,1992916048209
972;9,598;24,4133879726403
973;9,602;21,9405748048722
974;9,606;19,0261409288659
975;9,610;15,4187726087652
976;9,614;12,0890319907522
977;9,618;9,14412033025222
978;9,622;6,84489060250109
979;9,626;5,1736295150551
980;9,630;3,89177075927909
981;9,635;3,02672045045688
982;9,639;2,37296685361756
983;9,643;1,85566362901335
984;9,647;1,51928172087196
985;9,651;1,26303624945094
986;9,655;1,07936749552816
987;9,659;0,897746521078647
988;9,663;0,812251728069903
989;9,668;0,674913984729708
990;9,672;0,598446486232267
991;9,676;0,540699105086241
992;9,680;0,476688931717817
993;9,684;0,446040498934643
994;9,688;0,401535425049053
995;9,692;0,359248778926165
996;9,696;0,33496552733905
997;9,701;0,313515037356617
998;9,705;0,287030422835745
999;9,709;0,265852970116413
1000;9,713;0,282166946586744
1001;9,717;0,245375175383779
1002;9,721;0,224265981980223
1003;9,725;0,201893991234821
1004;9,729;0,205750642576134
1005;9,734;0,178873536989553
1006;9,738;0,197696043314631
1007;9,742;0,171655114346299
1008;9,746;0,15141622721888
1009;9,750;0,154027146047291
1010;9,754;0,136296788774619
1011;9,758;0,149317253258785
1012;9,762;0,119095441199207
1013;9,767;0,109249034898599
1014;9,771;0,105119346294185
1015;9,775;0,0966381263090857
1016;9,779;0,121757554514449
1017;9,783;0,113139815897799
1018;9,787;0,111740499924403
1019;9,791;0,105511837359893
1020;9,795;0,086399228942769
1021;9,799;0,095733690375061
1022;9,804;0,0871500814162989
1023;9,808;0,103549382031349
1024;9,812;0,0697439558935605
1025;9,816;0,0682593157754446
1026;9,820;0,0805289277860808
1027;9,824;0,0822012810225791
1028;9,828;0,0608702448427527
1029;9,832;0,0794709083915614
1030;9,837;0,0389419396498911
1031;9,841;0,0808190298781264
1032;9,845;0,0659896935259111
1033;9,849;0,0745562376557294
1034;9,853;0,0525426083181485
1035;9,857;0,0636859416184898
1036;9,861;0,0608190503559211
1037;9,865;0,0469794740824497
1038;9,870;0,0629862836317915
1039;9,874;0,0852729502324742
1040;9,878;0,0418258957414037
1041;9,882;0,0445050738855899
1042;9,886;0,0679862785123428
1043;9,890;0,0453924449906707
1044;9,894;0,0563992596594611
1045;9,898;0,0519112096472256
1046;9,903;0,0658361100654163
1047;9,907;0,0528839048970257
1048;9,911;0,0496245225687482
1049;9,915;0,0562115465410786
1050;9,919;0,0314846094014238
1051;9,923;0,0505289585027729
1052;9,927;0,030972664533108
1053;9,931;0,0614163193689563
1054;9,936;0,0361774373609856
1055;9,940;0,0561774168831909
1056;9,944;0,0686859364990411
1057;9,948;0,107252449912167
1058;9,952;0,116262679594526
1059;9,956;0,131245599407236
1060;9,960;0,143429887273153
1061;9,964;0,157508371151838
1062;9,968;0,134163685156636
1063;9,973;0,152320663152905
1064;9,977;0,141723404378767
1065;9,981;0,109812174253746
1066;9,985;0,0885152677318078
1067;9,989;0,0885323325607516
1068;9,993;0,0826961610619511
1069;9,997;0,0625425980792511
1070;10,001;0,0630886726054547
1071;10,006;0,0728156251034555
1072;10,010;0,0458020008853233
1073;10,014;0,0612968655663492
1074;10,018;0,047935104503306
1075;10,022;0,0424914240702143
1076;10,026;0,0439760641883302
1077;10,030;0,0258702806788935
1078;10,034;0,0369453546634594
1079;10,039;0,0278498008363814
1080;10,043;0,0261945124288269
1081;10,047;0,0207167023378474
1082;10,051;0,0231740377057634
1083;10,055;0,0239248901792933
1084;10,059;0,0477644562138674
1085;10,063;0,0229692597584371
1086;10,067;0,0466552423325164
1087;10,072;0,0287030422835745
1088;10,076;0,0285835884809674
1089;10,080;0,0263992903761532
1090;10,084;0,0309555997041641
1091;10,088;0,0319794894407958
1092;10,092;0,0212286472061633
1093;10,096;0,0400852831891298
1094;10,100;0,0429521744516985
1095;10,105;0,065255905881325
1096;10,109;0,0492490963319833
1097;10,113;0,0904265285735202
1098;10,117;0,0836176618249196
1099;10,121;0,122047656606495
1100;10,125;0,128958912328759
1101;10,129;0,141040811221012
1102;10,133;0,170562965293892
1103;10,137;0,184351347080532
1104;10,142;0,173771153135338
1105;10,146;0,165989591136937
1106;10,150;0,158105640164874
1107;10,154;0,119590321238579
1108;10,158;0,114487937384364
1109;10,162;0,111535721977076
1110;10,166;0,083941893574853
1111;10,170;0,0786176669443683
1112;10,175;0,074846339747775
1113;10,179;0,0630204132896792
1114;10,183;0,0865698772322076
1115;10,187;0,0695391779462342
1116;10,191;0,0507337364500992
1117;10,195;0,0469624092535059
1118;10,199;0,0576279273434191
1119;10,203;0,0508873199105939
1120;10,208;0,0332764164405292
1121;10,212;0,0555289533833242
1122;10,216;0,0349999641638592
1123;10,220;0,0323719805065046
1124;10,224;0,028634782967799
1125;10,228;0,0291979223229464
1126;10,232;0,0393003010577122
1127;10,236;0,0116211485107694
1128;10,241;0,0195904236275526
1129;10,245;0,0124914547869064
1130;10,249;0,03146754457248
1131;10,253;0,017201347575412
1132;10,257;0,00902729451130255
1133;10,261;0,0214504899824335
1134;10,265;0,0254948544421286
1135;10,269;0,0358361407821084
1136;10,274;0,00585323632774437
1137;10,278;0,0204095354168579
1138;10,282;0,0223549259164581
1139;10,286;0,0272525318233463
1140;10,290;0,0735152830901538
1141;10,294;0,2216891928097
1142;10,298;0,583156399498567
1143;10,302;1,40071528937001
1144;10,306;3,22004789756188
1145;10,311;6,69320133801911
1146;10,315;12,3377689374379
1147;10,319;20,7995691471988
1148;10,323;30,7411459988266
1149;10,327;40,6914259132158
1150;10,331;49,4040279139646
1151;10,335;55,0862746556915
1152;10,339;55,6667689418748
1153;10,344;51,9912607598013
1154;10,348;44,7100736756925
1155;10,352;36,3783074624838
1156;10,356;28,294339630369
1157;10,360;21,4153876292959
1158;10,364;15,7037381872988
1159;10,368;11,4822066735085
1160;10,372;8,71760199562936
1161;10,377;6,47536879655072
1162;10,381;4,93349324215709
1163;10,385;3,96985941652619
1164;10,389;3,24660077139853
1165;10,393;2,67924640350198
1166;10,397;2,2552536635628
1167;10,401;1,99709693130007
1168;10,405;1,73740436443239
1169;10,410;1,61117582473465
1170;10,414;1,35571533544505
1171;10,418;1,30687579500772
1172;10,422;1,21851411073641
1173;10,426;1,07859957822569
1174;10,430;0,957592876184768
1175;10,434;0,863787511480364
1176;10,438;0,78457257552296
1177;10,443;0,732149421007419
1178;10,447;0,638019824553081
1179;10,451;0,57216664965872
1180;10,455;0,503958528370107
1181;10,459;0,482559232874506
1182;10,463;0,447712852171141
1183;10,467;0,392798232629796
1184;10,471;0,34831022357315
1185;10,475;0,34906107604668
1186;10,480;0,326927992906492
1187;10,484;0,301262490174925
1188;10,488;0,292235195663622
1189;10,492;0,253122607724292
1190;10,496;0,267883684760732
1191;10,500;0,216108993745058
1192;10,504;0,21952195953383
1193;10,508;0,204146548655411
1194;10,513;0,18699639556683
1195;10,517;0,211945175482755
1196;10,521;0,185085134725118
1197;10,525;0,172696068911875
1198;10,529;0,170460576320229
1199;10,533;0,179453741173644
1200;10,537;0,156313833125768
1201;10,541;0,142440127194409
1202;10,546;0,17718411892411
1203;10,550;0,171757503319962
1204;10,554;0,155733628941677
1205;10,558;0,1765185905953
1206;10,562;0,178173879002854
1207;10,566;0,210921285746124
1208;10,570;0,199982730393109
1209;10,574;0,219999774744258
1210;10,579;0,210102173956818
1211;10,583;0,237149927832838
1212;10,587;0,192730178091968
1213;10,591;0,176552720253187
1214;10,595;0,185750663053929
1215;10,599;0,151245578929441
1216;10,603;0,130392357960043
1217;10,607;0,112883843463641
1218;10,612;0,117508412107428
1219;10,616;0,123259259461509
1220;10,620;0,104675660741644
1221;10,624;0,111262684713975
1222;10,628;0,0826790962330073
1223;10,632;0,0526961917786432
1224;10,636;0,0692832055120763
1225;10,640;0,0647780906708969
1226;10,644;0,0627132463686897
1227;10,649;0,0593514750667491
1228;10,653;0,0384811892684069
1229;10,657;0,0510750330289764
1230;10,661;0,0354095200585119
1231;10,665;0,060221781342886
1232;10,669;0,0530545531864643
1233;10,673;0,058003353580184
1234;10,677;0,0766722764447681
1235;10,682;0,105358253899399
1236;10,686;0,102030612255346
1237;10,690;0,125631270684706
1238;10,694;0,134317268617131
1239;10,698;0,132132970512317
1240;10,702;0,160631234848565
1241;10,706;0,129334338565524
1242;10,710;0,130341163473211
1243;10,715;0,0661944714732374
1244;10,719;0,0988906837296754
1245;10,723;0,0777132310103437
1246;10,727;0,078412888997042
1247;10,731;0,0575084735408121
1248;10,735;0,0376450126501577
1249;10,739;0,0453583153327829
1250;10,743;0,0310238590199396
1251;10,748;0,0211091934035562
1252;10,752;0,0500511432923448
1253;10,756;0,0234812046267529
1254;10,760;0,027781541520606
1255;10,764;0,0425426185570458
1256;10,768;0,0377644664527647
1257;10,772;0,0225426390348406
1258;10,776;0,0159556150625102
1259;10,781;0,0129351403394468
1260;10,785;0,0205972485352404
1261;10,789;0,0329863143484836
1262;10,793;0,0176450331279524
1263;10,797;0,030853210730501
1264;10,801;0,0119795099185905
1265;10,805;0,0092662021165166
1266;10,809;0,00496586522266359
1267;10,813;0,029129663007171
1268;10,818;0,0498463653450184
1269;10,822;0,10151866738703
1270;10,826;0,186450321040627
1271;10,830;0,463071198220616
1272;10,834;1,10603982316742
1273;10,838;2,2927962872393
1274;10,842;4,31165087544279
1275;10,846;7,48820052402677
1276;10,851;11,7946807562996
1277;10,855;16,9829518945885
1278;10,859;21,4986810593709
1279;10,863;24,7141385179469
1280;10,867;26,2861676250843
1281;10,871;25,3011345039578
1282;10,875;22,5781338790438
1283;10,879;19,0653729706079
1284;10,884;15,2276123949361
1285;10,888;11,713093809119
1286;10,892;8,7540354054245
1287;10,896;6,51161449322748
1288;10,900;4,92627481951384
1289;10,904;3,82999607850231
1290;10,908;3,09332447782477
1291;10,912;2,4555435608769
1292;10,917;2,11943468999861
1293;10,921;1,75353062778434
1294;10,925;1,49853088887622
1295;10,929;1,23412842922004
1296;10,933;1,03315593874819
1297;10,937;0,881620257726698
1298;10,941;0,759726184580698
1299;10,945;0,627115398857953
1300;10,950;0,5939072417332
1301;10,954;0,508002892829802
1302;10,958;0,443037089040523
1303;10,962;0,397354541957807
1304;10,966;0,351398957611989
1305;10,970;0,321654960762839
1306;10,974;0,320716395170926
1307;10,978;0,276262515772168
1308;10,982;0,258822260591542
1309;10,987;0,239385420424484
1310;10,991;0,229385430663382
1311;10,995;0,241962209595007
1312;10,999;0,202405936103137
1313;11,003;0,240733541911049
1314;11,007;0,199982730393109
1315;11,011;0,198788192367039
1316;11,015;0,186706293474785
1317;11,020;0,266279590840009
1318;11,024;0,461791336049827
1319;11,028;0,939572416820051
1320;11,032;1,91214821281753
1321;11,036;3,78770943237942
1322;11,040;6,96891777926507
1323;11,044;11,4851588889158
1324;11,048;17,0775422414243
1325;11,053;22,3854890250966
1326;11,057;26,6698532390581
1327;11,061;28,9919839672519
1328;11,065;28,7560115126162
1329;11,069;26,3796999525256
1330;11,073;22,4709326236185
1331;11,077;18,0561931165258
1332;11,081;13,7809244563913
1333;11,086;10,2363547068041
1334;11,090;7,45060670586344
1335;11,094;5,54552333222867
1336;11,098;4,12528587854688
1337;11,102;3,12875106271222
1338;11,106;2,4283080938825
1339;11,110;1,98385462403963
1340;11,114;1,61679015345718
1341;11,119;1,33339453918648
1342;11,123;1,12185891959838
1343;11,127;0,924657756323116
1344;11,131;0,838497434985561
1345;11,135;0,695920789159602
1346;11,139;0,645118793393727
1347;11,143;0,569231499080376
1348;11,147;0,495323724924514
1349;11,151;0,452456874617534
1350;11,156;0,446347665855632
1351;11,160;0,400818702233411
1352;11,164;0,374026920791549
1353;11,168;0,314999677474733
1354;11,172;0,3032761399903
1355;11,176;0,268685731721094
1356;11,180;0,28709868215152
1357;11,184;0,260033863446556
1358;11,189;0,232457099873277
1359;11,193;0,211962240311699
1360;11,197;0,196723348064831
1361;11,201;0,166382082202646
1362;11,205;0,160119289980249
1363;11,209;0,154504961257719
1364;11,213;0,148139780061659
1365;11,217;0,165494711097565
1366;11,222;0,130204644841661
1367;11,226;0,137917947524286
1368;11,230;0,154487896428775
1369;11,234;0,123361648435172
1370;11,238;0,109931628056354
1371;11,242;0,0868429144953094
1372;11,246;0,108208080333024
1373;11,250;0,104948698004746
1374;11,255;0,0853412095482496
1375;11,259;0,0660920824995742
1376;11,263;0,0686176771832657
1377;11,267;0,06390778439476
1378;11,271;0,0644879885788513
1379;11,275;0,0551193974886715
1380;11,279;0,0754948032476417
1381;11,283;0,0708872994327992
1382;11,288;0,0537200815152749
1383;11,292;0,068822455130592
1384;11,296;0,0553583050938856
1385;11,300;0,0648292851577285
1386;11,304;0,0335323888746872
1387;11,308;0,0587030115668824
1388;11,312;0,0476620672402042
1389;11,316;0,037849790597484
1390;11,320;0,0483105307400709
1391;11,325;0,0353412607427364
1392;11,329;0,071040882893294
1393;11,333;0,0427815261622599
1394;11,337;0,0373207809002243
1395;11,341;0,0297610616780938
1396;11,345;0,0329692495195397
1397;11,349;0,0378668554264279
1398;11,353;0,0252559468369145
1399;11,358;0,0189078304697982
1400;11,362;0,0184470800883139
1401;11,366;0,00614333841979001
1402;11,370;0,0244368350476092
1403;11,374;0,034044333743003
1404;11,378;0,0334129350720801
1405;11,382;0,0489077997531061
1406;11,386;0,0379521795711472
1407;11,391;0,0375767533343822
1408;11,395;0,0426279427017651
1409;11,399;0,0317235170066379
1410;11,403;0,0360579835583786
1411;11,407;0,0269283000734129
1412;11,411;0,0237030474030231
1413;11,415;0,0364504746240874
1414;11,419;0,0275426339153919
1415;11,424;0,0279692546389884
1416;11,428;0,022116018311244
1417;11,432;0,0356484276637259
1418;11,436;0,0410067839520983
1419;11,440;0,019914655377486
1420;11,444;0,0478839100164744
1421;11,448;0,0393685603734877
1422;11,452;0,0346074730981504
1423;11,457;0,016962439970198
1424;11,461;0,0505801529896044
1425;11,465;0,0477132617270358
1426;11,469;0,0151535681021487
1427;11,473;0,0263651607182655
1428;11,477;0,0331569626379222
1429;11,481;0,0365357987688067
1430;11,485;0,0384129299526314
1431;11,489;0,0543685450151416
1432;11,494;0,0318941652960765
1433;11,498;0
1434;11,502;0,0150170494705978
1435;11,506;0,023105778389988
1436;11,510;0,0140614190497416
1437;11,514;0,0142320673391802
1438;11,518;0,0136518631550889
1439;11,522;0,0204948595615772
1440;11,527;0,0146586880627767
1441;11,531;0,0301876824016904
1442;11,535;0,0386859672157332
1443;11,539;0,0692832055120763
1444;11,543;0,181518585475851
1445;11,547;0,436774296818126
1446;11,551;1,04455524448268
1447;11,555;2,2095369868222
1448;11,560;4,31451776670536
1449;11,564;7,66381467868804
1450;11,568;12,2862160891985
1451;11,572;17,3040607808251
1452;11,576;22,3731682185991
1453;11,580;25,9038983919129
1454;11,584;27,5850058856595
1455;11,588;26,759853146908
1456;11,593;24,1500947268655
1457;11,597;20,274859786833
1458;11,601;15,922833526109
1459;11,605;12,2367110204324
1460;11,609;9,13635583308276
1461;11,613;6,70656309908215
1462;11,617;4,93079699918396
1463;11,621;3,66474027500996
1464;11,626;2,82957048166845
1465;11,630;2,24405913577563
1466;11,634;1,77120979057018
1467;11,638;1,46943535552694
1468;11,642;1,28112496813143
1469;11,646;1,04411155893014
1470;11,650;0,905971768629588
1471;11,654;0,777746643945416
1472;11,658;0,716842269444775
1473;11,663;0,577815108039138
1474;11,667;0,568292933488464
1475;11,671;0,481159916901109
1476;11,675;0,447542203881703
1477;11,679;0,414743602651601
1478;11,683;0,397610514391965
1479;11,687;0,330119115918994
1480;11,691;0,33752525168063
1481;11,696;0,278071387640217
1482;11,700;0,29032393482191
1483;11,704;0,234607268320203
1484;11,708;0,256143082447356
1485;11,712;0,245238656752229
1486;11,716;0,265392219734929
1487;11,720;0,297815394728265
1488;11,724;0,598907236613751
1489;11,729;1,33015222168714
1490;11,733;3,01040647398655
1491;11,737;6,41710947053638
1492;11,741;12,8447479405311
1493;11,745;22,7239528423691
1494;11,749;36,720849773874
1495;11,753;53,100850067389
1496;11,757;70,6789720010526
1497;11,762;85,4577282002783
1498;11,766;93,7879756437109
1499;11,770;93,4096313211966
1500;11,774;84,2393847378313
1501;11,778;71,3326744034051
1502;11,782;55,6647723568884
1503;11,786;41,543097396146
1504;11,790;30,2629041676749
1505;11,795;21,7076398897885
1506;11,799;16,0727992428677
1507;11,803;11,9186738034057
1508;11,807;9,2891543114461
1509;11,811;7,26630655326974
1510;11,815;5,88594960482976
1511;11,819;4,72588253322608
1512;11,823;4,04456923764242
1513;11,827;3,40462108741868
1514;11,832;2,94936558085435
1515;11,836;2,49924658780213
1516;11,840;2,22422980454286
1517;11,844;1,91667039248765
1518;11,848;1,70467402251807
1519;11,852;1,59001543684426
1520;11,856;1,40011802035698
1521;11,860;1,32240478934663
1522;11,865;1,16011826609051
1523;11,869;1,08571561189528
1524;11,873;0,937200405596854
1525;11,877;0,895374509855451
1526;11,881;0,873941084701961
1527;11,885;0,783053805746956
1528;11,889;0,75213233570068
1529;11,893;0,674862790242877
1530;11,898;0,641449855170797
1531;11,902;0,594760483180393
1532;11,906;0,541842448625479
1533;11,910;0,492473898490889
1534;11,914;0,49455580762204
1535;11,918;0,44885619571038
1536;11,922;0,428856216188175
1537;11,926;0,404999585324657
1538;11,931;0,381791417961005
1539;11,935;0,383276058079121
1540;11,939;0,329487717248071
1541;11,943;0,301945083332679
1542;11,947;0,290835879690226
1543;11,951;0,294129391676391
1544;11,955;0,303856344174392
1545;11,959;0,275614052272301
1546;11,964;0,248924659804103
1547;11,968;0,235989519464656
1548;11,972;0,215170428153145
1549;11,976;0,204470780405344
1550;11,980;0,193173863644508
1551;11,984;0,178634629384338
1552;11,988;0,202184093326867
1553;11,992;0,207866681365173
1554;11,996;0,186535645185346
1555;12,001;0,1794366763447
1556;12,005;0,160955466598498
1557;12,009;0,162218263940344
1558;12,013;0,168242148557527
1559;12,017;0,140460607036921
1560;12,021;0,170614159780724
1561;12,025;0,144095415601964
1562;12,029;0,167508360912941
1563;12,034;0,148788243561525
1564;12,038;0,181774557910009
1565;12,042;0,158464001572695
1566;12,046;0,155409397191743
1567;12,050;0,15088721752162
1568;12,054;0,150545920942743
1569;12,058;0,120767794435705
1570;12,062;0,125068131329558
1571;12,067;0,130597135907369
1572;12,071;0,114436742897533
1573;12,075;0,100460647992511
1574;12,079;0,111996472358561
1575;12,083;0,0952217455067452
1576;12,087;0,0993343692822157
1577;12,091;0,070665456656529
1578;12,095;0,0751705714977084
1579;12,100;0,10766200580682
1580;12,104;0,106365078807087
1581;12,108;0,100136416242577
1582;12,112;0,109300229385431
1583;12,116;0,140989616734181
1584;12,120;0,113873603542385
1585;12,124;0,115784864384098
1586;12,128;0,111160295740312
1587;12,133;0,140921357418405
1588;12,137;0,126450382474011
1589;12,141;0,134163685156636
1590;12,145;0,24776425143592
1591;12,149;0,516074556920249
1592;12,153;1,10296815395752
1593;12,157;2,35363240242416
1594;12,161;4,52356192126766
1595;12,165;8,18908717840903
1596;12,170;13,1009934119521
1597;12,174;18,5996737887299
1598;12,178;23,8995318434828
1599;12,182;27,5825314854626
1600;12,186;28,718383564795
1601;12,190;27,8633332457339
1602;12,194;24,6078075687977
1603;12,198;20,3972658048473
1604;12,203;15,8136015560394
1605;12,207;11,9130594746831
1606;12,211;8,98753345986335
1607;12,215;6,67820135337745
1608;12,219;5,00985835168087
1609;12,223;3,83136126481782
1610;12,227;2,96301744400944
1611;12,231;2,45008281561486
1612;12,236;1,9507317910596
1613;12,240;1,61373554907623
1614;12,244;1,37144910773129
1615;12,248;1,15482816911792
1616;12,252;1,00407747022785
1617;12,256;0,963514371828288
1618;12,260;0,898121947315412
1619;12,264;0,83027218743462
1620;12,269;0,789487246258792
1621;12,273;0,715647731418705
1622;12,277;0,704094842223711
1623;12,281;0,645852581038313
1624;12,285;0,55890727756934
1625;12,289;0,538856103560303
1626;12,293;0,451586568341398
1627;12,297;0,427473965043722
1628;12,302;0,420136088597862
1629;12,306;0,387747043262413
1630;12,310;0,398549079983877
1631;12,314;0,412491045231012
1632;12,318;0,425784546978279
1633;12,322;0,404914261179937
1634;12,326;0,45994833452389
1635;12,330;0,435084878752684
1636;12,335;0,457542193642805
1637;12,339;0,423173628149869
1638;12,343;0,40165487885166
1639;12,347;0,35250817149334
1640;12,351;0,293395604031805
1641;12,355;0,293907548900121
1642;12,359;0,262866625051237
1643;12,363;0,225733557269395
1644;12,367;0,205272827365706
1645;12,372;0,168173889241752
1646;12,376;0,145853092983181
1647;12,380;0,17629674781903
1648;12,384;0,128446967460443
1649;12,388;0,115204660200007
1650;12,392;0,138054466155837
1651;12,396;0,16587013733433
1652;12,400;0,279163536692625
1653;12,405;0,568156414856913
1654;12,409;1,17974281937595
1655;12,413;2,53591890520249
1656;12,417;5,06509720297215
1657;12,421;8,99096349048107
1658;12,425;14,3372720096191
1659;12,429;20,5538526752362
1660;12,433;26,7744947701419
1661;12,438;31,2117086569536
1662;12,442;32,8626284682985
1663;12,446;31,2044049101656
1664;12,450;27,1153135338087
1665;12,454;22,2858133592355
1666;12,458;17,4140436033683
1667;12,462;13,0018808854462
1668;12,466;9,63430754166463
1669;12,471;7,05120438443237
1670;12,475;5,25753727897207
1671;12,479;4,11528588878578
1672;12,483;3,16214693295536
1673;12,487;2,4754240865965
1674;12,491;2,0585815099848
1675;12,495;1,69306993883624
1676;12,499;1,47240463576317
1677;12,504;1,22510113470874
1678;12,508;1,10114221726053
1679;12,512;0,949282304489108
1680;12,516;0,870203887163255
1681;12,520;0,77011866540751
1682;12,524;0,709333744709476
1683;12,528;0,672217741756578
1684;12,532;0,598907236613751
1685;12,536;0,559009666543004
1686;12,541;0,458975639274089
1687;12,545;0,427081473978013
1688;12,549;0,438122418304691
1689;12,553;0,38464124439463
1690;12,557;0,375119069843956
1691;12,561;0,350170289928031
1692;12,565;0,306450198173858
1693;12,569;0,273190846562273
1694;12,574;0,261603827709391
1695;12,578;0,258566288157384
1696;12,582;0,25832738055217
1697;12,586;0,257115777697156
1698;12,590;0,242115793055502
1699;12,594;0,216655068271261
1700;12,598;0,212764287272061
1701;12,602;0,218515134626142
1702;12,607;0,193088539499789
1703;12,611;0,197610719169912
1704;12,615;0,187491275606202
1705;12,619;0,181859882054728
1706;12,623;0,175938386411208
1707;12,627;0,181928141370504
1708;12,631;0,160187549296025
1709;12,635;0,177354767213549
1710;12,640;0,141484496773553
1711;12,644;0,167423036768222
1712;12,648;0,145307018456978
1713;12,652;0,112252444792719
1714;12,656;0,142286543733914
1715;12,660;0,124539121632299
1716;12,664;0,127030586658102
1717;12,668;0,12308861117207
1718;12,673;0,106877023675402
1719;12,677;0,137883817866398
1720;12,681;0,0832251707592108
1721;12,685;0,115477697463108
1722;12,689;0,110494767411501
1723;12,693;0,105767809794051
1724;12,697;0,104505012452206
1725;12,701;0,0763821743527225
1726;12,705;0,0956313014013979
1727;12,710;0,124641510605962
1728;12,714;0,114351418752814
1729;12,718;0,0909043437839483
1730;12,722;0,0898975188762605
1731;12,726;0,0910067327576115
1732;12,730;0,0910920569023308
1733;12,734;0,09365178124391
1734;12,738;0,0651876465655496
1735;12,743;0,0858360895876216
1736;12,747;0,0865869420611515
1737;12,751;0,0881569063239867
1738;12,755;0,103225150281416
1739;12,759;0,0849145888246531
1740;12,763;0,103976002754946
1741;12,767;0,0753070901292592
1742;12,771;0,0757507756817996
1743;12,776;0,0837883101143582
1744;12,780;0,0786347317733122
1745;12,784;0,0580545480670156
1746;12,788;0,0648122203287846
1747;12,792;0,0762627205501155
1748;12,796;0,0668258701441603
1749;12,800;0,0918770390337484
1750;12,804;0,0840272177195723
1751;12,809;0,140614190497416
1752;12,813;0,324573046512239
1753;12,817;0,656552228786114
1754;12,821;1,48648311964186
1755;12,825;3,04840984804452
1756;12,829;5,87658101373958
1757;12,833;10,2613717460358
1758;12,837;15,707014634456
1759;12,842;21,7317695579151
1760;12,846;26,9587437282487
1761;12,850;30,190532228124
1762;12,854;30,8338933441365
1763;12,858;28,8285882301144
1764;12,862;25,0535409008114
1765;12,866;20,1157814514183
1766;12,870;15,737099927884
1767;12,874;11,9173086170902
1768;12,879;8,82596365942287
1769;12,883;6,54954960796968
1770;12,887;4,98211093981815
1771;12,891;3,79608826339086
1772;12,895;3,00395596864577
1773;12,899;2,44948554660183
1774;12,903;1,99035632386725
1775;12,907;1,68795049015308
1776;12,912;1,44820670832078
1777;12,916;1,26395775021391
1778;12,920;1,0737019723188
1779;12,924;0,978087735746346
1780;12,928;0,853070798903619
1781;12,932;0,785732983891143
1782;12,936;0,696910549238346
1783;12,940;0,625306526989904
1784;12,945;0,554470422043936
1785;12,949;0,515835649315035
1786;12,953;0,492337379859338
1787;12,957;0,481774250743088
1788;12,961;0,401330647101727
1789;12,965;0,3962623929054
1790;12,969;0,372235113752443
1791;12,973;0,356108850400494
1792;12,978;0,336433102628223
1793;12,982;0,319709570263239
1794;12,986;0,312286369672659
1795;12,990;0,295170346241966
1796;12,994;0,244470739449755
1797;12,998;0,251603837948289
1798;13,002;0,241689172331905
1799;13,006;0,249948549540734
1800;13,011;0,227542429137445
1801;13,015;0,219573154020661
1802;13,019;0,230426385228957
1803;13,023;0,201160203590235
1804;13,027;0,207764292391509
1805;13,031;0,184812097462016
1806;13,035;0,177525415502988
1807;13,039;0,167064675360401
1808;13,043;0,168088565097032
1809;13,048;0,212610703811566
1810;13,052;0,295852939399721
1811;13,056;0,576603505184124
1812;13,060;1,25262670379518
1813;13,064;2,85216431519012
1814;13,068;5,95414066128942
1815;13,072;11,4345958007552
1816;13,076;19,6376590740692
1817;13,081;30,9177157839088
1818;13,085;44,0578388486292
1819;13,089;56,3095327888743
1820;13,093;65,9603590849566
1821;13,097;70,2207984087388
1822;13,101;67,8912444799545
1823;13,105;60,696900310341
1824;13,109;50,1353752880117
1825;13,114;38,7956258065265
1826;13,118;29,1934684025921
1827;13,122;21,4622817792337
1828;13,126;15,8205469414195
1829;13,130;12,0534859520622
1830;13,134;9,24031477100877
1831;13,138;7,18424179087871
1832;13,142;5,74818524076596
1833;13,147;4,74031937851258
1834;13,151;3,97774336749826
1835;13,155;3,3364641606169
1836;13,159;2,87764210480331
1837;13,163;2,5101680783262
1838;13,167;2,2307826988573
1839;13,171;1,98685803393375
1840;13,175;1,80499815187903
1841;13,180;1,57103934705869
1842;13,184;1,50865033243993
1843;13,188;1,34139794396115
1844;13,192;1,23156870487846
1845;13,196;1,14131282459438
1846;13,200;1,04760984886364
1847;13,204;0,927883008993506
1848;13,208;0,918275510298112
1849;13,212;0,819145918963223
1850;13,217;0,778872922655711
1851;13,221;0,744367838531223
1852;13,225;0,720477078009818
1853;13,229;0,675647772374295
1854;13,233;0,646347461077685
1855;13,237;0,641483984828684
1856;13,241;0,569299758396152
1857;13,245;0,57172296410618
1858;13,250;0,501057507449651
1859;13,254;0,50781517971142
1860;13,258;0,467456859259188
1861;13,262;0,445579748553158
1862;13,266;0,442866440751085
1863;13,270;0,43679136164707
1864;13,274;0,453293051235784
1865;13,278;0,425682158004616
1866;13,283;0,54144995755977
1867;13,287;0,90257586766976
1868;13,291;1,78629509935655
1869;13,295;3,39830710070945
1870;13,299;6,34524947585378
1871;13,303;10,5628902086448
1872;13,307;16,0111781455514
1873;13,311;22,1435780099884
1874;13,316;27,9535208667022
1875;13,320;31,5608209274871
1876;13,324;32,4268951260459
1877;13,328;31,0199853037693
1878;13,332;27,2360130689286
1879;13,336;22,8375022141616
1880;13,340;17,8995379868212
1881;13,344;13,7273408935076
1882;13,349;10,27132054131
1883;13,353;7,71664738909824
1884;13,357;5,97014747083877
1885;13,361;4,63089969532454
1886;13,365;3,66487679364151
1887;13,369;3,06992859734273
1888;13,373;2,51852984450869
1889;13,377;2,10156781409439
1890;13,381;1,86416191382739
1891;13,386;1,61003248119541
1892;13,390;1,46092000588395
1893;13,394;1,3179167393344
1894;13,398;1,31030582562543
1895;13,402;1,4022681888039
1896;13,406;1,98462254134211
1897;13,410;3,27346081215617
1898;13,414;6,17178548963943
1899;13,419;11,2643570672112
1900;13,423;19,4268572421257
1901;13,427;30,1937233511365
1902;13,431;42,3958610281286
1903;13,435;54,2856782057902
1904;13,439;63,0443552446875
1905;13,443;66,9893853351003
1906;13,447;65,2488239773133
1907;13,452;57,6563061539527
1908;13,456;47,6309409922106
1909;13,460;37,3794497821333
1910;13,464;28,0589815095752
1911;13,468;20,8790912500772
1912;13,472;15,6043696883587
1913;13,476;11,7229914099064
1914;13,480;9,06963235191227
1915;13,485;7,19253529774543
1916;13,489;5,85211004903408
1917;13,493;4,86880047563091
1918;13,497;4,08656578167326
1919;13,501;3,48052544656098
1920;13,505;3,04670336515014
1921;13,509;2,70504842486509
1922;13,513;2,41446851760903
1923;13,518;2,18054384244658
1924;13,522;1,87784790664037
1925;13,526;1,78022002025254
1926;13,530;1,61496421676019
1927;13,534;1,50390630999354
1928;13,538;1,37975967942695
1929;13,542;1,26757549395001
1930;13,546;1,16119335031398
1931;13,550;1,10443572924669
1932;13,555;1,00634709247738
1933;13,559;0,941654325951202
1934;13,563;0,893121952434861
1935;13,567;0,846825071510166
1936;13,571;0,820545234936619
1937;13,575;0,763804678698281
1938;13,579;0,733958292875468
1939;13,583;0,67010170296754
1940;13,588;0,702934433855528
1941;13,592;0,625118813871522
1942;13,596;0,58573318866909
1943;13,600;0,545938007572006
1944;13,604;0,543668385322472
1945;13,608;0,503651361449118
1946;13,612;0,520938033169249
1947;13,616;0,451040493815194
1948;13,621;0,497217920937282
1949;13,625;0,456347655616735
1950;13,629;0,483617252269025
1951;13,633;0,418617318821858
1952;13,637;0,409760672599994
1953;13,641;0,419692403045321
1954;13,645;0,401740202996379
1955;13,649;0,49583566979283
1956;13,654;0,668736516652031
1957;13,658;1,1701523855095
1958;13,662;2,19288171377299
1959;13,666;4,29987614347153
1960;13,670;7,58396834405972
1961;13,674;12,4374957977859
1962;13,678;18,4488207008662
1963;13,682;24,8788823765709
1964;13,687;30,5663850856125
1965;13,691;35,0656296256352
1966;13,695;38,0713603364911
1967;13,699;41,3684559367345
1968;13,703;46,668416380461
1969;13,707;53,9960880586129
1970;13,711;63,5016414658961
1971;13,715;71,8998069285253
1972;13,719;76,9261157753081
1973;13,724;75,9124820008717
1974;13,728;69,0106972586717
1975;13,732;58,1114080770566
1976;13,736;46,2337751872609
1977;13,740;35,2495031575053
1978;13,744;26,268044776746
1979;13,748;19,6356624890828
1980;13,752;14,9824419974997
1981;13,757;11,6081963056011
1982;13,761;9,26941030435805
1983;13,765;7,44128930926009
1984;13,769;6,28850891961544
1985;13,773;5,40265658431066
1986;13,777;4,51624110965074
1987;13,781;4,02003001362115
1988;13,785;3,59361406797194
1989;13,790;3,19450184863292
1990;13,794;2,82341007841971
1991;13,798;2,49706228969731
1992;13,802;2,30530480685515
1993;13,806;2,17581688482913
1994;13,810;1,95136318973052
1995;13,814;1,8705441598524
1996;13,818;1,73772859618232
1997;13,823;1,59941815759233
1998;13,827;1,5347424558951
1999;13,831;1,4444012514663
2000;13,835;1,40237057777757
2001;13,839;1,30324098644268
2002;13,843;1,18044247736265
2003;13,847;1,18027182907321
2004;13,851;1,11856540761221
2005;13,856;1,07733678088384
2006;13,860;1,02970884330153
2007;13,864;0,983650869982044
2008;13,868;0,923446153468102
2009;13,872;0,895391574684394
2010;13,876;0,861773861664988
2011;13,880;0,830494030210891
2012;13,884;0,783872917536262
2013;13,888;0,764077715961383
2014;13,893;0,73392416321758
2015;13,897;0,699879829474577
2016;13,901;0,666842320639262
2017;13,905;0,632644403435764
2018;13,909;0,611108589308612
2019;13,913;0,621125643898658
2020;13,917;0,61008469957198
2021;13,921;0,656876460536047
2022;13,926;0,815801212490226
2023;13,930;1,21015234455391
2024;13,934;2,2206632552936
2025;13,938;4,08547363262085
2026;13,942;7,27953179570123
2027;13,946;11,5533158157176
2028;13,950;16,9882931860479
2029;13,954;22,6390553183734
2030;13,959;26,7656893184068
2031;13,963;28,9264038296207
2032;13,967;28,6387078784561
2033;13,971;25,975007534122
2034;13,975;22,1729124509429
2035;13,979;17,755510830535
2036;13,983;13,8689107144259
2037;13,987;10,5810471866411
2038;13,992;8,03922385062404
2039;13,996;6,16064215633909
2040;14,000;4,74403951122234
2041;14,004;3,90649770665764
2042;14,008;3,13992852567045
2043;14,012;2,52646498996759
2044;14,016;2,22354721138511
2045;14,020;1,90646562477922
2046;14,025;1,69518597762528
2047;14,029;1,51295066933379
2048;14,033;1,4172852382745
2049;14,037;1,28545943468317
2050;14,041;1,21209773505351
2051;14,045;1,06923098713551
2052;14,049;1,02940167638054
2053;14,053;0,96745634731432
2054;14,057;0,900135597130788
2055;14,062;0,893156082092749
2056;14,066;0,825954785711823
2057;14,070;0,780255173800163
2058;14,074;0,708053882538687
2059;14,078;0,665733106757911
2060;14,082;0,636927675500674
2061;14,086;0,607337262112018
2062;14,090;0,604419176362618
2063;14,095;0,569675184632917
2064;14,099;0,539914122954823
2065;14,103;0,534077951456022
2066;14,107;0,46697904404876
2067;14,111;0,48796878364971
2068;14,115;0,476484153770491
2069;14,119;0,468275971048494
2070;14,123;0,457985879195346
2071;14,128;0,450255511683776
2072;14,132;0,417320391822124
2073;14,136;0,422712877768385
2074;14,140;0,342798283824283
2075;14,144;0,37429995805465
2076;14,148;0,376586645133128
2077;14,152;0,385818717591757
2078;14,156;0,344521831547613
2079;14,161;0,370016685989741
2080;14,165;0,345340943336918
2081;14,169;0,36868562933212
2082;14,173;0,327968947472067
2083;14,177;0,326945057735436
2084;14,181;0,335306823917928
2085;14,185;0,347252204178631
2086;14,189;0,339385318035511
2087;14,194;0,336535491601886
2088;14,198;0,326364853551344
2089;14,202;0,338361428298879
2090;14,206;0,344317053600286
2091;14,210;0,323122536052011
2092;14,214;0,314641316066912
2093;14,218;0,33505085148377
2094;14,222;0,318105476342516
2095;14,226;0,330733449760973
2096;14,231;0,317661790789975
2097;14,235;0,273463883825375
2098;14,239;0,27870278631114
2099;14,243;0,289556017519436
2100;14,247;0,300085016977798
2101;14,251;0,262149902235595
2102;14,255;0,239863235634912
2103;14,259;0,277934869008667
2104;14,264;0,274777875654052
2105;14,268;0,290153286532471
2106;14,272;0,312593536593649
2107;14,276;0,280050907797705
2108;14,280;0,433839146239782
2109;14,284;0,663617067968872
2110;14,288;1,34501568769725
2111;14,292;2,78364902698052
2112;14,297;5,99489147280737
2113;14,301;12,1656530727102
2114;14,305;21,4259336935832
2115;14,309;35,4022675062107
2116;14,313;52,5161237036276
2117;14,317;71,2695516011417
2118;14,321;87,2593816456843
2119;14,325;98,06397809149
2120;14,330;100
2121;14,334;93,5549554044825
2122;14,338;81,3379542614803
2123;14,342;66,4349661075432
2124;14,346;52,0251685749127
2125;14,350;39,4544476575621
2126;14,354;30,0352764143927
2127;14,358;22,8590892227755
2128;14,363;17,5218591926356
2129;14,367;13,7104467128532
2130;14,371;11,1187599466622
2131;14,375;9,06343781900565
2132;14,379;7,56494105978731
2133;14,383;6,51514691281886
2134;14,387;5,58769052454895
2135;14,391;4,94405637127334
2136;14,395;4,39803303955661
2137;14,400;3,93296525634957
2138;14,404;3,49438208766339
2139;14,408;3,16494556490215
2140;14,412;3,01112319680219
2141;14,416;2,70166958873421
2142;14,420;2,48629438263374
2143;14,424;2,29516829846249
2144;14,428;2,11858144855142
2145;14,433;1,97368398598909
2146;14,437;1,89018577796678
2147;14,441;1,72766034710545
2148;14,445;1,63528842803233
2149;14,449;1,58520315508209
2150;14,453;1,48042510536679
2151;14,457;1,42757533012765
2152;14,461;1,28585192574888
2153;14,466;1,22661990448474
2154;14,470;1,18935031807135
2155;14,474;1,12935037950473
2156;14,478;1,123189976256
2157;14,482;1,03668835833956
2158;14,486;1,0321491138405
2159;14,490;0,981859062942939
2160;14,494;0,943138966069318
2161;14,499;0,941569001806483
2162;14,503;0,899299420512539
2163;14,507;0,890767006040608
2164;14,511;0,887217521620285
2165;14,515;0,897029798263005
2166;14,519;1,02450407047365
2167;14,523;1,27435023104072
2168;14,527;1,86378648759063
2169;14,532;2,98798328875431
2170;14,536;5,02871498766384
2171;14,540;8,21480387562743
2172;14,544;12,326813317256
2173;14,548;17,2418765441537
2174;14,552;21,503834637712
2175;14,556;24,7011863127785
2176;14,560;25,7304685353564
2177;14,564;24,8864932902799
2178;14,569;22,2321274073781
2179;14,573;18,7087009808522
2180;14,577;14,8938414056231
2181;14,581;11,5923089498543
2182;14,585;9,01615117800221
2183;14,589;6,86439570198392
2184;14,593;5,37178630875122
2185;14,597;4,27267480613501
2186;14,602;3,51204418562029
2187;14,606;3,05742007772688
2188;14,610;2,76312003776105
2189;14,614;2,88344414664422
2190;14,618;3,68653206157127
2191;14,622;5,28132565051981
2192;14,626;8,55707314975445
2193;14,630;13,2334676790433
2194;14,635;19,4663623211307
2195;14,639;26,0201098770206
2196;14,643;31,6947798346964
2197;14,647;35,1876431525838
2198;14,651;35,4542981696606
2199;14,655;33,0225088506735
2200;14,659;28,9482297458398
2201;14,663;23,6420577043778
2202;14,668;18,7275064223484
2203;14,672;14,6517426773966
2204;14,676;11,3438109107738
2205;14,680;8,82024694172668
2206;14,684;7,03963443040843
2207;14,688;5,81661520483085
2208;14,692;4,90240112382137
2209;14,696;4,17711176404939
2210;14,701;3,51252200083072
2211;14,705;3,1509182755103
2212;14,709;2,87380251829094
2213;14,713;2,59071407094122
2214;14,717;2,2608167977985
2215;14,721;2,12648246435243
2216;14,725;1,95284782984864
2217;14,729;1,82197765667817
2218;14,733;1,67013480873569
2219;14,738;1,55832604949551
2220;14,742;1,48475957191853
2221;14,746;1,45784833667406
2222;14,750;1,29716590733866
2223;14,754;1,24588609636236
2224;14,758;1,18383837832248
2225;14,762;1,11854834278327
2226;14,766;1,12436744945312
2227;14,771;1,03334365186657
2228;14,775;0,962473417262713
2229;14,779;0,937405183544181
2230;14,783;0,923412023810214
2231;14,787;0,89320727657958
2232;14,791;0,851142473232963
2233;14,795;0,860186832573209
2234;14,799;0,816432611161149
2235;14,804;0,811705653543699
2236;14,808;0,810715893464955
2237;14,812;0,730852494007685
2238;14,816;0,737320064177409
2239;14,820;0,782320018102371
2240;14,824;0,730408808455145
2241;14,828;0,661347445719339
2242;14,832;0,719794484852063
2243;14,837;0,664828670823887
2244;14,841;0,650050528958503
2245;14,845;0,610443060979801
2246;14,849;0,642149513157495
2247;14,853;0,624896971095251
2248;14,857;0,690971988765882
2249;14,861;0,825511100159283
2250;14,865;1,23289976153608
2251;14,870;2,01928120892709
2252;14,874;3,70764125497482
2253;14,878;6,94062429287615
2254;14,882;11,8545783058925
2255;14,886;18,7836667744026
2256;14,890;26,2668673035488
2257;14,894;33,0829354099637
2258;14,898;37,5706099959625
2259;14,902;38,6077249750256
2260;14,907;36,1660039255933
2261;14,911;31,2190977278863
2262;14,915;25,354291446118
2263;14,919;19,9636826310417
2264;14,923;15,7221340729003
2265;14,927;12,2929396318024
2266;14,931;9,7747852135305
2267;14,935;7,88026496901198
2268;14,940;6,47325275776168
2269;14,944;5,4435609792891
2270;14,948;4,74195760209119
2271;14,952;4,14723124856869
2272;14,956;3,56016700324198
2273;14,960;3,13566231843449
2274;14,964;2,82027014989404
2275;14,968;2,59566287133494
2276;14,973;2,31982697628637
2277;14,977;2,19890559839017
2278;14,981;2,0520456804993
2279;14,985;1,86131208739377
2280;14,989;1,75428148025787
2281;14,993;1,69489587553323
2282;14,997;1,61247275173438
2283;15,001;1,56039089379772
2284;15,006;1,48298482970837
2285;15,010;1,42376987327317
2286;15,014;1,40435009793505
2287;15,018;1,3544525381032
2288;15,022;1,27720005747434
2289;15,026;1,25518642813676
2290;15,030;1,1569612727359
2291;15,034;1,15781451418309
2292;15,039;1,05815591315094
2293;15,043;1,0144870158836
2294;15,047;0,978070670917402
2295;15,051;0,973616750563054
2296;15,055;0,919094622087418
2297;15,059;0,984128685192472
2298;15,063;0,935306209584086
2299;15,067;0,905425694103385
2300;15,071;0,845545209339376
2301;15,076;0,851023019430356
2302;15,080;0,78779782819335
2303;15,084;0,804248323295232
2304;15,088;0,783634009931048
2305;15,092;0,759163045225551
2306;15,096;0,780545275892209
2307;15,100;0,833616893907617
2308;15,104;0,979760088982844
2309;15,109;1,28711472309073
2310;15,113;2,14629473075625
2311;15,117;3,61564476213847
2312;15,121;6,30704132384847
2313;15,125;10,4682145376643
2314;15,129;15,7867927097686
2315;15,133;21,9674860401167
2316;15,137;26,943163539423
2317;15,142;30,1702933409966
2318;15,146;30,8125793727856
2319;15,150;28,6981276128386
2320;15,154;24,9936262863895
2321;15,158;20,6811562991574
2322;15,162;16,4299661126627
2323;15,166;13,0733995835499
2324;15,170;10,1836243853675
2325;15,175;8,10174938387435
2326;15,179;6,41666578498384
2327;15,183;5,29050652849161
2328;15,187;4,38535387165133
2329;15,191;3,65827270484023
2330;15,195;3,29489423730965
2331;15,199;2,80069679109544
2332;15,203;2,57847858858848
2333;15,208;2,3497586862539
2334;15,212;2,06207979991829
2335;15,216;1,94173862620618
2336;15,220;1,77494698810889
2337;15,224;1,69668768257234
2338;15,228;1,59074922448885
2339;15,232;1,47044218043463
2340;15,236;1,42849683089062
2341;15,240;1,30493040450812
2342;15,245;1,29163690276085
2343;15,249;1,17993053249434
2344;15,253;1,19313871009688
2345;15,257;1,1308179547939
2346;15,261;1,05675659717755
2347;15,265;1,09238796001233
2348;15,269;1,00885562233213
2349;15,273;0,941569001806483
2350;15,278;0,911671421496838
2351;15,282;0,900835255117486
2352;15,286;0,90040863439389
2353;15,290;0,84016978822206
2354;15,294;0,858360895876216
2355;15,298;0,822695403383546
2356;15,302;0,837217572814772
2357;15,306;0,753241549582031
2358;15,311;0,76344631729046
2359;15,315;0,750477047293126
2360;15,319;0,719265475154804
2361;15,323;0,740579446505686
2362;15,327;0,704128971881599
2363;15,331;0,692371304739278
2364;15,335;0,650425955195268
2365;15,339;0,703821804960609
2366;15,344;0,642815041486306
2367;15,348;0,642627328367923
2368;15,352;0,672627297651231
2369;15,356;0,672576103164399
2370;15,360;0,646757016972338
2371;15,364;0,611313367255938
2372;15,368;0,6946750566467
2373;15,372;0,643514699473004
2374;15,377;0,631586384041245
2375;15,381;0,673053918374828
2376;15,385;0,643890125709769
2377;15,389;0,626159768437097
2378;15,393;0,629589799054813
2379;15,397;0,613548859847584
2380;15,401;0,644948145104288
2381;15,405;0,58400964094576
2382;15,409;0,622200728122121
2383;15,414;0,60049426570553
2384;15,418;0,596893586798375
2385;15,422;0,623463525463967
2386;15,426;0,691825230213075
2387;15,430;0,879589543082379
2388;15,434;1,36202932215428
2389;15,438;2,29030482221349
2390;15,442;4,1729138161292
2391;15,447;7,91905332520137
2392;15,451;13,9104635729042
2393;15,455;22,8157104276002
2394;15,459;34,2182414147699
2395;15,463;47,6983811961967
2396;15,467;61,2079578075517
2397;15,471;72,8652496260243
2398;15,475;79,4847479678348
2399;15,480;80,5884157797791
2400;15,484;76,5797338774056
2401;15,488;70,1656448815923
2402;15,492;63,9797126487584
2403;15,496;57,9317666227645
2404;15,500;52,8912598383005
2405;15,504;48,1024080862716
2406;15,508;43,1661503418256
2407;15,513;37,5171970813682
2408;15,517;31,7574248217493
2409;15,521;26,3105191359872
2410;15,525;21,4005753577727
2411;15,529;17,4585998717407
2412;15,533;14,4445585891892
2413;15,537;12,0620866258499
2414;15,541;10,1711499954096
2415;15,546;8,8455028885636
2416;15,550;7,5888659499666
2417;15,554;6,75668250169027
2418;15,558;5,9825706663099
2419;15,562;5,4037999278499
2420;15,566;5,04516548276572
2421;15,570;4,54395439185557
2422;15,574;4,22011513298792
2423;15,578;3,94793111133333
2424;15,583;3,66062765123449
2425;15,587;3,42784631961128
2426;15,591;3,2295871369415
2427;15,595;3,01083309471014
2428;15,599;2,83967286040321
2429;15,603;2,6989050864453
2430;15,607;2,52368342284974
2431;15,611;2,49641382619745
2432;15,616;2,25912737973306
2433;15,620;2,24547551657797
2434;15,624;2,11281353636839
2435;15,628;2,02250646159748
2436;15,632;1,96962255670045
2437;15,636;1,90515163295055
2438;15,640;1,88853048955923
2439;15,644;1,78467394060689
2440;15,649;1,77103914228074
2441;15,653;1,67950339982587
2442;15,657;1,69448631963858
2443;15,661;1,64288227691234
2444;15,665;1,55520318579879
2445;15,669;1,59093693760723
2446;15,673;1,56803593716457
2447;15,677;1,57339429345294
2448;15,682;1,70023716699266
2449;15,686;1,90177279681966
2450;15,690;2,5696560720245
2451;15,694;3,58132739113236
2452;15,698;5,48439711495176
2453;15,702;8,41770469176994
2454;15,706;12,4089122093049
2455;15,710;17,1158357175743
2456;15,715;21,3065310854631
2457;15,719;24,843302208223
2458;15,723;26,675058011886
2459;15,727;26,5812867768395
2460;15,731;24,5264083347355
2461;15,735;21,4806606000062
2462;15,739;18,4454418647353
2463;15,743;15,4705984942678
2464;15,747;13,4512490260249
2465;15,752;12,5156356495198
2466;15,756;12,9446795788264
2467;15,760;15,0418958615401
2468;15,764;18,5356294857036
2469;15,768;23,7958288779909
2470;15,772;29,7452255168339
2471;15,776;36,4060548743465
2472;15,780;42,1842059547379
2473;15,785;47,4686203392966
2474;15,789;50,7680708859342
2475;15,793;51,6549300461467
2476;15,797;50,5057162057513
2477;15,801;47,0194228470073
2478;15,805;41,9434894776558
2479;15,809;35,4294005842315
2480;15,813;29,6176829853075
2481;15,818;24,2602481976981
2482;15,822;19,7902015799984
2483;15,826;16,2058707789719
2484;15,830;13,7119484178003
2485;15,834;11,3731965462151
2486;15,838;9,73326648471008
2487;15,842;8,54545200124369
2488;15,846;7,48289336222523
2489;15,851;6,83507832585837
2490;15,855;6,09973778183845
2491;15,859;5,61815124421374
2492;15,863;5,12635993888061
2493;15,867;4,63808398830991
2494;15,871;4,3052344997599
2495;15,875;4,02735082523806
2496;15,879;3,67247064252153
2497;15,884;3,50134453787249
2498;15,888;3,24912636608222
2499;15,892;3,00967268634196
2500;15,896;2,89709600979931
2501;15,900;2,66655017076774
2502;15,904;2,55979260089495
2503;15,908;2,4827790278713
2504;15,912;2,29610686405441
2505;15,916;2,2085642915724
2506;15,921;2,13858142807362
2507;15,925;2,13922989157349
2508;15,929;1,96916180631897
2509;15,933;1,96721641581937
2510;15,937;1,85981038244671
2511;15,941;1,82402543615143
2512;15,945;1,75062960686388
2513;15,949;1,66011775414564
2514;15,954;1,63986180218928
2515;15,958;1,53332607509276
2516;15,962;1,55288236906242
2517;15,966;1,41395759663045
2518;15,970;1,44161968434845
2519;15,974;1,33161979697632
2520;15,978;1,36160270143068
2521;15,982;1,33634675459377
2522;15,987;1,29766078737803
2523;15,991;1,33296791846288
2524;15,995;1,36952078206063
2525;15,999;1,4956810624426
2526;16,003;1,84673872347571
2527;16,007;2,40992927310996
2528;16,011;3,67784606363884
2529;16,015;5,65547202511397
2530;16,020;9,03982009574734
2531;16,024;13,79775037773
2532;16,028;19,4160210757463
2533;16,032;25,5349055956598
2534;16,036;30,6900027064819
2535;16,040;34,2419785918308
2536;16,044;34,6541624701408
2537;16,048;33,1506998456998
2538;16,053;29,6270857060556
2539;16,057;25,2562881334934
2540;16,061;21,1252684724214
2541;16,065;17,4686681208176
2542;16,069;14,4879203195355
2543;16,073;12,2177861251337
2544;16,077;10,0449214557118
2545;16,081;8,78483742166817
2546;16,085;7,7049238516138
2547;16,090;6,782603976856
2548;16,094;5,96808262653656
2549;16,098;5,46613774798183
2550;16,102;4,85081414592408
2551;16,106;4,47595104851428
2552;16,110;4,11699237168017
2553;16,114;3,88479124424105
2554;16,118;3,56351170971497
2555;16,123;3,39805112827529
2556;16,127;3,2188874891937
2557;16,131;2,92585024656971
2558;16,135;2,82209608659104
2559;16,139;2,65296656692843
2560;16,143;2,54733527576593
2561;16,147;2,42941730776385
2562;16,151;2,32689181546913
2563;16,156;2,26088505711428
2564;16,160;2,2763799217953
2565;16,164;2,1967383651143
2566;16,168;2,14390565470411
2567;16,172;2,10595347513296
2568;16,176;2,07870094330961
2569;16,180;1,96475908045145
2570;16,184;1,89612433843924
2571;16,189;1,83211416507082
2572;16,193;1,77721661035842
2573;16,197;1,66470819313154
2574;16,201;1,64952049537151
2575;16,205;1,55556154720661
2576;16,209;1,58211442104325
2577;16,213;1,47713159338062
2578;16,217;1,45643195587172
2579;16,222;1,42392345673366
2580;16,226;1,3629337580883
2581;16,230;1,3687699295871
2582;16,234;1,29040823507689
2583;16,238;1,28327513657836
2584;16,242;1,25830929183349
2585;16,246;1,28721711206439
2586;16,250;1,21052777079068
2587;16,254;1,25665400342594
2588;16,259;1,30300207883746
2589;16,263;1,32859932225325
2590;16,267;1,56699498259899
2591;16,271;1,90223354720115
2592;16,275;2,68637950200051
2593;16,279;3,98938158083797
2594;16,283;6,38833816893703
2595;16,287;9,57821544892616
2596;16,292;13,8526308676134
2597;16,296;18,5292643045075
2598;16,300;23,094225500793
2599;16,304;26,2353144348316
2600;16,308;27,6460638436206
2601;16,312;27,7251081312886
2602;16,316;25,7399053857624
2603;16,320;22,7757957927006
2604;16,325;19,669348461418
2605;16,329;16,4291981953602
2606;16,333;13,7170849313124
2607;16,337;11,5080769541874
2608;16,341;9,78352240594976
2609;16,345;8,19072540198764
2610;16,349;6,99033413958962
2611;16,353;6,10972070677061
2612;16,358;5,43560876900126
2613;16,362;4,87554108306374
2614;16,366;4,45740157945231
2615;16,370;4,27526866013448
2616;16,374;4,46724798575292
2617;16,378;4,76989272707229
2618;16,382;5,69632522560557
2619;16,386;7,34958291851578
2620;16,391;9,6677546063946
2621;16,395;12,3885368035459
2622;16,399;15,655649499335
2623;16,403;18,313906163236
2624;16,407;20,4621292196629
2625;16,411;21,5918550254044
2626;16,415;21,0811558896015
2627;16,419;19,9844334630374
2628;16,423;17,9741795486216
2629;16,428;15,6597279934526
2630;16,432;13,4194913793604
2631;16,436;11,2857563627068
2632;16,440;9,25901782353124
2633;16,444;7,84700561740039
2634;16,448;6,70927640688422
2635;16,452;5,71661530721982
2636;16,456;4,96902221601821
2637;16,461;4,44151422370557
2638;16,465;3,9171802895765
2639;16,469;3,54798271537606
2640;16,473;3,2306792859939
2641;16,477;2,94320517760562
2642;16,481;2,73646477495074
2643;16,485;2,50107252449912
2644;16,489;2,3334959042704
2645;16,494;2,21559500109727
2646;16,498;2,09655075438489
2647;16,502;2,05228458810452
2648;16,506;1,95452018308514
2649;16,510;1,93844511422002
2650;16,514;1,75851355783595
2651;16,518;1,68504946923263
2652;16,522;1,67743855552366
2653;16,527;1,5869949621212
2654;16,531;1,53098819352745
2655;16,535;1,46791658575094
2656;16,539;1,48967424265436
2657;16,543;1,41994735158974
2658;16,547;1,38544226746526
2659;16,551;1,35032284949879
2660;16,555;1,32878703537164
2661;16,560;1,33576655040968
2662;16,564;1,2373024874036
2663;16,568;1,2429850754419
2664;16,572;1,25390656596597
2665;16,576;1,19214895001814
2666;16,580;1,23897484064009
2667;16,584;1,305271701087
2668;16,588;1,50767763719013
2669;16,592;1,89039055591411
2670;16,597;2,57945128383828
2671;16,601;3,74818728854544
2672;16,605;5,82743430638126
2673;16,609;9,0354856291956
2674;16,613;13,9030062426557
2675;16,617;20,3835627472054
2676;16,621;28,9529396386284
2677;16,625;38,6552846532922
2678;16,630;48,4957182637697
2679;16,634;57,1786103973272
2680;16,638;62,3795777683504
2681;16,642;63,495293349529
2682;16,646;61,0039648423568
2683;16,650;54,7959165912117
2684;16,654;47,0128870175218
2685;16,658;39,3572463918979
2686;16,663;32,6516901177234
2687;16,667;26,9354673015693
2688;16,671;22,5887652674758
2689;16,675;18,9797757886255
2690;16,679;16,3485156841136
2691;16,683;14,2654461445944
2692;16,687;12,6089290693559
2693;16,691;11,2129066079455
2694;16,696;9,94294203794331
2695;16,700;8,98819898819216
2696;16,704;8,17879708655588
2697;16,708;7,56161341814326
2698;16,712;6,87837179688894
2699;16,716;6,4369217369402
2700;16,720;6,06705863441095
2701;16,724;5,65487475610093
2702;16,729;5,29554065303005
2703;16,733;4,93136013853911
2704;16,737;4,6446539474533
2705;16,741;4,36105355523527
2706;16,745;4,18340868592967
2707;16,749;4,0611733162048
2708;16,753;3,79020089740522
2709;16,757;3,61252189844174
2710;16,761;3,50910903504194
2711;16,766;3,35433103652112
2712;16,770;3,24759053147727
2713;16,774;3,05951905168698
2714;16,778;2,9393826559222
2715;16,782;2,88045780157904
2716;16,786;2,76462174270811
2717;16,790;2,68629417785579
2718;16,794;2,49068004367231
2719;16,799;2,43907600094607
2720;16,803;2,39682348448107
2721;16,807;2,26117515920632
2722;16,811;2,23791579735584
2723;16,815;2,16924692568574
2724;16,819;2,16991245401455
2725;16,823;2,04767708428967
2726;16,827;2,029946727017
2727;16,832;1,96542460878026
2728;16,836;1,94218231175873
2729;16,840;1,89824037722828
2730;16,844;1,9094519698444
2731;16,848;1,84310391491067
2732;16,852;1,79525413455208
2733;16,856;1,7009538898083
2734;16,860;1,69266038294159
2735;16,865;1,6876091935742
2736;16,869;1,63230208296715
2737;16,873;1,59827481405309
2738;16,877;1,54661957684002
2739;16,881;1,49856501853411
2740;16,885;1,49911109306031
2741;16,889;1,49090291033832
2742;16,893;1,51776295109595
2743;16,898;1,44156848986161
2744;16,902;1,39566410000263
2745;16,906;1,42996440617979
2746;16,910;1,39190983763498
2747;16,914;1,36742180810054
2748;16,918;1,30708057295504
2749;16,922;1,35172216547219
2750;16,926;1,29641505486513
2751;16,930;1,33685869946208
2752;16,935;1,34368463103963
2753;16,939;1,48129541164292
2754;16,943;1,76595382325547
2755;16,947;2,28373486307011
2756;16,951;3,01968974093201
2757;16,955;4,31342561765295
2758;16,959;6,21013016027629
2759;16,963;9,08656066222458
2760;16,968;12,8452598853994
2761;16,972;17,1157162637717
2762;16,976;21,5286298341674
2763;16,980;24,7801964707886
2764;16,984;27,1004330029696
2765;16,988;27,9962170687197
2766;16,992;27,3254157077655
2767;16,996;25,5363390412911
2768;17,001;22,7201473855146
2769;17,005;20,1153036362079
2770;17,009;17,6015519438035
2771;17,013;15,2696771982827
2772;17,017;13,1469660611269
2773;17,021;11,3167802217267
2774;17,025;10,0415426195809
2775;17,029;8,85106602279929
2776;17,034;7,80458245264595
2777;17,038;6,9424331647442
2778;17,042;6,40386716327594
2779;17,046;5,80054013596573
2780;17,050;5,39173509378659
2781;17,054;4,90697449797833
2782;17,058;4,61475636714365
2783;17,062;4,25484205988868
2784;17,067;4,06473986545406
2785;17,071;3,78257291886732
2786;17,075;3,5593990859395
2787;17,079;3,41047432374643
2788;17,083;3,16561109323096
2789;17,087;3,01608906202485
2790;17,091;2,94556012399987
2791;17,095;2,85296636215048
2792;17,099;2,66876859853045
2793;17,104;2,53450252440015
2794;17,108;2,49880290224959
2795;17,112;2,32187475575964
2796;17,116;2,25571441394429
2797;17,120;2,278598349558
2798;17,124;2,17711381182886
2799;17,128;2,11419578751285
2800;17,132;2,00354743664085
2801;17,137;1,99489556836631
2802;17,141;1,98127783486911
2803;17,145;1,90518576260843
2804;17,149;1,87371821803595
2805;17,153;1,83549300120171
2806;17,157;1,7911756404345
2807;17,161;1,73138047981521
2808;17,165;1,65706314976469
2809;17,170;1,64460582463567
2810;17,174;1,62963996965191
2811;17,178;1,58929871402862
2812;17,182;1,52936703477778
2813;17,186;1,49522031206111
2814;17,190;1,48921349227287
2815;17,194;1,44196098092732
2816;17,198;1,42656850521996
2817;17,203;1,42168796414202
2818;17,207;1,37841155794038
2819;17,211;1,33906006239584
2820;17,215;1,35086892402499
2821;17,219;1,34085186943495
2822;17,223;1,3177631558739
2823;17,227;1,29718297216761
2824;17,231;1,26380416675341
2825;17,236;1,23690999633789
2826;17,240;1,25016936842727
2827;17,244;1,27856524378985
2828;17,248;1,20689296222564
2829;17,252;1,21460626490826
2830;17,256;1,20619330423894
2831;17,260;1,19450389641239
2832;17,264;1,17576671423203
2833;17,269;1,18394076729614
2834;17,273;1,19093734716313
2835;17,277;1,1526438710131
2836;17,281;1,1384800629897
2837;17,285;1,12312171694022
2838;17,289;1,13907733200273
2839;17,293;1,08793403965798
2840;17,297;1,0666200683071
2841;17,301;1,06999890443798
2842;17,306;1,0977463163007
2843;17,310;1,06675658693865
2844;17,314;1,09064734746005
2845;17,318;1,06098867475562
2846;17,322;1,05725147721692
2847;17,326;1,01530612767291
2848;17,330;1,04068152831243
2849;17,334;0,998787373255249
2850;17,339;1,03185901174845
2851;17,343;0,996347102716277
2852;17,347;1,00160307003099
2853;17,351;0,956159430553484
2854;17,355;0,967712319748478
2855;17,359;0,96034031364473
2856;17,363;0,973190129839457
2857;17,367;0,932046827255808
2858;17,372;0,945493912463571
2859;17,376;0,92467482115206
2860;17,380;0,951978547462238
2861;17,384;0,895067342934461
2862;17,388;0,906296000379522
2863;17,392;0,927575842072517
2864;17,396;0,94849732235769
2865;17,400;0,925681646059748
2866;17,405;0,884470084160323
2867;17,409;0,891893284750903
2868;17,413;0,854350661074408
2869;17,417;0,897217511381388
2870;17,421;0,834418940867979
2871;17,425;0,873104908083712
2872;17,429;0,843651013326608
2873;17,433;0,911978588417828
2874;17,438;0,988667929691539
2875;17,442;1,06443577020228
2876;17,446;1,11452104315252
2877;17,450;1,2392478779032
2878;17,454;1,35977676473369
2879;17,458;1,54672196581369
2880;17,462;1,73533952013018
2881;17,466;1,83892303181942
2882;17,470;1,91788199534267
2883;17,475;1,99670444023436
2884;17,479;2,01073172962622
2885;17,483;2,02078291387415
2886;17,487;1,91428131643551
2887;17,491;1,84347934114743
2888;17,495;1,6926262532837
2889;17,499;1,54339432416963
2890;17,503;1,46533979658041
2891;17,508;1,34470852077626
2892;17,512;1,28484510084119
2893;17,516;1,2193673521836
2894;17,520;1,11912854696736
2895;17,524;1,01568155390967
2896;17,528;0,999555290557723
2897;17,532;0,972729379457973
2898;17,536;0,937814739438833
2899;17,541;0,962797649012646
2900;17,545;0,881261896318877
2901;17,549;0,906910334221501
2902;17,553;0,917217490903593
2903;17,557;0,873702177096747
2904;17,561;0,831842151697456
2905;17,565;0,84631312664185
2906;17,569;0,847968415049404
2907;17,574;0,811125449359608
2908;17,578;0,874282381280838
2909;17,582;0,817917251279265
2910;17,586;0,804743203334604
2911;17,590;0,784316603088802
2912;17,594;0,84772950744419
2913;17,598;0,794231268705186
2914;17,602;0,812661283964556
2915;17,607;0,807797807715555
2916;17,611;0,816193703555935
2917;17,615;0,777797838432247
2918;17,619;0,824470145593708
2919;17,623;0,763514576606236
2920;17,627;0,755511171831565
2921;17,631;0,77131320343358
2922;17,635;0,757729599594267
2923;17,639;0,791637414705719
2924;17,644;0,761347343330365
2925;17,648;0,781893397378774
2926;17,652;0,761978742001288
2927;17,656;0,731927578231149
2928;17,660;0,777439477024426
2929;17,664;0,764657920145474
2930;17,668;0,756279089134038
2931;17,672;0,760067481159576
2932;17,677;0,737832009045725
2933;17,681;0,808633984333804
2934;17,685;0,748361008504087
2935;17,689;0,731637476139103
2936;17,693;0,709299615051589
2937;17,697;0,72786614894251
2938;17,701;0,691774035726243
2939;17,705;0,697251845817223
2940;17,710;0,694606797330924
2941;17,714;0,719879808996783
2942;17,718;0,705391769223444
2943;17,722;0,751756909463915
2944;17,726;0,706944668657336
2945;17,730;0,720255235233548
2946;17,734;0,67076723129635
2947;17,738;0,726023147416573
2948;17,743;0,719214280667972
2949;17,747;0,713139201563957
2950;17,751;0,708275725314957
2951;17,755;0,731364438876001
2952;17,759;0,717354214313091
2953;17,763;0,699589727382532
2954;17,767;0,741381493466048
2955;17,771;0,68725185605612
2956;17,776;0,698105087264416
2957;17,780;0,700340579856062
2958;17,784;0,697968568632865
2959;17,788;0,716006092826526
2960;17,792;0,723395163759218
2961;17,796;0,714879814116231
2962;17,800;0,738787639466581
2963;17,804;0,688070967845425
2964;17,808;0,723241580298723
2965;17,813;0,69114263705532
2966;17,817;0,692610212344492
2967;17,821;0,709743300604129
2968;17,825;0,662422529942802
2969;17,829;0,670511258862192
2970;17,833;0,690152876976576
2971;17,837;0,697729661027651
2972;17,841;0,681483943873095
2973;17,846;0,738105046308826
2974;17,850;0,705391769223444
2975;17,854;0,702729655908202
2976;17,858;0,692661406831324
2977;17,862;0,681791110794084
2978;17,866;0,679726266491877
2979;17,870;0,670801360954238
2980;17,874;0,699419079093093
2981;17,879;0,645408895485773
2982;17,883;0,629129048673329
2983;17,887;0,670221156770147
2984;17,891;0,668207506954771
2985;17,895;0,663258706561051
2986;17,899;0,676774051084589
2987;17,903;0,685681891793285
2988;17,907;0,665937884705238
2989;17,912;0,647405480472204
2990;17,916;0,689316700358327
2991;17,920;0,711142616577526
2992;17,924;0,715545342445042
2993;17,928;0,650869640747808
2994;17,932;0,712166506314157
2995;17,936;0,653429365089387
2996;17,940;0,705169926447174
2997;17,945;0,659743351798616
2998;17,949;0,673344020466873
2999;17,953;0,637678527974203
3000;17,957;0,666637542691936
3001;17,961;0,667883275204838
3002;17,965;0,693070962725977
3003;17,969;0,683924214412067
3004;17,973;0,675204086821754
3005;17,977;0,684402029622495
3006;17,982;0,670272351256978
3007;17,986;0,684862780003979
3008;17,990;0,698105087264416
3009;17,994;0,662729696863792
3010;17,998;0,690562432871229
3011;18,002;0,699948088790353
3012;18,006;0,745886608307227
3013;18,010;0,756364413278758
3014;18,015;0,838599823959225
3015;18,019;0,974145760260314
3016;18,023;1,22783150733975
3017;18,027;1,65404267504163
3018;18,031;2,27387139194055
3019;18,035;3,16600358429667
3020;18,039;4,27545637325286
3021;18,043;5,74552312745072
3022;18,048;7,45185243837634
3023;18,052;9,22249908959138
3024;18,056;10,8305520506293
3025;18,060;12,2889123321717
3026;18,064;13,0394405739516
3027;18,068;13,5014366879488
3028;18,072;13,3683651518446
3029;18,076;12,6214034593139
3030;18,081;11,7680425583182
3031;18,085;10,7577193606969
3032;18,089;9,55179909372106
3033;18,093;8,64471811121012
3034;18,097;7,64908773130949
3035;18,101;6,72692144001218
3036;18,105;5,93990859395024
3037;18,109;5,22340762108435
3038;18,114;4,64607032825564
3039;18,118;4,16535409690707
3040;18,122;3,70148085172609
3041;18,126;3,46832409386612
3042;18,130;3,13576470740815
3043;18,134;2,83909265621912
3044;18,138;2,76322242673472
3045;18,142;2,5036322488407
3046;18,146;2,31602151943189
3047;18,151;2,17612405175012
3048;18,155;2,09027089733355
3049;18,159;1,9929843075246
3050;18,163;1,88853048955923
3051;18,167;1,82419608444087
3052;18,171;1,71808697806794
3053;18,175;1,68237029108844
3054;18,179;1,55479362990413
3055;18,184;1,53687555951308
3056;18,188;1,51673906135932
3057;18,192;1,42192687174723
3058;18,196;1,38264363551846
3059;18,200;1,34926483010427
3060;18,204;1,31185872505933
3061;18,208;1,26964033825221
3062;18,212;1,27190996050175
3063;18,217;1,1997598637271
3064;18,221;1,28708059343284
3065;18,225;1,14818995065875
3066;18,229;1,15365069592079
3067;18,233;1,12643229375533
3068;18,237;1,17638104807401
3069;18,241;1,05757570896685
3070;18,245;1,03115935376175
3071;18,250;1,04537435627199
3072;18,254;1,08929922597349
3073;18,258;0,995408537124365
3074;18,262;1,01563035942284
3075;18,266;1,0071320746088
3076;18,270;0,996603075150435
3077;18,274;0,980749849061588
3078;18,278;0,942780604661497
3079;18,283;0,939470027846388
3080;18,287;0,952951242712038
3081;18,291;0,934128736386959
3082;18,295;0,904265285735202
3083;18,299;0,860289221546872
3084;18,303;0,867712422137452
3085;18,307;0,91561339698287
3086;18,311;0,885511038725899
3087;18,315;0,895169731908124
3088;18,320;0,863906965282971
3089;18,324;0,874214121965063
3090;18,328;0,876176577293607
3091;18,332;0,873668047438859
3092;18,336;0,872029823860249
3093;18,340;0,846773877023334
3094;18,344;0,838804601906551
3095;18,348;0,826005980198655
3096;18,353;0,821944550910016
3097;18,357;0,801978701045699
3098;18,361;0,783292713352171
3099;18,365;0,799231263585737
3100;18,369;0,820511105278732
3101;18,373;0,79191045196882
3102;18,377;0,782866092628574
3103;18,381;0,853190252706226
3104;18,386;0,820442845962956
3105;18,390;0,768531636315731
3106;18,394;0,801381432032663
3107;18,398;0,759965092185912
3108;18,402;0,72088663390447
3109;18,406;0,763804678698281
3110;18,410;0,739265454677009
3111;18,414;0,761176695040927
3112;18,419;0,740477057532023
3113;18,423;0,736944637940644
3114;18,427;0,757593080962716
3115;18,431;0,736466822730216
3116;18,435;0,701108497158535
3117;18,439;0,784743223812399
3118;18,443;0,735033377098931
3119;18,447;0,736244979953945
3120;18,452;0,716415648721179
3121;18,456;0,740715965137237
3122;18,460;0,701193821303255
3123;18,464;0,718753530286488
3124;18,468;0,743053846702546
3125;18,472;0,726739870232215
3126;18,476;0,65609147840463
3127;18,480;0,747320053938511
3128;18,484;0,743582856399806
3129;18,489;0,71849755785233
3130;18,493;0,714657971339961
3131;18,497;0,710152856498782
3132;18,501;0,695306455317622
3133;18,505;0,736518017217047
3134;18,509;0,706091427210143
3135;18,513;0,761671575080298
