#"+EI TIC Scan 130C_1ml-min_7C-min_2.d "
#Point;X(Minutes);Y(Counts)
0;5,191;14,5380689392346
1;5,195;13,8494892856706
2;5,199;13,3407672372744
3;5,203;12,7455486327626
4;5,207;12,310915766754
5;5,212;11,6471114095368
6;5,216;11,3516423299351
7;5,220;10,7053345394852
8;5,224;10,3570206996023
9;5,228;9,97870429145217
10;5,232;9,59241875931786
11;5,236;9,16496599511674
12;5,240;8,69265732017297
13;5,245;8,54720108190721
14;5,249;8,16446614956783
15;5,253;7,94450649227173
16;5,257;7,58629042407181
17;5,261;7,20059665856998
18;5,265;6,9925315105869
19;5,269;6,64690034610458
20;5,273;6,49349470940905
21;5,278;6,32247415261977
22;5,282;5,98674521645443
23;5,286;5,79868178064947
24;5,290;5,51743482578193
25;5,294;5,33029849103454
26;5,298;5,14156438637943
27;5,302;5,01753010020976
28;5,306;4,6790001353173
29;5,311;4,53032863168169
30;5,315;4,27062198223674
31;5,319;4,08851566386551
32;5,323;3,81618465959414
33;5,327;3,66423871392541
34;5,331;3,50724302632612
35;5,335;3,29681081181308
36;5,339;3,18084427739968
37;5,344;3,035486666906
38;5,348;2,91352356395005
39;5,352;2,83408875631563
40;5,356;2,68906648024703
41;5,360;2,53477319360277
42;5,364;2,50780836071569
43;5,368;2,3578349704886
44;5,372;2,3239464680014
45;5,376;2,21587015535452
46;5,381;2,1455091027516
47;5,385;2,10128440975026
48;5,389;2,02259917318366
49;5,393;2,01474840252598
50;5,397;1,98196453108609
51;5,401;1,87144224969159
52;5,405;1,84410263127061
53;5,409;1,84041395259476
54;5,414;1,72040367952602
55;5,418;1,68574588041659
56;5,422;1,68053833405069
57;5,426;1,68990797239843
58;5,430;1,64818842480796
59;5,434;1,60216870635475
60;5,438;1,61262325019538
61;5,442;1,56206665422642
62;5,447;1,5202879299727
63;5,451;1,50502035085449
64;5,455;1,53991485661692
65;5,459;1,55285482031401
66;5,463;1,49570988917
67;5,467;1,50509925307216
68;5,471;1,48010697562671
69;5,475;1,47833167572924
70;5,480;1,46537198647774
71;5,484;1,46927764625216
72;5,488;1,46854780073876
73;5,492;1,40221076123676
74;5,496;1,41286256062156
75;5,500;1,43460012158832
76;5,504;1,40077079576437
77;5,508;1,39159841296079
78;5,513;1,50801863512577
79;5,517;1,45178107948491
80;5,521;1,36946634090571
81;5,525;1,35386342736242
82;5,529;1,32719447779159
83;5,533;1,33261900525607
84;5,537;1,39581968160588
85;5,541;1,33336857632389
86;5,545;1,30746892337529
87;5,550;1,3393059682032
88;5,554;1,33863529935304
89;5,558;1,31575365623014
90;5,562;1,30070305821051
91;5,566;1,29517990297394
92;5,570;1,24955469560905
93;5,574;1,2664397701894
94;5,578;1,27892604613492
95;5,583;1,24418934480782
96;5,587;1,18584115484442
97;5,591;1,27030597885499
98;5,595;1,23614131860597
99;5,599;1,28223993927685
100;5,603;1,20935401570864
101;5,607;1,23276824880078
102;5,611;1,21834886852247
103;5,616;1,23042090782525
104;5,620;1,17745779421749
105;5,624;1,20197665835695
106;5,628;1,16684544594153
107;5,632;1,17161903011027
108;5,636;1,12060874638973
109;5,640;1,2020358350202
110;5,644;1,15546380104332
111;5,649;1,18580170373559
112;5,653;1,14011731970745
113;5,657;1,12960359920356
114;5,661;1,14909244696686
115;5,665;1,1010804475176
116;5,669;1,13382486784865
117;5,673;1,11480943339134
118;5,677;1,11313276126595
119;5,682;1,08675969501137
120;5,686;1,11944493867917
121;5,690;1,08447153069908
122;5,694;1,0693617560162
123;5,698;1,10800411711772
124;5,702;1,07752813554454
125;5,706;1,05281201586092
126;5,710;1,05620481122053
127;5,714;1,0489063560865
128;5,719;1,03691321900139
129;5,723;1,1053214417171
130;5,727;1,13137889910103
131;5,731;1,08143379531897
132;5,735;1,12340977511684
133;5,739;1,12139776856638
134;5,743;1,0834063507606
135;5,747;1,11812332653328
136;5,752;1,10904957150178
137;5,756;1,03363877696828
138;5,760;1,08435317737258
139;5,764;1,08664134168487
140;5,768;1,01880516004723
141;5,772;1,04651956400213
142;5,776;1,04598697403289
143;5,780;1,06959846266919
144;5,785;1,02198097430825
145;5,789;1,04433002746192
146;5,793;1,03148869153691
147;5,797;1,03077857157792
148;5,801;0,983555594305311
149;5,805;1,02160618877434
150;5,809;1,02432831528379
151;5,813;1,00071682664749
152;5,818;0,991564169398327
153;5,822;0,95901700461144
154;5,826;0,938423525800828
155;5,830;1,02419023640288
156;5,834;0,945130214302368
157;5,838;0,934754572679397
158;5,842;0,957872922455295
159;5,846;0,987165370763493
160;5,851;0,924240852175512
161;5,855;0,933926099393913
162;5,859;0,954657657085439
163;5,863;0,941303456745607
164;5,867;0,947023867526333
165;5,871;0,931677386190455
166;5,875;0,961818033338554
167;5,879;0,949785445144614
168;5,883;0,910018727441363
169;5,888;0,942250283357589
170;5,892;0,919013580255194
171;5,896;0,894908952758481
172;5,900;0,881929537952559
173;5,904;0,929566751867911
174;5,908;0,845299183401498
175;5,912;0,898893514750572
176;5,916;0,859225424819403
177;5,921;0,900866070192202
178;5,925;0,890727135222226
179;5,929;0,860547036965295
180;5,933;0,917869498099048
181;5,937;1,06007101988612
182;5,941;1,28162844708995
183;5,945;2,02654428406692
184;5,949;3,17567618214261
185;5,954;5,08919303940416
186;5,958;7,90071576146755
187;5,962;11,2726020333891
188;5,966;14,7927455723034
189;5,970;18,0068274088946
190;5,974;20,5646005989467
191;5,978;22,148030028606
192;5,982;22,7381594400783
193;5,987;23,0708111897547
194;5,991;22,5348481507095
195;5,995;21,3898191679524
196;5,999;20,6181357536326
197;6,003;19,7163820334916
198;6,007;18,7730073935323
199;6,011;17,8405607107196
200;6,015;17,0979922147182
201;6,020;16,1320120893978
202;6,024;15,4068218068371
203;6,028;14,3541478698571
204;6,032;13,5187311892182
205;6,036;12,9218950892443
206;6,040;12,1179012167906
207;6,044;11,4952246405314
208;6,048;10,9420214669264
209;6,052;10,4966184482064
210;6,057;9,85581408743865
211;6,061;9,07807492791296
212;6,065;8,6917302191154
213;6,069;8,15827232548112
214;6,073;7,64856399936405
215;6,077;7,28125445057822
216;6,081;6,81194405990572
217;6,085;6,3651208012678
218;6,090;5,90421349677665
219;6,094;5,56473670527221
220;6,098;5,13613985891495
221;6,102;4,78220423602336
222;6,106;4,44085351684937
223;6,110;4,14086728528635
224;6,114;3,74680988471202
225;6,118;3,43847974363091
226;6,123;3,18741288702031
227;6,127;2,95727484364539
228;6,131;2,74488979924514
229;6,135;2,46165056338156
230;6,139;2,2717723765703
231;6,143;2,07863947328036
232;6,147;1,98805972740073
233;6,151;1,93809489806425
234;6,156;1,75030762002112
235;6,160;1,61094657807
236;6,164;1,55825962222407
237;6,168;1,40483425997413
238;6,172;1,34104181699183
239;6,176;1,32094147704162
240;6,180;1,30973736213317
241;6,184;1,16688489705036
242;6,189;1,13159588019961
243;6,193;1,07358302466128
244;6,197;0,997600189049714
245;6,201;1,00138749549764
246;6,205;0,975487842549047
247;6,209;0,989019572878625
248;6,213;0,930592480697559
249;6,217;0,908539310860141
250;6,221;0,897986139247423
251;6,226;0,892541886228525
252;6,230;0,850999868627808
253;6,234;0,853800897354922
254;6,238;0,828532462147647
255;6,242;0,870311186401361
256;6,246;0,814428690739996
257;6,250;0,763891820325448
258;6,254;0,763595937009204
259;6,259;0,76627861240982
260;6,263;0,789535041066632
261;6,267;0,774622521927913
262;6,271;0,743041909307424
263;6,275;0,738071069594518
264;6,279;0,73087124223257
265;6,283;0,717280335239742
266;6,287;0,7221919982894
267;6,292;0,734047056493593
268;6,296;0,704715157076562
269;6,300;0,684062501602701
270;6,304;0,692583941110541
271;6,308;0,676014475400853
272;6,312;0,687100236982811
273;6,316;0,661200584034215
274;6,320;0,615457023342827
275;6,325;0,663015335040514
276;6,329;0,648457875881289
277;6,333;0,652264907883633
278;6,337;0,610111398096011
279;6,341;0,651061649064239
280;6,345;0,648438150326872
281;6,349;0,623603677316757
282;6,353;0,640883262985431
283;6,358;0,614411568958763
284;6,362;0,628278633713419
285;6,366;0,619027348692176
286;6,370;0,613484467901197
287;6,374;0,600268346442279
288;6,378;0,624668857255236
289;6,382;0,602438157428072
290;6,386;0,584882413997569
291;6,390;0,620191156402737
292;6,395;0,616837812151967
293;6,399;0,596717746647346
294;6,403;0,607211741596815
295;6,407;0,576104542282318
296;6,411;0,63918686530563
297;6,415;0,600939015292433
298;6,419;0,610427006966671
299;6,423;0,577939018843033
300;6,428;0,589379840404484
301;6,432;0,581272637539387
302;6,436;0,598414144327148
303;6,440;0,577505056645875
304;6,444;0,548705747198084
305;6,448;0,587782070496764
306;6,452;0,577682586635621
307;6,456;0,533793228059364
308;6,461;0,546871270637368
309;6,465;0,553952744672818
310;6,469;0,498642290089526
311;6,473;0,552650858081343
312;6,477;0,562276928636495
313;6,481;0,532649145903219
314;6,485;0,571863548082814
315;6,489;0,556655145627851
316;6,494;0,575098539007087
317;6,498;0,607764057120472
318;6,502;0,793420975286642
319;6,506;1,00602300078547
320;6,510;1,59404177793523
321;6,514;2,46500390763233
322;6,518;3,74856545905508
323;6,522;5,39943655926365
324;6,527;7,25066011567854
325;6,531;9,17473014455281
326;6,535;10,8525069009852
327;6,539;12,0278146097713
328;6,543;12,7903650923965
329;6,547;13,1110039794333
330;6,551;12,9987458492502
331;6,555;12,7287424604
332;6,559;12,2632391017298
333;6,564;11,7589553030772
334;6,568;11,2039571040203
335;6,572;10,5691493117951
336;6,576;10,0441536810054
337;6,580;9,35586991075765
338;6,584;8,82667273687728
339;6,588;8,28548242591181
340;6,592;7,83700222070292
341;6,597;7,239830786304
342;6,601;6,87839945273422
343;6,605;6,44309591787542
344;6,609;5,9812615123267
345;6,613;5,53151887163517
346;6,617;5,25753092079283
347;6,621;4,86380885464357
348;6,625;4,58007647991958
349;6,630;4,23906109517067
350;6,634;3,91311603399581
351;6,638;3,63571556223945
352;6,642;3,29604151519085
353;6,646;2,98761274633766
354;6,650;2,72589409034225
355;6,654;2,46131522895648
356;6,658;2,23510257091041
357;6,663;2,07648938784898
358;6,667;1,80066696044592
359;6,671;1,71683335417667
360;6,675;1,56177077091017
361;6,679;1,40925278416338
362;6,683;1,32052724039888
363;6,687;1,21284543884033
364;6,691;1,14149810851659
365;6,696;1,0096919539069
366;6,700;0,95672884029915
367;6,704;0,905698831024194
368;6,708;0,825987865627945
369;6,712;0,792355795348162
370;6,716;0,77633864516213
371;6,720;0,750123383342874
372;6,724;0,717812925208982
373;6,728;0,663311218356759
374;6,733;0,690374679015916
375;6,737;0,647688579259053
376;6,741;0,623544500653508
377;6,745;0,631987037943682
378;6,749;0,60660024940991
379;6,753;0,622814655140105
380;6,757;0,597822377694659
381;6,761;0,575354971214499
382;6,766;0,600978466401266
383;6,770;0,579832672066998
384;6,774;0,588334386020421
385;6,778;0,57811654883278
386;6,782;0,530400432699762
387;6,786;0,562947597486649
388;6,790;0,499194605613183
389;6,794;0,51225292263677
390;6,799;0,525705750748683
391;6,803;0,472190321617275
392;6,807;0,506907297389954
393;6,811;0,515547090224291
394;6,815;0,518446746723487
395;6,819;0,529591684968694
396;6,823;0,466607989717463
397;6,827;0,489292377296203
398;6,832;0,490278655017017
399;6,836;0,442010223360343
400;6,840;0,488424452901886
401;6,844;0,461321541133896
402;6,848;0,466391008618884
403;6,852;0,498800094524857
404;6,856;0,448993069623711
405;6,860;0,481441606638517
406;6,865;0,473077971566008
407;6,869;0,457652588012465
408;6,873;0,45049221175935
409;6,877;0,433094272764178
410;6,881;0,429129436326502
411;6,885;0,430865285115136
412;6,889;0,402342133429173
413;6,893;0,436230635916368
414;6,897;0,419010226910943
415;6,902;0,421436470104147
416;6,906;0,402460486755671
417;6,910;0,398278669219416
418;6,914;0,406543676519844
419;6,918;0,398811259188656
420;6,922;0,431457051747625
421;6,926;0,409364430801374
422;6,930;0,39171005959879
423;6,935;0,430391871809145
424;6,939;0,41615002152058
425;6,943;0,445560823155276
426;6,947;0,391453627391378
427;6,951;0,366461349945932
428;6,955;0,376501657143827
429;6,959;0,380249512482923
430;6,963;0,363246084576076
431;6,968;0,372379016270821
432;6,972;0,346005950016234
433;6,976;0,390171466354319
434;6,980;0,330363585364112
435;6,984;0,373029959566559
436;6,988;0,346676618866388
437;6,992;0,379874726949013
438;6,996;0,340285539235509
439;7,001;0,353284679595847
440;7,005;0,342909037972876
441;7,009;0,355059979493314
442;7,013;0,331093430877515
443;7,017;0,355415039472807
444;7,021;0,300992234838248
445;7,025;0,328667187684311
446;7,029;0,3327701030029
447;7,034;0,323854152406735
448;7,038;0,336557409450829
449;7,042;0,335827563937426
450;7,046;0,357644027121848
451;7,050;0,321171477006118
452;7,054;0,328667187684311
453;7,058;0,325826707848364
454;7,062;0,353836995119503
455;7,066;0,366283819956186
456;7,071;0,354290682871078
457;7,075;0,351903890786706
458;7,079;0,334821560662195
459;7,083;0,327108868885423
460;7,087;0,32142790921353
461;7,091;0,317975937190679
462;7,095;0,330777822006854
463;7,099;0,346794972192886
464;7,104;0,360011093651804
465;7,108;0,331803550836502
466;7,112;0,328174048823903
467;7,116;0,341015384748911
468;7,120;0,340857580313581
469;7,124;0,334703207335697
470;7,128;0,316121735075547
471;7,132;0,327759812181161
472;7,137;0,319987943741141
473;7,141;0,331961355271832
474;7,145;0,34624265666923
475;7,149;0,340699775878251
476;7,153;0,429602849632493
477;7,157;0,583304369644265
478;7,161;0,983338613206732
479;7,165;1,6366095243656
480;7,170;2,79501243301695
481;7,174;4,77206530105338
482;7,178;7,65941305429301
483;7,182;11,2426191906763
484;7,186;15,220790103137
485;7,190;19,6946444725249
486;7,194;23,6095555319726
487;7,198;26,646008751045
488;7,203;28,7959166524314
489;7,207;29,8104216416159
490;7,211;30,3170330556896
491;7,215;29,6929559650668
492;7,219;28,1224664991047
493;7,223;26,894964973333
494;7,227;25,7247859086951
495;7,231;23,7711275481964
496;7,235;22,3653267360559
497;7,240;20,8679007236517
498;7,244;19,4779000805986
499;7,248;18,0891618730282
500;7,252;16,5537049917093
501;7,256;15,2498852959011
502;7,260;14,0358563237958
503;7,264;12,7336343978952
504;7,268;11,6571911678436
505;7,273;10,6253671418816
506;7,277;9,5373844624964
507;7,281;8,54745751411462
508;7,285;7,46158546905199
509;7,289;6,633131909122
510;7,293;5,89417318957875
511;7,297;5,22561497374726
512;7,301;4,65319911014079
513;7,306;4,10494705069428
514;7,310;3,54255176873129
515;7,314;3,09188202698219
516;7,318;2,71317110774374
517;7,322;2,38018402364226
518;7,326;2,13408800674456
519;7,330;1,91049884743586
520;7,334;1,708035756907
521;7,339;1,52162926767301
522;7,343;1,30810014111662
523;7,347;1,20442262710457
524;7,351;1,08411647071958
525;7,355;0,995982693587577
526;7,359;0,917258005912143
527;7,363;0,850487004212984
528;7,367;0,801330922607576
529;7,372;0,750241736669372
530;7,376;0,761781186002904
531;7,380;0,701184282836046
532;7,384;0,564427014067871
533;7,388;0,597210885507754
534;7,392;0,599933012017202
535;7,396;0,544583106325078
536;7,400;0,518999062247143
537;7,404;0,518249491179324
538;7,409;0,460532518957244
539;7,413;0,437039383647436
540;7,417;0,481342978866436
541;7,421;0,447513653042489
542;7,425;0,484242635365631
543;7,429;0,430253792928231
544;7,433;0,392538532884275
545;7,437;0,405537673244613
546;7,442;0,363048829031913
547;7,446;0,395576268264384
548;7,450;0,363837851208565
549;7,454;0,3531071496061
550;7,458;0,361904746875768
551;7,462;0,351765811905792
552;7,466;0,34571006669999
553;7,470;0,326773534460346
554;7,475;0,343954492356939
555;7,479;0,31647679505504
556;7,483;0,330422762027361
557;7,487;0,321901322519521
558;7,491;0,315312987344479
559;7,495;0,317660328320018
560;7,499;0,329515386524211
561;7,503;0,33436787291062
562;7,508;0,305154326820087
563;7,512;0,312294977518786
564;7,516;0,291129457630101
565;7,520;0,305174052374503
566;7,524;0,31403082630742
567;7,528;0,265624315769831
568;7,532;0,313340431902849
569;7,536;0,261679204886572
570;7,541;0,323005953566834
571;7,545;0,293575426377721
572;7,549;0,258878176159458
573;7,553;0,302432200310638
574;7,557;0,290360161007865
575;7,561;0,305174052374503
576;7,565;0,267853303418873
577;7,569;0,264756391375514
578;7,573;0,294048839683713
579;7,578;0,264440782504853
580;7,582;0,276828430678287
581;7,586;0,256096872986761
582;7,590;0,25471608417762
583;7,594;0,269155190010348
584;7,598;0,236489671896963
585;7,602;0,250100304444207
586;7,606;0,242584868211598
587;7,611;0,229289844535015
588;7,615;0,234872176434827
589;7,619;0,239132896188747
590;7,623;0,262113167083731
591;7,627;0,225975951393078
592;7,631;0,241144902739209
593;7,635;0,224969948117847
594;7,639;0,248522260090903
595;7,644;0,245760682472622
596;7,648;0,21999910840494
597;7,652;0,265624315769831
598;7,656;0,240809568314132
599;7,660;0,247555707924505
600;7,664;0,233885898714012
601;7,668;0,221300994996416
602;7,672;0,215975095304016
603;7,677;0,199425355148745
604;7,681;0,213174066576902
605;7,685;0,228599450130445
606;7,689;0,224555711475105
607;7,693;0,213095164359237
608;7,697;0,192225527786797
609;7,701;0,212937359923907
610;7,705;0,230138043374916
611;7,710;0,226370462481404
612;7,714;0,231124321095731
613;7,718;0,220393619493266
614;7,722;0,214811287593455
615;7,726;0,232978523210863
616;7,730;0,230236671146998
617;7,734;0,190805287868824
618;7,738;0,207828441330086
619;7,742;0,194119181010761
620;7,747;0,237870460706104
621;7,751;0,198320724101432
622;7,755;0,221577152758244
623;7,759;0,201082301719713
624;7,763;0,205974239214955
625;7,767;0,188142338022624
626;7,771;0,21611317418493
627;7,775;0,198557430754428
628;7,780;0,213410773229898
629;7,784;0,195223812058074
630;7,788;0,194296711000508
631;7,792;0,219959657296108
632;7,796;0,230019690048418
633;7,800;0,214988817583201
634;7,804;0,205165491483886
635;7,808;0,188951085753692
636;7,813;0,178220384151227
637;7,817;0,195184360949241
638;7,821;0,215896193086351
639;7,825;0,192126900014715
640;7,829;0,186741823659067
641;7,833;0,198557430754428
642;7,837;0,202699797181849
643;7,841;0,186169782580994
644;7,846;0,201831872787533
645;7,850;0,197433074152699
646;7,854;0,24177612048053
647;7,858;0,193428786606191
648;7,862;0,208479384625824
649;7,866;0,23933015173291
650;7,870;0,269352445554511
651;7,874;0,243709224813327
652;7,879;0,240849019422964
653;7,883;0,265663766878664
654;7,887;0,285882460155366
655;7,891;0,263671485882618
656;7,895;0,294226369673459
657;7,899;0,370130303067363
658;7,903;0,529295801652449
659;7,907;0,843050470198041
660;7,911;1,37315501958156
661;7,916;2,30737700229172
662;7,920;3,61926444985626
663;7,924;5,51936793011473
664;7,928;7,56502627641104
665;7,932;10,1066836885051
666;7,936;12,5114063018412
667;7,940;14,5169428704548
668;7,944;16,061611585686
669;7,949;17,132334404957
670;7,953;17,5640873400208
671;7,957;17,416638820759
672;7,961;16,8809124883669
673;7,965;16,2272273405652
674;7,969;15,2483072515478
675;7,973;14,2257147850526
676;7,977;12,9078899456088
677;7,982;11,9397202837482
678;7,986;10,9246432534856
679;7,990;9,96586295552716
680;7,994;8,98615384433303
681;7,998;7,98849447862006
682;8,002;7,12248346308146
683;8,006;6,30057878721768
684;8,010;5,36306263692
685;8,015;4,81518536300741
686;8,019;4,12557998061373
687;8,023;3,56626188513967
688;8,027;2,98546266090628
689;8,031;2,66480404831498
690;8,035;2,22948078790177
691;8,039;1,93440621938841
692;8,043;1,6805580596051
693;8,048;1,45860612131295
694;8,052;1,26787973566179
695;8,056;1,05010961490589
696;8,060;0,997008422417225
697;8,064;0,863663674563069
698;8,068;0,810503305411154
699;8,072;0,742824928208845
700;8,076;0,671536774548354
701;8,080;0,612261483527387
702;8,085;0,579951025393495
703;8,089;0,506729767400207
704;8,093;0,473354129327836
705;8,097;0,429662026295742
706;8,101;0,432877291665598
707;8,105;0,431338698421127
708;8,109;0,360879018046121
709;8,113;0,391650882935541
710;8,118;0,341508523609319
711;8,122;0,347110581063547
712;8,126;0,320934770353123
713;8,130;0,320481082601548
714;8,134;0,27542791631473
715;8,138;0,282331860360433
716;8,142;0,274500815257164
717;8,146;0,278800986119916
718;8,151;0,252704077627158
719;8,155;0,235029980870157
720;8,159;0,237574577389859
721;8,163;0,214278697624215
722;8,167;0,231834441054718
723;8,171;0,196111462006807
724;8,175;0,185854173710333
725;8,179;0,208361031299326
726;8,184;0,247299275717093
727;8,188;0,209268406802476
728;8,192;0,211517120005933
729;8,196;0,18778727804313
730;8,200;0,216014546412849
731;8,204;0,178397914140974
732;8,208;0,169698944643388
733;8,212;0,181297570640169
734;8,217;0,188576300219782
735;8,221;0,194138906565177
736;8,225;0,198202370774934
737;8,229;0,161098602917883
738;8,233;0,214318148733047
739;8,237;0,191969095579385
740;8,241;0,185597741502922
741;8,245;0,167312152559016
742;8,249;0,167016269242771
743;8,254;0,161453662897376
744;8,258;0,166266698174952
745;8,262;0,182402201687482
746;8,266;0,197571153033613
747;8,270;0,152360182311464
748;8,274;0,172894484458827
749;8,278;0,130267561365214
750;8,282;0,130267561365214
751;8,287;0,144213528337534
752;8,291;0,146876478183734
753;8,295;0,165872187086626
754;8,299;0,156246116531474
755;8,303;0,140781281869099
756;8,307;0,167805291419423
757;8,311;0,180153488484024
758;8,315;0,195460518711069
759;8,320;0,173801859961977
760;8,324;0,186110605917745
761;8,328;0,242269259340938
762;8,332;0,206112318095869
763;8,336;0,216823294143917
764;8,340;0,236233239689551
765;8,344;0,223529982645457
766;8,348;0,225009399226679
767;8,353;0,242821574864594
768;8,357;0,232288128806292
769;8,361;0,226725522460897
770;8,365;0,218559142932551
771;8,369;0,185617467057338
772;8,373;0,216073723076098
773;8,377;0,214041990971219
774;8,381;0,188951085753692
775;8,386;0,172085736727759
776;8,390;0,147507695925056
777;8,394;0,172164638945425
778;8,398;0,193566865487105
779;8,402;0,16958059131689
780;8,406;0,15541764324599
781;8,410;0,135711814384111
782;8,414;0,127131198213023
783;8,418;0,138039429805234
784;8,423;0,123777853962252
785;8,427;0,120759844136559
786;8,431;0,102829315172147
787;8,435;0,108687804833787
788;8,439;0,104111476209206
789;8,443;0,0991011853874671
790;8,447;0,12001027306874
791;8,451;0,143641487259462
792;8,456;0,108589177061705
793;8,460;0,115808729978069
794;8,464;0,121509415204378
795;8,468;0,105571167236012
796;8,472;0,092946812409583
797;8,476;0,122061730728035
798;8,480;0,0992984409316301
799;8,484;0,120029998623156
800;8,489;0,103657788457631
801;8,493;0,112830171261209
802;8,497;0,11857030759635
803;8,501;0,0961226266706065
804;8,505;0,123975109506415
805;8,509;0,113658644546693
806;8,513;0,126006841611294
807;8,517;0,108036861538049
808;8,522;0,092611477984506
809;8,526;0,0926312035389223
810;8,530;0,0831826629735169
811;8,534;0,0747795767921751
812;8,538;0,103638062903215
813;8,542;0,0961620777794391
814;8,546;0,0788233154475156
815;8,550;0,104584889515197
816;8,555;0,107307016024646
817;8,559;0,0643644840603712
818;8,563;0,101172368601178
819;8,567;0,0907967269782068
820;8,571;0,0802238298110726
821;8,575;0,138512843111225
822;8,579;0,111074596918158
823;8,583;0,126066018274543
824;8,587;0,14902656361511
825;8,592;0,163051432805096
826;8,596;0,186603744778153
827;8,600;0,212878183260658
828;8,604;0,207710088003588
829;8,608;0,192107174460299
830;8,612;0,232228952143043
831;8,616;0,207572009122674
832;8,620;0,237416772954529
833;8,625;0,271936493183046
834;8,629;0,228303566814201
835;8,633;0,209998252315879
836;8,637;0,210274410077707
837;8,641;0,216882470807166
838;8,645;0,194770124306499
839;8,649;0,216251253065844
840;8,653;0,186820725876732
841;8,658;0,1964665219863
842;8,662;0,15366206890294
843;8,666;0,158672359724679
844;8,670;0,1566406276198
845;8,674;0,136362757679849
846;8,678;0,127289002648353
847;8,682;0,101349898590925
848;8,686;0,107247839361397
849;8,691;0,116617477709137
850;8,695;0,0977401221327427
851;8,699;0,169245256891813
852;8,703;0,216783843035084
853;8,707;0,433745216059915
854;8,711;0,727655976862714
855;8,715;1,44371332772865
856;8,719;2,70433405936524
857;8,724;4,62542552952265
858;8,728;7,48813606529632
859;8,732;11,4963292715787
860;8,736;16,4745266162823
861;8,740;22,1309082473727
862;8,744;27,8718927813545
863;8,748;32,9717967968067
864;8,752;37,2631503367349
865;8,756;40,2058874467755
866;8,761;41,7044969924447
867;8,765;41,4698220715541
868;8,769;40,2237390735223
869;8,773;37,9219838542392
870;8,777;35,1625957724981
871;8,781;32,4339401045375
872;8,785;29,175534947173
873;8,789;25,9312730123249
874;8,794;22,628406455306
875;8,798;19,6740509937143
876;8,802;16,9308575921489
877;8,806;14,3720981243759
878;8,810;12,197572731078
879;8,814;10,2332625711945
880;8,818;8,56457929534796
881;8,822;7,12820387386218
882;8,827;5,92336701011487
883;8,831;4,97192461839929
884;8,835;4,08969919713048
885;8,839;3,5234377065019
886;8,843;3,06422679969055
887;8,847;2,58805191608118
888;8,851;2,19849194191377
889;8,855;1,84378702239995
890;8,860;1,70381448826191
891;8,864;1,4788839912529
892;8,868;1,34985913981591
893;8,872;1,13745436986125
894;8,876;1,06135318092318
895;8,880;0,959628496798345
896;8,884;0,922347198951547
897;8,888;0,808491298860691
898;8,893;0,803145673613875
899;8,897;0,73672973189421
900;8,901;0,74359422483108
901;8,905;0,710179135649876
902;8,909;0,659149126374921
903;8,913;0,659445009691165
904;8,917;0,624806936136151
905;8,921;0,603108826278226
906;8,926;0,578866119900599
907;8,930;0,572514491378552
908;8,934;0,549435592711487
909;8,938;0,543281219733602
910;8,942;0,498188602337952
911;8,946;0,499194605613183
912;8,950;0,455522228135505
913;8,954;0,437098560310685
914;8,958;0,464615708721417
915;8,963;0,391335274064881
916;8,967;0,349714354246498
917;8,971;0,354606291741739
918;8,975;0,333282967417724
919;8,979;0,320915044798707
920;8,983;0,309789832107916
921;8,987;0,259095157258038
922;8,991;0,296376455104835
923;8,996;0,244261540336983
924;9,000;0,260416769403929
925;9,004;0,210294135632123
926;9,008;0,229506825633595
927;9,012;0,216468234164424
928;9,016;0,182619182786061
929;9,020;0,175340453206448
930;9,024;0,204139762654239
931;9,029;0,166463953719115
932;9,033;0,179285564089707
933;9,037;0,174571156584213
934;9,041;0,182638908340477
935;9,045;0,156285567640307
936;9,049;0,119911645296659
937;9,053;0,123600323972506
938;9,057;0,145377336048096
939;9,062;0,14285246508281
940;9,066;0,146403064877743
941;9,070;0,139301865287877
942;9,074;0,141590029600167
943;9,078;0,1256517816318
944;9,082;0,133246120082074
945;9,086;0,14125469517509
946;9,090;0,132516274568671
947;9,095;0,14955915358435
948;9,099;0,19699911195554
949;9,103;0,178378188586558
950;9,107;0,18565691816617
951;9,111;0,150880765730242
952;9,115;0,160329306295647
953;9,119;0,180903059551843
954;9,123;0,196210089778888
955;9,127;0,17948281963387
956;9,132;0,194987105405078
957;9,136;0,224535985920688
958;9,140;0,19417835767401
959;9,144;0,146560869313073
960;9,148;0,191831016698471
961;9,152;0,203646623793832
962;9,156;0,178535993021888
963;9,160;0,17628727981843
964;9,165;0,184749542663021
965;9,169;0,176307005372847
966;9,173;0,179285564089707
967;9,177;0,185065151533682
968;9,181;0,189444224614099
969;9,185;0,157271845361122
970;9,189;0,149085740278359
971;9,193;0,187826729151963
972;9,198;0,140761556314683
973;9,202;0,157607179786199
974;9,206;0,128137201488254
975;9,210;0,132891060102581
976;9,214;0,108096038201298
977;9,218;0,123383342873926
978;9,222;0,103756416229713
979;9,226;0,127939945944091
980;9,231;0,110857615819579
981;9,235;0,142970818409308
982;9,239;0,0999888353362004
983;9,243;0,0913687680562794
984;9,247;0,111054871363742
985;9,251;0,0873644805097715
986;9,255;0,111015420254909
987;9,259;0,0774622521927913
988;9,264;0,0916843769269401
989;9,268;0,088271856012921
990;9,272;0,0849185117621508
991;9,276;0,094820740079131
992;9,280;0,102612334073568
993;9,284;0,0716629391944005
994;9,288;0,0996140498022908
995;9,292;0,0870094205302781
996;9,296;0,106794151609822
997;9,301;0,0608533353742707
998;9,305;0,0517795803427749
999;9,309;0,100245267543612
1000;9,313;0,0809734008788918
1001;9,317;0,0780342932708638
1002;9,321;0,0809931264333081
1003;9,325;0,0767718577882209
1004;9,329;0,133837886714563
1005;9,334;0,245030836959219
1006;9,338;0,439564254612722
1007;9,342;0,813225431920602
1008;9,346;1,38187371463356
1009;9,350;2,45719258808348
1010;9,354;3,82876956331173
1011;9,358;5,81217405987021
1012;9,362;8,34063507605977
1013;9,367;11,0971629524105
1014;9,371;14,0008631902613
1015;9,375;16,5205266091811
1016;9,379;18,6582638434927
1017;9,383;19,7997027753461
1018;9,387;20,5456837922615
1019;9,391;20,2305680604612
1020;9,395;19,8202765286023
1021;9,400;18,811136890219
1022;9,404;17,2964312921461
1023;9,408;15,5040885156639
1024;9,412;13,7808246307475
1025;9,416;11,9078635133658
1026;9,420;10,2611742306935
1027;9,424;8,6307190793058
1028;9,428;7,38439937462102
1029;9,433;6,06996733053678
1030;9,437;5,2367993631013
1031;9,441;4,28273347264835
1032;9,445;3,60362208520414
1033;9,449;3,0009866722319
1034;9,453;2,46257766443913
1035;9,457;2,10167892083859
1036;9,461;1,79297399422357
1037;9,465;1,50482309531033
1038;9,470;1,34226480136564
1039;9,474;1,16414304498649
1040;9,478;1,04026656325216
1041;9,482;0,902089054566012
1042;9,486;0,81265339084253
1043;9,490;0,749807774472213
1044;9,494;0,673035916683992
1045;9,498;0,587525638289353
1046;9,503;0,525311239660358
1047;9,507;0,523200605337814
1048;9,511;0,503632855356849
1049;9,515;0,418004223635712
1050;9,519;0,380032531384343
1051;9,523;0,343323274615618
1052;9,527;0,29278640420107
1053;9,531;0,293240091952644
1054;9,536;0,296573710648998
1055;9,540;0,272626887587616
1056;9,544;0,301741805906068
1057;9,548;0,237673205161941
1058;9,552;0,254203219762796
1059;9,556;0,363344712348158
1060;9,560;0,494519649216521
1061;9,564;0,786201422370278
1062;9,569;1,36627080109027
1063;9,573;2,3504576131369
1064;9,577;3,863230106877
1065;9,581;5,97455482382516
1066;9,585;8,72966246025794
1067;9,589;11,7415179129732
1068;9,593;14,9585980338356
1069;9,597;18,1138977182662
1070;9,602;20,9028938571862
1071;9,606;22,766150001795
1072;9,610;23,8478007782126
1073;9,614;23,4501336011801
1074;9,618;22,6361585981916
1075;9,622;21,3751236299123
1076;9,626;19,3189318375577
1077;9,630;17,3937769031905
1078;9,634;15,1385739923299
1079;9,639;12,9492938843286
1080;9,643;11,0464880031151
1081;9,647;9,21175501019219
1082;9,651;7,58692164181313
1083;9,655;6,31162509769081
1084;9,659;5,14448376843304
1085;9,663;4,19651307429472
1086;9,667;3,37535796949877
1087;9,672;2,83781688610031
1088;9,676;2,32956825101005
1089;9,680;1,99109746278084
1090;9,684;1,73553317976332
1091;9,688;1,50239685211712
1092;9,692;1,2975469695039
1093;9,696;1,12451440616416
1094;9,700;0,958563316859865
1095;9,705;0,914062466096703
1096;9,709;0,754620809749789
1097;9,713;0,722685137149807
1098;9,717;0,636602817677095
1099;9,721;0,571902999191647
1100;9,725;0,544247771900001
1101;9,729;0,458698042396529
1102;9,733;0,485879856382183
1103;9,738;0,406326695421265
1104;9,742;0,385733216610653
1105;9,746;0,391887589588537
1106;9,750;0,330797547561271
1107;9,754;0,353600288466508
1108;9,758;0,312551409726197
1109;9,762;0,287243523410091
1110;9,766;0,22836274347745
1111;9,771;0,281385033748451
1112;9,775;0,241914199361444
1113;9,779;0,241894473807028
1114;9,783;0,208144050200747
1115;9,787;0,209524839009888
1116;9,791;0,19471094764325
1117;9,795;0,204849882613226
1118;9,799;0,208755542387652
1119;9,803;0,193231531062028
1120;9,808;0,165911638195459
1121;9,812;0,162992256141847
1122;9,816;0,162972530587431
1123;9,820;0,139992259692447
1124;9,824;0,127170649321855
1125;9,828;0,135968246591523
1126;9,832;0,117801010974115
1127;9,836;0,10568952056251
1128;9,841;0,11277099459796
1129;9,845;0,135297577741369
1130;9,849;0,0990025576153856
1131;9,853;0,0957478411366969
1132;9,857;0,101310447482092
1133;9,861;0,0919210835799356
1134;9,865;0,111981972421308
1135;9,869;0,0686449293687073
1136;9,874;0,0719588225106449
1137;9,878;0,0847607073268205
1138;9,882;0,0833601929632635
1139;9,886;0,0656466450974304
1140;9,890;0,0672838661139829
1141;9,894;0,0876209127171833
1142;9,898;0,0644631118324527
1143;9,902;0,0613070231258455
1144;9,907;0,0658636261960097
1145;9,911;0,0868318905405315
1146;9,915;0,0504185170880505
1147;9,919;0,106261561640582
1148;9,923;0,0762984444822298
1149;9,927;0,0442246930013338
1150;9,931;0,085332748404893
1151;9,935;0,0553696312465406
1152;9,940;0,0690394404570332
1153;9,944;0,068822459358454
1154;9,948;0,0454871284839767
1155;9,952;0,0580917577559894
1156;9,956;0,061543729778841
1157;9,960;0,0469468195107826
1158;9,964;0,052252993648766
1159;9,968;0,0423507653317858
1160;9,972;0,055527435681871
1161;9,977;0,0493927882584032
1162;9,981;0,0112830171261209
1163;9,985;0,0463945039871263
1164;9,989;0,0237692930716357
1165;9,993;0,0285428772403792
1166;9,997;0,0552118268112103
1167;10,001;0,0402598565636585
1168;10,005;0,0541466468727303
1169;10,010;0,0678953583008881
1170;10,014;0,0455660307016419
1171;10,018;0,0345986224461818
1172;10,022;0,0458619140178863
1173;10,026;0,0766140533528906
1174;10,030;0,054659511287554
1175;10,034;0,0563164578585228
1176;10,038;0,0412855853933059
1177;10,043;0,058801877714976
1178;10,047;0,0485248638640862
1179;10,051;0,0551526501479614
1180;10,055;0,0494914160304847
1181;10,059;0,0242624319320431
1182;10,063;0,043435670824682
1183;10,067;0,0352101146330869
1184;10,071;0,034677524663847
1185;10,076;0,0431397875084376
1186;10,080;0,0449939896235694
1187;10,084;0,0121903926292704
1188;10,088;0,0225463086978254
1189;10,092;0,0257221229588489
1190;10,096;0,0502015359894713
1191;10,100;0,0362555690171506
1192;10,104;0,0197847310795441
1193;10,109;0,051582324798612
1194;10,113;0,0443824974366642
1195;10,117;0,049313886040738
1196;10,121;0,0343816413476025
1197;10,125;0
1198;10,129;0,0278327572813925
1199;10,133;0,0724519613710523
1200;10,137;0,0355257235037477
1201;10,141;0,0336517958341996
1202;10,146;0,0314622592939909
1203;10,150;0,0214022265416803
1204;10,154;0,0167469956994346
1205;10,158;0,0350917613065892
1206;10,162;0,0231380753303143
1207;10,166;0,0461380717797145
1208;10,170;0,0237495675172194
1209;10,174;0,0270240095503244
1210;10,179;0,0121706670748541
1211;10,183;0,0416800964816318
1212;10,187;0,0435737497055961
1213;10,191;0,0414828409374688
1214;10,195;0,0178910778555797
1215;10,199;0,0496886715746476
1216;10,203;0,0837547040515894
1217;10,207;0,184335306020279
1218;10,212;0,394274381672909
1219;10,216;0,748269181227742
1220;10,220;1,37932911811386
1221;10,224;2,3942680694955
1222;10,228;4,06480554745712
1223;10,232;6,30624002133516
1224;10,236;9,14399773077222
1225;10,240;12,4120289586919
1226;10,245;15,7189392543662
1227;10,249;18,6168796303273
1228;10,253;21,3564829809889
1229;10,257;22,8809330029435
1230;10,261;23,3475015415521
1231;10,265;22,8956088154292
1232;10,269;21,8991921596444
1233;10,273;20,092627258428
1234;10,278;17,978323982763
1235;10,282;15,6883054683576
1236;10,286;13,321416468392
1237;10,290;11,1513687759465
1238;10,294;9,2761589453614
1239;10,298;7,60907343942263
1240;10,302;6,20556079159439
1241;10,306;5,0897256293734
1242;10,310;4,23994874511941
1243;10,315;3,46905435297617
1244;10,319;2,84752185887313
1245;10,323;2,44464713547471
1246;10,327;2,05861803554782
1247;10,331;1,73486251091316
1248;10,335;1,47744402578051
1249;10,339;1,30606840901174
1250;10,343;1,1091876503827
1251;10,348;0,980596761142867
1252;10,352;0,865872936657694
1253;10,356;0,760834359390922
1254;10,360;0,713433852128565
1255;10,364;0,648891838078447
1256;10,368;0,600662857530605
1257;10,372;0,541604547608217
1258;10,376;0,51811141229841
1259;10,381;0,42780782418061
1260;10,385;0,414907311592353
1261;10,389;0,339772674820685
1262;10,393;0,353442484031177
1263;10,397;0,346696344420804
1264;10,401;0,317048836133113
1265;10,405;0,311150895362641
1266;10,409;0,289255529960553
1267;10,414;0,251204935491519
1268;10,418;0,275723799630974
1269;10,422;0,288210075576489
1270;10,426;0,442957049972325
1271;10,430;0,671043635687947
1272;10,434;1,18881971356128
1273;10,438;2,33094903981919
1274;10,442;4,28646160243303
1275;10,447;7,54626727416114
1276;10,451;12,4218128336824
1277;10,455;19,3615587606513
1278;10,459;28,0161457608008
1279;10,463;38,6645326246862
1280;10,467;50,0486432171906
1281;10,471;61,2883233002588
1282;10,475;71,1311185217827
1283;10,479;78,0389287761516
1284;10,484;81,4818270439718
1285;10,488;80,4951350865143
1286;10,492;76,8901716636099
1287;10,496;70,5779153481777
1288;10,500;62,6037218965095
1289;10,504;53,1785166619786
1290;10,508;44,5017778642195
1291;10,512;36,7811564145728
1292;10,517;29,6386120626499
1293;10,521;23,8066335461458
1294;10,525;19,1967320279487
1295;10,529;15,5049564400582
1296;10,533;12,5391009802417
1297;10,537;10,2669735436919
1298;10,541;8,48768908423325
1299;10,545;7,06630508410385
1300;10,550;6,04491587642808
1301;10,554;5,13081395922255
1302;10,558;4,56680118179742
1303;10,562;3,93432100499333
1304;10,566;3,34740685889088
1305;10,570;2,99804756462388
1306;10,574;2,67549529880862
1307;10,578;2,40787870204274
1308;10,583;2,13688903547168
1309;10,587;1,97212147943236
1310;10,591;1,71048172565462
1311;10,595;1,60830335377821
1312;10,599;1,49760354239396
1313;10,603;1,35642774943654
1314;10,607;1,26789946121621
1315;10,611;1,155069289955
1316;10,616;1,04391579081917
1317;10,620;0,99868509454261
1318;10,624;0,93708218810052
1319;10,628;0,830031604283286
1320;10,632;0,78752303451617
1321;10,636;0,706628535854943
1322;10,640;0,720199717293354
1323;10,644;0,691499035617645
1324;10,648;0,657827514229029
1325;10,653;0,580128555383242
1326;10,657;0,561842966439336
1327;10,661;0,554307804652312
1328;10,665;0,517835254536582
1329;10,669;0,493770078148702
1330;10,673;0,469113135128333
1331;10,677;0,438183465803582
1332;10,681;0,42978037962224
1333;10,686;0,394925324968646
1334;10,690;0,372517095151735
1335;10,694;0,330738370898022
1336;10,698;0,360149172532718
1337;10,702;0,322631168032924
1338;10,706;0,309710929890251
1339;10,710;0,292273539786246
1340;10,714;0,28890046998106
1341;10,719;0,267419341221714
1342;10,723;0,25083014995761
1343;10,727;0,251954506559339
1344;10,731;0,22836274347745
1345;10,735;0,236272690798384
1346;10,739;0,200076298444482
1347;10,743;0,201989677222863
1348;10,747;0,223944219288199
1349;10,752;0,178240109705643
1350;10,756;0,197511976370364
1351;10,760;0,178713523011635
1352;10,764;0,137053152084419
1353;10,768;0,155910782106397
1354;10,772;0,160842170710471
1355;10,776;0,132674079004002
1356;10,780;0,165300146008554
1357;10,785;0,135120047751622
1358;10,789;0,119832743078993
1359;10,793;0,130563444681458
1360;10,797;0,13220066569801
1361;10,801;0,114210960070349
1362;10,805;0,107385918242311
1363;10,809;0,119221250892088
1364;10,813;0,123521421754841
1365;10,817;0,123797579516669
1366;10,822;0,117445950994622
1367;10,826;0,0857469850476353
1368;10,830;0,110739262493081
1369;10,834;0,119280427555337
1370;10,838;0,115887632195734
1371;10,842;0,138611470883306
1372;10,846;0,133897063377812
1373;10,850;0,126874766005611
1374;10,855;0,110699811384249
1375;10,859;0,135869618819441
1376;10,863;0,123777853962252
1377;10,867;0,074503419030347
1378;10,871;0,10020581643478
1379;10,875;0,0961226266706065
1380;10,879;0,109476827010438
1381;10,883;0,0620171430848321
1382;10,888;0,0499648293364758
1383;10,892;0,078783864338683
1384;10,896;0,054994845712631
1385;10,900;0,065883351750426
1386;10,904;0,0699468159601828
1387;10,908;0,0600840387520352
1388;10,912;0,0852143950783953
1389;10,916;0,0621157708569136
1390;10,921;0,0804408109096518
1391;10,925;0,0639107963087965
1392;10,929;0,102355901866156
1393;10,933;0,0830643096470191
1394;10,937;0,0848198839900694
1395;10,941;0,0679348094097207
1396;10,945;0,108687804833787
1397;10,949;0,0886663671012469
1398;10,954;0,0708739170177487
1399;10,958;0,0637924429822987
1400;10,962;0,107425369351144
1401;10,966;0,122535144034026
1402;10,970;0,158948517486507
1403;10,974;0,246707509084604
1404;10,978;0,458126001318456
1405;10,982;0,898992142522654
1406;10,986;1,52190542543484
1407;10,991;2,65669684544989
1408;10,995;4,57427716692119
1409;10,999;7,04003064562134
1410;11,003;10,0430095988493
1411;11,007;13,6934996013465
1412;11,011;17,0704158896442
1413;11,015;20,6158278637659
1414;11,019;23,2252031041711
1415;11,024;24,842639389644
1416;11,028;25,3131530391359
1417;11,032;24,5392209116126
1418;11,036;23,0283026199876
1419;11,040;20,7950345256379
1420;11,044;18,0592382069787
1421;11,048;15,3661082625219
1422;11,052;12,7795949396852
1423;11,057;10,2789469552226
1424;11,061;8,51810588914317
1425;11,065;6,87447406740538
1426;11,069;5,61606259786341
1427;11,073;4,55977888442522
1428;11,077;3,72479616598344
1429;11,081;3,14204411186283
1430;11,085;2,59032035483905
1431;11,090;2,28009656053398
1432;11,094;1,91225442177891
1433;11,098;1,63065240693188
1434;11,102;1,41252722619648
1435;11,106;1,26008814166735
1436;11,110;1,13487032223271
1437;11,114;1,05979486212429
1438;11,118;0,918303460296207
1439;11,123;0,839559047066356
1440;11,127;0,84044669701509
1441;11,131;0,771663688765468
1442;11,135;0,750379815550286
1443;11,139;0,711342943360438
1444;11,143;0,623741756197671
1445;11,147;0,659070224157255
1446;11,151;0,564249484078124
1447;11,155;0,534089111375609
1448;11,160;0,527836110625643
1449;11,164;0,522766643140655
1450;11,168;0,469369567335744
1451;11,172;0,443174031070904
1452;11,176;0,476470766925611
1453;11,180;0,460039380096837
1454;11,184;0,43792703359617
1455;11,188;0,416583983717738
1456;11,193;0,439288096850894
1457;11,197;0,393524810605089
1458;11,201;0,391414176282546
1459;11,205;0,401888445677598
1460;11,209;0,35683527939078
1461;11,213;0,364409892286638
1462;11,217;0,32622121893669
1463;11,221;0,30481899239501
1464;11,226;0,216310429729093
1465;11,230;0,221419348322914
1466;11,234;0,211734101104513
1467;11,238;0,210353312295372
1468;11,242;0,195164635394825
1469;11,246;0,153011125607202
1470;11,250;0,18161317951083
1471;11,254;0,140840458532348
1472;11,259;0,151571160134812
1473;11,263;0,110226398078258
1474;11,267;0,126480254917285
1475;11,271;0,133167217864409
1476;11,275;0,0933018723890763
1477;11,279;0,126618333798199
1478;11,283;0,135297577741369
1479;11,287;0,11223840462872
1480;11,292;0,0901457836824691
1481;11,296;0,141451950719253
1482;11,300;0,170843026799533
1483;11,304;0,170961380126031
1484;11,308;0,296692063975496
1485;11,312;0,522194602062583
1486;11,316;0,954046164898534
1487;11,320;1,79074500657453
1488;11,324;3,18330997170172
1489;11,329;5,21687655314084
1490;11,333;8,08303906093737
1491;11,337;11,8181516918805
1492;11,341;16,0065575633102
1493;11,345;20,2702756015012
1494;11,349;24,102082900193
1495;11,353;27,1728585839498
1496;11,357;28,9836250282569
1497;11,362;29,1800718246887
1498;11,366;27,3642161873423
1499;11,370;25,2611170265857
1500;11,374;22,3984853930297
1501;11,378;18,7505991637154
1502;11,382;15,8435455816139
1503;11,386;13,0610983267601
1504;11,390;10,6265901262554
1505;11,395;8,38349870580637
1506;11,399;6,8034423459523
1507;11,403;5,44695541985251
1508;11,407;4,43531063605839
1509;11,411;3,70463664936999
1510;11,415;3,13105697805295
1511;11,419;2,59842755770415
1512;11,423;2,23707512635204
1513;11,428;1,85735820383836
1514;11,432;1,63163868465269
1515;11,436;1,44205638115768
1516;11,440;1,31478710406374
1517;11,444;1,114888335609
1518;11,448;0,994345472571025
1519;11,452;0,850408101995319
1520;11,456;0,845456987836829
1521;11,461;0,674613961037296
1522;11,465;0,668814648038905
1523;11,469;0,620901276361724
1524;11,473;0,563657717445635
1525;11,477;0,504954467502741
1526;11,481;0,468817251812088
1527;11,485;0,438814683544903
1528;11,489;0,379736648068099
1529;11,493;0,389066835307007
1530;11,498;0,384944194434001
1531;11,502;0,351391026371883
1532;11,506;0,347327562162126
1533;11,510;0,337326706073064
1534;11,514;0,290439063225531
1535;11,518;0,281996525935356
1536;11,522;0,266255533511153
1537;11,526;0,260594299393676
1538;11,531;0,273731518634929
1539;11,535;0,237377321845696
1540;11,539;0,217927925191229
1541;11,543;0,231597734401722
1542;11,547;0,208656914615571
1543;11,551;0,153307008923446
1544;11,555;0,17575468984919
1545;11,559;0,147941658122214
1546;11,564;0,158337025299602
1547;11,568;0,127959671498507
1548;11,572;0,180607176235599
1549;11,576;0,160822445156055
1550;11,580;0,141629480709
1551;11,584;0,142023991797325
1552;11,588;0,156739255391882
1553;11,592;0,140860184086764
1554;11,597;0,139222963070212
1555;11,601;0,144647490534693
1556;11,605;0,132792432330499
1557;11,609;0,131490545739024
1558;11,613;0,119379055327419
1559;11,617;0,114487117832177
1560;11,621;0,110167221415009
1561;11,625;0,0840900384766664
1562;11,630;0,0871080483023596
1563;11,634;0,0908559036414557
1564;11,638;0,0817426975011273
1565;11,642;0,0854708272858071
1566;11,646;0,0798687698315793
1567;11,650;0,080519713127317
1568;11,654;0,0691183426746984
1569;11,658;0,0931243423993297
1570;11,662;0,0850565906430649
1571;11,667;0,0716826647488168
1572;11,671;0,0556655145627851
1573;11,675;0,0657847239783445
1574;11,679;0,0578747766574101
1575;11,683;0,0442246930013338
1576;11,687;0,0628258908159002
1577;11,691;0,0620368686392484
1578;11,695;0,0735960435271974
1579;11,700;0,0360583134729876
1580;11,704;0,0378533389248705
1581;11,708;0,0429228064098584
1582;11,712;0,00650943295737742
1583;11,716;0,064680092931032
1584;11,720;0,0135317303295785
1585;11,724;0,0425480208759487
1586;11,728;0,0450334407324019
1587;11,733;0,0564348111850206
1588;11,737;0,0630428719144795
1589;11,741;0,0331783825282085
1590;11,745;0,0480514505580951
1591;11,749;0,0473807817079411
1592;11,753;0,0399245221385815
1593;11,757;0,0538507635564859
1594;11,761;0,0517006781251097
1595;11,766;0,0222701509359973
1596;11,770;0,0488010216259143
1597;11,774;0,047242702827027
1598;11,778;0,0246372174659527
1599;11,782;0,0435145730423472
1600;11,786;0,0348353290991773
1601;11,790;0,0320934770353123
1602;11,794;0,00765351511352254
1603;11,799;0,0585257199531479
1604;11,803;0,0138276136458229
1605;11,807;0,0298250382774383
1606;11,811;0,0343619157931862
1607;11,815;0,00688421849128703
1608;11,819;0,0245780408027038
1609;11,823;0,0324682625692219
1610;11,827;0,00347169757726796
1611;11,831;0,0251500818807764
1612;11,836;0,0600248620887863
1613;11,840;0,0549356690493821
1614;11,844;0,0595119976739626
1615;11,848;0,124231541713827
1616;11,852;0,205500825908963
1617;11,856;0,477397867983177
1618;11,860;0,804763169076012
1619;11,864;1,54892943498516
1620;11,869;2,73007590787851
1621;11,873;4,53176859715408
1622;11,877;7,1526832868928
1623;11,881;10,4972693915022
1624;11,885;14,59584508812
1625;11,889;18,8258521538136
1626;11,893;22,4482726923764
1627;11,897;25,4788279706784
1628;11,902;27,2749580536085
1629;11,906;27,9476783614219
1630;11,910;26,9852093847876
1631;11,914;24,9744652698081
1632;11,918;22,3736311944652
1633;11,922;19,363393237212
1634;11,926;15,9793757493245
1635;11,930;13,3054584948692
1636;11,935;10,6947419167637
1637;11,939;8,78753723691535
1638;11,943;6,97546890601681
1639;11,947;5,69504371774625
1640;11,951;4,71259275448825
1641;11,955;3,88159459803857
1642;11,959;3,19494804880733
1643;11,963;2,73767024632878
1644;11,968;2,25928610062479
1645;11,972;2,02297395871757
1646;11,976;1,74924244008264
1647;11,980;1,4983728390162
1648;11,984;1,2762433707343
1649;11,988;1,1861764892695
1650;11,992;1,01020481832173
1651;11,996;0,930730559578473
1652;12,000;0,821707420319609
1653;12,005;0,790462142124198
1654;12,009;0,708206580208247
1655;12,013;0,648497326990121
1656;12,017;0,590484471451797
1657;12,021;0,503119990942025
1658;12,025;0,501068533282731
1659;12,029;0,445186037621366
1660;12,033;0,45384555601012
1661;12,038;0,431457051747625
1662;12,042;0,385457058848825
1663;12,046;0,326714357797097
1664;12,050;0,325511098977703
1665;12,054;0,30992791098883
1666;12,058;0,293555700823305
1667;12,062;0,26089018270992
1668;12,066;0,263059993695713
1669;12,071;0,245740956918206
1670;12,075;0,228915059001106
1671;12,079;0,211477668897101
1672;12,083;0,18565691816617
1673;12,087;0,176208377600765
1674;12,091;0,193330158834109
1675;12,095;0,143187799507887
1676;12,099;0,189542852386181
1677;12,104;0,170527417928872
1678;12,108;0,156364469857972
1679;12,112;0,166108893739622
1680;12,116;0,15754800312295
1681;12,120;0,136362757679849
1682;12,124;0,118826739803762
1683;12,128;0,14354285948738
1684;12,132;0,103066021825142
1685;12,137;0,100126914217114
1686;12,141;0,0900668814648039
1687;12,145;0,104999126157939
1688;12,149;0,107247839361397
1689;12,153;0,105511990572763
1690;12,157;0,0972469832723354
1691;12,161;0,0811114797598059
1692;12,165;0,102592608519151
1693;12,169;0,142793288419561
1694;12,174;0,198024840785188
1695;12,178;0,328627736575478
1696;12,182;0,600544504204107
1697;12,186;1,14045265413252
1698;12,190;2,22857341239862
1699;12,194;4,11739387553096
1700;12,198;7,13658723448911
1701;12,202;11,5053043988381
1702;12,207;17,494061621843
1703;12,211;25,3643605784006
1704;12,215;34,0787949106492
1705;12,219;43,2181965872424
1706;12,223;51,6457227305059
1707;12,227;58,5335312726967
1708;12,231;63,3527406488051
1709;12,235;64,5628245100271
1710;12,240;62,745233023892
1711;12,244;56,9104337531063
1712;12,248;50,2575171129047
1713;12,252;42,6389951329167
1714;12,256;34,8331001115283
1715;12,260;28,1289364809532
1716;12,264;22,4683335812178
1717;12,268;17,9599200404926
1718;12,273;14,5781512658086
1719;12,277;11,716584812191
1720;12,281;9,55582785587563
1721;12,285;7,90187956917811
1722;12,289;6,61494494795018
1723;12,293;5,69768694203804
1724;12,297;4,83070937433303
1725;12,301;4,15430038784385
1726;12,306;3,57182449148507
1727;12,310;3,18867532250295
1728;12,314;2,82501500128413
1729;12,318;2,51922945672273
1730;12,322;2,18353997166621
1731;12,326;1,99338562709313
1732;12,330;1,85562235504972
1733;12,334;1,64292170177881
1734;12,338;1,53472703580543
1735;12,343;1,43675020701969
1736;12,347;1,3229732091465
1737;12,351;1,17911474078846
1738;12,355;1,08997496038122
1739;12,359;1,06778371166289
1740;12,363;0,971661084992285
1741;12,367;0,964125923205261
1742;12,371;0,860961273608037
1743;12,376;0,800186840451431
1744;12,380;0,785826636836368
1745;12,384;0,7142031487508
1746;12,388;0,642776916209395
1747;12,392;0,634176574483891
1748;12,396;0,608908139276617
1749;12,400;0,587367833854022
1750;12,404;0,561921868657001
1751;12,409;0,519590828879632
1752;12,413;0,496058242460992
1753;12,417;0,476411590262362
1754;12,421;0,420075406849423
1755;12,425;0,401316404599526
1756;12,429;0,417313829231141
1757;12,433;0,403071978942576
1758;12,437;0,398041962566421
1759;12,442;0,342652605765464
1760;12,446;0,329377307643297
1761;12,450;0,325254666770292
1762;12,454;0,286276971243692
1763;12,458;0,261047987145251
1764;12,462;0,245287269166631
1765;12,466;0,245918486907952
1766;12,470;0,260140611642101
1767;12,475;0,241933924915861
1768;12,479;0,256728090728082
1769;12,483;0,25700424848991
1770;12,487;0,349990512008326
1771;12,491;0,500101981116332
1772;12,495;0,823896956859818
1773;12,499;1,38747577208779
1774;12,503;2,37333925625981
1775;12,507;3,87019322758595
1776;12,512;6,29511480864437
1777;12,516;9,5245628521258
1778;12,520;13,5979687413084
1779;12,524;18,2787639020776
1780;12,528;22,3402358308384
1781;12,532;26,2602755344343
1782;12,536;29,2741627192545
1783;12,540;30,3148040680405
1784;12,545;29,8323367325724
1785;12,549;28,3589561710016
1786;12,553;25,3864334737924
1787;12,557;22,1222092778751
1788;12,561;18,4707527232114
1789;12,565;15,3061228515419
1790;12,569;12,4592322104101
1791;12,573;10,308535286847
1792;12,578;8,16712909941403
1793;12,582;6,73195693674764
1794;12,586;5,53145969497192
1795;12,590;4,53908677784252
1796;12,594;3,86098139367354
1797;12,598;3,31109211321048
1798;12,602;2,84977057207658
1799;12,606;2,40109311132353
1800;12,611;2,11663089108614
1801;12,615;1,81019440322899
1802;12,619;1,66483679273532
1803;12,623;1,46610183199114
1804;12,627;1,31407698410475
1805;12,631;1,18059415736968
1806;12,635;1,06228028198075
1807;12,639;1,04330429863227
1808;12,644;1,03056159047934
1809;12,648;1,16007958077674
1810;12,652;1,44041916014112
1811;12,656;2,10010087648529
1812;12,660;3,46960666849983
1813;12,664;5,80240991043415
1814;12,668;9,51815204694051
1815;12,672;14,6450997974975
1816;12,676;21,6019083290365
1817;12,681;29,9875373947198
1818;12,685;38,7501415308529
1819;12,689;47,5132190802921
1820;12,693;54,9493980352559
1821;12,697;59,3780217083672
1822;12,701;61,20886876707
1823;12,705;60,0414512800504
1824;12,709;56,100680018763
1825;12,714;49,7531346864801
1826;12,718;42,6613836371792
1827;12,722;35,3850408496506
1828;12,726;28,4868566658369
1829;12,730;23,1215058646046
1830;12,734;18,7001411955185
1831;12,738;15,1417300810365
1832;12,742;12,332239091078
1833;12,747;10,0822437265833
1834;12,751;8,3388597761623
1835;12,755;7,09141571487579
1836;12,759;6,10371775414306
1837;12,763;5,22230108060532
1838;12,767;4,58047099100791
1839;12,771;3,96580298984173
1840;12,775;3,53393170145137
1841;12,780;3,08434686519517
1842;12,784;2,6921831178448
1843;12,788;2,54962653607824
1844;12,792;2,25510428308853
1845;12,796;2,11631528221548
1846;12,800;1,91470039052653
1847;12,804;1,75133334885077
1848;12,808;1,59238483136426
1849;12,813;1,44420646658905
1850;12,817;1,36609327110052
1851;12,821;1,23584543528973
1852;12,825;1,22235315606898
1853;12,829;1,13818421537465
1854;12,833;1,0645289951842
1855;12,837;0,998645643433777
1856;12,841;0,95087035063751
1857;12,845;0,915206548252849
1858;12,850;0,836166251706754
1859;12,854;0,794348076344208
1860;12,858;0,754975869729283
1861;12,862;0,715998174202683
1862;12,866;0,683727167177624
1863;12,870;0,625240898333309
1864;12,874;0,583264918535433
1865;12,878;0,562612263061572
1866;12,883;0,554228902434646
1867;12,887;0,514501635840228
1868;12,891;0,470375570610975
1869;12,895;0,499293233385264
1870;12,899;0,429898732948738
1871;12,903;0,41684041592515
1872;12,907;0,391414176282546
1873;12,911;0,403150881160241
1874;12,916;0,399620006919725
1875;12,920;0,366283819956186
1876;12,924;0,33916118263378
1877;12,928;0,338352434902712
1878;12,932;0,36269376905242
1879;12,936;0,361451059124193
1880;12,940;0,330284683146447
1881;12,944;0,29241161866716
1882;12,949;0,289768394375377
1883;12,953;0,305331856809833
1884;12,957;0,271877316519797
1885;12,961;0,274934777454323
1886;12,965;0,273948499733508
1887;12,969;0,250198932216288
1888;12,973;0,263059993695713
1889;12,977;0,250652619967863
1890;12,982;0,197788134132192
1891;12,986;0,209840447880548
1892;12,990;0,227790702399377
1893;12,994;0,334604579563616
1894;12,998;0,470276942838894
1895;13,002;0,726748601359564
1896;13,006;1,19177854672372
1897;13,010;2,11461888453568
1898;13,014;3,49968813898468
1899;13,019;5,75435845987605
1900;13,023;8,85600463629431
1901;13,027;12,5546447171217
1902;13,031;16,987627737759
1903;13,035;21,5501879253569
1904;13,039;25,4004977940913
1905;13,043;28,6302022697801
1906;13,047;30,5254138125433
1907;13,052;31,8859839284073
1908;13,056;33,1378267883286
1909;13,060;35,2265262943613
1910;13,064;37,6497317521855
1911;13,068;42,0055089528374
1912;13,072;47,8455552210978
1913;13,076;55,213897994424
1914;13,080;62,1241344919861
1915;13,085;68,0440298045237
1916;13,089;70,8518638479112
1917;13,093;70,0962567604406
1918;13,097;66,52445199451
1919;13,101;59,4011992348063
1920;13,105;50,7969123984183
1921;13,109;41,9613828876081
1922;13,113;34,3236087665098
1923;13,118;27,6752881804872
1924;13,122;22,3703962035409
1925;13,126;17,9986610293662
1926;13,130;14,7445165917556
1927;13,134;12,3631095837395
1928;13,138;10,1771828199889
1929;13,142;8,6492413749027
1930;13,146;7,38366952910762
1931;13,151;6,36606762787978
1932;13,155;5,57528987688493
1933;13,159;4,86885859657415
1934;13,163;4,40840497983457
1935;13,167;3,90623181550452
1936;13,171;3,5021341077323
1937;13,175;3,17076451909296
1938;13,179;2,92011189912509
1939;13,183;2,65383664005952
1940;13,188;2,41050220078011
1941;13,192;2,19452710547609
1942;13,196;2,07345165246887
1943;13,200;1,8611652358407
1944;13,204;1,79117896877169
1945;13,208;1,67493627659646
1946;13,212;1,55960095992438
1947;13,216;1,44714557419708
1948;13,221;1,389665308628
1949;13,225;1,30782398335479
1950;13,229;1,21101096227961
1951;13,233;1,20359415381908
1952;13,237;1,12467221059949
1953;13,241;1,03336261920646
1954;13,245;1,01063878051888
1955;13,249;0,97020139396548
1956;13,254;0,910669670737101
1957;13,258;0,911300888478422
1958;13,262;0,815572772896141
1959;13,266;0,773655969761514
1960;13,270;0,723770042642704
1961;13,274;0,761761460448488
1962;13,278;0,71655048972634
1963;13,282;0,678559071920555
1964;13,287;0,624155992840413
1965;13,291;0,647077087072148
1966;13,295;0,605436441699349
1967;13,299;0,596757197756179
1968;13,303;0,618435582059687
1969;13,307;0,519038513355976
1970;13,311;0,533635423624034
1971;13,315;0,52604108517376
1972;13,320;0,497833542358458
1973;13,324;0,48110627221344
1974;13,328;0,46534555423482
1975;13,332;0,434238354920323
1976;13,336;0,418162028071042
1977;13,340;0,425381580987406
1978;13,344;0,348037682121113
1979;13,348;0,386719494331467
1980;13,352;0,411001651817927
1981;13,357;0,452030805003821
1982;13,361;0,557325814478005
1983;13,365;0,755705715242685
1984;13,369;1,26324423037396
1985;13,373;2,04123982210706
1986;13,377;3,33513756404394
1987;13,381;5,3511878531614
1988;13,385;8,11961023882518
1989;13,390;11,6900342159467
1990;13,394;15,7819821262806
1991;13,398;19,7762688166995
1992;13,402;23,0338060496697
1993;13,406;25,4368322653261
1994;13,410;26,8547642934326
1995;13,414;26,5327248920322
1996;13,418;25,438390584125
1997;13,423;22,900007614064
1998;13,427;19,7618691619756
1999;13,431;16,8247538349437
2000;13,435;14,0086547842557
2001;13,439;11,5379107402882
2002;13,443;9,3752995818577
2003;13,447;7,58043193441017
2004;13,451;6,26684808916582
2005;13,456;5,19174619681448
2006;13,460;4,30336640256779
2007;13,464;3,64252087851307
2008;13,468;3,14729110933756
2009;13,472;2,68778431920997
2010;13,476;2,33878008492246
2011;13,480;2,03534188133659
2012;13,484;1,71184278890935
2013;13,489;1,64010094749728
2014;13,493;1,44039943458671
2015;13,497;1,36445605008397
2016;13,501;1,23951438841116
2017;13,505;1,1016919397045
2018;13,509;1,06399640521496
2019;13,513;0,966907226377958
2020;13,517;0,952606199426144
2021;13,521;0,862637945733422
2022;13,526;0,79726745839782
2023;13,530;0,782078781497272
2024;13,534;0,831353216429178
2025;13,538;0,714163697641968
2026;13,542;0,681162845103506
2027;13,546;0,635971599935774
2028;13,550;0,624925289462648
2029;13,554;0,639324944186544
2030;13,559;0,596993904409174
2031;13,563;0,571804371419565
2032;13,567;0,526297517381172
2033;13,571;0,485011931987866
2034;13,575;0,476885003568353
2035;13,579;0,456370426975406
2036;13,583;0,450255505106354
2037;13,587;0,438262368021247
2038;13,592;0,42567746430365
2039;13,596;0,410173178532442
2040;13,600;0,380821553560995
2041;13,604;0,368473356496394
2042;13,608;0,327779537735577
2043;13,612;0,342159466905057
2044;13,616;0,358847285941242
2045;13,620;0,308902182159183
2046;13,625;0,289137176634055
2047;13,629;0,278800986119916
2048;13,633;0,300577998195506
2049;13,637;0,306614017846893
2050;13,641;0,270299272166493
2051;13,645;0,270614881037154
2052;13,649;0,261462223787993
2053;13,653;0,259213510584535
2054;13,658;0,260969084927586
2055;13,662;0,210964804482277
2056;13,666;0,248956222288062
2057;13,670;0,231242674422229
2058;13,674;0,218953654020877
2059;13,678;0,235562570839397
2060;13,682;0,197827585241025
2061;13,686;0,210234958968874
2062;13,690;0,192067723351466
2063;13,695;0,200707516185804
2064;13,699;0,210313861186539
2065;13,703;0,211142334472024
2066;13,707;0,177155204212747
2067;13,711;0,169856749078718
2068;13,715;0,142911641746059
2069;13,719;0,209958801207046
2070;13,723;0,178871327446965
2071;13,728;0,180883333997427
2072;13,732;0,192067723351466
2073;13,736;0,182362750578649
2074;13,740;0,171947657846845
2075;13,744;0,161788997322453
2076;13,748;0,140939086304429
2077;13,752;0,19630871755097
2078;13,756;0,146067730452666
2079;13,761;0,163465669447838
2080;13,765;0,168416783606328
2081;13,769;0,172322443380755
2082;13,773;0,182343025024233
2083;13,777;0,159086596367421
2084;13,781;0,171040282343696
2085;13,785;0,134646634445631
2086;13,789;0,150012841335925
2087;13,794;0,110897066928412
2088;13,798;0,152084024549636
2089;13,802;0,138295862012646
2090;13,806;0,171967383401262
2091;13,810;0,144627764980276
2092;13,814;0,154214384426596
2093;13,818;0,145022276068602
2094;13,822;0,152695516736541
2095;13,827;0,112751269043543
2096;13,831;0,134528281119133
2097;13,835;0,128058299270588
2098;13,839;0,141570304045751
2099;13,843;0,175853317621272
2100;13,847;0,162538568390272
2101;13,851;0,124843033900732
2102;13,855;0,161236681798797
2103;13,860;0,18549911373084
2104;13,864;0,298743521634791
2105;13,868;0,475287233660633
2106;13,872;0,876327480498331
2107;13,876;1,65341569672828
2108;13,880;3,15664102213089
2109;13,884;5,62884475712517
2110;13,888;9,45654914049842
2111;13,892;15,1689118950222
2112;13,897;22,8946817143716
2113;13,901;32,6087676933292
2114;13,905;43,7982265148535
2115;13,909;55,6243276051638
2116;13,913;67,218337822212
2117;13,917;77,4460575126155
2118;13,921;85,580323838372
2119;13,925;90,6121549655335
2120;13,930;90,3562947991998
2121;13,934;86,3394618000831
2122;13,938;79,0601601793921
2123;13,942;68,6189705390955
2124;13,946;57,7212132162793
2125;13,950;47,4961959268308
2126;13,954;38,5816063939201
2127;13,958;31,2922841915856
2128;13,963;25,1227817134642
2129;13,967;20,3804230973618
2130;13,971;16,8051860849627
2131;13,975;13,9952019561438
2132;13,979;11,8703849599749
2133;13,983;10,0736828359666
2134;13,987;8,81807239515178
2135;13,991;7,63982557875763
2136;13,996;6,70161903405538
2137;14,000;5,93098107411956
2138;14,004;5,22011154406511
2139;14,008;4,72462534268219
2140;14,012;4,21777722195549
2141;14,016;3,82172754038511
2142;14,020;3,53852775563036
2143;14,024;3,23017788899484
2144;14,029;3,00684516189354
2145;14,033;2,75392410316781
2146;14,037;2,60351675074355
2147;14,041;2,30992159881142
2148;14,045;2,19803825416219
2149;14,049;2,06106400429544
2150;14,053;1,90495596664488
2151;14,057;1,80502630797193
2152;14,061;1,73046371227833
2153;14,066;1,56983852266644
2154;14,070;1,50077935665499
2155;14,074;1,37982225697427
2156;14,078;1,37928966700503
2157;14,082;1,2665581235159
2158;14,086;1,25925966838187
2159;14,090;1,14934887917427
2160;14,094;1,12634888272487
2161;14,099;1,155069289955
2162;14,103;1,16286088394943
2163;14,107;1,14043292857811
2164;14,111;1,150473235776
2165;14,115;1,12609245051746
2166;14,119;1,13508730333129
2167;14,123;1,15938918637217
2168;14,127;1,13887460977922
2169;14,132;1,11895179981876
2170;14,136;1,06928285379853
2171;14,140;1,01681287905119
2172;14,144;1,0204621066182
2173;14,148;0,957123351387476
2174;14,152;0,851631086369129
2175;14,156;0,823502445771492
2176;14,160;0,735802630836644
2177;14,165;0,74892012452348
2178;14,169;0,701342087271376
2179;14,173;0,725959579182912
2180;14,177;0,706687712518192
2181;14,181;0,794032467473547
2182;14,185;1,00095353330048
2183;14,189;1,4920803871574
2184;14,193;2,18718919923323
2185;14,198;3,37729107383157
2186;14,202;5,41156777522967
2187;14,206;7,85582039961606
2188;14,210;10,9970952148567
2189;14,214;14,3551735986868
2190;14,218;17,8038514539509
2191;14,222;20,8357480699531
2192;14,226;22,9044064126988
2193;14,230;23,5954714861193
2194;14,235;23,2880684460958
2195;14,239;21,897180153094
2196;14,243;19,9468554112916
2197;14,247;17,2571971644121
2198;14,251;14,7705937746939
2199;14,255;12,3419835149597
2200;14,259;10,1184401189372
2201;14,263;8,36142581041454
2202;14,268;6,72554613156235
2203;14,272;5,64235676190033
2204;14,276;4,69935690747492
2205;14,280;3,99586473477217
2206;14,284;3,34010840375685
2207;14,288;2,86219767135885
2208;14,292;2,40635983435268
2209;14,296;2,19500051878208
2210;14,301;1,93330158834109
2211;14,305;1,72515753814035
2212;14,309;1,58372531297551
2213;14,313;1,4551541492901
2214;14,317;1,42651264427764
2215;14,321;1,4609731878429
2216;14,325;1,47628021806995
2217;14,329;1,78470898692314
2218;14,334;2,4923238004989
2219;14,338;3,68433905387562
2220;14,342;5,67949998086621
2221;14,346;8,45606902050393
2222;14,350;12,1300718838654
2223;14,354;16,7484751160159
2224;14,358;21,6466458864526
2225;14,362;26,4013921507285
2226;14,367;30,3834095463004
2227;14,371;32,690352586395
2228;14,375;32,8777453533498
2229;14,379;31,5115534544772
2230;14,383;29,2672785007632
2231;14,387;26,0259359479687
2232;14,391;22,3440034117319
2233;14,395;18,4484036700578
2234;14,399;15,3603286750779
2235;14,404;12,74276732959
2236;14,408;10,421069574792
2237;14,412;8,63632113676003
2238;14,416;7,23941654966125
2239;14,420;6,12202306864138
2240;14,424;5,12087227979673
2241;14,428;4,63357218349658
2242;14,432;4,02229697769
2243;14,437;3,50252861882063
2244;14,441;3,15415560227444
2245;14,445;2,82264793475418
2246;14,449;2,54587868073914
2247;14,453;2,28800650785491
2248;14,457;2,13649452438335
2249;14,461;1,95164635394825
2250;14,465;1,78966010108163
2251;14,470;1,63870043313372
2252;14,474;1,50344230650119
2253;14,478;1,49951692117235
2254;14,482;1,29861214944238
2255;14,486;1,24921936118398
2256;14,490;1,21247065330642
2257;14,494;1,09078370811229
2258;14,498;1,04225884424821
2259;14,503;1,00322197205836
2260;14,507;0,96311991993003
2261;14,511;0,88187036128931
2262;14,515;0,849244294284757
2263;14,519;0,797346360615485
2264;14,523;0,825277745668959
2265;14,527;0,723612238207373
2266;14,531;0,687514473625553
2267;14,536;0,686311214806159
2268;14,540;0,656900413171463
2269;14,544;0,654237463325263
2270;14,548;0,625004191680314
2271;14,552;0,630290640263881
2272;14,556;0,596125980014857
2273;14,560;0,613346389020283
2274;14,564;0,538961323316434
2275;14,568;0,546950172855033
2276;14,573;0,526376419598838
2277;14,577;0,477634574636172
2278;14,581;0,453707477129206
2279;14,585;0,45932926013785
2280;14,589;0,458461335743533
2281;14,593;0,47562256808571
2282;14,597;0,403387587813237
2283;14,601;0,413526522783213
2284;14,606;0,407529954240659
2285;14,610;0,408555683070306
2286;14,614;0,381926184608308
2287;14,618;0,431969916162449
2288;14,622;0,405892733224106
2289;14,626;0,385180901086996
2290;14,630;0,34602567557065
2291;14,634;0,338234081576214
2292;14,639;0,38165002684648
2293;14,643;0,391354999619297
2294;14,647;0,345276104502831
2295;14,651;0,375969067174587
2296;14,655;0,313202353021935
2297;14,659;0,349260666494923
2298;14,663;0,345236653393999
2299;14,667;0,297027398400573
2300;14,672;0,318192918289258
2301;14,676;0,330008525384619
2302;14,680;0,333381595189805
2303;14,684;0,353422758476761
2304;14,688;0,478088262387747
2305;14,692;0,618968172028927
2306;14,696;0,947004141971916
2307;14,700;1,66700660372111
2308;14,705;2,8203794959963
2309;14,709;4,78632687689637
2310;14,713;7,66051768534032
2311;14,717;11,8173823952583
2312;14,721;16,8120308523452
2313;14,725;22,405369611521
2314;14,729;28,0119244921557
2315;14,733;32,5679555212419
2316;14,737;35,3963238667768
2317;14,742;36,2004163670026
2318;14,746;35,0492330112676
2319;14,750;31,8350525469044
2320;14,754;28,0867435200567
2321;14,758;23,9918367765604
2322;14,762;20,0114763275594
2323;14,766;16,4602058637761
2324;14,770;13,4449970668101
2325;14,775;11,2995471407217
2326;14,779;9,45516835168928
2327;14,783;7,81236500323696
2328;14,787;6,6883240103788
2329;14,791;5,80323838371963
2330;14,795;4,99957984569093
2331;14,799;4,32508423798014
2332;14,803;3,89315377292652
2333;14,808;3,3605046270233
2334;14,812;3,11519763230225
2335;14,816;2,75656732745959
2336;14,820;2,49624918582774
2337;14,824;2,3460982656109
2338;14,828;2,1814687884525
2339;14,832;1,94174412563127
2340;14,836;1,82514637347655
2341;14,841;1,68710694367131
2342;14,845;1,61429992232077
2343;14,849;1,51681623239544
2344;14,853;1,48103407668428
2345;14,857;1,38528623554758
2346;14,861;1,27513873968699
2347;14,865;1,15986259967816
2348;14,869;1,17919364300613
2349;14,874;1,13057015136996
2350;14,878;1,08111818644831
2351;14,882;1,09180943694194
2352;14,886;1,03624255015124
2353;14,890;0,978722833473319
2354;14,894;0,938443251355244
2355;14,898;0,939547882402557
2356;14,902;0,846068480023734
2357;14,906;0,865872936657694
2358;14,911;0,825415824549873
2359;14,915;0,789101078869473
2360;14,919;0,734974157551159
2361;14,923;0,756179128548677
2362;14,927;0,676823223131921
2363;14,931;0,644256332790618
2364;14,935;0,672227168952924
2365;14,939;0,60287211962523
2366;14,944;0,664041063870162
2367;14,948;0,614766628938256
2368;14,952;0,603384984040054
2369;14,956;0,591431298063779
2370;14,960;0,528112268387471
2371;14,964;0,562395281962992
2372;14,968;0,541150859856643
2373;14,972;0,505092546383655
2374;14,977;0,508248635090262
2375;14,981;0,482388433250499
2376;14,985;0,485051383096699
2377;14,989;0,511089114926209
2378;14,993;0,498050523457038
2379;14,997;0,458915023495108
2380;15,001;0,518170588961659
2381;15,005;0,493572822604539
2382;15,010;0,648694582534284
2383;15,014;0,933215979434926
2384;15,018;1,39477422722182
2385;15,022;2,24378181485358
2386;15,026;3,66049085858632
2387;15,030;5,83002568661696
2388;15,034;8,94354664679383
2389;15,038;12,9141034952499
2390;15,043;17,3203583896531
2391;15,047;21,3945730265668
2392;15,051;25,106231973309
2393;15,055;27,7802675810908
2394;15,059;28,7079604052891
2395;15,063;28,3502374759496
2396;15,067;26,2901400238206
2397;15,071;23,8027673374802
2398;15,075;20,6911794816361
2399;15,080;17,6045247265742
2400;15,084;14,5853116420617
2401;15,088;12,0251713854795
2402;15,092;10,1207874599127
2403;15,096;8,31986406725941
2404;15,100;7,01776049468534
2405;15,104;5,85768091390861
2406;15,108;5,01924622344398
2407;15,113;4,31616828738397
2408;15,117;3,68621298154517
2409;15,121;3,32714871450534
2410;15,125;2,9173305959524
2411;15,129;2,62831177264484
2412;15,133;2,30960598994076
2413;15,137;2,11913603649701
2414;15,141;1,99133416943383
2415;15,146;1,76642339797924
2416;15,150;1,65550660549641
2417;15,154;1,49330337153121
2418;15,158;1,41586084489284
2419;15,162;1,30368161692737
2420;15,166;1,28492261467747
2421;15,170;1,16591834488396
2422;15,174;1,06013019654937
2423;15,179;1,03119280822066
2424;15,183;1,00730516182253
2425;15,187;0,921755432319059
2426;15,191;0,920552173499665
2427;15,195;0,910393512975272
2428;15,199;0,841077914756411
2429;15,203;0,807781178901705
2430;15,207;0,766002454647992
2431;15,212;0,755745166351518
2432;15,216;0,72911566788952
2433;15,220;0,753082216505318
2434;15,224;0,727005033566976
2435;15,228;0,660825798500306
2436;15,232;0,622005907409037
2437;15,236;0,609874691443015
2438;15,240;0,6735290555444
2439;15,244;0,593975894583481
2440;15,249;0,555708319015868
2441;15,253;0,569555658216108
2442;15,257;0,542452746448118
2443;15,261;0,564190307414875
2444;15,265;0,536613982340895
2445;15,269;0,525528220758937
2446;15,273;0,534858407997844
2447;15,277;0,448144870783811
2448;15,282;0,516770074598102
2449;15,286;0,463116566585779
2450;15,290;0,426841272014212
2451;15,294;0,478167164605412
2452;15,298;0,439583980167139
2453;15,302;0,443391012169484
2454;15,306;0,426624290915633
2455;15,310;0,426821546459796
2456;15,315;0,387330986518373
2457;15,319;0,427531666418782
2458;15,323;0,40305225338816
2459;15,327;0,377961348170632
2460;15,331;0,424809539909334
2461;15,335;0,41524264601743
2462;15,339;0,409246077474877
2463;15,343;0,400270950215462
2464;15,348;0,380683474680081
2465;15,352;0,361825844658103
2466;15,356;0,386324983243142
2467;15,360;0,356657749401034
2468;15,364;0,362180904637596
2469;15,368;0,329673190959542
2470;15,372;0,369045397574467
2471;15,376;0,351746086351376
2472;15,381;0,395714347145298
2473;15,385;0,390309545235233
2474;15,389;0,41135671179742
2475;15,393;0,39703595929119
2476;15,397;0,40837815308056
2477;15,401;0,376659461579157
2478;15,405;0,395576268264384
2479;15,409;0,344289826782016
2480;15,413;0,369459634217209
2481;15,418;0,364784677820547
2482;15,422;0,319356725999819
2483;15,426;0,341469072500486
2484;15,430;0,350740083076145
2485;15,434;0,377487934864641
2486;15,438;0,332158610815995
2487;15,442;0,32302567912125
2488;15,446;0,325077136780545
2489;15,451;0,326931338895677
2490;15,455;0,327365301092835
2491;15,459;0,324169761277395
2492;15,463;0,3327701030029
2493;15,467;0,343126019071455
2494;15,471;0,341232365847491
2495;15,475;0,408831840832134
2496;15,479;0,474833545909058
2497;15,484;0,681754611735995
2498;15,488;1,06190549644684
2499;15,492;1,8738684928848
2500;15,496;3,30170274930832
2501;15,500;5,71682072982184
2502;15,504;9,70219146964454
2503;15,508;15,5272068654398
2504;15,512;23,6625186455803
2505;15,517;33,9349758934
2506;15,521;46,6039499239185
2507;15,525;61,0804554078199
2508;15,529;75,5259128690701
2509;15,533;87,4993638508701
2510;15,537;95,9882956450316
2511;15,541;100
2512;15,545;98,0557507289579
2513;15,550;91,019961077536
2514;15,554;80,5408589216513
2515;15,558;69,0846119766465
2516;15,562;57,4837175411071
2517;15,566;47,2795698882311
2518;15,570;39,0173241654217
2519;15,574;31,9236794628968
2520;15,578;26,4304281668293
2521;15,582;22,0284142666256
2522;15,587;18,5797561369159
2523;15,591;15,9505961654311
2524;15,595;13,6442054408602
2525;15,599;11,8840547691854
2526;15,603;10,3028148760663
2527;15,607;9,40851741549474
2528;15,611;8,22382034280647
2529;15,615;7,46103315352833
2530;15,620;6,68506929390011
2531;15,624;6,18757108596673
2532;15,628;5,73137818898107
2533;15,632;5,23960039182841
2534;15,636;4,82662618456886
2535;15,640;4,48904304628838
2536;15,644;4,09942389545772
2537;15,648;3,83162976870209
2538;15,653;3,68029531522028
2539;15,657;3,4215157668329
2540;15,661;3,30872504668052
2541;15,665;3,02292148874282
2542;15,669;2,89908445811732
2543;15,673;2,76885634786094
2544;15,677;2,62606305944138
2545;15,681;2,41835297143779
2546;15,686;2,33240873084599
2547;15,690;2,17746450090599
2548;15,694;2,14470035502053
2549;15,698;2,0151429136143
2550;15,702;1,91158375292875
2551;15,706;1,89791394371826
2552;15,710;1,80153488484024
2553;15,714;1,77670041183013
2554;15,719;1,75267468655108
2555;15,723;1,64759665817547
2556;15,727;1,57546030567508
2557;15,731;1,51295002372984
2558;15,735;1,49296803710614
2559;15,739;1,43138485621846
2560;15,743;1,41029823854744
2561;15,747;1,32220391252427
2562;15,751;1,28397578806549
2563;15,756;1,23403068428343
2564;15,760;1,2319397755153
2565;15,764;1,15510874106383
2566;15,768;1,16846294140366
2567;15,772;1,1612433884873
2568;15,776;1,12751269043543
2569;15,780;1,16382743611583
2570;15,784;1,19880084409592
2571;15,789;1,21783600410765
2572;15,793;1,36879567205556
2573;15,797;1,77202545543346
2574;15,801;2,42503993438492
2575;15,805;3,49404663042162
2576;15,809;5,13034054591655
2577;15,813;7,54889077289851
2578;15,817;10,8223268027283
2579;15,822;14,4929368707302
2580;15,826;18,616248412586
2581;15,830;22,0548859606523
2582;15,834;24,974366642036
2583;15,838;26,8148594968484
2584;15,842;26,771483002687
2585;15,846;25,6274600232051
2586;15,850;23,6028291179166
2587;15,855;21,1405473367937
2588;15,859;18,6989576622535
2589;15,863;16,525872234428
2590;15,867;15,2614839218979
2591;15,871;14,5337095917086
2592;15,875;14,8433218938268
2593;15,879;16,1737119114338
2594;15,883;18,3734268377214
2595;15,888;20,9357960819526
2596;15,892;23,0311430998235
2597;15,896;25,5002104716656
2598;15,900;26,9200953296594
2599;15,904;26,9360138520733
2600;15,908;26,3967763709951
2601;15,912;24,7858692440339
2602;15,916;22,9149201332027
2603;15,920;20,9417729249407
2604;15,925;19,4360819052361
2605;15,929;19,1182834980351
2606;15,933;19,4603048860593
2607;15,937;21,2692565793601
2608;15,941;24,2179902579432
2609;15,945;27,8120849003643
2610;15,949;31,6109505231809
2611;15,953;35,1715906253119
2612;15,958;36,8878716639649
2613;15,962;37,5550490909873
2614;15,966;36,1893306054207
2615;15,970;33,7613318378733
2616;15,974;29,9929421966299
2617;15,978;26,3139093168922
2618;15,982;22,6909561883601
2619;15,986;19,0792860769541
2620;15,991;16,1768877256949
2621;15,995;13,7239558573653
2622;15,999;11,6405230743618
2623;16,003;10,1204521254877
2624;16,007;8,83290601207283
2625;16,011;7,71553225660737
2626;16,015;6,95836685033788
2627;16,019;6,21794843976782
2628;16,024;5,52662693413992
2629;16,028;5,21160983011169
2630;16,032;4,63394696903049
2631;16,036;4,28517944139597
2632;16,040;4,00288703214437
2633;16,044;3,76854744567878
2634;16,048;3,43145744625871
2635;16,052;3,26296176043472
2636;16,057;2,99424053262153
2637;16,061;2,83706731503249
2638;16,065;2,68918483357352
2639;16,069;2,56286238309157
2640;16,073;2,41999019245434
2641;16,077;2,32645161341227
2642;16,081;2,15766004427203
2643;16,085;2,0858393006423
2644;16,089;2,04151597986889
2645;16,094;1,93176299509662
2646;16,098;1,83980246040785
2647;16,102;1,79835907057922
2648;16,106;1,7649242558436
2649;16,110;1,59317385354091
2650;16,114;1,55719444228559
2651;16,118;1,52204350431575
2652;16,122;1,48484110868662
2653;16,127;1,46166358224747
2654;16,131;1,34299464687904
2655;16,135;1,33175108086175
2656;16,139;1,32409756574823
2657;16,143;1,26815589342362
2658;16,147;1,26758385234555
2659;16,151;1,17582057320094
2660;16,155;1,19010187459834
2661;16,160;1,1309843880127
2662;16,164;1,15501011329175
2663;16,168;1,11798524765236
2664;16,172;1,03849126335469
2665;16,176;1,05523825905413
2666;16,180;1,04772282282152
2667;16,184;1,03381630695803
2668;16,188;1,03653843346748
2669;16,193;1,01827257007799
2670;16,197;1,0338952091757
2671;16,201;0,983023004336071
2672;16,205;0,967124207476537
2673;16,209;0,967262286357452
2674;16,213;0,959470692363015
2675;16,217;0,954657657085439
2676;16,221;0,923511006662109
2677;16,226;0,883823191176523
2678;16,230;0,886131081043229
2679;16,234;0,905442398816782
2680;16,238;0,92116366568657
2681;16,242;0,985173089767448
2682;16,246;1,00257102876262
2683;16,250;1,26135057715
2684;16,254;1,59999889536895
2685;16,258;2,27419861976351
2686;16,263;3,36155008140736
2687;16,267;5,0649108819177
2688;16,271;7,70837188035426
2689;16,275;11,3468884713208
2690;16,279;16,0104040464213
2691;16,283;21,3692256891418
2692;16,287;27,0883148577215
2693;16,291;31,5400371550543
2694;16,296;34,7681044097266
2695;16,300;35,7363529738049
2696;16,304;34,5303128512382
2697;16,308;32,1937420284103
2698;16,312;28,8223291697948
2699;16,316;24,9603220472916
2700;16,320;21,2811313631187
2701;16,324;18,1446301320468
2702;16,329;15,1099916639807
2703;16,333;12,9880940498654
2704;16,337;11,1526509369836
2705;16,341;9,68976437036228
2706;16,345;8,52386575103273
2707;16,349;7,36299714807934
2708;16,353;6,62989691819773
2709;16,357;5,93920663031116
2710;16,362;5,30759437790138
2711;16,366;4,90795464542724
2712;16,370;4,44692898760959
2713;16,374;4,05677724680969
2714;16,378;3,82083989043638
2715;16,382;3,51752004017701
2716;16,386;3,27438285644175
2717;16,390;3,08841032940492
2718;16,395;2,87695238606224
2719;16,399;2,77335377426786
2720;16,403;2,6115647769454
2721;16,407;2,51360767371408
2722;16,411;2,43943958910881
2723;16,415;2,37107081750193
2724;16,419;2,29861885613088
2725;16,423;2,15095335577049
2726;16,427;2,08702283390728
2727;16,432;1,9808796255932
2728;16,436;1,91971068134827
2729;16,440;1,87627501052358
2730;16,444;1,80778788559021
2731;16,448;1,72484192926969
2732;16,452;1,68477932825019
2733;16,456;1,59116184699045
2734;16,460;1,56985824822085
2735;16,465;1,53790285006646
2736;16,469;1,43598091039746
2737;16,473;1,41031796410186
2738;16,477;1,39666788044578
2739;16,481;1,35538229505248
2740;16,485;1,34433598457935
2741;16,489;1,30788316001804
2742;16,493;1,27113445214048
2743;16,498;1,23687116411937
2744;16,502;1,2338728798481
2745;16,506;1,26300752372097
2746;16,510;1,14808644369163
2747;16,514;1,1796473307577
2748;16,518;1,13972280861912
2749;16,522;1,13027426805372
2750;16,526;1,10928627815478
2751;16,531;1,09291406798925
2752;16,535;1,09457101456022
2753;16,539;1,08851526935442
2754;16,543;1,03754443674271
2755;16,547;1,05429143244215
2756;16,551;1,10340806293872
2757;16,555;1,05188491480336
2758;16,559;1,11859673983927
2759;16,564;1,28010957939989
2760;16,568;1,56303320639282
2761;16,572;2,09424238682365
2762;16,576;3,08756213056502
2763;16,580;4,7683371712687
2764;16,584;7,18207436297308
2765;16,588;10,4204580826051
2766;16,592;14,7509471224953
2767;16,596;19,2986342420633
2768;16,601;23,1980804668486
2769;16,605;26,761482146598
2770;16,609;29,128528950999
2771;16,613;29,947415617037
2772;16,617;29,3751970089747
2773;16,621;27,4300009113206
2774;16,625;24,6518143762208
2775;16,629;21,3622428428785
2776;16,634;18,2835374862464
2777;16,638;15,4204521649388
2778;16,642;13,1414405098977
2779;16,646;11,0673181885787
2780;16,650;9,71649249659636
2781;16,654;8,39219767530396
2782;16,658;7,75184700228777
2783;16,662;7,73109571904183
2784;16,667;7,90391130128299
2785;16,671;8,82183997604529
2786;16,675;10,4147968484876
2787;16,679;12,5786704424008
2788;16,683;15,1818321331649
2789;16,687;18,3187476008794
2790;16,691;20,8188629953728
2791;16,695;23,040118227083
2792;16,700;23,9768848063128
2793;16,704;24,1034636890022
2794;16,708;23,3737759800346
2795;16,712;21,3819881228492
2796;16,716;19,1606737144758
2797;16,720;16,8678147202344
2798;16,724;14,534577516103
2799;16,728;12,376305979644
2800;16,733;10,5650858475854
2801;16,737;9,07117098386726
2802;16,741;7,66030070424174
2803;16,745;6,58573140185965
2804;16,749;5,77783186963144
2805;16,753;5,1949220110755
2806;16,757;4,56824114726981
2807;16,761;4,1404333230892
2808;16,765;3,81233817648296
2809;16,770;3,43597459822005
2810;16,774;3,16713501708036
2811;16,778;2,89210161185395
2812;16,782;2,69054589682825
2813;16,786;2,52737611069666
2814;16,790;2,40079722800729
2815;16,794;2,24956140229755
2816;16,798;2,18841218360704
2817;16,803;2,09015919705947
2818;16,807;1,91043967077261
2819;16,811;1,83352973410347
2820;16,815;1,86002115368456
2821;16,819;1,72768240910563
2822;16,823;1,70223644390861
2823;16,827;1,59475189789422
2824;16,831;1,5584174266594
2825;16,836;1,50231794989946
2826;16,840;1,557924287799
2827;16,844;1,4981361323632
2828;16,848;1,36408126455006
2829;16,852;1,38919189532201
2830;16,856;1,37443718061862
2831;16,860;1,27397493197643
2832;16,864;1,30289259475071
2833;16,869;1,35277852186952
2834;16,873;1,26434886142127
2835;16,877;1,21266790885058
2836;16,881;1,25854954842288
2837;16,885;1,22765933020696
2838;16,889;1,14759330483122
2839;16,893;1,14339176174055
2840;16,897;1,09133602363595
2841;16,902;1,14317478064197
2842;16,906;1,14642949712066
2843;16,910;1,1038617506903
2844;16,914;1,10340806293872
2845;16,918;1,10474940063903
2846;16,922;1,03028543271751
2847;16,926;1,06519966403436
2848;16,930;1,05131287372529
2849;16,934;1,00878457840375
2850;16,939;1,03803757560312
2851;16,943;1,00174255547714
2852;16,947;0,967913229653189
2853;16,951;0,982273433268252
2854;16,955;0,974205681511987
2855;16,959;0,971562457220204
2856;16,963;0,929704830748825
2857;16,967;0,944873782094957
2858;16,972;0,931776013962537
2859;16,976;0,928225414167603
2860;16,980;0,883862642285355
2861;16,984;0,947063318635165
2862;16,988;0,969570176224158
2863;16,992;1,05227942589168
2864;16,996;1,19958986627258
2865;17,000;1,6167656166228
2866;17,005;2,18726810145089
2867;17,009;3,21564015539003
2868;17,013;5,0030515432682
2869;17,017;7,70103397411139
2870;17,021;11,5183232647528
2871;17,025;16,7029288108686
2872;17,029;23,3012253908914
2873;17,033;31,0594831983645
2874;17,038;40,3954302991617
2875;17,042;49,7265446391269
2876;17,046;58,8409737638291
2877;17,050;65,1237403754089
2878;17,054;68,488170387761
2879;17,058;68,4715614709425
2880;17,062;64,163756818631
2881;17,066;57,5498178739561
2882;17,071;49,9599176734261
2883;17,075;42,1307662233809
2884;17,079;35,4742003556123
2885;17,083;29,3801481231332
2886;17,087;24,7806419721136
2887;17,091;21,1701948450814
2888;17,095;18,1062047520439
2889;17,099;15,8472342602897
2890;17,103;13,6859447140051
2891;17,108;12,2778557375523
2892;17,112;10,9502667486724
2893;17,116;9,95444185952013
2894;17,120;8,92908781540669
2895;17,124;8,19318655679796
2896;17,128;7,60986246159928
2897;17,132;7,03766357909139
2898;17,136;6,42283777348988
2899;17,141;6,0943283902409
2900;17,145;5,59844767776966
2901;17,149;5,32564326019229
2902;17,153;4,92249237903205
2903;17,157;4,71280973558683
2904;17,161;4,35072745872132
2905;17,165;4,22168288172992
2906;17,169;4,02772150515449
2907;17,174;3,88624982888082
2908;17,178;3,66236478625587
2909;17,182;3,55186223041578
2910;17,186;3,35973533040106
2911;17,190;3,27755867070278
2912;17,194;3,21696176753592
2913;17,198;3,11202181804123
2914;17,202;2,95867535800895
2915;17,207;2,86239492690301
2916;17,211;2,77992238388848
2917;17,215;2,6757122799072
2918;17,219;2,60710680164732
2919;17,223;2,5674978883794
2920;17,227;2,47251934386494
2921;17,231;2,4472903597665
2922;17,235;2,29315487755757
2923;17,240;2,25330925763665
2924;17,244;2,13509401001979
2925;17,248;2,20476466821815
2926;17,252;2,09495250678263
2927;17,256;1,99005200839677
2928;17,260;2,00914634507175
2929;17,264;1,99441135592278
2930;17,268;1,93144738622596
2931;17,272;1,89063521413865
2932;17,277;1,88345511233111
2933;17,281;1,84816609548036
2934;17,285;1,79524243298144
2935;17,289;1,75784278180815
2936;17,293;1,76845513008411
2937;17,297;1,70373558604425
2938;17,301;1,65805120201611
2939;17,305;1,64972701805243
2940;17,310;1,66943284691431
2941;17,314;1,63335480788691
2942;17,318;1,61185395357315
2943;17,322;1,55182909148436
2944;17,326;1,53979650329042
2945;17,330;1,5035803853821
2946;17,334;1,50531623417074
2947;17,338;1,49340199930329
2948;17,343;1,48708982189008
2949;17,347;1,48198090329626
2950;17,351;1,45057782066552
2951;17,355;1,43406753161908
2952;17,359;1,43890029245107
2953;17,363;1,42613785874373
2954;17,367;1,42787370753236
2955;17,371;1,37412157174796
2956;17,376;1,33727423609832
2957;17,380;1,45393116491629
2958;17,384;1,32751008666225
2959;17,388;1,36743460880083
2960;17,392;1,31599036288313
2961;17,396;1,36045176253746
2962;17,400;1,41325707170989
2963;17,404;1,53997403328017
2964;17,409;1,73129218556381
2965;17,413;2,19373808329944
2966;17,417;2,9472345364475
2967;17,421;4,16398563506225
2968;17,425;5,85868691718384
2969;17,429;8,33388893644939
2970;17,433;11,5740874070877
2971;17,437;15,3353363976325
2972;17,441;19,9182139062792
2973;17,446;24,2457243874525
2974;17,450;27,8871011838094
2975;17,454;30,3839421362697
2976;17,458;31,7022798401283
2977;17,462;30,9406170074519
2978;17,466;29,1586695981471
2979;17,470;26,6490662119795
2980;17,474;23,5957081927723
2981;17,479;20,4610611638156
2982;17,483;17,7411439164615
2983;17,487;15,4015945349168
2984;17,491;13,4318006709056
2985;17,495;11,6783369621778
2986;17,499;10,245038727181
2987;17,503;9,18471127508745
2988;17,507;8,15188124585024
2989;17,512;7,50188477672448
2990;17,516;6,76844921241779
2991;17,520;6,06702822292875
2992;17,524;5,67577185108153
2993;17,528;5,25755064634724
2994;17,532;4,88392892014819
2995;17,536;4,5958371978982
2996;17,540;4,25736640966899
2997;17,545;4,07808084557929
2998;17,549;3,85466921626033
2999;17,553;3,61859378100611
3000;17,557;3,47773359691934
3001;17,561;3,30235369260406
3002;17,565;3,16482712721365
3003;17,569;3,01473538366006
3004;17,573;2,91579200270792
3005;17,578;2,78714193680485
3006;17,582;2,65805790870461
3007;17,586;2,70098071511447
3008;17,590;2,44431180104964
3009;17,594;2,4215090601444
3010;17,598;2,380598260285
3011;17,602;2,29704081177758
3012;17,606;2,18484185825769
3013;17,610;2,13882213980447
3014;17,615;2,11980670534716
3015;17,619;1,98166864776985
3016;17,623;2,02338819536031
3017;17,627;1,9730091293811
3018;17,631;1,91882303139953
3019;17,635;1,91101171185068
3020;17,639;1,85335391629185
3021;17,643;1,88838650093519
3022;17,648;1,74344312708425
3023;17,652;1,70916011350873
3024;17,656;1,74896628232081
3025;17,660;1,69213696004747
3026;17,664;1,6179688754422
3027;17,668;1,62432050396424
3028;17,672;1,6433951150848
3029;17,676;1,57768929332412
3030;17,681;1,52212240653342
3031;17,685;1,52531794634886
3032;17,689;1,54977763382507
3033;17,693;1,52087969660519
3034;17,697;1,49896460564869
3035;17,701;1,4576987458098
3036;17,705;1,48202035440509
3037;17,709;1,41203408733608
3038;17,714;1,47823304795716
3039;17,718;1,41958897467752
3040;17,722;1,42414557774768
3041;17,726;1,37141917079292
3042;17,730;1,39972534138031
3043;17,734;1,35082569198231
3044;17,738;1,40041573578488
3045;17,742;1,31362329635318
3046;17,747;1,27829482839359
3047;17,751;1,3264843578326
3048;17,755;1,32376223132315
3049;17,759;1,31654267840679
3050;17,763;1,31683856172304
3051;17,767;1,31920562825299
3052;17,771;1,27292947759236
3053;17,775;1,25326309983932
3054;17,779;1,25417047534247
3055;17,784;1,23844920847268
3056;17,788;1,27107527547723
3057;17,792;1,22655469915965
3058;17,796;1,22373394487812
3059;17,800;1,226002383636
3060;17,804;1,13747409541566
3061;17,808;1,17643206538785
3062;17,812;1,20110873396263
3063;17,817;1,18722194365356
3064;17,821;1,1619732340007
3065;17,825;1,21446293430246
3066;17,829;1,18432228715436
3067;17,833;1,20726310694052
3068;17,837;1,25428882866896
3069;17,841;1,44706667197942
3070;17,845;1,588439720481
3071;17,850;1,70059922289206
3072;17,854;1,83558119176277
3073;17,858;2,00103914220665
3074;17,862;2,230250084524
3075;17,866;2,35998505591997
3076;17,870;2,4215090601444
3077;17,874;2,50250218657771
3078;17,878;2,41519688273118
3079;17,883;2,43695416925236
3080;17,887;2,34599963783882
3081;17,891;2,18833328138937
3082;17,895;2,0204688133067
3083;17,899;1,94436762436863
3084;17,903;1,84919182431001
3085;17,907;1,68385222719262
3086;17,911;1,54313012198677
3087;17,916;1,48158639220793
3088;17,920;1,43408725717349
3089;17,924;1,3250246668058
3090;17,928;1,29482484299445
3091;17,932;1,20901868128357
3092;17,936;1,21428540431272
3093;17,940;1,16372880834375
3094;17,944;1,11295523127621
3095;17,948;1,13944665085729
3096;17,953;1,13242435348509
3097;17,957;1,17183601120885
3098;17,961;1,08693722500111
3099;17,965;1,06703414059507
3100;17,969;1,01764135233667
3101;17,973;0,995450103618337
3102;17,977;1,07934288655084
3103;17,981;1,05034632155889
3104;17,986;0,998507564552863
3105;17,990;1,05143122705178
3106;17,994;1,01395267366082
3107;17,998;1,04470481299583
3108;18,002;0,986869487447249
3109;18,006;0,99266880044564
3110;18,010;0,9664732641808
3111;18,014;0,977992987959916
3112;18,019;0,964047020987595
3113;18,023;1,00438577976892
3114;18,027;1,00633860965613
3115;18,031;1,00115078884465
3116;18,035;0,973278580454422
3117;18,039;0,993142213751631
3118;18,043;0,999079605630936
3119;18,047;0,972055596080611
3120;18,052;0,929724556303242
3121;18,056;0,976789729140522
3122;18,060;0,955841190350417
3123;18,064;0,970457826172891
3124;18,068;1,01294667038559
3125;18,072;0,942743422217997
3126;18,076;0,960437244529413
3127;18,080;0,936628500348945
3128;18,085;1,00507617417349
3129;18,089;0,945169665411201
3130;18,093;0,931953543952283
3131;18,097;0,914338623858532
3132;18,101;0,941244280082358
3133;18,105;0,880351493599255
3134;18,109;0,930197969609233
3135;18,113;0,941165377864693
3136;18,117;0,889780308610244
3137;18,122;0,943414091068151
3138;18,126;0,861553040240526
3139;18,130;0,895402091618888
3140;18,134;0,95726143026839
3141;18,138;0,940948396766114
3142;18,142;0,910018727441363
3143;18,146;0,923333476672362
3144;18,150;0,946708258655672
3145;18,155;0,895540170499802
3146;18,159;0,929211691888418
3147;18,163;0,943078756643074
3148;18,167;0,845792322261906
3149;18,171;0,935306888203053
3150;18,175;0,956985272506562
3151;18,179;0,883704837850025
3152;18,183;0,958523865751033
3153;18,188;0,945938962033436
3154;18,192;0,90700071761567
3155;18,196;0,874709985036194
3156;18,200;0,91988150464951
3157;18,204;0,901497287933523
3158;18,208;0,931657660636039
3159;18,212;0,883980995611853
3160;18,216;0,912543598406649
3161;18,221;0,951225410617004
3162;18,225;0,887709125396533
3163;18,229;0,905639654360945
3164;18,233;0,885697118846071
3165;18,237;0,930197969609233
3166;18,241;0,901773445695352
3167;18,245;0,8956585238263
3168;18,249;0,894179107245078
3169;18,254;0,865064188926626
3170;18,258;0,935346339311886
3171;18,262;0,883053894554287
3172;18,266;0,885460412193075
3173;18,270;0,885815472172569
3174;18,274;0,91301701171264
3175;18,278;0,887452693189121
3176;18,282;0,881357496874486
3177;18,286;0,900175675787632
3178;18,291;0,909900374114865
3179;18,295;0,890845488548724
3180;18,299;0,928521297483848
3181;18,303;0,9266473698143
3182;18,307;0,913825759443708
3183;18,311;0,873033312910809
3184;18,315;0,910373787420856
3185;18,319;0,892502435119693
3186;18,324;0,967893504098773
3187;18,328;0,924102773294598
3188;18,332;0,921972413417638
3189;18,336;0,858160244880923
3190;18,340;0,845713420044241
3191;18,344;0,863762302335151
3192;18,348;0,87830003593996
3193;18,352;0,87228374184299
3194;18,357;0,882521304585047
3195;18,361;0,881140515775907
3196;18,365;0,862282885753929
3197;18,369;0,848553899880187
3198;18,373;0,885835197726985
3199;18,377;0,861296608033114
3200;18,381;0,877688543753055
3201;18,385;0,917889223653465
3202;18,390;0,899702262481641
3203;18,394;0,886407238805058
3204;18,398;0,862953554604083
3205;18,402;0,870567618608773
3206;18,406;0,932328329486193
3207;18,410;0,897966413693007
3208;18,414;0,873013587356393
3209;18,418;0,832517024139739
3210;18,423;0,857923538227927
3211;18,427;0,899307751393315
3212;18,431;0,841847211378647
3213;18,435;0,853800897354922
3214;18,439;0,8699955775307
3215;18,443;0,815375517351979
3216;18,447;0,847409817724042
3217;18,451;0,797188556180154
3218;18,455;0,857193692714524
3219;18,460;0,899071044740319
3220;18,464;0,855339490599393
3221;18,468;0,803993872453776
3222;18,472;0,891634510725376
3223;18,476;0,83192525750725
3224;18,480;0,849776884253997
3225;18,484;0,794643959660452
3226;18,488;0,858554755969249
3227;18,493;0,822358363615347
3228;18,497;0,883428680088197
3229;18,501;0,814625946284159
3230;18,505;0,852459559654614
3231;18,509;0,881456124646567
3232;18,513;0,809832636561
3233;18,517;0,887866929831863
3234;18,521;0,82537637344104
3235;18,526;0,848573625434603
3236;18,530;0,85652302386437
3237;18,534;0,830031604283286
3238;18,538;0,891713412943041
3239;18,542;0,810818914281814
3240;18,546;0,873427823999135
3241;18,550;0,79689267286391
3242;18,554;0,887294888753791
3243;18,559;0,864886658936879
3244;18,563;0,888892658661511
3245;18,567;0,890273447470651
3246;18,571;0,862697122396671
3247;18,575;0,883665386741193
3248;18,579;0,823443269108243
3249;18,583;0,868535886503894
3250;18,587;0,86983777309537
3251;18,592;0,917100201476813
3252;18,596;1,00103243551815
3253;18,600;1,13380514229423
3254;18,604;1,37281968515648
3255;18,608;1,77218325986879
3256;18,612;2,29185299096609
3257;18,616;3,06207671425917
3258;18,620;4,16903537699282
3259;18,624;5,50086536007224
3260;18,629;7,41167981637876
3261;18,633;9,31649770414272
3262;18,637;11,319272695138
3263;18,641;13,1262123818883
3264;18,645;14,7198990998441
3265;18,649;15,836207675371
3266;18,653;16,2405223642418
3267;18,657;16,2314486092103
3268;18,662;15,5693801007818
3269;18,666;14,4626778702556
3270;18,670;13,3288135512981
3271;18,674;12,1423411787123
3272;18,678;10,8941278208036
3273;18,682;9,62068547879641
3274;18,686;8,6573485777678
3275;18,690;7,53019094731186
3276;18,695;6,84910700442602
3277;18,699;5,88604626115924
3278;18,703;5,31126333102281
3279;18,707;4,94746493092308
3280;18,711;4,38451733343643
3281;18,715;3,9854890931492
3282;18,719;3,66092482078348
3283;18,723;3,3500895342915
3284;18,728;3,22055181843969
3285;18,732;2,96484945654125
3286;18,736;2,75183319439968
3287;18,740;2,50145673219364
3288;18,744;2,4098907085932
3289;18,748;2,30546362351333
3290;18,752;2,22705454470856
3291;18,756;2,15679211987772
3292;18,761;2,03321152145963
3293;18,765;1,92081531239558
3294;18,769;1,83678445058216
3295;18,773;1,82439680240873
3296;18,777;1,70819356134233
3297;18,781;1,70024416291257
3298;18,785;1,6408505185651
3299;18,789;1,57147574368299
3300;18,794;1,53451005470685
3301;18,798;1,57417814463802
3302;18,802;1,50064127777407
3303;18,806;1,48472275536012
3304;18,810;1,51227935487969
3305;18,814;1,42035827129975
3306;18,818;1,3912433529813
3307;18,822;1,38792945983936
3308;18,826;1,31612844176405
3309;18,831;1,31486600628141
3310;18,835;1,33985828372685
3311;18,839;1,27969534275715
3312;18,843;1,26421078254036
3313;18,847;1,27253496650404
3314;18,851;1,21345693102723
3315;18,855;1,1976764874942
3316;18,859;1,18935230353052
3317;18,864;1,17106671458661
3318;18,868;1,18165933730816
3319;18,872;1,11315248682037
3320;18,876;1,1821919272774
3321;18,880;1,13315419899849
3322;18,884;1,10522281394502
3323;18,888;1,12743378821777
3324;18,892;1,12782829930609
3325;18,897;1,12794665263259
3326;18,901;1,12246294850486
3327;18,905;1,11159416802148
3328;18,909;1,06750755390106
3329;18,913;1,00915936393766
3330;18,917;1,07470738126301
3331;18,921;1,06007101988612
3332;18,925;1,09232230135676
3333;18,930;1,08853499490883
3334;18,934;1,11727512769338
3335;18,938;1,11654528217997
3336;18,942;1,04397496748242
3337;18,946;1,08196638528821
3338;18,950;1,05888748662114
3339;18,954;1,02446639416471
3340;18,958;0,995943242478745
3341;18,963;1,06139263203201
3342;18,967;1,03738663230738
3343;18,971;1,00687119962537
3344;18,975;1,04275198310861
3345;18,979;1,03464478024352
3346;18,983;0,999592470045759
3347;18,987;1,0141696547594
3348;18,991;1,02529486745019
3349;18,995;1,02140893323018
3350;19,000;0,995312024737423
3351;19,004;1,02079744104328
