#"+EI TIC Scan 120C_1ml-min_10C-min_3.d "
#Point;X(Minutes);Y(Counts)
0;5,191;3,63687451541326
1;5,195;3,5473285934933
2;5,199;3,51836973386474
3;5,203;3,27702248833699
4;5,207;3,34236870827505
5;5,211;3,21380120594596
6;5,215;3,10411228099753
7;5,220;3,05841734300268
8;5,224;2,96193464148703
9;5,228;2,9544534564041
10;5,232;2,85516092011552
11;5,236;2,95051968772199
12;5,240;3,20728590156622
13;5,244;3,75485245294185
14;5,248;4,86673919552674
15;5,253;6,88031947821368
16;5,257;9,46517429317289
17;5,261;12,5333733734788
18;5,265;15,4235694209194
19;5,269;17,4428044960869
20;5,273;18,7350826310942
21;5,277;18,9955367530779
22;5,281;18,8855317217175
23;5,285;18,2820845812951
24;5,290;17,4656519650843
25;5,294;16,8769915801545
26;5,298;16,147312612558
27;5,302;15,3221168241491
28;5,306;14,7001072127581
29;5,310;13,9717980396134
30;5,314;13,3628541599165
31;5,318;12,8382931307442
32;5,323;12,0760376412491
33;5,327;11,658496193991
34;5,331;11,0908920083909
35;5,335;10,5460123615169
36;5,339;10,1047102489601
37;5,343;9,62187526616599
38;5,347;9,28576634292101
39;5,351;8,77485057386485
40;5,356;8,34961720391586
41;5,360;8,07344556867104
42;5,364;7,6523391435448
43;5,368;7,24401746663541
44;5,372;6,97255230463526
45;5,376;6,6321232604269
46;5,380;6,26094408692224
47;5,384;6,04332238375845
48;5,389;5,74493549234013
49;5,393;5,45894699685738
50;5,397;5,19487521260351
51;5,401;5,02472215563499
52;5,405;4,80594139562737
53;5,409;4,41177426138664
54;5,413;4,19371352153958
55;5,417;4,04846262524619
56;5,422;3,75797839412674
57;5,426;3,5135052074141
58;5,430;3,25682680090652
59;5,434;3,08295071286386
60;5,438;2,90728335515346
61;5,442;2,8384072802819
62;5,446;2,64149054710117
63;5,450;2,47297070659442
64;5,454;2,35183170494627
65;5,459;2,24386380379626
66;5,463;2,1338763339032
67;5,467;1,99435047595967
68;5,471;1,92867058814232
69;5,475;1,89732336895677
70;5,479;1,79065501638924
71;5,483;1,735968607121
72;5,487;1,6360965424105
73;5,492;1,58146281754426
74;5,496;1,56449844010266
75;5,500;1,57161083437166
76;5,504;1,4980107247881
77;5,508;1,43926761656643
78;5,512;1,37409701130168
79;5,516;1,33298561628018
80;5,520;1,28765946909928
81;5,525;1,34111657565436
82;5,529;1,2623885176102
83;5,533;1,29029368919891
84;5,537;1,23207742499717
85;5,541;1,2166057722787
86;5,545;1,20506788824233
87;5,549;1,1660989922352
88;5,553;1,15445573939485
89;5,558;1,09757414671025
90;5,562;1,0953789632939
91;5,566;1,13299562631656
92;5,570;1,10458117217526
93;5,574;1,07114413837734
94;5,578;1,14695699284458
95;5,582;1,09246375971698
96;5,586;1,05458367468435
97;5,591;1,03322893041005
98;5,595;1,05040404545961
99;5,599;1,01354252553218
100;5,603;1,01217273108037
101;5,607;1,03156059101362
102;5,611;1,01473670531068
103;5,615;1,01447328330071
104;5,619;1,01677383552105
105;5,623;1,02493991782989
106;5,628;1,0075189422377
107;5,632;1,0239740371267
108;5,636;1,03930519810652
109;5,640;1,0530733884939
110;5,644;1,03586315050968
111;5,648;1,01166344852778
112;5,652;1,02223545186094
113;5,656;0,985654915410802
114;5,661;0,991327269358664
115;5,665;0,954255011823258
116;5,669;1,02049686659519
117;5,673;1,00588572577593
118;5,677;0,951673476125624
119;5,681;0,95952345202251
120;5,685;0,922117526607818
121;5,689;0,940065346219938
122;5,694;0,927666950284364
123;5,698;0,954149643019273
124;5,702;0,904573620744308
125;5,706;0,920466748678719
126;5,710;0,917059824016536
127;5,714;0,91233578930454
128;5,718;0,903449686835134
129;5,722;0,899059320002423
130;5,727;0,919588675312177
131;5,731;0,868186260434804
132;5,735;0,84345971443298
133;5,739;0,851590673807159
134;5,743;0,828339291061125
135;5,747;0,856139093845847
136;5,751;0,837541499942486
137;5,755;0,813376920895248
138;5,760;0,838331765972374
139;5,764;0,833502362456393
140;5,768;0,799995082789147
141;5,772;0,822052285756684
142;5,776;0,822912797655895
143;5,780;0,81047927878566
144;5,784;0,855805425966561
145;5,788;0,802383442346142
146;5,792;0,784505868603345
147;5,797;0,760569588631408
148;5,801;0,786859105225678
149;5,805;0,763028194057726
150;5,809;0,80923241460517
151;5,813;0,80422739641588
152;5,817;0,74848729910779
153;5,821;0,764380427042201
154;5,825;0,791038734450418
155;5,830;0,732787347314017
156;5,834;0,814202309859798
157;5,838;0,738389455392556
158;5,842;0,785366380502556
159;5,846;0,798098444317416
160;5,850;0,789054288642033
161;5,854;0,810567086122314
162;5,858;0,827830008508531
163;5,863;0,82948078643763
164;5,867;0,815519419909611
165;5,871;0,799345308497906
166;5,875;0,823246465535181
167;5,879;0,792074861022938
168;5,883;0,752789858603846
169;5,887;0,7585148969537
170;5,891;0,775567081731947
171;5,896;0,736282079312855
172;5,900;0,733279068399281
173;5,904;0,731277061123565
174;5,908;0,730170688681722
175;5,912;0,703916295022114
176;5,916;0,712257992004264
177;5,920;0,698999084169479
178;5,924;0,696154126461882
179;5,929;0,700684985033239
180;5,933;0,719440632142578
181;5,937;0,678820958206342
182;5,941;0,657922812082641
183;5,945;0,679646347170891
184;5,949;0,677995569241792
185;5,953;0,670163154812237
186;5,957;0,655692505731624
187;5,961;0,703705557414144
188;5,966;0,650652364607672
189;5,970;0,613351807996965
190;5,974;0,663507358693848
191;5,978;0,656798878173467
192;5,982;0,647737161030753
193;5,986;0,659749204685048
194;5,990;0,637340772370895
195;5,994;0,667581619114603
196;5,999;0,640308660349807
197;6,003;0,652531441612072
198;6,007;0,656711070836813
199;6,011;0,628542477238143
200;6,015;0,589573581231006
201;6,019;0,636216838461721
202;6,023;0,628103440554872
203;6,027;0,632897721136192
204;6,032;0,599513371740262
205;6,036;0,607890191657074
206;6,040;0,626364855289119
207;6,044;0,570291090101742
208;6,048;0,61324643919298
209;6,052;0,619322706889451
210;6,056;0,636287084331044
211;6,060;0,63932521817928
212;6,065;0,677574094025852
213;6,069;0,912722141585818
214;6,073;1,47328417878627
215;6,077;2,5480108564991
216;6,081;4,52179685421436
217;6,085;7,52191012567864
218;6,089;11,2080972413569
219;6,093;15,6307420510213
220;6,098;19,4967937151021
221;6,102;22,7996315604154
222;6,106;24,7087035510165
223;6,110;25,4258963153407
224;6,114;25,4322711279818
225;6,118;24,8145113916848
226;6,122;23,8187586325588
227;6,126;22,6415959159052
228;6,130;21,2840242453618
229;6,135;19,8987581408377
230;6,139;18,7292171010057
231;6,143;17,519249563378
232;6,147;16,7713593541595
233;6,151;15,355975333163
234;6,155;14,2275281268851
235;6,159;13,2334612686228
236;6,163;12,4896804427597
237;6,168;11,5594670797124
238;6,172;10,709246200357
239;6,176;9,89414825566335
240;6,180;9,15101720409147
241;6,184;8,42479784555919
242;6,188;7,81885697677584
243;6,192;7,18392212542927
244;6,196;6,47456177553459
245;6,201;5,86322953628067
246;6,205;5,31041210617312
247;6,209;4,79245418871728
248;6,213;4,25054242982218
249;6,217;3,90170144276235
250;6,221;3,44283786287479
251;6,225;3,09401443728229
252;6,229;2,74195970170092
253;6,234;2,4096967398014
254;6,238;2,23935050669224
255;6,242;1,97055468772638
256;6,246;1,73675887315089
257;6,250;1,5945285492384
258;6,254;1,4456248677402
259;6,258;1,35997759156769
260;6,262;1,24860276575549
261;6,267;1,12216020097343
262;6,271;1,06935286870959
263;6,275;1,02715266271358
264;6,279;0,89252645415535
265;6,283;0,884079388369216
266;6,287;0,834117013812972
267;6,291;0,791530455535682
268;6,295;0,759375408852911
269;6,299;0,762185243625846
270;6,304;0,670496822691523
271;6,308;0,628226370826188
272;6,312;0,674904750991564
273;6,316;0,648457181191317
274;6,320;0,608136052199705
275;6,324;0,603025665206431
276;6,328;0,567305640655499
277;6,332;0,605220848622786
278;6,337;0,564741666425196
279;6,341;0,53704723244446
280;6,345;0,553098413584849
281;6,349;0,568763242443959
282;6,353;0,557032182266957
283;6,357;0,516956913817977
284;6,361;0,504224850003117
285;6,365;0,528424551985016
286;6,370;0,50615661140951
287;6,374;0,479357812262646
288;6,378;0,476021133469786
289;6,382;0,451874115889879
290;6,386;0,472965438154219
291;6,390;0,476706030695689
292;6,394;0,453507332351647
293;6,398;0,437754696155883
294;6,403;0,460128005535374
295;6,407;0,429834474389673
296;6,411;0,43979182636626
297;6,415;0,4606548495553
298;6,419;0,439335228215658
299;6,423;0,428008081787266
300;6,427;0,448941350845629
301;6,431;0,408514853050032
302;6,436;0,420035175619064
303;6,440;0,435278529262234
304;6,444;0,42976422852035
305;6,448;0,423125993869292
306;6,452;0,400594631283822
307;6,456;0,41453843634451
308;6,460;0,417962922474024
309;6,464;0,4139062235206
310;6,469;0,377870092557714
311;6,473;0,403105921112133
312;6,477;0,382242897923093
313;6,481;0,404633768769916
314;6,485;0,391796336151071
315;6,489;0,385860560193246
316;6,493;0,403105921112133
317;6,497;0,381031156677265
318;6,501;0,38761670692633
319;6,506;0,371214296439325
320;6,510;0,361081329789429
321;6,514;0,406653337512963
322;6,518;0,367438580963194
323;6,522;0,35003516683833
324;6,526;0,358973953709728
325;6,530;0,364031656301011
326;6,534;0,340569535947007
327;6,539;0,357744650996569
328;6,543;0,359869588543601
329;6,547;0,384648818947418
330;6,551;0,341166625836255
331;6,555;0,345521869734304
332;6,559;0,326520362082333
333;6,563;0,332034662824218
334;6,567;0,321409975089059
335;6,572;0,356884139097358
336;6,576;0,312945347835593
337;6,580;0,328820914302674
338;6,584;0,35670852442405
339;6,588;0,342712034961369
340;6,592;0,411131511682327
341;6,596;0,459759214721427
342;6,600;0,664806907276331
343;6,605;1,07383104287896
344;6,609;1,92229577550123
345;6,613;3,11786290991758
346;6,617;5,02451141802702
347;6,621;7,37202300200991
348;6,625;9,78577644076473
349;6,629;11,8763637576974
350;6,633;13,7988702708066
351;6,638;14,7328242263954
352;6,642;15,1128719409021
353;6,646;15,015353112814
354;6,650;14,4924779845055
355;6,654;13,7338752802152
356;6,658;12,8999865654775
357;6,662;12,0101645772911
358;6,666;11,2559873627681
359;6,670;10,1487017246239
360;6,675;9,38525205535023
361;6,679;8,60991327269359
362;6,683;7,92745709074976
363;6,687;7,20619006600477
364;6,691;6,55467718949789
365;6,695;6,00140316123973
366;6,699;5,44507343766601
367;6,703;4,80437842503493
368;6,708;4,31904971387979
369;6,712;3,84409982991719
370;6,716;3,44852777828999
371;6,720;2,89999534621116
372;6,724;2,6063149280375
373;6,728;2,2224739365873
374;6,732;1,98072277731094
375;6,736;1,74164096106886
376;6,741;1,52581052757282
377;6,745;1,36062736585893
378;6,749;1,16492237392403
379;6,753;1,03150790661163
380;6,757;0,969463242531766
381;6,761;0,893000613773283
382;6,765;0,784172200724059
383;6,769;0,769982535120739
384;6,774;0,682860095692435
385;6,778;0,615494307011328
386;6,782;0,59027603992424
387;6,786;0,538434588363596
388;6,790;0,540454157106643
389;6,794;0,479182197589337
390;6,798;0,45398149196958
391;6,802;0,43561219714152
392;6,807;0,418243905951318
393;6,811;0,416277021610264
394;6,815;0,413941346455262
395;6,819;0,373181180780379
396;6,823;0,381663369501175
397;6,827;0,418437082091957
398;6,831;0,410727597933718
399;6,835;0,403316658720103
400;6,839;0,399418012972656
401;6,844;0,427902712983281
402;6,848;0,397310636892955
403;6,852;0,411289564888305
404;6,856;0,387686952795654
405;6,860;0,340042691927081
406;6,864;0,387564022524338
407;6,868;0,383630253842229
408;6,872;0,360027641749579
409;6,877;0,347137524728741
410;6,881;0,343519862458588
411;6,885;0,310398935072621
412;6,889;0,365296081948831
413;6,893;0,314016597342774
414;6,897;0,342589104690053
415;6,901;0,36297796826116
416;6,905;0,340920765293623
417;6,910;0,322762208073533
418;6,914;0,326924275830943
419;6,918;0,33480937466249
420;6,922;0,335353780149747
421;6,926;0,320672393461163
422;6,930;0,332069785758879
423;6,934;0,33814605345535
424;6,938;0,333457141678016
425;6,943;0,302180168361787
426;6,947;0,309257439696116
427;6,951;0,295735109851368
428;6,955;0,308590103937544
429;6,959;0,302145045427126
430;6,963;0,258504799109985
431;6,967;0,284126979945682
432;6,971;0,258206254165361
433;6,976;0,247739619636179
434;6,980;0,247089845344938
435;6,984;0,257047197321525
436;6,988;0,232039667842407
437;6,992;0,19974412942099
438;6,996;0,199919744094298
439;7,000;0,231073787139211
440;7,004;0,202694455932571
441;7,008;0,236026120926508
442;7,013;0,21101859144739
443;7,017;0,211562996934646
444;7,021;0,201394907350089
445;7,025;0,209086830040997
446;7,029;0,206382364072048
447;7,033;0,196108905683505
448;7,037;0,202712017399902
449;7,041;0,210175641015509
450;7,046;0,18409686202921
451;7,050;0,177142520966197
452;7,054;0,171101376204387
453;7,058;0,163620191121449
454;7,062;0,163655314056111
455;7,066;0,197759683612605
456;7,070;0,184131984963872
457;7,074;0,182920243718044
458;7,079;0,183130981326014
459;7,083;0,18931261782647
460;7,087;0,197935298285913
461;7,091;0,153100872190275
462;7,095;0,17011793403386
463;7,099;0,196231835954821
464;7,103;0,178758175960634
465;7,107;0,18639741424955
466;7,112;0,184412968441165
467;7,116;0,180110408945109
468;7,120;0,190664850810945
469;7,124;0,198953863391102
470;7,128;0,215303589476115
471;7,132;0,165464145191187
472;7,136;0,186362291314889
473;7,140;0,169520844144612
474;7,145;0,18785501603801
475;7,149;0,174859530213187
476;7,153;0,19807579002456
477;7,157;0,205996011790769
478;7,161;0,197180155190687
479;7,165;0,165903181874458
480;7,169;0,15905420961543
481;7,173;0,195968413944859
482;7,177;0,165130477311901
483;7,182;0,274204750903757
484;7,186;0,47131466022512
485;7,190;0,938537498562155
486;7,194;1,90801830256125
487;7,198;3,74730102198959
488;7,202;6,77013883217998
489;7,206;11,2924625304143
490;7,210;16,9678370506569
491;7,215;23,0058207483468
492;7,219;28,604627271027
493;7,223;32,6397958655037
494;7,227;35,5615323082705
495;7,231;36,2469739396605
496;7,235;36,1902152772473
497;7,239;34,6297032902287
498;7,243;32,3192464023139
499;7,248;29,8711251719926
500;7,252;27,0954123300818
501;7,256;24,3281816768918
502;7,260;21,6713599688108
503;7,264;19,5436301484734
504;7,268;17,1864070730566
505;7,272;15,1651348676787
506;7,276;13,102891759018
507;7,281;11,5119106261805
508;7,285;9,63567857948803
509;7,289;8,24177223303716
510;7,293;7,00939626309537
511;7,297;5,79052506153099
512;7,301;5,02075326401822
513;7,305;4,07859810318591
514;7,309;3,43591864474644
515;7,314;2,88229338714167
516;7,318;2,48802088409695
517;7,322;2,09864803043754
518;7,326;1,82242371079073
519;7,330;1,57001274084455
520;7,334;1,37186670495067
521;7,338;1,27963387852909
522;7,342;1,08680896723645
523;7,346;0,961578143700219
524;7,351;0,886485309393541
525;7,355;0,772739685491681
526;7,359;0,709623771904638
527;7,363;0,665737665044865
528;7,367;0,591558027039391
529;7,371;0,581846535605436
530;7,375;0,521083858640725
531;7,379;0,523893693413659
532;7,384;0,499500815291121
533;7,388;0,455193233215408
534;7,392;0,432749677966593
535;7,396;0,415100403299097
536;7,400;0,377150072397149
537;7,404;0,358499794091795
538;7,408;0,370810382690715
539;7,412;0,361537927940031
540;7,417;0,354162111661078
541;7,421;0,320057742104584
542;7,425;0,287288044065234
543;7,429;0,2734320463412
544;7,433;0,273994013295787
545;7,437;0,267496270383376
546;7,441;0,248933799414676
547;7,445;0,248038164580803
548;7,450;0,270657334502927
549;7,454;0,239064254774743
550;7,458;0,234989994353988
551;7,462;0,226929280849132
552;7,466;0,230757680727255
553;7,470;0,222784774559053
554;7,474;0,208805846563704
555;7,478;0,196653311170762
556;7,483;0,210772730904758
557;7,487;0,210245886884833
558;7,491;0,193843476397827
559;7,495;0,184693951918459
560;7,499;0,205258430162874
561;7,503;0,188399421525266
562;7,507;0,156700972993097
563;7,511;0,165341214919871
564;7,515;0,162742117754907
565;7,520;0,195037656176324
566;7,524;0,195143024980309
567;7,528;0,175509304504429
568;7,532;0,163567506719456
569;7,536;0,15424236756678
570;7,540;0,172365801852208
571;7,544;0,162478695744944
572;7,548;0,169801827621905
573;7,553;0,139350243270226
574;7,557;0,162724556287576
575;7,561;0,166869062577655
576;7,565;0,147094850363127
577;7,569;0,129076784881684
578;7,573;0,129972419715557
579;7,577;0,128830924339052
580;7,581;0,127057216138637
581;7,586;0,139157067129587
582;7,590;0,144495753198163
583;7,594;0,134942314970185
584;7,598;0,124335188702357
585;7,602;0,169152053330664
586;7,606;0,124054205225063
587;7,610;0,142862536736394
588;7,614;0,134064241603643
589;7,619;0,104244870075874
590;7,623;0,120454104422241
591;7,627;0,0933567603307527
592;7,631;0,103472165513317
593;7,635;0,125775229023486
594;7,639;0,110163084566368
595;7,643;0,109443064405803
596;7,647;0,109776732285089
597;7,652;0,111515317550843
598;7,656;0,122491234632618
599;7,660;0,141703479892559
600;7,664;0,13150026737334
601;7,668;0,138366801099699
602;7,672;0,137225305723194
603;7,676;0,139209751531579
604;7,680;0,138788276315639
605;7,684;0,103647780186626
606;7,689;0,1423532541838
607;7,693;0,118697957689157
608;7,697;0,0911264539797358
609;7,701;0,146374830202563
610;7,705;0,119962383336977
611;7,709;0,0997491344391789
612;7,713;0,091108892512405
613;7,717;0,104912205834446
614;7,722;0,112323145048061
615;7,726;0,125968405164125
616;7,730;0,100381347263089
617;7,734;0,095868050159063
618;7,738;0,107757163542043
619;7,742;0,112955357871972
620;7,746;0,107809847944035
621;7,750;0,107880093813358
622;7,755;0,120190682412278
623;7,759;0,0946211859785732
624;7,763;0,100574523403728
625;7,767;0,0895283604526293
626;7,771;0,101733580247564
627;7,775;0,0657325722193392
628;7,779;0,0996086427005322
629;7,783;0,100363785795758
630;7,788;0,124581049244989
631;7,792;0,136874076376578
632;7,796;0,186221799576242
633;7,800;0,203994004515053
634;7,804;0,221502787443902
635;7,808;0,238344234614179
636;7,812;0,30974916078138
637;7,816;0,403281535785441
638;7,821;0,67460620604694
639;7,825;1,19093090704101
640;7,829;2,23229079682524
641;7,833;3,93132763814948
642;7,837;6,43016638612223
643;7,841;9,57352854660418
644;7,845;13,1986720018404
645;7,849;16,5836097069255
646;7,853;19,3033365909855
647;7,858;21,2360463166139
648;7,862;21,846008761416
649;7,866;21,7305069907811
650;7,870;20,3018289390152
651;7,874;18,4941217378477
652;7,878;16,5082885735435
653;7,882;14,5744724754732
654;7,886;12,6053402666006
655;7,891;10,6828688764261
656;7,895;8,98534232129231
657;7,899;7,52805663924443
658;7,903;6,34123511555885
659;7,907;5,1409439464305
660;7,911;4,23737132932405
661;7,915;3,488339624729
662;7,919;2,79362553858825
663;7,924;2,25966912439402
664;7,928;1,92157575534066
665;7,932;1,56934540508598
666;7,936;1,32615420548849
667;7,940;1,11880596071324
668;7,944;0,937132581175687
669;7,948;0,812604216332691
670;7,952;0,73471910872041
671;7,957;0,652724617752712
672;7,961;0,593963948063716
673;7,965;0,501818928978792
674;7,969;0,499676429964429
675;7,973;0,459513354178795
676;7,977;0,38780988306697
677;7,981;0,370740136821392
678;7,985;0,337777262641403
679;7,990;0,317932804557552
680;7,994;0,309169632359462
681;7,998;0,302619205045058
682;8,002;0,279455629635679
683;8,006;0,270376351025634
684;8,010;0,222732090157061
685;8,014;0,233163601751581
686;8,018;0,21644508485262
687;8,022;0,195195709382302
688;8,027;0,188733089404552
689;8,031;0,194019091071135
690;8,035;0,16990719642589
691;8,039;0,157210255545692
692;8,043;0,152117430019748
693;8,047;0,14820122280497
694;8,051;0,147270465036436
695;8,055;0,139297558868234
696;8,060;0,123421992401153
697;8,064;0,116608143076787
698;8,068;0,133783258126349
699;8,072;0,123580045607131
700;8,076;0,117363286172013
701;8,080;0,109864539621744
702;8,084;0,117574023779983
703;8,088;0,115993491720207
704;8,093;0,106440053492229
705;8,097;0,115343717428966
706;8,101;0,095868050159063
707;8,105;0,111761178093474
708;8,109;0,0861916816597694
709;8,113;0,0938133584813545
710;8,117;0,0779904764162665
711;8,121;0,0979929877060948
712;8,126;0,0964827015156424
713;8,130;0,0852082394892423
714;8,134;0,088228811870147
715;8,138;0,0722478765990814
716;8,142;0,0768665425070926
717;8,146;0,0826267037916086
718;8,150;0,0826267037916086
719;8,154;0,11585299998156
720;8,159;0,10018817112245
721;8,163;0,124019082290402
722;8,167;0,138700468978985
723;8,171;0,168695455180062
724;8,175;0,172998014676118
725;8,179;0,164094350739382
726;8,183;0,164673879161299
727;8,187;0,150326160352002
728;8,191;0,162882609493554
729;8,196;0,163514822317464
730;8,200;0,152433536431703
731;8,204;0,132413463674544
732;8,208;0,133238852639093
733;8,212;0,114342713791108
734;8,216;0,0784470745668683
735;8,220;0,106176631482267
736;8,224;0,0862443660617619
737;8,229;0,0934972520693994
738;8,233;0,0931460227227826
739;8,237;0,0558103431774138
740;8,241;0,0541420037809839
741;8,245;0,0806071350485618
742;8,249;0,0464852040247371
743;8,253;0,0574259981718512
744;8,257;0,0630281062503896
745;8,262;0,0376869088919856
746;8,266;0,0782187754915674
747;8,270;0,0387757198664977
748;8,274;0,0558279046447447
749;8,278;0,0460988517434586
750;8,282;0,0389162116051445
751;8,286;0,0596211815882064
752;8,290;0,0215303589476115
753;8,295;0,0400225840469875
754;8,299;0,0428851032219146
755;8,303;0,0454139545175558
756;8,307;0,0409182188808604
757;8,311;0,0609558531053504
758;8,315;0,0468891177733464
759;8,319;0,0489964938530474
760;8,323;0,0720547004584421
761;8,328;0,0393201253537538
762;8,332;0,0446236884876679
763;8,336;0,0454490774522174
764;8,340;0,0149799316332077
765;8,344;0,024357755187877
766;8,348;0,0294154577791593
767;8,352;0,0326643292353649
768;8,356;0,0149974931005385
769;8,360;0,0290115440305499
770;8,365;0,0301354779397238
771;8,369;0,0420772757246959
772;8,373;0,025903164312991
773;8,377;0,0395308629617239
774;8,381;0,0659081868926476
775;8,385;0,0423582592019894
776;8,389;0,0716507867098327
777;8,393;0,0688936363388907
778;8,398;0,108968904787871
779;8,402;0,146076285257938
780;8,406;0,114816873409041
781;8,410;0,151783762140462
782;8,414;0,13880583778297
783;8,418;0,157842468369602
784;8,422;0,154927264792682
785;8,426;0,142686922063086
786;8,431;0,0924962484315414
787;8,435;0,108758167179901
788;8,439;0,134046680136312
789;8,443;0,0977822500981247
790;8,447;0,0811866634704796
791;8,451;0,0833467239521731
792;8,455;0,096307086842334
793;8,459;0,0771826489190478
794;8,464;0,0909859622410891
795;8,468;0,184360284039173
796;8,472;0,467942858497599
797;8,476;1,01868803546011
798;8,480;2,33660591277044
799;8,484;4,73446622359085
800;8,488;8,67162426889416
801;8,492;14,763802654767
802;8,497;22,6435101158442
803;8,501;31,5140706866622
804;8,505;40,2615604944255
805;8,509;46,962559829724
806;8,513;51,1379567408375
807;8,517;51,4477761474882
808;8,521;49,5175777116881
809;8,525;44,7224717414039
810;8,529;39,4220696716093
811;8,534;33,4872595944882
812;8,538;27,8264786535974
813;8,542;22,5694358466427
814;8,546;18,1122125078039
815;8,550;14,3955913692413
816;8,554;11,2749713089527
817;8,558;8,81058815988311
818;8,562;7,03559797235298
819;8,567;5,49640560667406
820;8,571;4,51061019952461
821;8,575;3,63093873945544
822;8,579;3,07422266360043
823;8,583;2,5710690631045
824;8,587;2,21731086519203
825;8,591;1,80445832971128
826;8,595;1,60467907735563
827;8,600;1,43752903130068
828;8,604;1,23673121383984
829;8,608;1,10956862889722
830;8,612;1,03932275957385
831;8,616;0,940697559043848
832;8,620;0,84324897682501
833;8,624;0,745870640475494
834;8,628;0,674518398710286
835;8,633;0,641959438278906
836;8,637;0,624468216817388
837;8,641;0,558700521663387
838;8,645;0,551921795273682
839;8,649;0,500414011592325
840;8,653;0,520960928369409
841;8,657;0,52974166203483
842;8,661;0,541472722211832
843;8,666;0,522506337494523
844;8,670;0,507666897599962
845;8,674;0,478444615961442
846;8,678;0,470787816205195
847;8,682;0,470998553813165
848;8,686;0,412308129993493
849;8,690;0,407320673271534
850;8,694;0,382084844717115
851;8,698;0,309942336922019
852;8,703;0,318810877924094
853;8,707;0,273625222481839
854;8,711;0,259681417421151
855;8,715;0,233040671480265
856;8,719;0,207172630101936
857;8,723;0,198479703773169
858;8,727;0,196144028618167
859;8,731;0,172049695440253
860;8,736;0,176545431076948
861;8,740;0,134854507633531
862;8,744;0,135381351653456
863;8,748;0,139947333159475
864;8,752;0,122614164903934
865;8,756;0,129252399554992
866;8,760;0,13211491872992
867;8,764;0,127478691354577
868;8,769;0,104016571000573
869;8,773;0,111093842334902
870;8,777;0,113148534012611
871;8,781;0,0738459701261879
872;8,785;0,0774987553310029
873;8,789;0,0976066354248163
874;8,793;0,106475176426891
875;8,797;0,100346224328428
876;8,802;0,119031625568443
877;8,806;0,1423532541838
878;8,810;0,133344221443078
879;8,814;0,157140009676368
880;8,818;0,213301582200399
881;8,822;0,251866564458927
882;8,826;0,272167620693379
883;8,830;0,28888613759234
884;8,835;0,273695468351163
885;8,839;0,31559712940255
886;8,843;0,250830437886407
887;8,847;0,267689446524015
888;8,851;0,272308112432026
889;8,855;0,198374334969184
890;8,859;0,193246386508578
891;8,863;0,156771218862421
892;8,867;0,150308598884671
893;8,872;0,141211758807295
894;8,876;0,10666835256753
895;8,880;0,0758831003365655
896;8,884;0,0945158171745882
897;8,888;0,065644764882685
898;8,892;0,0850501862832647
899;8,896;0,0934445676674069
900;8,900;0,0764099443564908
901;8,905;0,0815027698824348
902;8,909;0,103138497634031
903;8,913;0,0852082394892423
904;8,917;0,0614826971252756
905;8,921;0,0653989043400532
906;8,925;0,0629578603810663
907;8,929;0,0464325196227446
908;8,933;0,044834426095638
909;8,938;0,0741269536034814
910;8,942;0,0497340754809427
911;8,946;0,0459232370701502
912;8,950;0,042288013332666
913;8,954;0,0480832975518436
914;8,958;0,0770597186477319
915;8,962;0,140403931310077
916;8,966;0,296630744685241
917;8,971;0,637217842099579
918;8,975;1,34698210574286
919;8,979;2,71540676309668
920;8,983;4,86287567271396
921;8,987;8,04497843012775
922;8,991;12,0915971013042
923;8,995;16,4965048289645
924;8,999;20,324272494264
925;9,004;23,5418142927514
926;9,008;25,0235279758565
927;9,012;24,8297196223933
928;9,016;23,2812372404964
929;9,020;20,8347316651695
930;9,024;17,942305311378
931;9,028;14,8560354811886
932;9,032;12,0711028689291
933;9,036;9,59883462102792
934;9,041;7,59812689389449
935;9,045;5,87914022568242
936;9,049;4,56004573006093
937;9,053;3,66936322997532
938;9,057;2,87533904607866
939;9,061;2,40384877118023
940;9,065;1,91091594467084
941;9,069;1,64572022650781
942;9,074;1,34192440315158
943;9,078;1,14230320400191
944;9,082;0,966811460964809
945;9,086;0,865306179792546
946;9,090;0,758146106139752
947;9,094;0,690358842242705
948;9,098;0,608153613667036
949;9,102;0,549076837566086
950;9,107;0,460163128470036
951;9,111;0,457124994621801
952;9,115;0,418753188503912
953;9,119;0,363100898532476
954;9,123;0,340341236871706
955;9,127;0,343344247785279
956;9,131;0,378994026466887
957;9,135;0,555398965805189
958;9,140;0,855401512217952
959;9,144;1,78809104215894
960;9,148;3,41110429140796
961;9,152;5,97430581714825
962;9,156;9,63764546382908
963;9,160;14,4407594632162
964;9,164;19,4037354997159
965;9,168;23,9444284927783
966;9,173;27,2747149115297
967;9,177;28,6347978719014
968;9,181;28,3414335601397
969;9,185;26,0787789862994
970;9,189;22,7409762595304
971;9,193;18,7722075730316
972;9,197;15,1460982370921
973;9,201;11,8291058491101
974;9,205;9,12209346739757
975;9,210;6,98473996296287
976;9,214;5,53804384571548
977;9,218;4,17585350926411
978;9,222;3,42534664141328
979;9,226;2,71579311537796
980;9,230;2,15354517731375
981;9,234;1,82156319889152
982;9,238;1,4926017928502
983;9,243;1,30200718790858
984;9,247;1,12781499345396
985;9,251;0,979069365161737
986;9,255;0,874789372151201
987;9,259;0,751472748554033
988;9,263;0,687671937741086
989;9,267;0,610928325505309
990;9,271;0,56878080391129
991;9,276;0,50032620425567
992;9,280;0,469681443763352
993;9,284;0,432363325685314
994;9,288;0,406003563221721
995;9,292;0,373971446810267
996;9,296;0,339357794701178
997;9,300;0,319249914607365
998;9,304;0,313770736800143
999;9,309;0,271289547326837
1000;9,313;0,265529386042321
1001;9,317;0,246282017847719
1002;9,321;0,228527374376239
1003;9,325;0,197742122145274
1004;9,329;0,201078800938134
1005;9,333;0,205925765921446
1006;9,337;0,174051702715969
1007;9,342;0,163514822317464
1008;9,346;0,161635745313064
1009;9,350;0,144425507328839
1010;9,354;0,124545926310327
1011;9,358;0,158457119726182
1012;9,362;0,128268957384465
1013;9,366;0,123685414411116
1014;9,370;0,119892137467654
1015;9,374;0,0922503878889097
1016;9,379;0,100925752750345
1017;9,383;0,0999071876451565
1018;9,387;0,0849448174792797
1019;9,391;0,0735474251815636
1020;9,395;0,0564249945339933
1021;9,399;0,0867009642123638
1022;9,403;0,0591821449049354
1023;9,407;0,0782363369588983
1024;9,412;0,0730557040963001
1025;9,416;0,0515780295506811
1026;9,420;0,0610085375073429
1027;9,424;0,0573908752371896
1028;9,428;0,0430431564278922
1029;9,432;0,0452032169095857
1030;9,436;0,0652584126014065
1031;9,440;0,0621675943511784
1032;9,445;0,0439563527290959
1033;9,449;0,0540893193789914
1034;9,453;0,0421650830613501
1035;9,457;0,040847973011537
1036;9,461;0,0233216286153573
1037;9,465;0,0482062278231595
1038;9,469;0,0295735109851369
1039;9,473;0,0274310119707742
1040;9,478;0,0159282508690731
1041;9,482;0,0121349739256114
1042;9,486;0,050594587380154
1043;9,490;0,0344907218377724
1044;9,494;0,0241118946452452
1045;9,498;0,0185097865667068
1046;9,502;0
1047;9,506;0,0175087829288488
1048;9,511;0,0153311609798245
1049;9,515;0,0267812376795331
1050;9,519;0,018931261782647
1051;9,523;0,0297491256584453
1052;9,527;0,0142423500053123
1053;9,531;0,0420070298553725
1054;9,535;0,00612895209846363
1055;9,539;0,0194054214005797
1056;9,543;0,0269392908855106
1057;9,548;0,03276969803935
1058;9,552;0,0338058246118696
1059;9,556;0,0263948853982546
1060;9,560;0,0241470175799069
1061;9,564;0,0333492264612677
1062;9,568;0,0200903186264825
1063;9,572;0,00651530437974214
1064;9,576;0,0248319148058097
1065;9,581;0,0202308103651292
1066;9,585;0,0127671867495217
1067;9,589;0,00426743656139445
1068;9,593;0,0175439058635105
1069;9,597;0,0217410965555816
1070;9,601;0,00554942367654587
1071;9,605;0,00514550992793652
1072;9,609;0,00783241442955525
1073;9,614;0,0169116930396002
1074;9,618;0,0274836963727667
1075;9,622;0,0301881623417163
1076;9,626;0,0544405487256082
1077;9,630;0,136909199311239
1078;9,634;0,322410978726917
1079;9,638;0,739899741583008
1080;9,642;1,67028871930365
1081;9,647;3,20266723565821
1082;9,651;6,03419042074641
1083;9,655;9,75244477577079
1084;9,659;14,4029847469875
1085;9,663;19,1034870927605
1086;9,667;23,5795012016434
1087;9,671;26,5830389592372
1088;9,675;27,286568901978
1089;9,680;26,4722787847816
1090;9,684;24,0173437051359
1091;9,688;20,8131310603526
1092;9,692;17,1519163512188
1093;9,696;13,669319326307
1094;9,700;10,5573746308799
1095;9,704;8,15840794761765
1096;9,708;6,32121504280169
1097;9,712;4,73367595756096
1098;9,717;3,82465928558195
1099;9,721;3,04205005545033
1100;9,725;2,36779507875001
1101;9,729;1,96493501818051
1102;9,733;1,68604135549942
1103;9,737;1,44198964400271
1104;9,741;1,1621125391511
1105;9,745;1,06922993843828
1106;9,750;0,914706587394203
1107;9,754;0,784699044743984
1108;9,758;0,689796875288118
1109;9,762;0,624837007631336
1110;9,766;0,596457676424696
1111;9,770;0,509387921398385
1112;9,774;0,4775665425949
1113;9,778;0,438983998869041
1114;9,783;0,43290773117257
1115;9,787;0,439019121803703
1116;9,791;0,55395892548406
1117;9,795;1,05883354977842
1118;9,799;2,13637006226418
1119;9,803;4,61158863667695
1120;9,807;9,10447931566474
1121;9,811;16,5929524075455
1122;9,816;27,8476050987964
1123;9,820;42,1425516987646
1124;9,824;58,7862040624942
1125;9,828;75,1856642229885
1126;9,832;87,9933652776424
1127;9,836;95,1564946257519
1128;9,840;94,3702677333502
1129;9,844;86,6986987830781
1130;9,849;75,3736772922325
1131;9,853;61,3961015298672
1132;9,857;47,6631745688879
1133;9,861;36,2620592400977
1134;9,865;27,0136110152548
1135;9,869;20,3014074637992
1136;9,873;15,6301800840667
1137;9,877;11,9656111346727
1138;9,881;9,49077891254126
1139;9,886;7,73594928950693
1140;9,890;6,38317189954489
1141;9,894;5,35900468627756
1142;9,898;4,47784050148526
1143;9,902;3,85432060390374
1144;9,906;3,44447107933656
1145;9,910;2,94512831725142
1146;9,914;2,60339972446058
1147;9,919;2,31049201084947
1148;9,923;2,10547944122923
1149;9,927;1,96691946398889
1150;9,931;1,72495756710456
1151;9,935;1,54347736370765
1152;9,939;1,44527363839358
1153;9,943;1,30328917502373
1154;9,947;1,22735339028517
1155;9,952;1,134611281311
1156;9,956;1,03723294496148
1157;9,960;0,928193794304289
1158;9,964;0,867185256796946
1159;9,968;0,806914300917499
1160;9,972;0,820348823425592
1161;9,976;0,724954932884462
1162;9,980;0,729608721727135
1163;9,985;0,661821457830088
1164;9,989;0,625855572736524
1165;9,993;0,598090892886464
1166;9,997;0,569781807549148
1167;10,001;0,523647832871028
1168;10,005;0,524262484227607
1169;10,009;0,484766744200545
1170;10,013;0,465220831061318
1171;10,018;0,440037686908892
1172;10,022;0,423055747999968
1173;10,026;0,347699491683328
1174;10,030;0,339340233233848
1175;10,034;0,377325687070457
1176;10,038;0,311118955233186
1177;10,042;0,323886141982707
1178;10,046;0,302742135316374
1179;10,050;0,325115444695866
1180;10,055;0,25214754793622
1181;10,059;0,253464657986033
1182;10,063;0,263948853982546
1183;10,067;0,242418495034934
1184;10,071;0,231600631159136
1185;10,075;0,2229252662977
1186;10,079;0,243858535356063
1187;10,083;0,204239865057685
1188;10,088;0,242734601446889
1189;10,092;0,226367313894545
1190;10,096;0,228000530356313
1191;10,100;0,219922255384126
1192;10,104;0,204450602665655
1193;10,108;0,178775737427965
1194;10,112;0,233058232947596
1195;10,116;0,196793802909408
1196;10,121;0,149693947528092
1197;10,125;0,174244878856608
1198;10,129;0,13984196435549
1199;10,133;0,129392891293639
1200;10,137;0,136540408497292
1201;10,141;0,146374830202563
1202;10,145;0,118276482473217
1203;10,149;0,13232565633789
1204;10,154;0,111568001952835
1205;10,158;0,110584559782308
1206;10,162;0,114044168846484
1207;10,166;0,126565495053374
1208;10,170;0,13817362495906
1209;10,174;0,15027347595001
1210;10,178;0,147446079709744
1211;10,182;0,164340211282013
1212;10,187;0,137734588275789
1213;10,191;0,133519836116387
1214;10,195;0,12461617217965
1215;10,199;0,179214774111236
1216;10,203;0,280474194740867
1217;10,207;0,48947321744521
1218;10,211;1,09602873758514
1219;10,215;2,24033394886276
1220;10,219;4,35745664293234
1221;10,224;7,57255739746079
1222;10,228;12,0446728605962
1223;10,232;17,3944050921231
1224;10,236;22,6240344485743
1225;10,240;27,016965255515
1226;10,244;29,1704577484267
1227;10,248;29,1978711989302
1228;10,252;26,9491604301506
1229;10,257;23,3044535003078
1230;10,261;19,4626015382089
1231;10,265;15,3906767926087
1232;10,269;11,9220586956923
1233;10,273;9,13575628898097
1234;10,277;6,97825978151778
1235;10,281;5,42763490060648
1236;10,285;4,28434825443405
1237;10,290;3,37622721728891
1238;10,294;2,69254173263193
1239;10,298;2,24542677438871
1240;10,302;1,84901177232963
1241;10,306;1,5816559936849
1242;10,310;1,4178953108248
1243;10,314;1,32610152108649
1244;10,318;1,14441058008161
1245;10,323;1,08816120022092
1246;10,327;1,03022591949648
1247;10,331;0,961139107016948
1248;10,335;0,92194191193451
1249;10,339;0,766558048991225
1250;10,343;0,717350817530208
1251;10,347;0,626312170887126
1252;10,351;0,597757225007178
1253;10,356;0,52391125488099
1254;10,360;0,516869106481323
1255;10,364;0,42748123776734
1256;10,368;0,401472704650364
1257;10,372;0,368509830470375
1258;10,376;0,339831954319111
1259;10,380;0,337829947043395
1260;10,384;0,305797830631941
1261;10,388;0,271061248251536
1262;10,393;0,270130490483002
1263;10,397;0,254606153362538
1264;10,401;0,254869575372501
1265;10,405;0,273923767426464
1266;10,409;0,287955379823806
1267;10,413;0,339480724972494
1268;10,417;0,297666871257761
1269;10,421;0,352528895199309
1270;10,426;0,439704019029606
1271;10,430;0,425479230491624
1272;10,434;0,464167143021468
1273;10,438;0,534061782998217
1274;10,442;0,664648854070353
1275;10,446;0,987885221761819
1276;10,450;1,77808100578036
1277;10,454;3,3143230449477
1278;10,459;6,16043980938783
1279;10,463;10,2348407218817
1280;10,467;16,0098238848249
1281;10,471;22,2378226590344
1282;10,475;28,3523216698848
1283;10,479;32,2472443862574
1284;10,483;33,8442315409222
1285;10,487;32,8965269564133
1286;10,492;29,1908466119978
1287;10,496;24,4084024596591
1288;10,500;19,6033391373983
1289;10,504;15,1181755040361
1290;10,508;11,7167124581927
1291;10,512;8,92305179666982
1292;10,516;6,74774796133316
1293;10,520;5,29399213421878
1294;10,525;4,16039941801297
1295;10,529;3,3812322354782
1296;10,533;2,6905924097582
1297;10,537;2,31368819790369
1298;10,541;1,97013321251044
1299;10,545;1,70574532184462
1300;10,549;1,46383610936228
1301;10,553;1,26641009362896
1302;10,557;1,14439301861428
1303;10,562;0,993434645438365
1304;10,566;0,968233939818608
1305;10,570;0,797782337905461
1306;10,574;0,734877161926388
1307;10,578;0,727044747496832
1308;10,582;0,669320204380357
1309;10,586;0,591505342637399
1310;10,590;0,552957921846202
1311;10,595;0,541314669005854
1312;10,599;0,523314164991742
1313;10,603;0,464254950358122
1314;10,607;0,438825945663064
1315;10,611;0,433961419212421
1316;10,615;0,39929508270134
1317;10,619;0,3727948284991
1318;10,623;0,366542946129321
1319;10,628;0,3295760573979
1320;10,632;0,282458640549252
1321;10,636;0,297930293267724
1322;10,640;0,265652316313637
1323;10,644;0,27594333616951
1324;10,648;0,246106403174411
1325;10,652;0,236992001629704
1326;10,656;0,241786282211024
1327;10,661;0,22647268269853
1328;10,665;0,214618692250212
1329;10,669;0,208507301619079
1330;10,673;0,20288763207321
1331;10,677;0,190752658147599
1332;10,681;0,179285019980559
1333;10,685;0,21414453263228
1334;10,689;0,211808857477278
1335;10,694;0,226209260688568
1336;10,698;0,204099373319038
1337;10,702;0,180356269487741
1338;10,706;0,188838458208537
1339;10,710;0,147797309056361
1340;10,714;0,163040662699531
1341;10,718;0,188469667394589
1342;10,722;0,168871069853371
1343;10,726;0,146199215529254
1344;10,731;0,15945812336404
1345;10,735;0,126003528098787
1346;10,739;0,110092838697044
1347;10,743;0,136557969964622
1348;10,747;0,141492742284589
1349;10,751;0,103682903121287
1350;10,755;0,0957275584204162
1351;10,759;0,11188410836479
1352;10,764;0,113657816565205
1353;10,768;0,105649787462342
1354;10,772;0,0953938905411303
1355;10,776;0,0706497830719748
1356;10,780;0,079149533260102
1357;10,784;0,0878424595888685
1358;10,788;0,0858404523131526
1359;10,792;0,0652232896667448
1360;10,797;0,0867185256796946
1361;10,801;0,0723708068703973
1362;10,805;0,0777973002756272
1363;10,809;0,0671550510731374
1364;10,813;0,095868050159063
1365;10,817;0,0489964938530474
1366;10,821;0,0673131042791149
1367;10,825;0,0574084367045204
1368;10,830;0,0561791339913615
1369;10,834;0,094533378641919
1370;10,838;0,0993452206905696
1371;10,842;0,154786773054036
1372;10,846;0,294295069530239
1373;10,850;0,563389433440722
1374;10,854;1,21219784397866
1375;10,858;2,64812878175223
1376;10,863;5,08033932267177
1377;10,867;8,86420331964417
1378;10,871;14,080538645326
1379;10,875;19,8298996274335
1380;10,879;25,5689871511524
1381;10,883;29,7986489963182
1382;10,887;32,031975919716
1383;10,891;31,421275893286
1384;10,895;28,5091280116819
1385;10,900;24,4404696990052
1386;10,904;19,7267962527341
1387;10,908;15,3824053414959
1388;10,912;11,8043793031083
1389;10,916;9,1430618593906
1390;10,920;7,0373189961514
1391;10,924;5,55876637716588
1392;10,928;4,36867842055675
1393;10,933;3,46094373569289
1394;10,937;2,89063508412382
1395;10,941;2,3570298992762
1396;10,945;2,00790792873908
1397;10,949;1,75064999380958
1398;10,953;1,5294984357123
1399;10,957;1,34210001782489
1400;10,961;1,17064741227389
1401;10,966;1,03740855963479
1402;10,970;0,97350238001786
1403;10,974;0,828374413995787
1404;10,978;0,818487307888523
1405;10,982;0,761465223465281
1406;10,986;0,646156628970977
1407;10,990;0,581653359464797
1408;10,994;0,590873129813488
1409;10,999;0,52433273009693
1410;11,003;0,494443112699838
1411;11,007;0,465730113613913
1412;11,011;0,421773760884817
1413;11,015;0,368703006611014
1414;11,019;0,402860060569501
1415;11,023;0,356638278554726
1416;11,027;0,363856041627702
1417;11,032;0,32165583563169
1418;11,036;0,305253425144685
1419;11,040;0,295629741047383
1420;11,044;0,287551466075196
1421;11,048;0,26361518610326
1422;11,052;0,272079813356725
1423;11,056;0,225296064387364
1424;11,060;0,255765210206374
1425;11,064;0,257503795472127
1426;11,069;0,264405452133148
1427;11,073;0,398417009334798
1428;11,077;0,797167686548882
1429;11,081;1,60583813419946
1430;11,085;3,33502801493076
1431;11,089;7,00674448152841
1432;11,093;13,0129946077515
1433;11,097;21,6261743133686
1434;11,102;33,0214767964722
1435;11,106;46,3466616089641
1436;11,110;59,3682086513056
1437;11,114;69,2606885675726
1438;11,118;73,9996329653328
1439;11,122;72,7666599055017
1440;11,126;66,4589496310775
1441;11,130;56,2630953666703
1442;11,135;44,3172760056794
1443;11,139;34,2772622023661
1444;11,143;25,6919174224683
1445;11,147;19,3686652494563
1446;11,151;14,8322045700206
1447;11,155;11,632540345276
1448;11,159;9,14957716377034
1449;11,163;7,4766191014324
1450;11,168;6,24094157563241
1451;11,172;5,4190473430817
1452;11,176;4,7514657239671
1453;11,180;4,31752186622201
1454;11,184;3,81201502910374
1455;11,188;3,46443846769173
1456;11,192;3,18810877924094
1457;11,196;2,87303849385832
1458;11,201;2,60057232822031
1459;11,205;2,28597620245562
1460;11,209;2,05277747776938
1461;11,213;1,90118689176955
1462;11,217;1,67325660728256
1463;11,221;1,55018584422803
1464;11,225;1,42328668129537
1465;11,229;1,29819634949779
1466;11,233;1,18529367602781
1467;11,238;1,12251143032005
1468;11,242;0,980491844015535
1469;11,246;0,990501880394114
1470;11,250;0,888452193734595
1471;11,254;0,843863628181589
1472;11,258;0,802155143270841
1473;11,262;0,748979020193053
1474;11,266;0,699877157536021
1475;11,271;0,701352320791811
1476;11,275;0,642855073112779
1477;11,279;0,638833497094016
1478;11,283;0,588537454658487
1479;11,287;0,596808905771313
1480;11,291;0,548971468762101
1481;11,295;0,617268015211743
1482;11,299;0,639553517254581
1483;11,304;0,878723140833309
1484;11,308;1,39253655199907
1485;11,312;2,42197220546566
1486;11,316;4,43758961836297
1487;11,320;7,92743952928243
1488;11,324;12,7132554833487
1489;11,328;18,9440114079292
1490;11,332;25,2248526373373
1491;11,337;30,4205181159707
1492;11,341;33,5362034039392
1493;11,345;34,2803705820836
1494;11,349;32,6960979297664
1495;11,353;28,7520557892694
1496;11,357;23,8223938562963
1497;11,361;19,1581735020288
1498;11,365;14,9776310809873
1499;11,370;11,580786701052
1500;11,374;8,98866143861784
1501;11,378;7,03507112833306
1502;11,382;5,55140812235426
1503;11,386;4,53479234003918
1504;11,390;3,75931306564389
1505;11,394;3,21172895280092
1506;11,398;2,74608664652366
1507;11,403;2,31971178119817
1508;11,407;2,08129730071466
1509;11,411;1,88597866106105
1510;11,415;1,70595605945259
1511;11,419;1,73589836125168
1512;11,423;2,04139764693899
1513;11,427;2,88564762740186
1514;11,431;4,8541300619832
1515;11,435;8,7944667328734
1516;11,440;15,2872924344321
1517;11,444;24,8464557007596
1518;11,448;36,699199284897
1519;11,452;49,7198506924047
1520;11,456;61,2486378886901
1521;11,460;68,6626503590881
1522;11,464;70,5837695162782
1523;11,468;66,9739923449564
1524;11,473;59,1607725991937
1525;11,477;48,8341732105084
1526;11,481;38,6871749482156
1527;11,485;29,6819003615028
1528;11,489;22,6660766013643
1529;11,493;17,3006971024457
1530;11,497;13,5030473536186
1531;11,501;10,7261578933966
1532;11,506;8,60071106381223
1533;11,510;7,1477279412604
1534;11,514;5,9567443498174
1535;11,518;5,12436592127019
1536;11,522;4,37117214891773
1537;11,526;3,83275512202147
1538;11,530;3,39447358184566
1539;11,534;3,07921012032239
1540;11,539;2,70759191013446
1541;11,543;2,50375595882538
1542;11,547;2,2398422277775
1543;11,551;1,9955622172055
1544;11,555;1,90977444929434
1545;11,559;1,73990237580311
1546;11,563;1,59133236218419
1547;11,567;1,52495001567361
1548;11,572;1,39985968387603
1549;11,576;1,34478692232651
1550;11,580;1,2045937286244
1551;11,584;1,16434284550211
1552;11,588;1,12482954400772
1553;11,592;1,02820635075343
1554;11,596;1,00895898255883
1555;11,600;0,948407043202088
1556;11,604;0,854786860861372
1557;11,609;0,795183240740497
1558;11,613;0,800082890125801
1559;11,617;0,781309681549132
1560;11,621;0,740268532396956
1561;11,625;0,740338778266279
1562;11,629;0,687426077198454
1563;11,633;0,62597850300784
1564;11,637;0,643311671263381
1565;11,642;0,604167160582935
1566;11,646;0,617707051895014
1567;11,650;0,582197764952053
1568;11,654;0,505559521520261
1569;11,658;0,553010606248194
1570;11,662;0,582039711746075
1571;11,666;0,712486291079565
1572;11,670;1,09632728252976
1573;11,675;1,83178397287807
1574;11,679;3,52095126956238
1575;11,683;6,36050004522078
1576;11,687;10,8166170116178
1577;11,691;16,7048013929756
1578;11,695;23,8254495516118
1579;11,699;31,4761027942929
1580;11,703;39,2139838452062
1581;11,708;46,372722826483
1582;11,712;54,1890860748979
1583;11,716;62,6324815143604
1584;11,720;71,9923572494176
1585;11,724;80,6784521673924
1586;11,728;85,8127051947698
1587;11,732;86,0459741653254
1588;11,736;80,9684271159592
1589;11,741;69,8287493513233
1590;11,745;57,4136875832523
1591;11,749;45,1462299480971
1592;11,753;34,7862286485485
1593;11,757;26,5457384026265
1594;11,761;20,5660236535403
1595;11,765;16,030107379592
1596;11,769;12,7569484140678
1597;11,773;10,4730620262245
1598;11,778;8,82389975211989
1599;11,782;7,35642841902012
1600;11,786;6,34588890440152
1601;11,790;5,53460179811864
1602;11,794;4,82908740956942
1603;11,798;4,38922533733384
1604;11,802;3,91406471576326
1605;11,806;3,49596130155059
1606;11,811;3,147770088782
1607;11,815;2,95842234802087
1608;11,819;2,70618699274799
1609;11,823;2,54114432277274
1610;11,827;2,30280008815857
1611;11,831;2,17344231979959
1612;11,835;2,0350228342979
1613;11,839;1,93307851644236
1614;11,844;1,77676389573054
1615;11,848;1,73045430637912
1616;11,852;1,6464578081357
1617;11,856;1,50965397762845
1618;11,860;1,49045929383584
1619;11,864;1,40295050212625
1620;11,868;1,3375515977862
1621;11,872;1,25546929948185
1622;11,877;1,28890633327977
1623;11,881;1,20524350291564
1624;11,885;1,15053953218007
1625;11,889;1,17020837559061
1626;11,893;1,10212256674894
1627;11,897;1,02780243700482
1628;11,901;0,982722150366552
1629;11,905;0,977769816579254
1630;11,910;0,92111652296996
1631;11,914;0,898023193429904
1632;11,918;0,87624697393966
1633;11,922;0,824633821454318
1634;11,926;0,748399491771135
1635;11,930;0,793813446288691
1636;11,934;0,788386952883461
1637;11,938;0,950567103683781
1638;11,942;1,41634990169969
1639;11,947;2,21883871284981
1640;11,951;3,87348016476169
1641;11,955;6,92346800344556
1642;11,959;11,0349938578768
1643;11,963;16,4040261420003
1644;11,967;22,1257804974637
1645;11,971;27,0014760413292
1646;11,975;29,6423694985411
1647;11,980;30,0999335298462
1648;11,984;28,280196723557
1649;11,988;25,0336258195717
1650;11,992;20,7897918702699
1651;11,996;16,7006920096202
1652;12,000;13,1497457538567
1653;12,004;10,2287995771199
1654;12,008;8,06441897446299
1655;12,013;6,40449152088454
1656;12,017;5,19253953744851
1657;12,021;4,20291573042094
1658;12,025;3,61885644993182
1659;12,029;2,978600473984
1660;12,033;2,62884629062297
1661;12,037;2,34097871813582
1662;12,041;2,04761440637411
1663;12,046;1,86353510581223
1664;12,050;1,69354010204969
1665;12,054;1,52881353848639
1666;12,058;1,47398663747951
1667;12,062;1,33642766387703
1668;12,066;1,25362534541211
1669;12,070;1,21781751352452
1670;12,074;1,11768202680407
1671;12,079;1,05860525070312
1672;12,083;0,96912957465248
1673;12,087;0,920361379874734
1674;12,091;0,830271052467518
1675;12,095;0,843600206171626
1676;12,099;0,819962471144314
1677;12,103;0,751683486162003
1678;12,107;0,748346807369143
1679;12,111;0,730486795093677
1680;12,116;0,740286093864287
1681;12,120;0,680102945321493
1682;12,124;0,658414533167904
1683;12,128;0,605220848622786
1684;12,132;0,664947399014977
1685;12,136;0,619902235311369
1686;12,140;0,590802883944165
1687;12,144;0,570782811187006
1688;12,149;0,582742170439309
1689;12,153;0,553695503474097
1690;12,157;0,533657869249607
1691;12,161;0,544668909266045
1692;12,165;0,526949388729226
1693;12,169;0,541753705689125
1694;12,173;0,522049739343921
1695;12,177;0,521909247605274
1696;12,182;0,501836490446123
1697;12,186;0,500589626265633
1698;12,190;0,469927304305984
1699;12,194;0,467819928226283
1700;12,198;0,460689972489961
1701;12,202;0,445393934444799
1702;12,206;0,443901209721677
1703;12,210;0,473580089510799
1704;12,215;0,425461669024294
1705;12,219;0,420702511377636
1706;12,223;0,417752184866054
1707;12,227;0,443918771189008
1708;12,231;0,376588105442562
1709;12,235;0,379029149401549
1710;12,239;0,404423031161946
1711;12,243;0,460777779826616
1712;12,248;0,436314655834754
1713;12,252;0,434435578830354
1714;12,256;0,461796344931804
1715;12,260;0,417681938996731
1716;12,264;0,420017614151733
1717;12,268;0,382769741943018
1718;12,272;0,407812394356798
1719;12,276;0,451838992955217
1720;12,280;0,557629272156206
1721;12,285;0,790090415214553
1722;12,289;1,48454107934534
1723;12,293;2,91813634196392
1724;12,297;5,95623506726481
1725;12,301;11,2658744688754
1726;12,305;19,8146562737903
1727;12,309;31,8703752973376
1728;12,313;46,8393134519962
1729;12,318;64,293901692662
1730;12,322;80,5788435246919
1731;12,326;93,9203780632687
1732;12,330;100
1733;12,334;98,9597640441249
1734;12,338;91,9988725537974
1735;12,342;81,1365957271194
1736;12,346;68,6437190973054
1737;12,351;56,8349318658971
1738;12,355;45,9322285414235
1739;12,359;36,7030628077098
1740;12,363;29,135229444961
1741;12,367;22,9865382572175
1742;12,371;18,3166455490022
1743;12,375;14,8724730146103
1744;12,379;12,2628038463126
1745;12,384;10,1071864158538
1746;12,388;8,55849329634888
1747;12,392;7,29232906326255
1748;12,396;6,36715584133917
1749;12,400;5,62298866319476
1750;12,404;5,05034433647069
1751;12,408;4,51598400852785
1752;12,412;4,09234873210596
1753;12,417;3,71446107808092
1754;12,421;3,37420764854587
1755;12,425;3,12994519944119
1756;12,429;2,88369830452814
1757;12,433;2,75233852889344
1758;12,437;2,50818144859276
1759;12,441;2,36458133022847
1760;12,445;2,23418743529697
1761;12,449;2,11642023537635
1762;12,454;2,02402935574879
1763;12,458;1,8327147306466
1764;12,462;1,72918988073129
1765;12,466;1,68316127485716
1766;12,470;1,63997762669062
1767;12,474;1,57306843616011
1768;12,478;1,44069009542023
1769;12,482;1,45024353364821
1770;12,487;1,3427322306488
1771;12,491;1,31430021504017
1772;12,495;1,21253151185794
1773;12,499;1,18402925037999
1774;12,503;1,16727561054636
1775;12,507;1,14911705332627
1776;12,511;1,07806335650569
1777;12,515;1,12986968513167
1778;12,520;1,07829165558099
1779;12,524;1,11784008001004
1780;12,528;1,27685916669081
1781;12,532;1,56219788788232
1782;12,536;2,26160088580041
1783;12,540;3,56415247919625
1784;12,544;5,85476490902721
1785;12,548;9,33181251026248
1786;12,553;13,5675155001901
1787;12,557;18,5635773411412
1788;12,561;23,109872442282
1789;12,565;26,2336535666901
1790;12,569;27,1925448058887
1791;12,573;26,0223891147001
1792;12,577;23,314340606415
1793;12,581;19,5537806765907
1794;12,586;15,8663818196666
1795;12,590;12,6350893922591
1796;12,594;9,99830531840257
1797;12,598;7,80970745229647
1798;12,602;6,28733897232049
1799;12,606;5,11844770677969
1800;12,610;4,50332219058231
1801;12,614;4,15228602010612
1802;12,618;4,65052240974942
1803;12,623;5,78216580308151
1804;12,627;8,44019925240834
1805;12,631;12,5710602823708
1806;12,635;18,5595382036551
1807;12,639;25,9189345106541
1808;12,643;32,7903854478657
1809;12,647;37,7808803036729
1810;12,651;39,4416507076832
1811;12,656;38,2011437783673
1812;12,660;34,4567403984873
1813;12,664;29,4464362075309
1814;12,668;24,1825971127192
1815;12,672;19,4479201515203
1816;12,676;15,2874153647034
1817;12,680;12,1750667555277
1818;12,684;9,83946184639511
1819;12,689;7,92052031115408
1820;12,693;6,68133049188792
1821;12,697;5,74226614930584
1822;12,701;4,92750187249145
1823;12,705;4,2651886935761
1824;12,709;3,83800600075339
1825;12,713;3,4336180925261
1826;12,717;3,1810841923086
1827;12,722;2,83104902547027
1828;12,726;2,60169626212949
1829;12,730;2,35555473602041
1830;12,734;2,17899174347613
1831;12,738;2,08976192796813
1832;12,742;1,92556220842476
1833;12,746;1,76952857119024
1834;12,750;1,73828672080867
1835;12,755;1,64759930351221
1836;12,759;1,55761434490897
1837;12,763;1,5743153003406
1838;12,767;1,38728567326714
1839;12,771;1,37971668084755
1840;12,775;1,24159574029048
1841;12,779;1,2675691504728
1842;12,783;1,18487220081187
1843;12,787;1,1583017007403
1844;12,792;1,12242362298339
1845;12,796;1,12665593661013
1846;12,800;1,0448721832504
1847;12,804;0,995577144452727
1848;12,808;1,0161767456318
1849;12,812;0,972062339696731
1850;12,816;0,95618677322965
1851;12,820;0,942383459907609
1852;12,825;0,900920835539493
1853;12,829;0,845444160241365
1854;12,833;0,904784358352278
1855;12,837;0,855910794770546
1856;12,841;0,850923338048587
1857;12,845;0,847727150994374
1858;12,849;0,775742696405255
1859;12,853;0,882252995766808
1860;12,858;1,03617925692163
1861;12,862;1,39878843436885
1862;12,866;2,25505045848601
1863;12,870;3,93271499406861
1864;12,874;7,17824977148141
1865;12,878;12,4213136504407
1866;12,882;19,3689286714662
1867;12,886;27,2602091395144
1868;12,891;35,1154183536651
1869;12,895;40,9420497920283
1870;12,899;43,6906477283803
1871;12,903;42,2309210023734
1872;12,907;37,3774582761488
1873;12,911;31,5448383774258
1874;12,915;25,4492706283581
1875;12,919;20,2299674146974
1876;12,924;15,8534565797111
1877;12,928;12,7307467048102
1878;12,932;10,2640454420529
1879;12,936;8,55117016447192
1880;12,940;7,05630294233604
1881;12,944;6,14581110710124
1882;12,948;5,26501571312289
1883;12,952;4,67308889526956
1884;12,956;4,08158355263216
1885;12,961;3,72592871624796
1886;12,965;3,3979156294425
1887;12,969;3,03799335649691
1888;12,973;2,85008565605691
1889;12,977;2,61137263062878
1890;12,981;2,4247293558366
1891;12,985;2,26195211514703
1892;12,989;2,12931035239718
1893;12,994;1,9542225231087
1894;12,998;1,9354317530647
1895;13,002;1,84655316690331
1896;13,006;1,72688932851095
1897;13,010;1,70024858257007
1898;13,014;1,62355765473628
1899;13,018;1,62924757015148
1900;13,022;1,56518333732857
1901;13,027;1,45607394080205
1902;13,031;1,407077446949
1903;13,035;1,31937547909878
1904;13,039;1,26897406785927
1905;13,043;1,26409197994129
1906;13,047;1,2412620724112
1907;13,051;1,20239854520805
1908;13,055;1,14365543698638
1909;13,060;1,12159823401885
1910;13,064;1,12133481200888
1911;13,068;1,08749386446235
1912;13,072;1,03066495617975
1913;13,076;0,996946938904533
1914;13,080;1,00558718083131
1915;13,084;0,940820489315164
1916;13,088;0,929704080494742
1917;13,093;0,913354354409728
1918;13,097;0,947493846900884
1919;13,101;1,01951342442466
1920;13,105;1,18980697313183
1921;13,109;1,70263694212706
1922;13,113;2,79529387798468
1923;13,117;4,73919025830284
1924;13,121;8,07465730991687
1925;13,125;12,8122494746926
1926;13,130;18,7531885039123
1927;13,134;24,8149855513028
1928;13,138;29,6926128565746
1929;13,142;32,4915770812314
1930;13,146;32,3838374791567
1931;13,150;30,0555205789665
1932;13,154;26,6291729339153
1933;13,158;22,0002511289828
1934;13,163;17,9767784717484
1935;13,167;14,303586841895
1936;13,171;11,2950967505139
1937;13,175;9,29679494440478
1938;13,179;7,44506114463888
1939;13,183;6,3006681260246
1940;13,187;5,3596544605688
1941;13,191;4,37252438190221
1942;13,196;3,91288809745209
1943;13,200;3,43314393290817
1944;13,204;3,07611930207216
1945;13,208;2,84506307640029
1946;13,212;2,58350258197473
1947;13,216;2,34591349045578
1948;13,220;2,2266886887467
1949;13,224;2,06440316914239
1950;13,229;1,92853009640367
1951;13,233;1,78433288815014
1952;13,237;1,7322104531122
1953;13,241;1,57461384528523
1954;13,245;1,59591590515754
1955;13,249;1,52925257516967
1956;13,253;1,42795803160537
1957;13,257;1,2783870143486
1958;13,262;1,35915220260314
1959;13,266;1,28381350775383
1960;13,270;1,21237345865196
1961;13,274;1,24196453110443
1962;13,278;1,16562483261726
1963;13,282;1,16590581609456
1964;13,286;1,10066496496048
1965;13,290;1,11532879018173
1966;13,294;1,00974924858872
1967;13,299;0,990800425338739
1968;13,303;0,981914322869333
1969;13,307;0,955273576928447
1970;13,311;0,891613257854147
1971;13,315;0,879566091265189
1972;13,319;0,896512907239451
1973;13,323;0,867501363208901
1974;13,327;0,842089919981174
1975;13,332;0,793356848138089
1976;13,336;0,779781833891349
1977;13,340;0,843529960302303
1978;13,344;0,808143603630658
1979;13,348;0,790968488581095
1980;13,352;0,785173204361917
1981;13,356;0,758058298803098
1982;13,360;0,752526436593883
1983;13,365;0,749786847690272
1984;13,369;0,746766275309367
1985;13,373;0,745449165259554
1986;13,377;0,779026690796123
1987;13,381;0,799275062628583
1988;13,385;0,802401003813473
1989;13,389;0,685810422204017
1990;13,393;0,754739181477569
1991;13,398;0,723989052181266
1992;13,402;0,673622763876413
1993;13,406;0,703020660188241
1994;13,410;0,735474251815636
1995;13,414;0,727027186029501
1996;13,418;0,83427506701895
1997;13,422;0,996753762763894
1998;13,426;1,49297058366415
1999;13,431;2,40630737660654
2000;13,435;4,26720826231915
2001;13,439;7,7577957548665
2002;13,443;13,4662033951585
2003;13,447;21,3409058380464
2004;13,451;32,9442239016839
2005;13,455;46,1619149726436
2006;13,459;60,7227246265334
2007;13,463;73,6822796891971
2008;13,468;83,6788288608666
2009;13,472;88,3352694851066
2010;13,476;87,1886110372066
2011;13,480;80,6819117764566
2012;13,484;72,4062283500035
2013;13,488;65,5922912183004
2014;13,492;59,8604917035238
2015;13,496;55,2771243448475
2016;13,501;51,5333531777914
2017;13,505;47,4779186500149
2018;13,509;42,4014428501559
2019;13,513;36,7970166579298
2020;13,517;31,4580496058768
2021;13,521;26,4708387444605
2022;13,525;21,9862722009875
2023;13,529;18,3496259846495
2024;13,534;15,3029397018238
2025;13,538;12,8071566491667
2026;13,542;11,0281448856178
2027;13,546;9,62456217066761
2028;13,550;8,45609238034275
2029;13,554;7,58787099697328
2030;13,558;6,78647099679767
2031;13,562;6,26113726306288
2032;13,567;5,66188731333258
2033;13,571;5,20413010588687
2034;13,575;4,80051490222214
2035;13,579;4,46236884876679
2036;13,583;4,24511593641695
2037;13,587;3,91947364770116
2038;13,591;3,69393172277116
2039;13,595;3,51668383300098
2040;13,600;3,23972193172628
2041;13,604;3,08756937877187
2042;13,608;2,97176906319231
2043;13,612;2,88696473745167
2044;13,616;2,69312126105385
2045;13,620;2,58093860774443
2046;13,624;2,49492254075797
2047;13,628;2,41004796914801
2048;13,632;2,28139265948227
2049;13,637;2,24446089368551
2050;13,641;2,13104893766294
2051;13,645;2,15451105801694
2052;13,649;2,06217286279138
2053;13,653;2,06073282247025
2054;13,657;1,90870319978715
2055;13,661;1,92665101939927
2056;13,665;1,86325412233494
2057;13,670;1,87214022480434
2058;13,674;1,85752908398508
2059;13,678;1,98432287811376
2060;13,682;2,19772982911814
2061;13,686;2,68590349798087
2062;13,690;3,7223637383798
2063;13,694;5,59771771170568
2064;13,698;8,5358390034921
2065;13,703;12,3802900627559
2066;13,707;17,073047801436
2067;13,711;21,5960739583635
2068;13,715;25,4757708825603
2069;13,719;27,8508890931873
2070;13,723;28,4678585634544
2071;13,727;27,2691128034512
2072;13,731;24,2586909506637
2073;13,736;21,148625332241
2074;13,740;18,106698207062
2075;13,744;15,7908850716113
2076;13,748;14,4458522887421
2077;13,752;14,6922923597958
2078;13,756;16,4779072350611
2079;13,760;20,4364375861061
2080;13,764;25,9648401862569
2081;13,769;33,0890708842287
2082;13,773;41,4855069600485
2083;13,777;49,1690177081056
2084;13,781;55,6982483314411
2085;13,785;59,6782914799663
2086;13,789;60,6562193497515
2087;13,793;57,6701376906846
2088;13,797;52,6863513153978
2089;13,801;46,4891904778212
2090;13,806;39,2875312703878
2091;13,810;32,6934637096668
2092;13,814;27,0159291289424
2093;13,818;22,4192150550947
2094;13,822;18,4381006570623
2095;13,826;15,687254852892
2096;13,830;13,3418506449888
2097;13,834;11,5969783739311
2098;13,839;10,103006786629
2099;13,843;8,96576128521842
2100;13,847;7,99287355655714
2101;13,851;7,23332253303092
2102;13,855;6,65326726709323
2103;13,859;6,12984773329751
2104;13,863;5,6439043707858
2105;13,867;5,26736894974523
2106;13,872;4,90857061070881
2107;13,876;4,5764305790806
2108;13,880;4,27909737570213
2109;13,884;4,03325439453768
2110;13,888;3,71472450009088
2111;13,892;3,53003054817242
2112;13,896;3,33873348453757
2113;13,900;3,1634876020431
2114;13,905;3,02411979730554
2115;13,909;2,90241882870281
2116;13,913;2,78962152403682
2117;13,917;2,60155577039084
2118;13,921;2,54927528214692
2119;13,925;2,44004295534909
2120;13,929;2,30209762946533
2121;13,933;2,22317639528053
2122;13,938;2,19581562917908
2123;13,942;2,11585826842176
2124;13,946;2,03389890038872
2125;13,950;1,96504038698449
2126;13,954;1,91579803258881
2127;13,958;1,88366054737338
2128;13,962;1,84783515401846
2129;13,966;1,75505792210962
2130;13,970;1,7397267611298
2131;13,975;1,71821396364952
2132;13,979;1,61788530078842
2133;13,983;1,64238354771495
2134;13,987;1,74963142870439
2135;13,991;1,93839964104361
2136;13,995;2,4052010041647
2137;13,999;3,31957392367962
2138;14,003;4,95812907151644
2139;14,008;7,70886950688278
2140;14,012;11,7656913905784
2141;14,016;17,4601025414077
2142;14,020;24,0414204768465
2143;14,024;30,7430344635016
2144;14,028;36,3975459605552
2145;14,032;39,8023983695934
2146;14,036;39,9654741552276
2147;14,041;37,7032937410052
2148;14,045;33,7428140670866
2149;14,049;28,9386639411269
2150;14,053;24,3469373240012
2151;14,057;20,2195710260375
2152;14,061;16,9728069459116
2153;14,065;14,3478417395687
2154;14,069;12,057826399627
2155;14,074;10,4458417518617
2156;14,078;9,01672466341253
2157;14,082;8,1221083946448
2158;14,086;7,15134560353056
2159;14,090;6,54782821723886
2160;14,094;5,93995558704912
2161;14,098;5,42326209524111
2162;14,102;4,9882821109235
2163;14,107;4,56241652815059
2164;14,111;4,33508333355285
2165;14,115;4,03940090810348
2166;14,119;3,71944853480288
2167;14,123;3,63409980357499
2168;14,127;3,37215295686816
2169;14,131;3,16510325703754
2170;14,135;3,00367824933244
2171;14,139;2,97895170333062
2172;14,144;2,76851264030515
2173;14,148;2,70627480008465
2174;14,152;2,61997774962089
2175;14,156;2,52827176721924
2176;14,160;2,47988992472277
2177;14,164;2,42996267310119
2178;14,168;2,40435805373282
2179;14,172;2,31827174087704
2180;14,177;2,29514328840232
2181;14,181;2,18798321474952
2182;14,185;2,10772730904758
2183;14,189;2,0382717057541
2184;14,193;1,94322904455959
2185;14,197;1,90404941094448
2186;14,201;1,85744127664843
2187;14,205;1,85543926937271
2188;14,210;1,72915475779663
2189;14,214;1,65999769944778
2190;14,218;1,6154266953621
2191;14,222;1,62239859789245
2192;14,226;1,58035644510241
2193;14,230;1,49507795974385
2194;14,234;1,46920991836552
2195;14,238;1,50903932627187
2196;14,243;1,42737850318345
2197;14,247;1,50071519075705
2198;14,251;1,46467905979416
2199;14,255;1,56764194275488
2200;14,259;1,80479199759057
2201;14,263;2,25917740330876
2202;14,267;3,11967174105265
2203;14,271;4,55858812827247
2204;14,276;7,10259497022014
2205;14,280;10,6083204476067
2206;14,284;15,2435116963763
2207;14,288;20,171294552345
2208;14,292;24,8096995496362
2209;14,296;28,2765790612869
2210;14,300;30,2854001863272
2211;14,304;30,1702847679735
2212;14,308;28,8212479705529
2213;14,313;26,1953520064415
2214;14,317;22,8307329190583
2215;14,321;19,5857601086001
2216;14,325;16,5970266679662
2217;14,329;13,9734136946078
2218;14,333;11,7827260138894
2219;14,337;9,97609006222906
2220;14,341;8,57545767379048
2221;14,346;7,60271043686784
2222;14,350;6,72755227390269
2223;14,354;6,04014375817157
2224;14,358;5,42429822181362
2225;14,362;5,02549486019755
2226;14,366;4,95212304968929
2227;14,370;5,04230118443316
2228;14,374;5,70278797074611
2229;14,379;6,74869628056903
2230;14,383;8,55217116810978
2231;14,387;10,8162306593365
2232;14,391;13,7184914348333
2233;14,395;16,7054862902015
2234;14,399;19,3878950561835
2235;14,403;21,1963925233809
2236;14,407;22,1266410093629
2237;14,412;21,7000905293641
2238;14,416;20,4255670378283
2239;14,420;18,574395205017
2240;14,424;16,2845027953466
2241;14,428;14,1701196901806
2242;14,432;12,0634987535749
2243;14,436;10,2904403274511
2244;14,440;8,86241204997642
2245;14,445;7,56040486206784
2246;14,449;6,5893610874763
2247;14,453;5,73466203395158
2248;14,457;5,07724850442154
2249;14,461;4,54608436353291
2250;14,465;4,16292826930861
2251;14,469;3,70390663621508
2252;14,473;3,47376360684441
2253;14,477;3,1715131926133
2254;14,482;3,07708518277536
2255;14,486;2,81989749371519
2256;14,490;2,64164860030715
2257;14,494;2,51745390334344
2258;14,498;2,40037160064872
2259;14,502;2,24846490823694
2260;14,506;2,19081061098979
2261;14,510;2,13032891750237
2262;14,515;1,96579553007972
2263;14,519;1,95734846429359
2264;14,523;1,83138005912946
2265;14,527;1,78663344037048
2266;14,531;1,79133991361514
2267;14,535;1,69977442295214
2268;14,539;1,67420492651843
2269;14,543;1,61537401096011
2270;14,548;1,60035895639224
2271;14,552;1,57642267642031
2272;14,556;1,54230074539648
2273;14,560;1,49692191381359
2274;14,564;1,50008297793314
2275;14,568;1,47565497687594
2276;14,572;1,59872573993047
2277;14,576;1,75604136428015
2278;14,581;2,11745636194887
2279;14,585;2,77385132637372
2280;14,589;3,85101904804554
2281;14,593;5,9304899561578
2282;14,597;9,14752247209263
2283;14,601;13,6498436590371
2284;14,605;20,3662268397174
2285;14,609;29,004326267477
2286;14,614;38,9071850109364
2287;14,618;49,9387543826837
2288;14,622;59,8176066003019
2289;14,626;68,0372338230348
2290;14,630;72,6973623554142
2291;14,634;72,1282303221563
2292;14,638;67,9455454021005
2293;14,642;60,2322152825157
2294;14,646;51,4637570827593
2295;14,651;43,5907581022025
2296;14,655;36,2582484016869
2297;14,659;30,3334483609443
2298;14,663;25,5287538294975
2299;14,667;21,8353138278116
2300;14,671;18,7944755136071
2301;14,675;16,3848138967403
2302;14,679;14,3689506233004
2303;14,684;12,8197657827102
2304;14,688;11,4709572843649
2305;14,692;10,5432552111459
2306;14,696;9,52177490238019
2307;14,700;8,79200812744708
2308;14,704;8,10874411800603
2309;14,708;7,55408273382874
2310;14,712;6,93774547638553
2311;14,717;6,59390950751499
2312;14,721;6,1589997690667
2313;14,725;5,77391191343601
2314;14,729;5,32337246906328
2315;14,733;5,15818930734939
2316;14,737;4,85370858676726
2317;14,741;4,61727855209214
2318;14,745;4,43736131928767
2319;14,750;4,17478225975693
2320;14,754;4,01771249594989
2321;14,758;3,83537178065376
2322;14,762;3,64021119420612
2323;14,766;3,52047710994444
2324;14,770;3,44058999505645
2325;14,774;3,31744898613259
2326;14,778;3,20495022641122
2327;14,783;3,03439325569409
2328;14,787;2,94825425843631
2329;14,791;2,96149560480376
2330;14,795;2,80142283008314
2331;14,799;2,68214534397207
2332;14,803;2,55619450027528
2333;14,807;2,54107407690342
2334;14,811;2,50184175888632
2335;14,815;2,40421756199417
2336;14,820;2,36077049181767
2337;14,824;2,28479958414445
2338;14,828;2,19843228781138
2339;14,832;2,15061241226949
2340;14,836;2,20867062326526
2341;14,840;2,11246890522691
2342;14,844;2,02322152825157
2343;14,848;1,98955619537835
2344;14,853;1,96481208790919
2345;14,857;1,86569516629392
2346;14,861;1,87147288904577
2347;14,865;1,80941066349858
2348;14,869;1,74322149312864
2349;14,873;1,77841467365964
2350;14,877;1,73558225483972
2351;14,881;1,70149544675056
2352;14,886;1,70096860273063
2353;14,890;1,70939810704944
2354;14,894;1,69292545069311
2355;14,898;1,59839207205119
2356;14,902;1,56476186211263
2357;14,906;1,57006542524654
2358;14,910;1,56744876661425
2359;14,914;1,54149291789926
2360;14,919;1,54240611420047
2361;14,923;1,59463391804239
2362;14,927;1,70202229077048
2363;14,931;1,96128223297569
2364;14,935;2,34450857306931
2365;14,939;3,11285789172829
2366;14,943;4,43641300005181
2367;14,947;6,38181966656042
2368;14,952;9,0859519676307
2369;14,956;12,8149539406616
2370;14,960;17,2410934823248
2371;14,964;21,9454066665086
2372;14,968;26,187361538806
2373;14,972;29,4513534183835
2374;14,976;31,207043553317
2375;14,980;31,3929668079487
2376;14,984;30,3134458496545
2377;14,989;28,1270782898994
2378;14,993;25,4339219059109
2379;14,997;22,2621804142223
2380;15,001;19,217689314813
2381;15,005;16,7456844889218
2382;15,009;14,4336997533492
2383;15,013;12,65679536588
2384;15,017;11,1565192118062
2385;15,022;9,82822250730337
2386;15,026;8,8280618198773
2387;15,030;8,005658304774
2388;15,034;7,23729142464769
2389;15,038;6,58713078112529
2390;15,042;6,12059284001415
2391;15,046;5,65458174292295
2392;15,050;5,16825202812996
2393;15,055;4,89657612852184
2394;15,059;4,59516866472261
2395;15,063;4,25826947544775
2396;15,067;4,07087105756034
2397;15,071;3,94499045973287
2398;15,075;3,73258451236635
2399;15,079;3,4770651627026
2400;15,083;3,33704758367381
2401;15,088;3,3039617792225
2402;15,092;3,09875603346162
2403;15,096;3,00200990993601
2404;15,100;2,8334549464946
2405;15,104;2,66695467473089
2406;15,108;2,60417242902313
2407;15,112;2,51072786135573
2408;15,116;2,48712524926308
2409;15,121;2,41803843678355
2410;15,125;2,29637259111548
2411;15,129;2,26044182895658
2412;15,133;2,20055722535841
2413;15,137;2,21704744318207
2414;15,141;2,11684171059229
2415;15,145;2,04821149626336
2416;15,149;1,99006547793094
2417;15,153;1,94612668666918
2418;15,158;1,90401428800982
2419;15,162;1,89948342943846
2420;15,166;1,87198217159837
2421;15,170;1,73740864744213
2422;15,174;1,74157071519954
2423;15,178;1,72392144053204
2424;15,182;1,69552454785807
2425;15,186;1,65862790499597
2426;15,191;1,59860280965916
2427;15,195;1,552732256991
2428;15,199;1,55487475600536
2429;15,203;1,54972924607743
2430;15,207;1,47528618606199
2431;15,211;1,5050704346551
2432;15,215;1,45105136114543
2433;15,219;1,46643520652725
2434;15,224;1,411801481661
2435;15,228;1,40056214256926
2436;15,232;1,42237348499417
2437;15,236;1,36791537480123
2438;15,240;1,41457619349927
2439;15,244;1,34828165432535
2440;15,248;1,34171366554361
2441;15,252;1,31410703889953
2442;15,257;1,21906437770501
2443;15,261;1,22521089127081
2444;15,265;1,28093342711157
2445;15,269;1,24988475287064
2446;15,273;1,25620688110974
2447;15,277;1,17547681578987
2448;15,281;1,22916222142025
2449;15,285;1,18411705771664
2450;15,290;1,15875829889091
2451;15,294;1,17955107621062
2452;15,298;1,19902674348052
2453;15,302;1,19633983897891
2454;15,306;1,20657817443279
2455;15,310;1,19807842424466
2456;15,314;1,20754405513598
2457;15,318;1,16395649322083
2458;15,322;1,18850742454935
2459;15,327;1,18327410728476
2460;15,331;1,16825905271689
2461;15,335;1,15371815776695
2462;15,339;1,14205734345928
2463;15,343;1,11185161965023
2464;15,347;1,02801317461279
2465;15,351;1,05198457751939
2466;15,355;1,01888121160075
2467;15,360;1,0906549285819
2468;15,364;0,977242972559329
2469;15,368;1,00794041745364
2470;15,372;0,972835044259288
2471;15,376;1,00174121948585
2472;15,380;0,954360380627243
2473;15,384;0,96995496361703
2474;15,388;1,02111151795177
2475;15,393;0,959681505228488
2476;15,397;0,93927508019005
2477;15,401;0,930353854785983
2478;15,405;0,943121041535504
2479;15,409;0,87937291512455
2480;15,413;0,92863283098756
2481;15,417;0,934814467488016
2482;15,421;0,990080405178174
2483;15,426;0,985514423672155
2484;15,430;0,953780852205325
2485;15,434;1,06461127253026
2486;15,438;1,04620685476754
2487;15,442;1,23697707438247
2488;15,446;1,34620940118031
2489;15,450;1,50807344556867
2490;15,454;1,65623954543898
2491;15,459;1,79346485116217
2492;15,463;1,96546186220043
2493;15,467;2,06796814701056
2494;15,471;2,12186429024891
2495;15,475;2,14825917564716
2496;15,479;2,15219294432927
2497;15,483;1,99159332558873
2498;15,487;1,87661839897371
2499;15,491;1,81211512946753
2500;15,496;1,6659334754056
2501;15,500;1,50633486030292
2502;15,504;1,48122196201981
2503;15,508;1,32248385881634
2504;15,512;1,24846227401684
2505;15,516;1,21941560705163
2506;15,520;1,13004529980498
2507;15,524;1,10370309880872
2508;15,529;1,04562732634563
2509;15,533;1,06852747974504
2510;15,537;1,04380093374322
2511;15,541;0,970060332421015
2512;15,545;0,970394000300301
2513;15,549;0,996964500371864
2514;15,553;0,950409050477804
2515;15,557;0,91714763135319
2516;15,562;0,949899767925209
2517;15,566;0,913196301203751
2518;15,570;0,906400013346715
2519;15,574;0,903906284985736
2520;15,578;0,876510395949623
2521;15,582;0,839227400806247
2522;15,586;0,859668948779346
2523;15,590;0,839192277871585
2524;15,595;0,864375422024012
2525;15,599;0,799995082789147
2526;15,603;0,778306670635558
2527;15,607;0,819505872993712
2528;15,611;0,792584143575532
2529;15,615;0,771633313049839
2530;15,619;0,798203813121401
2531;15,623;0,80881093938923
2532;15,628;0,799977521321816
2533;15,632;0,785313696100564
2534;15,636;0,75934028591825
2535;15,640;0,803402007451331
2536;15,644;0,780326239378605
2537;15,648;0,778482285308867
2538;15,652;0,794340290308616
2539;15,656;0,811216860413555
2540;15,660;0,792443651836885
2541;15,665;0,832589166155189
2542;15,669;0,763713091283629
2543;15,673;0,801821475391555
2544;15,677;0,740426585602933
2545;15,681;0,748030700957188
2546;15,685;0,715471740525808
2547;15,689;0,787175211637633
2548;15,693;0,687285585459807
2549;15,698;0,75393135398035
2550;15,702;0,697471236511695
2551;15,706;0,719862107358518
2552;15,710;0,696909269557109
2553;15,714;0,734578616981763
2554;15,718;0,702634307906963
2555;15,722;0,767014647141827
2556;15,726;0,735860604096915
2557;15,731;0,720669934855737
2558;15,735;0,746046255148803
2559;15,739;0,715261002917838
2560;15,743;0,706691006860387
2561;15,747;0,729959951073752
2562;15,751;0,722970487076077
2563;15,755;0,723339277890025
2564;15,759;0,744904759772298
2565;15,764;0,754985042020201
2566;15,768;0,713750716727385
2567;15,772;0,727536468582096
2568;15,776;0,746221869822111
2569;15,780;0,72908187770721
2570;15,784;0,73617671050887
2571;15,788;0,701984533615722
2572;15,792;0,714804404767236
2573;15,797;0,71071258287915
2574;15,801;0,698718100692185
2575;15,805;0,702406008831662
2576;15,809;0,681402493903976
2577;15,813;0,741164167230829
2578;15,817;0,698208818139591
2579;15,821;0,691447653217217
2580;15,825;0,734016650027176
2581;15,829;0,772739685491681
2582;15,834;0,649704045371807
2583;15,838;0,730276057485707
2584;15,842;0,704899737192641
2585;15,846;0,72031870550912
2586;15,850;0,680928334286043
2587;15,854;0,684370381882888
2588;15,858;0,682491304878488
2589;15,862;0,693432099025602
2590;15,867;0,665105452220955
2591;15,871;0,686969479047852
2592;15,875;0,681683477381269
2593;15,879;0,676134053704723
2594;15,883;0,695153122824024
2595;15,887;0,640343783284469
2596;15,891;0,684862102968151
2597;15,895;0,677784831633822
2598;15,900;0,696470232873837
2599;15,904;0,701475251063127
2600;15,908;0,696680970481808
2601;15,912;0,645647346418383
2602;15,916;0,656289595620872
2603;15,920;0,668723114491108
2604;15,924;0,677152618809912
2605;15,928;0,697207814501733
2606;15,933;0,701808918942413
2607;15,937;0,683913783732286
2608;15,941;0,710677459944488
2609;15,945;0,654428080083803
2610;15,949;0,642117491484884
2611;15,953;0,721056287137015
2612;15,957;0,672569075836562
2613;15,961;0,660346294574297
2614;15,966;0,682017145260555
2615;15,970;0,740848060818874
2616;15,974;0,674009116157691
2617;15,978;0,717473747801524
2618;15,982;0,685740176334693
2619;15,986;0,687390954263792
2620;15,990;0,690604702785336
2621;15,994;0,731013639113602
2622;15,998;0,778095933027588
2623;16,003;0,861161673502468
2624;16,007;1,01408693101943
2625;16,011;1,2617036203843
2626;16,015;1,70128470914259
2627;16,019;2,36507305131373
2628;16,023;3,29137020714629
2629;16,027;4,45058510418779
2630;16,031;5,88547991538885
2631;16,036;7,50050269700234
2632;16,040;9,04320735614743
2633;16,044;10,6852572359831
2634;16,048;11,9642062172863
2635;16,052;12,8615796364249
2636;16,056;13,4286745394725
2637;16,060;13,3907242085705
2638;16,064;12,9422218944082
2639;16,069;12,1810903388222
2640;16,073;11,3038950456466
2641;16,077;10,1564990161188
2642;16,081;9,10755257244764
2643;16,085;8,18057051938918
2644;16,089;7,32989304188322
2645;16,093;6,52469976476414
2646;16,097;5,95360084716518
2647;16,102;5,32291587091268
2648;16,106;4,73413255571156
2649;16,110;4,32502061277228
2650;16,114;3,96425538939481
2651;16,118;3,64628746190259
2652;16,122;3,30113438298224
2653;16,126;3,02552471469201
2654;16,130;2,83682674822212
2655;16,135;2,6887660171558
2656;16,139;2,46635003341069
2657;16,143;2,36730335766475
2658;16,147;2,26107404178049
2659;16,151;2,13384121096854
2660;16,155;2,05397165754787
2661;16,159;1,93158579171924
2662;16,163;1,87289536789957
2663;16,167;1,74557472975097
2664;16,172;1,65752153255413
2665;16,176;1,62485720331877
2666;16,180;1,62448841250482
2667;16,184;1,53501273645418
2668;16,188;1,49362035795539
2669;16,192;1,43928517803377
2670;16,196;1,42815120774601
2671;16,200;1,39383610058155
2672;16,205;1,3356725207818
2673;16,209;1,35553454033298
2674;16,213;1,22138249139269
2675;16,217;1,24507291082199
2676;16,221;1,17999011289389
2677;16,225;1,16824149124956
2678;16,229;1,15168102755658
2679;16,233;1,14859020930635
2680;16,238;1,09513310275127
2681;16,242;1,09495748807796
2682;16,246;1,09272718172694
2683;16,250;1,09565994677119
2684;16,254;1,04030620174438
2685;16,258;1,0650854321482
2686;16,262;1,05326656463454
2687;16,266;0,998913823245587
2688;16,271;0,99584056646269
2689;16,275;0,965511912382327
2690;16,279;0,993381961036372
2691;16,283;1,00242611671176
2692;16,287;0,957187776867508
2693;16,291;0,938783359104787
2694;16,295;0,943015672731519
2695;16,299;0,904152145528367
2696;16,304;0,954061835682619
2697;16,308;0,905346325306865
2698;16,312;0,854857106730696
2699;16,316;0,876826502361578
2700;16,320;0,869064333801346
2701;16,324;0,856894236941073
2702;16,328;0,829761769914923
2703;16,332;0,864937388978599
2704;16,337;0,885642358961661
2705;16,341;0,865077880717245
2706;16,345;0,810777823730284
2707;16,349;0,862057308336341
2708;16,353;0,849834527074075
2709;16,357;0,808740693519906
2710;16,361;0,795762769162415
2711;16,365;0,900499360323552
2712;16,369;0,810514401720321
2713;16,374;0,770263518598033
2714;16,378;0,797975514046101
2715;16,382;0,783698041106127
2716;16,386;0,757338278642534
2717;16,390;0,798871148879973
2718;16,394;0,760639834500732
2719;16,398;0,80547426059637
2720;16,402;0,794480782047263
2721;16,407;0,722566573327468
2722;16,411;0,75955102352622
2723;16,415;0,768296634256979
2724;16,419;0,7303287418877
2725;16,423;0,742586646084627
2726;16,427;0,743095928637221
2727;16,431;0,7098871939146
2728;16,435;0,741076359894175
2729;16,440;0,764327742640209
2730;16,444;0,694064311849512
2731;16,448;0,726289604401606
2732;16,452;0,706655883925725
2733;16,456;0,699894719003352
2734;16,460;0,699789350199366
2735;16,464;0,704688999584671
2736;16,468;0,722092413709535
2737;16,473;0,705268528006589
2738;16,477;0,699350313516095
2739;16,481;0,721548008222279
2740;16,485;0,733595174811236
2741;16,489;0,683632800254992
2742;16,493;0,660153118433658
2743;16,497;0,703512381273505
2744;16,501;0,676836512397957
2745;16,506;0,681542985642622
2746;16,510;0,754194775990313
2747;16,514;0,639237410842626
2748;16,518;0,680594666406757
2749;16,522;0,669513380520996
2750;16,526;0,673253973062465
2751;16,530;0,649581115100491
2752;16,534;0,680805404014727
2753;16,538;0,664473239397045
2754;16,543;0,684458189219542
2755;16,547;0,666545492542084
2756;16,551;0,681297125099991
2757;16,555;0,667493811777949
2758;16,559;0,658221357027265
2759;16,563;0,648000583040715
2760;16,567;0,678750712337019
2761;16,571;0,645612223483721
2762;16,576;0,675870631694761
2763;16,580;0,677591655493183
2764;16,584;0,683264009441045
2765;16,588;0,693361853156279
2766;16,592;0,654234903943164
2767;16,596;0,651758737049515
2768;16,600;0,6779428848398
2769;16,604;0,657360845128054
2770;16,609;0,65874820104719
2771;16,613;0,67481694365491
2772;16,617;0,688971486323568
2773;16,621;0,675695017021452
2774;16,625;0,653023162697336
2775;16,629;0,645348801473758
2776;16,633;0,646578104186917
2777;16,637;0,626171679148479
2778;16,642;0,651881667320831
2779;16,646;0,586447640046116
2780;16,650;0,656605702032828
2781;16,654;0,655095415842375
2782;16,658;0,635514379768487
2783;16,662;0,651126524225605
2784;16,666;0,667985532863213
2785;16,670;0,63182647162901
2786;16,675;0,611701030067866
2787;16,679;0,623572581983515
2788;16,683;0,650617241673011
2789;16,687;0,653462199380607
2790;16,691;0,68294790302909
2791;16,695;0,714699035963251
2792;16,699;0,63140499641307
2793;16,703;0,684967471772136
2794;16,707;0,632809913799538
2795;16,712;0,644786834519171
2796;16,716;0,688058290022365
2797;16,720;0,698085887868275
2798;16,724;0,662453670653998
2799;16,728;0,657518898334031
2800;16,732;0,667107459496671
2801;16,736;0,675273541805512
2802;16,740;0,650195766457071
2803;16,745;0,670479261224192
2804;16,749;0,639149603505971
2805;16,753;0,675976000498746
2806;16,757;0,66584303384885
2807;16,761;0,659345290936439
2808;16,765;0,625539466324569
2809;16,769;0,642416036429508
2810;16,773;0,601726116623948
2811;16,778;0,622185226064379
2812;16,782;0,656640824967489
2813;16,786;0,65686912404279
2814;16,790;0,64538392440842
2815;16,794;0,643364355665373
2816;16,798;0,708921313211404
2817;16,802;0,638763251224693
2818;16,806;0,599478248805601
2819;16,811;0,637182719164917
2820;16,815;0,647789845432745
2821;16,819;0,632423561518259
2822;16,823;0,580740163163593
