#"+EI TIC Scan 120C_1ml-min_8C-min_2.d "
#Point;X(Minutes);Y(Counts)
0;5,191;4,47339659907923
1;5,195;4,1820396238343
2;5,199;4,13962633445602
3;5,203;4,07281424229328
4;5,208;3,86179696624438
5;5,212;3,79665908287289
6;5,216;3,66321348081848
7;5,220;3,55354164359979
8;5,224;3,50717722147416
9;5,228;3,41487251011669
10;5,232;3,3423681080637
11;5,236;3,26966280095577
12;5,241;3,16387512813278
13;5,245;3,10009893457817
14;5,249;3,09215202351571
15;5,253;2,95611697853084
16;5,257;2,92993235303572
17;5,261;2,92495437222974
18;5,265;2,85811995728312
19;5,269;2,92560173296236
20;5,274;2,84941407156863
21;5,278;2,7632034802113
22;5,282;2,73735369647443
23;5,286;2,75043484783005
24;5,290;2,60462242350428
25;5,294;2,60683237910873
26;5,298;2,68703814160145
27;5,302;2,61578381544594
28;5,306;2,6492679912709
29;5,311;2,53180550247694
30;5,315;2,60730115757028
31;5,319;2,55571320401596
32;5,323;2,56912919712983
33;5,327;2,52443898379544
34;5,331;2,50468332005872
35;5,335;2,49722751024169
36;5,339;2,47376626438034
37;5,344;2,42429897529493
38;5,348;2,41193215302358
39;5,352;2,42494633602754
40;5,356;2,3193595682595
41;5,360;2,27705789280063
42;5,364;2,29799666408318
43;5,368;2,29516167053
44;5,372;2,33804373836983
45;5,377;2,26071761499805
46;5,381;2,26768232356965
47;5,385;2,44831829075337
48;5,389;2,80662129486433
49;5,393;3,79982891818432
50;5,397;5,36987959983285
51;5,401;7,80900090362629
52;5,405;10,5324251829575
53;5,410;13,8827402020837
54;5,414;16,8650194833258
55;5,418;18,7468301646886
56;5,422;20,0120855551944
57;5,426;20,0771118246465
58;5,430;19,4889511148891
59;5,434;18,9868447370019
60;5,438;18,119872456542
61;5,443;17,581000453599
62;5,447;16,5227888836108
63;5,451;15,9311011739998
64;5,455;15,115582910391
65;5,459;14,5585624841508
66;5,463;13,871779715197
67;5,467;13,2550235192851
68;5,471;12,4961604811721
69;5,475;11,9693874270938
70;5,480;11,3009763092759
71;5,484;10,7417012818635
72;5,488;10,2762042695449
73;5,492;9,99031637635142
74;5,496;9,46811949296922
75;5,500;9,05510334556027
76;5,504;8,73727154862974
77;5,508;8,19473860912984
78;5,513;7,71004400267159
79;5,517;7,5349887314587
80;5,521;7,25640038859502
81;5,525;6,87914534096713
82;5,529;6,5884580492387
83;5,533;6,17126754124358
84;5,537;5,93904362050553
85;5,541;5,76412228599593
86;5,546;5,43486122371715
87;5,550;5,17078269037763
88;5,554;4,95199708553734
89;5,558;4,71408085490905
90;5,562;4,34481736391138
91;5,566;4,11029419643335
92;5,570;3,8889191486626
93;5,574;3,65921770250337
94;5,579;3,4186004150252
95;5,583;3,20472582263923
96;5,587;2,95915287713897
97;5,591;2,91774411303543
98;5,595;2,67985020519103
99;5,599;2,62484686570256
100;5,603;2,41456624152181
101;5,607;2,32413664401053
102;5,612;2,22642981895329
103;5,616;2,10081951404192
104;5,620;2,08876521074494
105;5,624;1,95025233674902
106;5,628;1,88973526964137
107;5,632;1,8087928552805
108;5,636;1,74535150348414
109;5,640;1,71472464399624
110;5,644;1,68541482875746
111;5,649;1,71438980223799
112;5,653;1,59958372472614
113;5,657;1,53991492340606
114;5,661;1,44048924398981
115;5,665;1,46756678084027
116;5,669;1,44149376926456
117;5,673;1,40651396691942
118;5,677;1,40417007461167
119;5,682;1,32193293878557
120;5,686;1,33171031812646
121;5,690;1,32552690699078
122;5,694;1,34041620384095
123;5,698;1,30563730655075
124;5,702;1,27467560530461
125;5,706;1,26869309922388
126;5,710;1,25079022654947
127;5,715;1,26561255504799
128;5,719;1,21514074068783
129;5,723;1,24641496090834
130;5,727;1,22398056310562
131;5,731;1,20540800691471
132;5,735;1,21284149394785
133;5,739;1,15131990156545
134;5,743;1,13417600354307
135;5,748;1,20319805131026
136;5,752;1,10158473907344
137;5,756;1,13953347167507
138;5,760;1,16196786947779
139;5,764;1,12475578874432
140;5,768;1,1273229088909
141;5,772;1,1061832325534
142;5,776;1,12564870009965
143;5,781;1,09381641028205
144;5,785;1,14292653482533
145;5,789;1,08886075225996
146;5,793;1,11392923856091
147;5,797;1,13209998464192
148;5,801;1,10252229599654
149;5,805;1,08486497394485
150;5,809;1,1274568455942
151;5,813;1,08229785379827
152;5,818;1,0847980055932
153;5,822;1,09450841658244
154;5,826;1,0699533543108
155;5,830;1,08390509423786
156;5,834;1,04423750727723
157;5,838;1,02905801423658
158;5,842;1,05535425365111
159;5,846;1,02570959665408
160;5,851;1,10308036559363
161;5,855;1,06048849394428
162;5,859;1,11944296618009
163;5,863;1,08511052456756
164;5,867;1,10234371372548
165;5,871;1,09861580881696
166;5,875;1,04405892500616
167;5,879;1,06249754449377
168;5,884;1,10205351753499
169;5,888;1,02510688148923
170;5,892;1,01633402742309
171;5,896;1,00756117335695
172;5,900;1,00057414200148
173;5,904;1,014057103467
174;5,908;1,01986102727666
175;5,912;1,06531021526307
176;5,917;0,99046192090234
177;5,921;0,995082737166185
178;5,925;1,0501530450063
179;5,929;0,967313194015351
180;5,933;0,939521328080633
181;5,937;0,989167199437109
182;5,941;0,941954511523914
183;5,945;0,960571713282592
184;5,950;0,970572320462314
185;5,954;0,943784979802345
186;5,958;0,860074540239943
187;5,962;0,930368986688477
188;5,966;0,935882714307654
189;5,970;0,944030530425061
190;5,974;0,891772893354239
191;5,978;0,898224177896515
192;5,982;0,913559930424347
193;5,987;0,881682995038985
194;5,991;0,945838675919609
195;5,995;0,855409078408332
196;5,999;0,883401849397999
197;6,003;0,901795823317844
198;6,007;0,898335791815932
199;6,011;0,906126443391206
200;6,015;0,846234414232293
201;6,020;0,865945432401253
202;6,024;0,852149951961369
203;6,028;0,801387941410728
204;6,032;0,827818117528564
205;6,036;0,861771071815075
206;6,040;0,857775293499963
207;6,044;0,824692927784901
208;6,048;0,849627477382555
209;6,053;0,830407560459028
210;6,057;0,849359603975956
211;6,061;0,847439844561991
212;6,065;0,846256737016176
213;6,069;0,85728419225453
214;6,073;0,857730647932196
215;6,077;0,848555983756157
216;6,081;0,836256129836454
217;6,086;0,947602175846391
218;6,090;0,901907437237261
219;6,094;0,890366557969591
220;6,098;0,924520417311051
221;6,102;0,843957490276195
222;6,106;0,859270920020144
223;6,110;0,87105734991053
224;6,114;0,907309550937021
225;6,119;0,88826821628456
226;6,123;0,825608161924117
227;6,127;0,869226881632099
228;6,131;0,842260958701064
229;6,135;0,835943610862088
230;6,139;0,823755370861802
231;6,143;0,847975591375191
232;6,147;0,777591853791123
233;6,151;0,74908565877214
234;6,156;0,756519145805281
235;6,160;0,779243739798488
236;6,164;0,78020361950547
237;6,168;0,824246472107235
238;6,172;0,756764696427997
239;6,176;0,786543290128329
240;6,180;0,761072993717476
241;6,184;0,774756860237943
242;6,189;0,734129393570324
243;6,193;0,766117942875103
244;6,197;0,76319365818639
245;6,201;0,736071475768172
246;6,205;0,744554133643828
247;6,209;0,779980391666637
248;6,213;0,679550186975638
249;6,217;0,735133918845073
250;6,222;0,681001167928053
251;6,226;0,696917312836851
252;6,230;0,712052160309733
253;6,234;0,707208116207055
254;6,238;0,716561362654161
255;6,242;0,671558630345414
256;6,246;0,675152598550626
257;6,250;0,71149409071265
258;6,255;0,648008093348525
259;6,259;0,689729376426426
260;6,263;0,712387002067983
261;6,267;0,654370086755267
262;6,271;0,644860580820978
263;6,275;0,713012040016715
264;6,279;0,719731197965591
265;6,283;0,647316087048142
266;6,288;0,65452634624245
267;6,292;0,658432833422029
268;6,296;0,637382448220071
269;6,300;0,658455156205912
270;6,304;0,669058478550483
271;6,308;0,646400852908927
272;6,312;0,614523917523564
273;6,316;0,673902522653161
274;6,320;0,650820764117821
275;6,325;0,662942035766457
276;6,329;0,627359518256466
277;6,333;0,62927927767043
278;6,337;0,661892864923942
279;6,341;0,651468124850437
280;6,345;0,651579738769854
281;6,349;0,62347535386077
282;6,353;0,666960136865453
283;6,358;0,670241586096299
284;6,362;0,730088969687445
285;6,366;1,00191350903448
286;6,370;1,45669558508909
287;6,374;2,40824889368283
288;6,378;4,02794544668783
289;6,382;6,40594696820878
290;6,386;10,0880901697603
291;6,391;13,8710430633288
292;6,395;17,8695670808585
293;6,399;21,4781120639467
294;6,403;24,196937849798
295;6,407;25,8767943053685
296;6,411;26,4169387069929
297;6,415;26,2145826710907
298;6,419;25,356003757371
299;6,424;24,40009750592
300;6,428;23,1179437680145
301;6,432;21,7423022112057
302;6,436;20,3697635213567
303;6,440;19,1225002946607
304;6,444;17,988078740495
305;6,448;16,758807677609
306;6,452;15,6480929199273
307;6,457;14,7378590843015
308;6,461;13,6479268384152
309;6,465;12,9415446652118
310;6,469;11,8387098502409
311;6,473;11,0150214477308
312;6,477;10,339310779583
313;6,481;9,58933220945557
314;6,485;8,78142601515092
315;6,489;8,1742016479572
316;6,494;7,52550154830829
317;6,498;6,86630974023423
318;6,502;6,10994685391613
319;6,506;5,63067668394152
320;6,510;5,07925927645607
321;6,514;4,62666483322202
322;6,518;4,11815181636028
323;6,522;3,77107717254262
324;6,527;3,29888332505902
325;6,531;3,00274927406307
326;6,535;2,68252893925703
327;6,539;2,38612701485447
328;6,543;2,18970883946525
329;6,547;1,97431629777522
330;6,551;1,88169906744338
331;6,555;1,66896293703546
332;6,560;1,52471310758153
333;6,564;1,44600297160899
334;6,568;1,31291453409671
335;6,572;1,23942792955287
336;6,576;1,1384173324809
337;6,580;1,08136029687517
338;6,584;1,03166977995093
339;6,588;0,99923477496848
340;6,593;0,927734898190247
341;6,597;0,844381623169978
342;6,601;0,845631699067443
343;6,605;0,806165017161756
344;6,609;0,779489290421204
345;6,613;0,782681448516517
346;6,617;0,749710696720872
347;6,621;0,694037673715904
348;6,626;0,699997857012747
349;6,630;0,696604793862485
350;6,634;0,681380655254069
351;6,638;0,680599357818153
352;6,642;0,647159827560959
353;6,646;0,605237639428108
354;6,650;0,62604247400735
355;6,654;0,595951361332652
356;6,658;0,584923906094299
357;6,663;0,569431894079283
358;6,667;0,582602336570435
359;6,671;0,554721179500184
360;6,675;0,57514652675341
361;6,679;0,56677548279717
362;6,683;0,604746538182675
363;6,687;0,57211062814528
364;6,691;0,553805945360968
365;6,696;0,551328116349921
366;6,700;0,499226738766282
367;6,704;0,557600818621131
368;6,708;0,568896147266084
369;6,712;0,590660861552309
370;6,716;0,506995067557673
371;6,720;0,544787540672112
372;6,724;0,529541079279813
373;6,729;0,569454216863167
374;6,733;0,53228678169746
375;6,737;0,536282560012572
376;6,741;0,532443041184643
377;6,745;0,508423725726205
378;6,749;0,522040623895022
379;6,753;0,519964604993875
380;6,757;0,512999896422283
381;6,762;0,534407446166374
382;6,766;0,490453884700143
383;6,770;0,471881328509231
384;6,774;0,506102156202341
385;6,778;0,490811049242275
386;6,782;0,503356453784694
387;6,786;0,542086483822232
388;6,790;0,468398974223435
389;6,795;0,486368815249497
390;6,799;0,502552833564895
391;6,803;0,496570327484169
392;6,807;0,503334131000811
393;6,811;0,475497619498327
394;6,815;0,465318430047539
395;6,819;0,477194151073458
396;6,823;0,496927492026302
397;6,827;0,453643614076569
398;6,832;0,447728076347493
399;6,836;0,437414950193405
400;6,840;0,447393234589243
401;6,844;0,450496101549023
402;6,848;0,475006518252894
403;6,852;0,436633652757489
404;6,856;0,421141640742474
405;6,860;0,439557937446202
406;6,865;0,457148291146248
407;6,869;0,397948268287717
408;6,873;0,45230424704357
409;6,877;0,39897511634635
410;6,881;0,421409514149073
411;6,885;0,412525046163517
412;6,889;0,410739223452852
413;6,893;0,450830943307272
414;6,898;0,40134133143798
415;6,902;0,439825810852802
416;6,906;0,439848133636685
417;6,910;0,410694577885086
418;6,914;0,386452034587814
419;6,918;0,42428915327002
420;6,922;0,405939824917941
421;6,926;0,42995914037638
422;6,931;0,434646924991875
423;6,935;0,417547672537261
424;6,939;0,375201351510627
425;6,943;0,415471653636114
426;6,947;0,402769989606512
427;6,951;0,430405596054046
428;6,955;0,431052956786662
429;6,959;0,409489147555387
430;6,964;0,394398945650272
431;6,968;0,401921723818946
432;6,972;0,416007400449313
433;6,976;0,410069539936353
434;6,980;0,400269837811581
435;6,984;0,383572395466868
436;6,988;0,350958808213356
437;6,992;0,414980552390681
438;6,996;0,422280102720522
439;7,001;0,474470771439695
440;7,005;0,64885635913609
441;7,009;0,944119821560595
442;7,013;1,51134176003543
443;7,017;2,5349306922206
444;7,021;4,02265494690749
445;7,025;5,9329271777215
446;7,029;8,13772621909187
447;7,034;10,5141428229571
448;7,038;12,4471396477643
449;7,042;14,2175819603333
450;7,046;14,8159665051092
451;7,050;15,3904879939139
452;7,054;15,34378873003
453;7,058;14,8678223320702
454;7,062;14,2556423068543
455;7,067;13,2928383151834
456;7,071;12,4703106974352
457;7,075;11,5488708243
458;7,079;10,6718979366604
459;7,083;9,92624998660633
460;7,087;9,27330855801959
461;7,091;8,47578245822068
462;7,095;7,79315172706914
463;7,100;7,16737712646839
464;7,104;6,43110474564527
465;7,108;5,80086558826786
466;7,112;5,26931545843855
467;7,116;4,8148459013583
468;7,120;4,25981220288375
469;7,124;3,83639363818518
470;7,128;3,43793194586814
471;7,133;3,01047295728669
472;7,137;2,64091927009854
473;7,141;2,31493965705061
474;7,145;2,10626627330945
475;7,149;1,77702753381455
476;7,153;1,61427211652136
477;7,157;1,48044702714093
478;7,161;1,28242161131212
479;7,165;1,19634495665808
480;7,170;1,08095848676527
481;7,174;1,00834247079287
482;7,178;0,924029316065618
483;7,182;0,835631091887722
484;7,186;0,752456399138519
485;7,190;0,710623502141201
486;7,194;0,690198154887975
487;7,198;0,601398120600179
488;7,203;0,618809892029159
489;7,207;0,553158584628352
490;7,211;0,544452698913863
491;7,215;0,540702471221467
492;7,219;0,522018301111139
493;7,223;0,469492790633717
494;7,227;0,52067893407814
495;7,231;0,477930802941607
496;7,236;0,450362164845723
497;7,240;0,43826321598097
498;7,244;0,407234546383173
499;7,248;0,427146469607083
500;7,252;0,417346767482311
501;7,256;0,371272541547165
502;7,260;0,409198951364904
503;7,264;0,398193818910434
504;7,269;0,375871035027127
505;7,273;0,441343760156867
506;7,277;0,41038205891072
507;7,281;0,42388734316012
508;7,285;0,391162141987192
509;7,289;0,394153395027555
510;7,293;0,458800177153613
511;7,297;0,452728379937353
512;7,302;0,461099423893594
513;7,306;0,451277398984938
514;7,310;0,403372704771361
515;7,314;0,459849347996128
516;7,318;0,427704539204166
517;7,322;0,453956133050935
518;7,326;0,447527171292543
519;7,330;0,426164267116218
520;7,334;0,429780558105314
521;7,339;0,391385369826025
522;7,343;0,410582963965669
523;7,347;0,373460174367729
524;7,351;0,381541022133487
525;7,355;0,361182643231911
526;7,359;0,334439948139708
527;7,363;0,396564255686952
528;7,367;0,376585364111392
529;7,372;0,350623966455106
530;7,376;0,337029391070172
531;7,380;0,337185650557355
532;7,384;0,315711132461614
533;7,388;0,301290614072997
534;7,392;0,319081872827993
535;7,396;0,317363018468978
536;7,400;0,281892114878403
537;7,405;0,31602365143598
538;7,409;0,300844158395331
539;7,413;0,291736462570942
540;7,417;0,270016393852484
541;7,421;0,294415196636939
542;7,425;0,27599889993321
543;7,429;0,255707489383284
544;7,433;0,276222127772043
545;7,438;0,26155605876071
546;7,442;0,289392570263195
547;7,446;0,282182311068886
548;7,450;0,267583210409203
549;7,454;0,302071911508913
550;7,458;0,266958172460471
551;7,462;0,231397977734362
552;7,466;0,26782876103192
553;7,471;0,269614583742584
554;7,475;0,239969926745552
555;7,479;0,277115039127376
556;7,483;0,25615394506095
557;7,487;0,262694520738759
558;7,491;0,242849565866499
559;7,495;0,251734033852055
560;7,499;0,238474300225371
561;7,503;0,239835990042253
562;7,508;0,246086369529579
563;7,512;0,262069482790027
564;7,516;0,26459195736884
565;7,520;0,25075183136119
566;7,524;0,287048677955447
567;7,528;0,255506584328334
568;7,532;0,248631166892276
569;7,536;0,265150026965923
570;7,541;0,268297539493469
571;7,545;0,272494222863531
572;7,549;0,269279741984335
573;7,553;0,229478218320398
574;7,557;0,216843522642446
575;7,561;0,232357857441345
576;7,565;0,237023319272956
577;7,569;0,232424825792995
578;7,574;0,219142769382427
579;7,578;0,252760881910687
580;7,582;0,248296325134026
581;7,586;0,227223617148184
582;7,590;0,242202205133883
583;7,594;0,257515634877832
584;7,598;0,243340667111932
585;7,602;0,238697528064204
586;7,607;0,270172653339667
587;7,611;0,27349874813828
588;7,615;0,260305982863245
589;7,619;0,274748824035745
590;7,623;0,264502666233307
591;7,627;0,217356946671762
592;7,631;0,244211255683381
593;7,635;0,263498140958558
594;7,640;0,250327698467407
595;7,644;0,263007039713125
596;7,648;0,219209737734077
597;7,652;0,244970230335413
598;7,656;0,249925888357507
599;7,660;0,252671590775154
600;7,664;0,229321958833215
601;7,668;0,223138547697539
602;7,672;0,236331312972573
603;7,677;0,22186614901619
604;7,681;0,227268262715951
605;7,685;0,247872192240243
606;7,689;0,235773243375491
607;7,693;0,263676723229625
608;7,697;0,24454609744163
609;7,701;0,257671894365015
610;7,705;0,213651364547133
611;7,710;0,250461635170707
612;7,714;0,296848380080219
613;7,718;0,445540443526928
614;7,722;0,788530017893944
615;7,726;1,49982320355164
616;7,730;2,75407346160303
617;7,734;4,83937864084605
618;7,738;8,07877174685606
619;7,743;12,5396229413929
620;7,747;17,677792044517
621;7,751;23,4053049649443
622;7,755;28,4938281967119
623;7,759;32,7604488486801
624;7,763;35,4110115614162
625;7,767;36,6736998317755
626;7,771;36,3457558137458
627;7,776;35,1913776907884
628;7,780;33,2801679030513
629;7,784;30,5521674530239
630;7,788;28,3804954229364
631;7,792;25,9034477093252
632;7,796;23,3546322455292
633;7,800;20,9868545590268
634;7,804;18,649770700364
635;7,809;16,3936515788459
636;7,813;14,5180466314026
637;7,817;12,5625930860088
638;7,821;10,8893664972516
639;7,825;9,33007539743484
640;7,829;8,01104442055411
641;7,833;6,80929735019626
642;7,837;5,77557387412807
643;7,841;4,87078679776986
644;7,846;4,19601368654525
645;7,850;3,5154143287271
646;7,854;3,08570073897344
647;7,858;2,56694156430926
648;7,862;2,31819878349757
649;7,866;1,98429458217106
650;7,870;1,69762539154163
651;7,874;1,51643135476082
652;7,879;1,39387927124147
653;7,883;1,21217181043135
654;7,887;1,11725533335953
655;7,891;1,02887943196551
656;7,895;0,893603361632671
657;7,899;0,842685091594847
658;7,903;0,840296553719333
659;7,907;0,765001803680938
660;7,912;0,706181268148423
661;7,916;0,615840961772679
662;7,920;0,563561001917974
663;7,924;0,588875038841644
664;7,928;0,540412275030984
665;7,932;0,540791762357
666;7,936;0,498847251440266
667;7,940;0,480676505359254
668;7,945;0,503289485433044
669;7,949;0,427079501255433
670;7,953;0,425628520303018
671;7,957;0,407926552683556
672;7,961;0,401519913709047
673;7,965;0,385983256126265
674;7,969;0,417324444698428
675;7,973;0,383840268873467
676;7,978;0,350936485429472
677;7,982;0,327586853487533
678;7,986;0,347922909605226
679;7,990;0,303969348138994
680;7,994;0,361428193854627
681;7,998;0,357186864916799
682;8,002;0,287785329823596
683;8,006;0,308523196051189
684;8,010;0,331158498908862
685;8,015;0,308411582131772
686;8,019;0,308456227699539
687;8,023;0,290955165135026
688;8,027;0,287629070336413
689;8,031;0,239188629309637
690;8,035;0,260573856269845
691;8,039;0,270842336856166
692;8,043;0,235081237075108
693;8,048;0,263542786526325
694;8,052;0,230080933485247
695;8,056;0,239858312826136
696;8,060;0,227201294364301
697;8,064;0,222759060371523
698;8,068;0,253408242643303
699;8,072;0,246197983448995
700;8,076;0,213249554437234
701;8,081;0,256310204548133
702;8,085;0,234991945939575
703;8,089;0,1989852955358
704;8,093;0,225772636195769
705;8,097;0,196373529821453
706;8,101;0,224254686891704
707;8,105;0,203405206744695
708;8,109;0,226397674144502
709;8,114;0,170255872677984
710;8,118;0,197333409528436
711;8,122;0,230884553705046
712;8,126;0,191127675608876
713;8,130;0,210280624180754
714;8,134;0,215035377147898
715;8,138;0,21673190872303
716;8,142;0,198717422129201
717;8,147;0,194654675462439
718;8,151;0,19972194740395
719;8,155;0,178359043227625
720;8,159;0,195949396927671
721;8,163;0,184386194876117
722;8,167;0,200771118246465
723;8,171;0,186953315022698
724;8,175;0,203851662422361
725;8,179;0,218428440298161
726;8,184;0,186038080883482
727;8,188;0,188850751652779
728;8,192;0,172197954875832
729;8,196;0,177622391359475
730;8,200;0,180568998832072
731;8,204;0,147799152091377
732;8,208;0,170813942275067
733;8,212;0,173961454802613
734;8,217;0,186529182128915
735;8,221;0,17940821407014
736;8,225;0,169608511945368
737;8,229;0,188136422568513
738;8,233;0,177934910333842
739;8,237;0,177756328062775
740;8,241;0,174296296560863
741;8,245;0,157956018758282
742;8,250;0,146080297732362
743;8,254;0,161349081908544
744;8,258;0,16556808806249
745;8,262;0,151951189893672
746;8,266;0,188203390920163
747;8,270;0,181127068429155
748;8,274;0,163469746377459
749;8,278;0,177175935681809
750;8,283;0,203583789015762
751;8,287;0,190636574363444
752;8,291;0,19114999839276
753;8,295;0,161349081908544
754;8,299;0,138245000589321
755;8,303;0,146013329380712
756;8,307;0,189966890846944
757;8,311;0,14822328498516
758;8,316;0,168045917073537
759;8,320;0,189207916194912
760;8,324;0,130164152823564
761;8,328;0,153134297439487
762;8,332;0,171684530846516
763;8,336;0,170300518245751
764;8,340;0,163804588135708
765;8,344;0,173626613044363
766;8,348;0,17643928381366
767;8,353;0,162889353996493
768;8,357;0,155768385937718
769;8,361;0,162643803373776
770;8,365;0,134673355167992
771;8,369;0,150009107695824
772;8,373;0,154719215095202
773;8,377;0,162509866670476
774;8,381;0,178783176121407
775;8,386;0,149964462128058
776;8,390;0,202869459931496
777;8,394;0,236867059785773
778;8,398;0,212691484840151
779;8,402;0,214454984766932
780;8,406;0,248787426379459
781;8,410;0,253229660372237
782;8,414;0,230683648650097
783;8,419;0,22740219941925
784;8,423;0,253363597075537
785;8,427;0,254502059053585
786;8,431;0,237759971141105
787;8,435;0,188292682055696
788;8,439;0,210838693777837
789;8,443;0,186216663154549
790;8,447;0,229210344913798
791;8,452;0,219008832679127
792;8,456;0,184341549308351
793;8,460;0,187310479564831
794;8,464;0,16813520820907
795;8,468;0,173894486450963
796;8,472;0,174273973776979
797;8,476;0,192824207184008
798;8,480;0,166237771578989
799;8,485;0,177287549601226
800;8,489;0,217691788430012
801;8,493;0,325265283963669
802;8,497;0,483734726751267
803;8,501;0,929275170278195
804;8,505;1,62007604033102
805;8,509;2,80945628841751
806;8,513;4,59360479029084
807;8,517;7,26173553394313
808;8,522;10,299330673648
809;8,526;13,5682791455195
810;8,530;16,7154121857398
811;8,534;19,2629775736384
812;8,538;20,8657534564599
813;8,542;21,5601706175018
814;8,546;21,1190500851837
815;8,550;20,0834291724855
816;8,555;18,47223760014
817;8,559;16,8912041088209
818;8,563;15,1922170274624
819;8,567;13,1820056932028
820;8,571;11,2891675566017
821;8,575;9,66043027612391
822;8,579;8,14326226949493
823;8,583;6,87510491708425
824;8,588;5,76385441258934
825;8,592;4,6674708821607
826;8,596;3,9284974444877
827;8,600;3,23073186586328
828;8,604;2,74168431654779
829;8,608;2,26018186818485
830;8,612;1,9754101141855
831;8,616;1,59741841468946
832;8,621;1,47694235007125
833;8,625;1,24398177746506
834;8,629;1,07964144251615
835;8,633;0,896594614673034
836;8,637;0,857105609983463
837;8,641;0,749063335988256
838;8,645;0,687050642360429
839;8,649;0,622493151369905
840;8,654;0,585013197229832
841;8,658;0,53775586374887
842;8,662;0,492842422575656
843;8,666;0,476680727044142
844;8,670;0,392278281181357
845;8,674;0,36718747209652
846;8,678;0,380648110778154
847;8,682;0,325064378908719
848;8,686;0,345668308433012
849;8,691;0,326091226967352
850;8,695;0,303210373486962
851;8,699;0,283320773046935
852;8,703;0,251443837661572
853;8,707;0,275195279713411
854;8,711;0,23650989524364
855;8,715;0,242514724108249
856;8,719;0,244925584767647
857;8,724;0,208740352092806
858;8,728;0,247827546672477
859;8,732;0,220348199712125
860;8,736;0,230170224620781
861;8,740;0,221977762935607
862;8,744;0,215615769528864
863;8,748;0,211910187404235
864;8,752;0,18831500483958
865;8,757;0,206217877513992
866;8,761;0,169318315754885
867;8,765;0,153402170846087
868;8,769;0,158067632677698
869;8,773;0,144740930699364
870;8,777;0,157442594728966
871;8,781;0,17920730901519
872;8,785;0,170724651139533
873;8,790;0,176684834436377
874;8,794;0,150946664618923
875;8,798;0,124538811284971
876;8,802;0,14505344967373
877;8,806;0,146303525571195
878;8,810;0,0937333695260069
879;8,814;0,142888139637049
880;8,818;0,118868824178611
881;8,823;0,0900054646174946
882;8,827;0,153647721468803
883;8,831;0,133155405863927
884;8,835;0,135722526010508
885;8,839;0,126391602347285
886;8,843;0,11400245729205
887;8,847;0,143379240882482
888;8,851;0,131793716047046
889;8,855;0,0893357811009954
890;8,860;0,107104717072108
891;8,864;0,106635938610558
892;8,868;0,109515577731505
893;8,872;0,117775007768329
894;8,876;0,116547254654747
895;8,880;0,123757513849055
896;8,884;0,106211805716776
897;8,888;0,0880857052035302
898;8,893;0,126056760589036
899;8,897;0,0961442301854041
900;8,901;0,0943584074747395
901;8,905;0,116882096412997
902;8,909;0,12567727326302
903;8,913;0,134941228574592
904;8,917;0,13628059560759
905;8,921;0,16826914491237
906;8,926;0,193873378026523
907;8,930;0,211441408942686
908;8,934;0,186685441616098
909;8,938;0,221241111067458
910;8,942;0,213986206305383
911;8,946;0,21099495326502
912;8,950;0,167153005718204
913;8,954;0,20465528264216
914;8,959;0,165389505791423
915;8,963;0,130565962933464
916;8,967;0,144428411724998
917;8,971;0,127083608647668
918;8,975;0,154138822714236
919;8,979;0,136794019636907
920;8,983;0,133467924838294
921;8,987;0,122150273409457
922;8,992;0,11103352703557
923;8,996;0,101233824910798
924;9,000;0,11953850769511
925;9,004;0,131994621101995
926;9,008;0,0792905283535072
927;9,012;0,125855855534086
928;9,016;0,109716482786455
929;9,020;0,110609394141787
930;9,024;0,0971934010279196
931;9,029;0,0850498065954004
932;9,033;0,0825719775843533
933;9,037;0,0950504137751221
934;9,041;0,0948048631524057
935;9,045;0,111859470039252
936;9,049;0,0762546297453774
937;9,053;0,0832863066686192
938;9,057;0,0851837432987003
939;9,062;0,102483900808263
940;9,066;0,0708078704778504
941;9,070;0,0686202376572863
942;9,074;0,0982648946543183
943;9,078;0,0872820849837311
944;9,082;0,0710980666683334
945;9,086;0,106702906962208
946;9,090;0,07687966769411
947;9,095;0,0810317054964051
948;9,099;0,0932422682805742
949;9,103;0,0764778575842105
950;9,107;0,0498021308436584
951;9,111;0,120855551944225
952;9,115;0,0782413575109917
953;9,119;0,0913448316504931
954;9,123;0,109850419489755
955;9,128;0,0751161677673287
956;9,132;0,0966130086469536
957;9,136;0,100452527474882
958;9,140;0,0953182871817218
959;9,144;0,122284210112757
960;9,148;0,112997932017301
961;9,152;0,182131593703903
962;9,156;0,194654675462439
963;9,161;0,202043516927813
964;9,165;0,1854800112864
965;9,169;0,18487729612155
966;9,173;0,210414560884054
967;9,177;0,184430840443884
968;9,181;0,227558458906434
969;9,185;0,194989517220688
970;9,189;0,196016365279321
971;9,193;0,17326944850223
972;9,198;0,169831739784201
973;9,202;0,158648025058664
974;9,206;0,147040177439345
975;9,210;0,158804284545847
976;9,214;0,133378633702761
977;9,218;0,0988676098191676
978;9,222;0,119851026669476
979;9,226;0,109872742273638
980;9,231;0,0788887182436076
981;9,235;0,085965040734616
982;9,239;0,0831970155330859
983;9,243;0,0839336674012351
984;9,247;0,0787324587564245
985;9,251;0,103376812163596
986;9,255;0,118087526742695
987;9,259;0,0672362250565213
988;9,264;0,0873713761192644
989;9,268;0,0781967119432251
990;9,272;0,0787994271080744
991;9,276;0,0766341170713936
992;9,280;0,0834648889396856
993;9,284;0,0550479850562356
994;9,288;0,0741562880603465
995;9,292;0,0993587110646004
996;9,297;0,142977430772583
997;9,301;0,31298775282785
998;9,305;0,630283802945179
999;9,309;1,33717940017787
1000;9,313;2,64118714350514
1001;9,317;4,94434037066536
1002;9,321;8,67162024122893
1003;9,325;13,8854189361497
1004;9,330;20,8782318926506
1005;9,334;28,3561859112875
1006;9,338;36,2085153384313
1007;9,342;42,5438553412171
1008;9,346;47,2680930627931
1009;9,350;49,1038071954369
1010;9,354;49,2138138744138
1011;9,358;46,8024621137712
1012;9,363;42,5971621491305
1013;9,367;37,6512145380255
1014;9,371;32,0802066554041
1015;9,375;26,6317955018698
1016;9,379;21,728662990253
1017;9,383;17,55899018869
1018;9,387;14,0565230746152
1019;9,391;11,3301521878114
1020;9,395;8,89971444694856
1021;9,400;7,32002032266245
1022;9,404;5,96612115735598
1023;9,408;4,83033791337331
1024;9,412;3,99388087848191
1025;9,416;3,3138842358286
1026;9,420;2,83959204665998
1027;9,424;2,50057592782419
1028;9,428;2,03581556737373
1029;9,433;1,82928517088538
1030;9,437;1,62907212223599
1031;9,441;1,46031187607819
1032;9,445;1,29746716764946
1033;9,449;1,22989610083469
1034;9,453;1,1071207894765
1035;9,457;1,06439498112385
1036;9,461;0,984524060389381
1037;9,466;0,926038366615116
1038;9,470;0,896683905808567
1039;9,474;0,885812710057396
1040;9,478;0,824358086026652
1041;9,482;0,74915262712379
1042;9,486;0,76042563298486
1043;9,490;0,665553801480804
1044;9,494;0,588517874299511
1045;9,499;0,632917891443409
1046;9,503;0,541840933199516
1047;9,507;0,50987470667862
1048;9,511;0,46661315151277
1049;9,515;0,421989906530039
1050;9,519;0,422614944478772
1051;9,523;0,383550072682984
1052;9,527;0,379978427261655
1053;9,532;0,332386252022444
1054;9,536;0,300710221692031
1055;9,540;0,289414893047078
1056;9,544;0,298701171142534
1057;9,548;0,265641128211356
1058;9,552;0,236085762349857
1059;9,556;0,247403413778694
1060;9,560;0,25925681202073
1061;9,564;0,203092687770329
1062;9,569;0,220437490847659
1063;9,573;0,189073979491612
1064;9,577;0,175099916780662
1065;9,581;0,216553326451963
1066;9,585;0,173157834582814
1067;9,589;0,209945782422504
1068;9,593;0,197221795609019
1069;9,597;0,159518613630113
1070;9,602;0,195994042495437
1071;9,606;0,150946664618923
1072;9,610;0,151482411432123
1073;9,614;0,176729480004143
1074;9,618;0,162911676780376
1075;9,622;0,181528878539054
1076;9,626;0,164072461542308
1077;9,630;0,165679701981906
1078;9,635;0,197869156341635
1079;9,639;0,163893879271241
1080;9,643;0,208963579931639
1081;9,647;0,254033280592036
1082;9,651;0,221419693338524
1083;9,655;0,210704757074537
1084;9,659;0,244032673412314
1085;9,663;0,203829339638478
1086;9,668;0,183158441762536
1087;9,672;0,208584092605622
1088;9,676;0,188940042788312
1089;9,680;0,173894486450963
1090;9,684;0,183962061982335
1091;9,688;0,138088741102138
1092;9,692;0,158268537732648
1093;9,696;0,13634756395924
1094;9,701;0,123199444251972
1095;9,705;0,115632020515531
1096;9,709;0,111546951064886
1097;9,713;0,114091748427583
1098;9,717;0,10219370461778
1099;9,721;0,1000283945811
1100;9,725;0,135945753849341
1101;9,729;0,0917466417603926
1102;9,733;0,0992470971451838
1103;9,738;0,132463399563545
1104;9,742;0,130342735094631
1105;9,746;0,158179246597115
1106;9,750;0,160076683227196
1107;9,754;0,153781658172103
1108;9,758;0,166460999417822
1109;9,762;0,14815631663351
1110;9,766;0,162175024912227
1111;9,771;0,161750892018444
1112;9,775;0,158134601029348
1113;9,779;0,0991578060096506
1114;9,783;0,125654950479136
1115;9,787;0,116301704032031
1116;9,791;0,151102924106106
1117;9,795;0,115140919270099
1118;9,799;0,11346671047885
1119;9,804;0,0849828382437505
1120;9,808;0,086545433115582
1121;9,812;0,0451366690120472
1122;9,816;0,0906528253501105
1123;9,820;0,0553605040306019
1124;9,824;0,072593693188515
1125;9,828;0,0508959472539404
1126;9,832;0,0575258140672827
1127;9,837;0,0593786051295972
1128;9,841;0,0718570413203659
1129;9,845;0,0868802748738316
1130;9,849;0,06830771868292
1131;9,853;0,0590437633713475
1132;9,857;0,0744018386830629
1133;9,861;0,0576374279866992
1134;9,865;0,0533960990488708
1135;9,870;0,0778172246172089
1136;9,874;0,068084490844087
1137;9,878;0,0481279220524103
1138;9,882;0,0696024401481519
1139;9,886;0,0442884032244815
1140;9,890;0,046721586667762
1141;9,894;0,0840452813206516
1142;9,898;0,122395824032173
1143;9,902;0,143714082640732
1144;9,907;0,249680337734791
1145;9,911;0,577602032980574
1146;9,915;1,13730119328674
1147;9,919;2,15551033455603
1148;9,923;3,67611604990303
1149;9,927;6,04159448966544
1150;9,931;9,0572016872453
1151;9,935;12,500379487326
1152;9,940;16,228529946461
1153;9,944;19,7908890896947
1154;9,948;22,3528080276302
1155;9,952;23,7198329898601
1156;9,956;23,6160097220188
1157;9,960;22,6104575992114
1158;9,964;20,7466614044424
1159;9,968;18,349239060943
1160;9,973;15,5591143033684
1161;9,977;13,0146517824296
1162;9,981;10,6854701892615
1163;9,985;8,68934453163228
1164;9,989;7,0737553708618
1165;9,993;5,51828146708907
1166;9,997;4,4876162124129
1167;10,001;3,69272420111221
1168;10,006;2,98915469867813
1169;10,010;2,4776950743438
1170;10,014;2,00634949264777
1171;10,018;1,67999039227382
1172;10,022;1,48642953322166
1173;10,026;1,24674980266659
1174;10,030;1,07298925291893
1175;10,034;0,982961465517549
1176;10,039;0,862150559141091
1177;10,043;0,773060328662812
1178;10,047;0,695377040748903
1179;10,051;0,585169456717015
1180;10,055;0,52681769964605
1181;10,059;0,511794466092584
1182;10,063;0,485699131732998
1183;10,067;0,405850533782408
1184;10,071;0,373549465503263
1185;10,076;0,377455952682841
1186;10,080;0,357477061107282
1187;10,084;0,309884885868071
1188;10,088;0,28774068425583
1189;10,092;0,290977487918909
1190;10,096;0,278119564402124
1191;10,100;0,251488483229339
1192;10,104;0,258341577881514
1193;10,109;0,27356571648993
1194;10,113;0,232268566305811
1195;10,117;0,264815185207673
1196;10,121;0,277940982131058
1197;10,125;0,353816124550419
1198;10,129;0,566864773932703
1199;10,133;1,08738744852366
1200;10,137;1,91866559755414
1201;10,142;3,51123996814092
1202;10,146;5,8781024205041
1203;10,150;9,19491094102142
1204;10,154;13,10220174082
1205;10,158;17,5222468864181
1206;10,162;21,8454334727466
1207;10,166;24,8015281284935
1208;10,170;26,7734558883932
1209;10,175;27,1221600954344
1210;10,179;25,7506705764279
1211;10,183;23,4519595832604
1212;10,187;20,4771361118354
1213;10,191;17,0826443034041
1214;10,195;13,9534141358582
1215;10,199;11,1920857694931
1216;10,203;8,85906465749706
1217;10,208;6,99229953247161
1218;10,212;5,41970405346039
1219;10,216;4,34747377519349
1220;10,220;3,40717114967694
1221;10,224;2,78778086526682
1222;10,228;2,25431097602354
1223;10,232;1,92875549586939
1224;10,236;1,59663711725355
1225;10,240;1,40325484047246
1226;10,245;1,23494104999232
1227;10,249;1,01791894507881
1228;10,253;0,917042284710143
1229;10,257;0,845453116796377
1230;10,261;0,735714311226039
1231;10,265;0,680532389466503
1232;10,269;0,621265398256323
1233;10,273;0,539497040891768
1234;10,278;0,514227649535865
1235;10,282;0,456969708875182
1236;10,286;0,447906658618559
1237;10,290;0,403461995906894
1238;10,294;0,37575942110771
1239;10,298;0,366294560741188
1240;10,302;0,371986870631431
1241;10,306;0,332944321619527
1242;10,311;0,337297264476772
1243;10,315;0,290285481618527
1244;10,319;0,258497837368697
1245;10,323;0,279057121325223
1246;10,327;0,236018793998207
1247;10,331;0,215013054364015
1248;10,335;0,205972326891276
1249;10,339;0,218673990920877
1250;10,344;0,20248997260548
1251;10,348;0,19048031487626
1252;10,352;0,173693581396013
1253;10,356;0,146839272384395
1254;10,360;0,14815631663351
1255;10,364;0,151705639270956
1256;10,368;0,122060982273924
1257;10,372;0,112774704178468
1258;10,377;0,158960544033031
1259;10,381;0,139762949893386
1260;10,385;0,134985874142359
1261;10,389;0,106993103152691
1262;10,393;0,083710439562402
1263;10,397;0,115386469892815
1264;10,401;0,0964121035920038
1265;10,405;0,0842238635917181
1266;10,409;0,0953629327494884
1267;10,414;0,0827059142876532
1268;10,418;0,0989569009547008
1269;10,422;0,115319501541165
1270;10,426;0,0628832821992764
1271;10,430;0,0806298953865056
1272;10,434;0,0852060660825836
1273;10,438;0,0699819274741681
1274;10,442;0,0655396934813899
1275;10,447;0,064669104909941
1276;10,451;0,0617224974373444
1277;10,455;0,0719686552397824
1278;10,459;0,0652048517231403
1279;10,463;0,0393773907701539
1280;10,467;0,0776609651300258
1281;10,471;0,0459179664479629
1282;10,475;0,0915903822732094
1283;10,480;0,0528603522356714
1284;10,484;0,0702944464485344
1285;10,488;0,0611644278402617
1286;10,492;0,0508736244700571
1287;10,496;0,0342877960447599
1288;10,500;0,0338190175832104
1289;10,504;0,058351757070965
1290;10,508;0,0404935299643193
1291;10,513;0,0559408964115678
1292;10,517;0,064088712528975
1293;10,521;0,0591553772907641
1294;10,525;0,0721695602947322
1295;10,529;0,0254256508430869
1296;10,533;0,0171885435901465
1297;10,537;0,0517888586092727
1298;10,541;0,0457617069607798
1299;10,546;0,0344887010997096
1300;10,550;0,0202690877660429
1301;10,554;0,060963522785312
1302;10,558;0,0290419418321827
1303;10,562;0,0425695488654668
1304;10,566;0,0422570298911005
1305;10,570;0,0536639724554705
1306;10,574;0,0407614033709189
1307;10,578;0,0583071115031984
1308;10,583;0,0448911183893308
1309;10,587;0,0312295746527468
1310;10,591;0,0199565687916766
1311;10,595;0,0200905054949765
1312;10,599;0,0590437633713475
1313;10,603;0,0785985220531246
1314;10,607;0,0614099784629781
1315;10,611;0,0484181182428933
1316;10,616;0,0489538650560927
1317;10,620;0,0605170671076458
1318;10,624;0,0632850923091759
1319;10,628;0,0235728597807724
1320;10,632;0,0364531060814407
1321;10,636;0
1322;10,640;0,0418105742134344
1323;10,644;0,0376808591950226
1324;10,649;0,0447795044699142
1325;10,653;0,061253718975795
1326;10,657;0,0220995560444741
1327;10,661;0,0528603522356714
1328;10,665;0,0506280738473407
1329;10,669;0,0609412000014287
1330;10,673;0,0470341056421283
1331;10,677;0,0397122325284035
1332;10,682;0,0345110238835929
1333;10,686;0,0302696949457646
1334;10,690;0,0433731690852659
1335;10,694;0,0473466246164946
1336;10,698;0,0300018215391649
1337;10,702;0,0292428468871324
1338;10,706;0,057548136851166
1339;10,710;0,0731517627855977
1340;10,715;0,0137508348721172
1341;10,719;0,0445116310633146
1342;10,723;0,0171662208062632
1343;10,727;0,029577688645382
1344;10,731;0,0669013832982717
1345;10,735;0,171572916927099
1346;10,739;0,402122628873896
1347;10,743;0,798106492179882
1348;10,747;1,63146066011151
1349;10,752;3,0023028183854
1350;10,756;5,17629641799681
1351;10,760;8,10390720150866
1352;10,764;11,8259858634274
1353;10,768;15,9354541168571
1354;10,772;19,9717036391495
1355;10,776;23,3923354275081
1356;10,780;25,5365281106353
1357;10,785;26,0380987417093
1358;10,789;25,014152644982
1359;10,793;22,4293974991339
1360;10,797;19,5950289839026
1361;10,801;16,4949523721083
1362;10,805;13,442311676066
1363;10,809;10,6097736291132
1364;10,813;8,40972934070997
1365;10,818;6,66502519795845
1366;10,822;5,16058117814296
1367;10,826;4,14388998617773
1368;10,830;3,33745709560938
1369;10,834;2,74134947478954
1370;10,838;2,26672244386266
1371;10,842;1,94313136869024
1372;10,846;1,62815688809678
1373;10,851;1,30246747123933
1374;10,855;1,21056456999175
1375;10,859;1,06609151269899
1376;10,863;0,936485429472504
1377;10,867;0,819112231814074
1378;10,871;0,698993331737998
1379;10,875;0,663745655986256
1380;10,879;0,606889525435473
1381;10,884;0,515098238107314
1382;10,888;0,491436087191008
1383;10,892;0,497128397081251
1384;10,896;0,465430043966955
1385;10,900;0,36995549729805
1386;10,904;0,308590164402839
1387;10,908;0,330823657150613
1388;10,912;0,263319558687492
1389;10,916;0,322586549897672
1390;10,921;0,285843247625749
1391;10,925;0,249233882057125
1392;10,929;0,244501451873864
1393;10,933;0,262181096709443
1394;10,937;0,262582906819343
1395;10,941;0,302027265941146
1396;10,945;0,442236671512199
1397;10,949;0,951330080754903
1398;10,954;1,7919391534486
1399;10,958;3,79308743745156
1400;10,962;7,13195086844558
1401;10,966;12,7715120203727
1402;10,970;21,243722833172
1403;10,974;32,7332373751263
1404;10,978;45,3433333452388
1405;10,982;59,6312767203723
1406;10,987;73,0123346774626
1407;10,991;82,9599252454613
1408;10,995;88,917697681645
1409;10,999;88,3328407439023
1410;11,003;82,6881453516821
1411;11,007;73,1093941417872
1412;11,011;61,3826553755049
1413;11,015;49,2014247293586
1414;11,020;39,1621544879511
1415;11,024;30,2295139347746
1416;11,028;23,3388723601076
1417;11,032;18,2378260465814
1418;11,036;14,0880651682424
1419;11,040;11,2756399495684
1420;11,044;9,12466114014065
1421;11,048;7,42489276134622
1422;11,053;6,06467624820078
1423;11,057;5,21665601125783
1424;11,061;4,45210066325456
1425;11,065;3,84688534661033
1426;11,069;3,42286406674691
1427;11,073;2,85693684973731
1428;11,077;2,635093023505
1429;11,081;2,37302354071497
1430;11,085;2,0775814960194
1431;11,090;1,91944689499005
1432;11,094;1,73767246582828
1433;11,098;1,59165913644757
1434;11,102;1,48238910933878
1435;11,106;1,34782736809021
1436;11,110;1,20183636149338
1437;11,114;1,11430872588693
1438;11,118;1,09457538493409
1439;11,123;0,972425111524628
1440;11,127;0,896237450130901
1441;11,131;0,864405160313305
1442;11,135;0,804088998260609
1443;11,139;0,711092280602751
1444;11,143;0,703770407489026
1445;11,147;0,670487136719015
1446;11,151;0,611554987267084
1447;11,156;0,604567955911609
1448;11,160;0,570592678841215
1449;11,164;0,503244839865278
1450;11,168;0,486502751952797
1451;11,172;0,445629734662462
1452;11,176;0,471524163967098
1453;11,180;0,389599547115361
1454;11,184;0,412167881621384
1455;11,189;0,358325326894847
1456;11,193;0,339931352975002
1457;11,197;0,375245997078394
1458;11,201;0,304862259494326
1459;11,205;0,319930138615559
1460;11,209;0,291982013193658
1461;11,213;0,24791683780801
1462;11,217;0,240862838100885
1463;11,222;0,261645349896244
1464;11,226;0,261980191654493
1465;11,230;0,221196465499691
1466;11,234;0,22483507927267
1467;11,238;0,234880332020158
1468;11,242;0,212044124107535
1469;11,246;0,216419389748663
1470;11,250;0,19034637817296
1471;11,254;0,229054085426615
1472;11,259;0,187131897293764
1473;11,263;0,190212441469661
1474;11,267;0,204052567477311
1475;11,271;0,195681523521071
1476;11,275;0,152799455681238
1477;11,279;0,197779865206102
1478;11,283;0,135253747548958
1479;11,287;0,158781961761964
1480;11,292;0,16213037934446
1481;11,296;0,148000057146327
1482;11,300;0,149830525424758
1483;11,304;0,140789797952019
1484;11,308;0,130521317365697
1485;11,312;0,155366575827818
1486;11,316;0,171773821982049
1487;11,320;0,158268537732648
1488;11,325;0,174988302861245
1489;11,329;0,163023290699792
1490;11,333;0,160188297146612
1491;11,337;0,145700810406346
1492;11,341;0,175256176267845
1493;11,345;0,136302918391474
1494;11,349;0,129896279416965
1495;11,353;0,091992192383109
1496;11,358;0,120319805131026
1497;11,362;0,101680280588464
1498;11,366;0,101948153995064
1499;11,370;0,0813665472546547
1500;11,374;0,0630172189025762
1501;11,378;0,102104413482247
1502;11,382;0,0724374337013319
1503;11,386;0,0932869138483408
1504;11,391;0,0931306543611576
1505;11,395;0,103108938756996
1506;11,399;0,113756906669333
1507;11,403;0,100832014800899
1508;11,407;0,112841672530118
1509;11,411;0,120676969673159
1510;11,415;0,134963551358475
1511;11,419;0,0983095402220849
1512;11,423;0,134918905790709
1513;11,428;0,123802159416822
1514;11,432;0,118243786229878
1515;11,436;0,121614526596258
1516;11,440;0,0976398567055857
1517;11,444;0,144473057292764
1518;11,448;0,229054085426615
1519;11,452;0,427302729094266
1520;11,456;0,846814806613259
1521;11,461;1,73164531417979
1522;11,465;3,18046095655808
1523;11,469;5,29891546986781
1524;11,473;8,52355321573095
1525;11,477;12,7032712700414
1526;11,481;17,0538925577624
1527;11,485;21,199925531193
1528;11,489;24,7938714136215
1529;11,494;26,6540513174014
1530;11,498;26,976079797702
1531;11,502;25,892576513574
1532;11,506;23,1698219177593
1533;11,510;19,9556758803213
1534;11,514;16,4984124036102
1535;11,518;13,2911194608244
1536;11,522;10,5094103927738
1537;11,527;8,22402610158474
1538;11,531;6,50151080601322
1539;11,535;5,1288381794609
1540;11,539;4,02379340888554
1541;11,543;3,328728887111
1542;11,547;2,75449759449681
1543;11,551;2,2807188293575
1544;11,555;1,85756813806553
1545;11,560;1,6110129900744
1546;11,564;1,45444098391688
1547;11,568;1,22929338566984
1548;11,572;1,14221220574106
1549;11,576;0,992671876506788
1550;11,580;0,9253910058825
1551;11,584;0,866503501998336
1552;11,588;0,813866377601497
1553;11,592;0,80545068807749
1554;11,597;0,779399999285671
1555;11,601;0,762836493644257
1556;11,605;0,689952604265259
1557;11,609;0,647963447780758
1558;11,613;0,617916980673827
1559;11,617;0,58655346931778
1560;11,621;0,534161895543658
1561;11,625;0,550524496130122
1562;11,630;0,541349831954083
1563;11,634;0,523268377008604
1564;11,638;0,537711218181104
1565;11,642;0,497039105945718
1566;11,646;0,500722365286464
1567;11,650;0,504919048656526
1568;11,654;0,430427918837929
1569;11,658;0,415471653636114
1570;11,663;0,406319312243958
1571;11,667;0,346003150191262
1572;11,671;0,297540386380602
1573;11,675;0,2851065957576
1574;11,679;0,241889686159517
1575;11,683;0,262783811874292
1576;11,687;0,206508073704475
1577;11,691;0,20525799780701
1578;11,696;0,180479707696539
1579;11,700;0,155701417586068
1580;11,704;0,145031126889847
1581;11,708;0,169362961322652
1582;11,712;0,15375933538822
1583;11,716;0,131682102127629
1584;11,720;0,127061285863785
1585;11,724;0,0979746984638353
1586;11,729;0,126034437805152
1587;11,733;0,150098398831358
1588;11,737;0,140521924545419
1589;11,741;0,157330980809549
1590;11,745;0,164652853923274
1591;11,749;0,198851358832501
1592;11,753;0,245930110042395
1593;11,757;0,298120778761568
1594;11,761;0,563516356350207
1595;11,766;1,16618687563173
1596;11,770;2,05159777557923
1597;11,774;3,83878217606069
1598;11,778;6,66904329905744
1599;11,782;10,5124016458142
1600;11,786;15,3729869313494
1601;11,790;20,4799264598208
1602;11,794;25,2016417068179
1603;11,799;28,7716352421397
1604;11,803;30,7242537939803
1605;11,807;30,363160441884
1606;11,811;28,0573731262255
1607;11,815;24,6914991267327
1608;11,819;20,640181725319
1609;11,823;16,6526628402439
1610;11,827;13,2569432786991
1611;11,832;10,1791001596526
1612;11,836;7,9182486079512
1613;11,840;6,21676137479776
1614;11,844;5,02423361418372
1615;11,848;4,01323473210874
1616;11,852;3,29689659729341
1617;11,856;2,67509545222388
1618;11,860;2,28310736723301
1619;11,865;1,88085080165581
1620;11,869;1,6517967162292
1621;11,873;1,44412785776279
1622;11,877;1,2361688031059
1623;11,881;1,11031294757182
1624;11,885;0,976599472110807
1625;11,889;0,919832632695556
1626;11,893;0,83136744016601
1627;11,898;0,717342660090077
1628;11,902;0,652874460235086
1629;11,906;0,614189075765314
1630;11,910;0,575369754592243
1631;11,914;0,538179996642653
1632;11,918;0,481881935688953
1633;11,922;0,453822196347635
1634;11,926;0,419757628141709
1635;11,930;0,3845992435255
1636;11,935;0,357276156052332
1637;11,939;0,368906326455535
1638;11,943;0,330979916637796
1639;11,947;0,274190754438662
1640;11,951;0,293901772607623
1641;11,955;0,251689388284289
1642;11,959;0,263520463742441
1643;11,963;0,286892418468264
1644;11,968;0,212311997514135
1645;11,972;0,212557548136851
1646;11,976;0,197802187989985
1647;11,980;0,172979252311747
1648;11,984;0,198382580370951
1649;11,988;0,163626005864642
1650;11,992;0,157598854216149
1651;11,996;0,147241082494294
1652;12,001;0,177041998978509
1653;12,005;0,178001878685492
1654;12,009;0,169005796780519
1655;12,013;0,146504430626145
1656;12,017;0,170680005571767
1657;12,021;0,157956018758282
1658;12,025;0,127797937731934
1659;12,029;0,143267626963066
1660;12,034;0,120386773482676
1661;12,038;0,10293035648593
1662;12,042;0,128065811138533
1663;12,046;0,112506830771868
1664;12,050;0,103488426083012
1665;12,054;0,131927652750346
1666;12,058;0,0578606558255323
1667;12,062;0,0989569009547008
1668;12,067;0,0919029012475757
1669;12,071;0,0791119460824407
1670;12,075;0,0754510095255783
1671;12,079;0,0856971673280163
1672;12,083;0,0999614262294496
1673;12,087;0,078620844837008
1674;12,091;0,0762323069614941
1675;12,095;0,0831746927492026
1676;12,099;0,070339092016301
1677;12,104;0,0966576542147202
1678;12,108;0,0754063639578117
1679;12,112;0,116257058464264
1680;12,116;0,128065811138533
1681;12,120;0,0611644278402617
1682;12,124;0,0539541686459535
1683;12,128;0,0882196419068301
1684;12,132;0,071723104617066
1685;12,137;0,0880410596357636
1686;12,141;0,0817906801484376
1687;12,145;0,0556507002210848
1688;12,149;0,0949164770718222
1689;12,153;0,0594678962651304
1690;12,157;0,0500923270341414
1691;12,161;0,052391573774122
1692;12,165;0,0613430101113282
1693;12,170;0,0708748388295004
1694;12,174;0,0542220420525532
1695;12,178;0,0888223570716793
1696;12,182;0,0371897579495898
1697;12,186;0,0915680594893261
1698;12,190;0,0583964026387316
1699;12,194;0,0429936817592497
1700;12,198;0,0930636860095077
1701;12,203;0,0471233967776615
1702;12,207;0,0467439094516453
1703;12,211;0,0575258140672827
1704;12,215;0,0338413403670937
1705;12,219;0,0300464671069315
1706;12,223;0,0187734612458614
1707;12,227;0,016206341099281
1708;12,231;0,0340422454220435
1709;12,236;0,0630395416864595
1710;12,240;0,0708078704778504
1711;12,244;0,0693792123093188
1712;12,248;0,1425532978788
1713;12,252;0,212289674730251
1714;12,256;0,406252343892308
1715;12,260;0,851234717822153
1716;12,264;1,72977020033359
1717;12,268;3,32801455802674
1718;12,273;5,53031344760218
1719;12,277;9,186383637578
1720;12,281;13,6863443494784
1721;12,285;18,4898502766239
1722;12,289;23,1127872049374
1723;12,293;26,8219409749878
1724;12,297;29,0460492244172
1725;12,301;29,1822182061054
1726;12,306;27,8727860262945
1727;12,310;24,7849646228521
1728;12,314;21,007659393606
1729;12,318;17,1361743391563
1730;12,322;13,7678448334363
1731;12,326;10,7884675140991
1732;12,330;8,53929077836869
1733;12,334;6,58798927077715
1734;12,339;5,19290456920599
1735;12,343;4,22753345738848
1736;12,347;3,45762064125322
1737;12,351;2,83441316079905
1738;12,355;2,39420786262023
1739;12,359;2,10648950114828
1740;12,363;1,77932678055453
1741;12,367;1,54946907490812
1742;12,372;1,34166627973841
1743;12,376;1,18288431797645
1744;12,380;1,07946286024509
1745;12,384;0,984903547715397
1746;12,388;0,865699881778537
1747;12,392;0,792257922802456
1748;12,396;0,698770103899165
1749;12,400;0,67780900983274
1750;12,405;0,57494562169846
1751;12,409;0,575258140672827
1752;12,413;0,495074700963987
1753;12,417;0,46721586667762
1754;12,421;0,451835468582021
1755;12,425;0,39620709114482
1756;12,429;0,367410699935353
1757;12,433;0,34417268191283
1758;12,437;0,329305707846548
1759;12,442;0,313099366747267
1760;12,446;0,303232696270845
1761;12,450;0,267806438248036
1762;12,454;0,260953343595861
1763;12,458;0,288767532314462
1764;12,462;0,234746395316859
1765;12,466;0,263163299200309
1766;12,470;0,218584699785344
1767;12,475;0,204699928209927
1768;12,479;0,217513206158945
1769;12,483;0,2131602633017
1770;12,487;0,170367486597401
1771;12,491;0,192690270480708
1772;12,495;0,160366879417679
1773;12,499;0,196261915902037
1774;12,503;0,152375322787455
1775;12,508;0,151147569673873
1776;12,512;0,188649846597829
1777;12,516;0,141481804252401
1778;12,520;0,13087848190783
1779;12,524;0,160857980663112
1780;12,528;0,146549076193912
1781;12,532;0,104805470332127
1782;12,536;0,14275420293375
1783;12,541;0,121815431651207
1784;12,545;0,211419086158803
1785;12,549;0,363816731730141
1786;12,553;0,673947168220928
1787;12,557;1,46810252765346
1788;12,561;2,95649646585686
1789;12,565;5,53230017536779
1790;12,569;10,1911544629495
1791;12,574;17,0016572434755
1792;12,578;25,7336606151088
1793;12,582;36,8343122618159
1794;12,586;48,3099643549787
1795;12,590;58,1208278716922
1796;12,594;65,1241325366183
1797;12,598;67,9355755528014
1798;12,602;66,817918409332
1799;12,606;61,0367638392331
1800;12,611;52,6208510873875
1801;12,615;43,5410364200684
1802;12,619;34,3474202005122
1803;12,623;26,9717715004125
1804;12,627;20,9776798948508
1805;12,631;16,4595261140855
1806;12,635;12,8133895629377
1807;12,639;10,1501028633881
1808;12,644;8,26043456209841
1809;12,648;6,82211062814528
1810;12,652;5,61397924159681
1811;12,656;4,85652253886843
1812;12,660;4,19442876888954
1813;12,664;3,65450759510399
1814;12,668;3,11114871260041
1815;12,672;2,8086749909816
1816;12,677;2,4778290110471
1817;12,681;2,19002135843962
1818;12,685;2,01110424561491
1819;12,689;1,82682966465821
1820;12,693;1,61487483168621
1821;12,697;1,49401927974198
1822;12,701;1,37381108853037
1823;12,705;1,27224242186133
1824;12,710;1,14973498390974
1825;12,714;1,06452891782715
1826;12,718;1,03861216573863
1827;12,722;0,923381955333002
1828;12,726;0,849649800166439
1829;12,730;0,874628995331859
1830;12,734;0,796566220091934
1831;12,738;0,810339377747935
1832;12,743;0,713547786829915
1833;12,747;0,700131793716047
1834;12,751;0,605393898915291
1835;12,755;0,61530521495948
1836;12,759;0,548336863309558
1837;12,763;0,505320858766425
1838;12,767;0,519986927777758
1839;12,771;0,453889164699285
1840;12,775;0,415248425797281
1841;12,780;0,434446019936925
1842;12,784;0,425382969680302
1843;12,788;0,362298782426076
1844;12,792;0,376339813488676
1845;12,796;0,343190479421965
1846;12,800;0,330087005282464
1847;12,804;0,330354878689063
1848;12,808;0,306000721472375
1849;12,813;0,340601036491501
1850;12,817;0,308724101106139
1851;12,821;0,304572063303843
1852;12,825;0,371049313708332
1853;12,829;0,481279220524103
1854;12,833;0,812638624487915
1855;12,837;1,38030701864042
1856;12,841;2,55062360929056
1857;12,846;4,50366629402499
1858;12,850;7,52483186479179
1859;12,854;11,7278102599086
1860;12,858;16,7195419007583
1861;12,862;21,7486642046124
1862;12,866;26,8356248415082
1863;12,870;30,3347435380005
1864;12,874;31,6770125329038
1865;12,879;31,3759897922374
1866;12,883;28,8119055442652
1867;12,887;24,935911287471
1868;12,891;21,0885125168314
1869;12,895;16,7742773668401
1870;12,899;13,4305698917434
1871;12,903;10,5694140358522
1872;12,907;8,30463367418736
1873;12,912;6,62214313011861
1874;12,916;5,36706692906355
1875;12,920;4,34912566120086
1876;12,924;3,63555555158706
1877;12,928;3,12635052842494
1878;12,932;2,55430686863131
1879;12,936;2,24410946378887
1880;12,940;1,88893164942157
1881;12,944;1,76890204048103
1882;12,949;1,45502137629785
1883;12,953;1,39800898625988
1884;12,957;1,25349128339935
1885;12,961;1,15239139519185
1886;12,965;1,0942851887436
1887;12,969;1,12613980134508
1888;12,973;1,42356857380627
1889;12,977;1,93304147037499
1890;12,982;3,15853998278467
1891;12,986;5,45256319133662
1892;12,990;9,36762231992657
1893;12,994;15,3719377605069
1894;12,998;23,3459933281664
1895;13,002;33,3681866399031
1896;13,006;44,1175669594225
1897;13,010;53,4414366229378
1898;13,015;60,775475653879
1899;13,019;64,4671953297164
1900;13,023;63,9593073508034
1901;13,027;59,1643287271013
1902;13,031;51,3332952357822
1903;13,035;42,7752086733837
1904;13,039;34,6883114331942
1905;13,043;27,1890838015165
1906;13,048;21,4439135590375
1907;13,052;16,6763696367279
1908;13,056;13,1584551562059
1909;13,060;10,4707696538718
1910;13,064;8,53661204430269
1911;13,068;7,08775175635664
1912;13,072;6,07679751984942
1913;13,076;5,11513199015655
1914;13,081;4,43707742970109
1915;13,085;3,80282017122468
1916;13,089;3,36765982220349
1917;13,093;2,97415378790855
1918;13,097;2,63678955508013
1919;13,101;2,41269112767561
1920;13,105;2,20120507316516
1921;13,109;2,01755553015719
1922;13,113;1,74965980077362
1923;13,118;1,72876567505884
1924;13,122;1,52444523417493
1925;13,126;1,41609044120536
1926;13,130;1,36590882303568
1927;13,134;1,28469853526821
1928;13,138;1,15411024955087
1929;13,142;1,11142908676598
1930;13,146;1,02709360925485
1931;13,151;0,978653168228071
1932;13,155;0,912912569691731
1933;13,159;0,90237621569881
1934;13,163;0,794758074597386
1935;13,167;0,789713125439759
1936;13,171;0,779377676501788
1937;13,175;0,703882021408443
1938;13,179;0,718949900529675
1939;13,184;0,599344424482915
1940;13,188;0,561440337449059
1941;13,192;0,553895236496502
1942;13,196;0,54943067971984
1943;13,200;0,546305489976177
1944;13,204;0,497106074297368
1945;13,208;0,46087619605476
1946;13,212;0,439290064039602
1947;13,217;0,432682520010143
1948;13,221;0,429601975834247
1949;13,225;0,387322623159263
1950;13,229;0,386987781401014
1951;13,233;0,397836654368301
1952;13,237;0,400872552976431
1953;13,241;0,377522921034491
1954;13,245;0,361696067261227
1955;13,250;0,353325023304986
1956;13,254;0,334283688652525
1957;13,258;0,300821835611448
1958;13,262;0,385871642206848
1959;13,266;0,286624545061664
1960;13,270;0,326827878835501
1961;13,274;0,318680062718094
1962;13,278;0,353124118250037
1963;13,282;0,409422179203737
1964;13,287;0,691091066243308
1965;13,291;1,15493619255455
1966;13,295;2,17671697924517
1967;13,299;3,86684191540201
1968;13,303;6,53894611458553
1969;13,307;10,2232992717415
1970;13,311;14,7039507755828
1971;13,315;19,827944910941
1972;13,320;24,783067186222
1973;13,324;28,164589457217
1974;13,328;30,7330489708304
1975;13,332;32,8588476800377
1976;13,336;33,9602984824079
1977;13,340;36,5637824439341
1978;13,344;40,2653241446802
1979;13,348;45,8932997717719
1980;13,353;53,2119807274013
1981;13,357;60,9126938064097
1982;13,361;69,0110649575153
1983;13,365;72,8887111003168
1984;13,369;72,8503605576053
1985;13,373;68,1436908669455
1986;13,377;60,9372935142491
1987;13,381;51,0789940817835
1988;13,386;41,5406917562852
1989;13,390;32,7344204826722
1990;13,394;25,5274650603787
1991;13,398;20,1705103524143
1992;13,402;15,8617442844744
1993;13,406;12,7510420275517
1994;13,410;10,4396293703546
1995;13,414;8,68280395595447
1996;13,419;7,42239260955129
1997;13,423;6,3365231103317
1998;13,427;5,43745066664762
1999;13,431;4,7390154045067
2000;13,435;4,22219831204037
2001;13,439;3,79668140565677
2002;13,443;3,4773093366383
2003;13,447;3,06152516402782
2004;13,451;2,9191281256362
2005;13,456;2,55459706482179
2006;13,460;2,39619459038584
2007;13,464;2,16435015697382
2008;13,468;2,09168949543365
2009;13,472;1,91065171814003
2010;13,476;1,73802963037042
2011;13,480;1,68735691095531
2012;13,484;1,57540814978052
2013;13,489;1,381534771754
2014;13,493;1,41461713746906
2015;13,497;1,32766989424358
2016;13,501;1,27259958640346
2017;13,505;1,20502851958869
2018;13,509;1,14698928149209
2019;13,513;1,07104717072108
2020;13,517;0,974635067129076
2021;13,522;0,967804295260784
2022;13,526;0,928449227274513
2023;13,530;0,903135190350843
2024;13,534;0,853221445587768
2025;13,538;0,799825346538897
2026;13,542;0,780158973937703
2027;13,546;0,719240096720158
2028;13,550;0,71749891957726
2029;13,555;0,667652143165835
2030;13,559;0,698145065950433
2031;13,563;0,619702803384491
2032;13,567;0,656691656279131
2033;13,571;0,629569473860913
2034;13,575;0,547533243089759
2035;13,579;0,566262058767854
2036;13,583;0,519495826532325
2037;13,588;0,523826446605687
2038;13,592;0,491190536568292
2039;13,596;0,466099727483454
2040;13,600;0,504740466385459
2041;13,604;0,448754924406125
2042;13,608;0,537108503016255
2043;13,612;0,700109470932164
2044;13,616;1,05526496251558
2045;13,620;1,66876203198051
2046;13,625;2,95270159259669
2047;13,629;5,00557176685727
2048;13,633;8,19723876092477
2049;13,637;11,9860848694385
2050;13,641;16,4807997271263
2051;13,645;20,932878067597
2052;13,649;24,4817319265813
2053;13,653;27,0860418311112
2054;13,658;27,7975582446077
2055;13,662;26,8670553212159
2056;13,666;24,2151532414468
2057;13,670;20,8643247982913
2058;13,674;17,5012411467839
2059;13,678;14,1028874967409
2060;13,682;11,359886135944
2061;13,686;8,9435340717115
2062;13,691;7,11652582478222
2063;13,695;5,68675151705639
2064;13,699;4,66751552772847
2065;13,703;3,90606304668498
2066;13,707;3,23615630234693
2067;13,711;2,75800227156649
2068;13,715;2,42521420943414
2069;13,719;2,11421318437191
2070;13,724;1,89078444048389
2071;13,728;1,64916262773097
2072;13,732;1,49368443798373
2073;13,736;1,3340542104342
2074;13,740;1,24719625834426
2075;13,744;1,14319440823193
2076;13,748;1,03077686859559
2077;13,752;0,938606093941418
2078;13,757;0,893469424929371
2079;13,761;0,842394895404364
2080;13,765;0,812571656136265
2081;13,769;0,812281459945782
2082;13,773;0,823599111374619
2083;13,777;0,783418100384666
2084;13,781;0,691068743459424
2085;13,785;0,647025890857659
2086;13,789;0,623140512102521
2087;13,794;0,574342906533611
2088;13,798;0,560480457742077
2089;13,802;0,536505787851405
2090;13,806;0,473354632245529
2091;13,810;0,493690688363222
2092;13,814;0,466858702135487
2093;13,818;0,423708760889054
2094;13,822;0,439647228581735
2095;13,827;0,42428915327002
2096;13,831;0,390514781254576
2097;13,835;0,384041173928417
2098;13,839;0,379375712096806
2099;13,843;0,396854451877435
2100;13,847;0,355289428286717
2101;13,851;0,385938610558498
2102;13,855;0,376808591950226
2103;13,860;0,317876442498295
2104;13,864;0,341382333927417
2105;13,868;0,367232117664287
2106;13,872;0,33903844161967
2107;13,876;0,321135568945257
2108;13,880;0,325466189018619
2109;13,884;0,296625152241386
2110;13,888;0,294125000446456
2111;13,893;0,30745170242479
2112;13,897;0,289481861398728
2113;13,901;0,309192879567688
2114;13,905;0,286200412167882
2115;13,909;0,297138576270702
2116;13,913;0,274972051874578
2117;13,917;0,245171135390363
2118;13,921;0,286624545061664
2119;13,926;0,217669465646129
2120;13,930;0,230661325866213
2121;13,934;0,238608236928671
2122;13,938;0,194252865352539
2123;13,942;0,277963304914941
2124;13,946;0,231509591653779
2125;13,950;0,218294503594861
2126;13,954;0,227692395609733
2127;13,958;0,246644439126661
2128;13,963;0,236956350921306
2129;13,967;0,246577470775011
2130;13,971;0,194431447623606
2131;13,975;0,217245332752346
2132;13,979;0,212713807624034
2133;13,983;0,21086101656172
2134;13,987;0,213874592385966
2135;13,991;0,20195422579228
2136;13,996;0,211887864620352
2137;14,000;0,251756356635939
2138;14,004;0,198360257587068
2139;14,008;0,212557548136851
2140;14,012;0,200213048649382
2141;14,016;0,194989517220688
2142;14,020;0,193270662861674
2143;14,024;0,169675480297018
2144;14,029;0,203115010554212
2145;14,033;0,209276098906005
2146;14,037;0,183537929088552
2147;14,041;0,190324055389077
2148;14,045;0,170211227110217
2149;14,049;0,195458295682238
2150;14,053;0,214120143008683
2151;14,057;0,303746120300161
2152;14,062;0,478332613051507
2153;14,066;0,871146641046064
2154;14,070;1,65097077322552
2155;14,074;3,50668612022873
2156;14,078;6,79219809774165
2157;14,082;12,3851715997043
2158;14,086;20,9625450473779
2159;14,090;32,9409955247283
2160;14,095;47,9966640831765
2161;14,099;63,7297844869153
2162;14,103;80,1493528178496
2163;14,107;93,2385180528818
2164;14,111;99,5782333213088
2165;14,115;99,9830123614648
2166;14,119;93,4765905429973
2167;14,123;82,0193324237543
2168;14,127;68,5714846972852
2169;14,132;55,5145089166128
2170;14,136;44,2536020044074
2171;14,140;34,888055703382
2172;14,144;27,2232153380741
2173;14,148;21,9263089187558
2174;14,152;17,3967928409939
2175;14,156;14,4509443430494
2176;14,160;11,977378983724
2177;14,165;10,1455490154759
2178;14,169;8,67436594364658
2179;14,173;7,36564809291993
2180;14,177;6,50503780586678
2181;14,181;5,80372290460492
2182;14,185;5,03168942400074
2183;14,189;4,62595050413775
2184;14,193;4,20739830632574
2185;14,198;3,77031819789059
2186;14,202;3,39659015011626
2187;14,206;3,19735930395774
2188;14,210;2,93700867552673
2189;14,214;2,66397870585
2190;14,218;2,47671287185293
2191;14,222;2,3609469146341
2192;14,226;2,095640628181
2193;14,231;1,95942700092506
2194;14,235;1,8764532132308
2195;14,239;1,79446162802742
2196;14,243;1,66184196897669
2197;14,247;1,61471857219903
2198;14,251;1,46249950889875
2199;14,255;1,39162467006925
2200;14,259;1,33095134347443
2201;14,264;1,29007832618409
2202;14,268;1,20168010200619
2203;14,272;1,16241432515546
2204;14,276;1,1281265291107
2205;14,280;1,12415307357947
2206;14,284;1,03937114039067
2207;14,288;1,0359780772404
2208;14,292;1,00119917995021
2209;14,297;0,982939142733666
2210;14,301;1,05796601936546
2211;14,305;1,04559919709411
2212;14,309;1,05905983577574
2213;14,313;1,12843904808506
2214;14,317;1,14533739548473
2215;14,321;1,12526921277363
2216;14,325;1,06064475343146
2217;14,329;1,07883782229635
2218;14,334;0,953383776872167
2219;14,338;1,00523960383309
2220;14,342;1,01731622991396
2221;14,346;1,10359378962294
2222;14,350;1,47051338831286
2223;14,354;2,14303189836526
2224;14,358;3,47445202030123
2225;14,362;5,46653725404757
2226;14,367;8,51594114642675
2227;14,371;12,178239393106
2228;14,375;16,4153046792127
2229;14,379;19,9085078379759
2230;14,383;22,7927231296186
2231;14,387;24,3363436351493
2232;14,391;24,2951357761007
2233;14,395;23,0377826510895
2234;14,400;20,5056646296382
2235;14,404;17,5524049674445
2236;14,408;14,5356816306704
2237;14,412;11,8200480029145
2238;14,416;9,50312161809824
2239;14,420;7,59976945028805
2240;14,424;6,08909737376912
2241;14,428;4,94353675044556
2242;14,433;4,08185496976602
2243;14,437;3,45753135011769
2244;14,441;2,93037880871339
2245;14,445;2,58160763332059
2246;14,449;2,28328594950408
2247;14,453;2,03242250422347
2248;14,457;1,83589271491483
2249;14,461;1,76528574949193
2250;14,466;1,74760610465635
2251;14,470;2,02858298539554
2252;14,474;2,67502848387223
2253;14,478;3,94954782968966
2254;14,482;6,22841386798484
2255;14,486;9,55854909048049
2256;14,490;14,4559000010715
2257;14,494;20,018090384059
2258;14,498;25,4778415118061
2259;14,503;30,5131695495798
2260;14,507;33,7767159077515
2261;14,511;34,813631541915
2262;14,515;33,5499833918488
2263;14,519;30,5496896240129
2264;14,523;26,5712337891943
2265;14,527;22,2607265441116
2266;14,531;18,0933083437209
2267;14,536;14,5103452709629
2268;14,540;11,73327934196
2269;14,544;9,63042845458474
2270;14,548;7,84634692106306
2271;14,552;6,56122425290107
2272;14,556;5,47845762064125
2273;14,560;4,70459367175864
2274;14,564;4,17922695306501
2275;14,569;3,63711814645889
2276;14,573;3,14543650864517
2277;14,577;2,85175796387638
2278;14,581;2,73559019654765
2279;14,585;2,35692881353511
2280;14,589;2,13372329748592
2281;14,593;1,98608040488172
2282;14,597;1,8225660129365
2283;14,602;1,69965676487501
2284;14,606;1,57909140912127
2285;14,610;1,49696588721458
2286;14,614;1,40832211241397
2287;14,618;1,33171031812646
2288;14,622;1,28989974391302
2289;14,626;1,18219231167607
2290;14,630;1,11667494097856
2291;14,635;1,04807702610516
2292;14,639;1,02664715357718
2293;14,643;0,965638985224103
2294;14,647;0,914229613940846
2295;14,651;0,885343931595847
2296;14,655;0,898581342438648
2297;14,659;0,812348428297432
2298;14,663;0,807013282949322
2299;14,667;0,754063639578117
2300;14,672;0,760961379798059
2301;14,676;0,739464538918434
2302;14,680;0,716427425950861
2303;14,684;0,723057292764203
2304;14,688;0,637940517817153
2305;14,692;0,623162834886404
2306;14,696;0,659772200455028
2307;14,700;0,614814113714047
2308;14,705;0,570146223163549
2309;14,709;0,552578192247386
2310;14,713;0,564409267705539
2311;14,717;0,54362675591018
2312;14,721;0,508200497887372
2313;14,725;0,557042749024048
2314;14,729;0,523156763089188
2315;14,733;0,570213191515199
2316;14,738;0,479069264919656
2317;14,742;0,483243625505834
2318;14,746;0,432236064332477
2319;14,750;0,485520549461932
2320;14,754;0,447661107995843
2321;14,758;0,480363986384888
2322;14,762;0,447482525724776
2323;14,766;0,467930195761886
2324;14,771;0,428999260669398
2325;14,775;0,453665936860452
2326;14,779;0,469559758985367
2327;14,783;0,535813781551023
2328;14,787;0,713324558991082
2329;14,791;1,08475336002543
2330;14,795;1,81553433601326
2331;14,799;3,21448087919624
2332;14,804;5,8485470546426
2333;14,808;9,81046170660361
2334;14,812;14,9411749999107
2335;14,816;21,1907062214492
2336;14,820;27,8795944753789
2337;14,824;33,6262380215942
2338;14,828;37,0296812663626
2339;14,832;38,1084074747395
2340;14,836;36,6465776493573
2341;14,841;32,6761356939528
2342;14,845;28,0958576056403
2343;14,849;23,3769550294125
2344;14,853;18,991800395024
2345;14,857;15,3387214580885
2346;14,861;12,510335448938
2347;14,865;10,0421498805285
2348;14,869;8,25195190422276
2349;14,874;6,89519542257923
2350;14,878;5,82437147969698
2351;14,882;5,14399534971766
2352;14,886;4,46937849798023
2353;14,890;3,87577102895533
2354;14,894;3,48661793751763
2355;14,898;3,15150830586143
2356;14,902;2,77717754292225
2357;14,907;2,60605108167282
2358;14,911;2,36324616137408
2359;14,915;2,17330159331102
2360;14,919;2,06914348371151
2361;14,923;1,85544747359661
2362;14,927;1,79890386202019
2363;14,931;1,68686580970988
2364;14,935;1,60228478157602
2365;14,940;1,44191790215835
2366;14,944;1,4256669154913
2367;14,948;1,40615680237729
2368;14,952;1,25634859973641
2369;14,956;1,26931813717261
2370;14,960;1,22623516427783
2371;14,964;1,19147858977152
2372;14,968;1,14172110449563
2373;14,973;1,04501880471314
2374;14,977;1,04381337438344
2375;14,981;1,01041848969402
2376;14,985;0,962491472696557
2377;14,989;0,883491140533532
2378;14,993;0,848890825514406
2379;14,997;0,849694445734205
2380;15,001;0,800428061703746
2381;15,005;0,803240732473043
2382;15,010;0,795740277088252
2383;15,014;0,74881778536554
2384;15,018;0,733883842947608
2385;15,022;0,701136318990796
2386;15,026;0,744196969101695
2387;15,030;0,707342052910355
2388;15,034;0,674616851737427
2389;15,038;0,646847308586593
2390;15,043;0,651780643824804
2391;15,047;0,636511859648622
2392;15,051;0,593897665215388
2393;15,055;0,619256347706825
2394;15,059;0,571485590196548
2395;15,063;0,558873217302479
2396;15,067;0,664459985070522
2397;15,071;0,671848826535897
2398;15,076;0,86241843254769
2399;15,080;1,26047831475482
2400;15,084;2,01786804913155
2401;15,088;3,32062571656136
2402;15,092;5,47546636760089
2403;15,096;8,82783508284431
2404;15,100;13,2212714700535
2405;15,104;17,97678341185
2406;15,109;22,9994767539458
2407;15,113;27,0991006596829
2408;15,117;29,3265126811271
2409;15,121;29,9882716093477
2410;15,125;28,5314867331231
2411;15,129;25,5459260026502
2412;15,133;22,0481913187586
2413;15,137;18,6184295117918
2414;15,142;15,1863461353011
2415;15,146;12,245966719408
2416;15,150;9,91343670865731
2417;15,154;8,13109635227853
2418;15,158;6,67553922916748
2419;15,162;5,681661922331
2420;15,166;4,81047063571717
2421;15,170;4,02828028844608
2422;15,174;3,53537089751878
2423;15,179;3,11331402263709
2424;15,183;2,76675280284874
2425;15,187;2,52986342027909
2426;15,191;2,26922259565759
2427;15,195;2,12327623462853
2428;15,199;1,90049485147313
2429;15,203;1,78316629938246
2430;15,207;1,58567663036684
2431;15,212;1,5953647185722
2432;15,216;1,43222981395299
2433;15,220;1,33749191915223
2434;15,224;1,25942914391231
2435;15,228;1,18935792530261
2436;15,232;1,17489276134622
2437;15,236;1,12966680119864
2438;15,240;1,09209755592304
2439;15,245;1,04111231753356
2440;15,249;1,01425800852195
2441;15,253;1,03555394434662
2442;15,257;0,96494697892372
2443;15,261;0,869271527199866
2444;15,265;0,88536625437973
2445;15,269;0,858958401045778
2446;15,273;0,847640749616941
2447;15,278;0,804289903315558
2448;15,282;0,77473453745406
2449;15,286;0,806321276648939
2450;15,290;0,724709178771568
2451;15,294;0,728414760896197
2452;15,298;0,769019904779933
2453;15,302;0,654838865216817
2454;15,306;0,698479907708682
2455;15,311;0,664504630638289
2456;15,315;0,690756224485058
2457;15,319;0,621823467853405
2458;15,323;0,640797834154217
2459;15,327;0,598674740966416
2460;15,331;0,66626813056507
2461;15,335;0,574342906533611
2462;15,339;0,570369451002382
2463;15,343;0,582312140379952
2464;15,348;0,558828571734712
2465;15,352;0,562913641185358
2466;15,356;0,566753160013286
2467;15,360;0,593183336131122
2468;15,364;0,559877742577228
2469;15,368;0,576932349464075
2470;15,372;0,539407749756235
2471;15,376;0,547310015250926
2472;15,381;0,513937453345382
2473;15,385;0,516839415250212
2474;15,389;0,514093712832565
2475;15,393;0,501146498180247
2476;15,397;0,456858094955765
2477;15,401;0,535367325873357
2478;15,405;0,474493094223578
2479;15,409;0,522911212466471
2480;15,414;0,504539561330509
2481;15,418;0,52398270609287
2482;15,422;0,504874403088759
2483;15,426;0,524875617448202
2484;15,430;0,523491604847437
2485;15,434;0,484873188729316
2486;15,438;0,476903954882975
2487;15,442;0,508267466239022
2488;15,447;0,495945289535436
2489;15,451;0,420985381255291
2490;15,455;0,465028233857056
2491;15,459;0,502954643674794
2492;15,463;0,509651478839787
2493;15,467;0,437548886896704
2494;15,471;0,483065043234768
2495;15,475;0,503691295542944
2496;15,480;0,554989052906784
2497;15,484;0,703837375840676
2498;15,488;0,974010029180343
2499;15,492;1,71124228971045
2500;15,496;2,98277038248751
2501;15,500;5,30525514049067
2502;15,504;9,31159213237946
2503;15,508;15,4481700674684
2504;15,512;24,77770971809
2505;15,517;36,9510604215256
2506;15,521;51,1608963758514
2507;15,525;66,5281909973105
2508;15,529;80,9537766578685
2509;15,533;92,6346867488383
2510;15,537;99,8791667708397
2511;15,541;100
2512;15,545;95,0948584378337
2513;15,550;84,9756056617723
2514;15,554;73,8329648585807
2515;15,558;62,4320494458592
2516;15,562;51,4845990649432
2517;15,566;41,9652264601779
2518;15,570;34,1297284120822
2519;15,574;27,8964481772108
2520;15,578;23,0429392141666
2521;15,583;19,1200447884336
2522;15,587;16,2856985959862
2523;15,591;13,6876613937275
2524;15,595;11,7494187147077
2525;15,599;10,1808859823632
2526;15,603;9,07845297750221
2527;15,607;7,99017261762321
2528;15,611;7,22633159870421
2529;15,616;6,57854673319452
2530;15,620;5,92600711471768
2531;15,624;5,53651918152173
2532;15,628;5,11577935088916
2533;15,632;4,72325551908509
2534;15,636;4,33066471892936
2535;15,640;4,04850473064436
2536;15,644;3,79980659540043
2537;15,649;3,62731844433412
2538;15,653;3,40125561194787
2539;15,657;3,23707153648614
2540;15,661;3,07924945443116
2541;15,665;2,8474496665869
2542;15,669;2,7471533985992
2543;15,673;2,58531321544522
2544;15,677;2,52073340167082
2545;15,681;2,43646489251133
2546;15,686;2,31793091009097
2547;15,690;2,28562984181182
2548;15,694;2,18723101045421
2549;15,698;2,09318512195383
2550;15,702;2,00746563184193
2551;15,706;1,96991870935021
2552;15,710;1,87053767550173
2553;15,714;1,84274580956701
2554;15,719;1,69550472707272
2555;15,723;1,70965737205473
2556;15,727;1,67166399388534
2557;15,731;1,58616773161228
2558;15,735;1,59929352853566
2559;15,739;1,52866424032888
2560;15,743;1,46448623666437
2561;15,747;1,43752031373333
2562;15,752;1,43977491490555
2563;15,756;1,40222799241383
2564;15,760;1,43093509248776
2565;15,764;1,508171924724
2566;15,768;1,70787154934407
2567;15,772;2,16562255565516
2568;15,776;2,9616530289339
2569;15,780;4,37667197651286
2570;15,785;6,68027165935075
2571;15,789;10,1525806923992
2572;15,793;14,0802745166671
2573;15,797;18,5805254247579
2574;15,801;22,8606290381916
2575;15,805;26,1819467610534
2576;15,809;27,484347263941
2577;15,813;27,5383460781547
2578;15,818;25,9465083594361
2579;15,822;23,4651300257516
2580;15,826;20,3890950521996
2581;15,830;17,5854873331595
2582;15,834;15,3226936992603
2583;15,838;13,9803800587893
2584;15,842;13,9137465488976
2585;15,846;15,2884728715672
2586;15,850;17,3947391448767
2587;15,855;20,4724483272199
2588;15,859;23,902544975945
2589;15,863;26,4944210898519
2590;15,867;28,7987127789902
2591;15,871;29,2078894075712
2592;15,875;29,2213277234689
2593;15,879;28,9372926213377
2594;15,883;28,7675501726891
2595;15,888;29,3480988131422
2596;15,892;31,7455658022094
2597;15,896;35,0298500266088
2598;15,900;38,6481054206863
2599;15,904;41,1637269048478
2600;15,908;42,494521988835
2601;15,912;41,4639013797266
2602;15,916;38,8543232982002
2603;15,921;34,8823410707079
2604;15,925;30,0153045006304
2605;15,929;25,4096454070426
2606;15,933;21,0446482465007
2607;15,937;17,4548544018744
2608;15,941;14,6073824125036
2609;15,945;12,3537187972127
2610;15,949;10,7292228456728
2611;15,954;9,13312147523243
2612;15,958;8,12310479564831
2613;15,962;7,19081604954587
2614;15,966;6,3910799941425
2615;15,970;5,78843179764486
2616;15,974;5,35867356232343
2617;15,978;5,00200012143594
2618;15,982;4,54909315922752
2619;15,987;4,15552015658093
2620;15,991;3,88525821210574
2621;15,995;3,68747834689963
2622;15,999;3,41330991524485
2623;16,003;3,26481875685309
2624;16,007;3,15653093223517
2625;16,011;2,86983941882186
2626;16,015;2,71552201383655
2627;16,019;2,70237389412929
2628;16,024;2,50140187082787
2629;16,028;2,34712911141034
2630;16,032;2,25656557719576
2631;16,036;2,18406117514278
2632;16,040;2,12401288649668
2633;16,044;2,03161888400367
2634;16,048;2,00005446759268
2635;16,052;1,86660886553826
2636;16,057;1,78642542582943
2637;16,061;1,76577685073737
2638;16,065;1,72472525117596
2639;16,069;1,62742023622863
2640;16,073;1,5761001560809
2641;16,077;1,55533996706943
2642;16,081;1,57987270655718
2643;16,085;1,44149376926456
2644;16,090;1,46734355300143
2645;16,094;1,48906362171989
2646;16,098;1,41892543475854
2647;16,102;1,3351257040606
2648;16,106;1,25688434654961
2649;16,110;1,34813988706457
2650;16,114;1,2967528385652
2651;16,118;1,30682041409657
2652;16,123;1,21177000032145
2653;16,127;1,22270816442427
2654;16,131;1,220654468307
2655;16,135;1,20397934874617
2656;16,139;1,16562880603465
2657;16,143;1,1714550526282
2658;16,147;1,22130182903962
2659;16,151;1,2566387959269
2660;16,156;1,28719868706314
2661;16,160;1,67369536721872
2662;16,164;2,17539993499605
2663;16,168;3,23381241003918
2664;16,172;4,95661790180118
2665;16,176;7,87835779315173
2666;16,180;12,1516752802849
2667;16,184;17,6076985031234
2668;16,188;24,0083772943357
2669;16,193;30,2750077683288
2670;16,197;35,8248759746127
2671;16,201;38,7987618891147
2672;16,205;38,9602895532943
2673;16,209;36,49109945961
2674;16,213;32,5529808952686
2675;16,217;28,0374165574338
2676;16,221;23,2971510770297
2677;16,226;19,519957461703
2678;16,230;16,0092532403753
2679;16,234;13,4739653836126
2680;16,238;11,5092255601233
2681;16,242;9,77400860052217
2682;16,246;8,6307472239386
2683;16,250;7,4996740873553
2684;16,254;6,73558751781358
2685;16,259;6,10318305039949
2686;16,263;5,42093180657397
2687;16,267;5,07280799191379
2688;16,271;4,68684705857141
2689;16,275;4,29242579013726
2690;16,279;4,1266791198037
2691;16,283;3,79092212741488
2692;16,287;3,52630784726216
2693;16,292;3,36125318322898
2694;16,296;3,15282535011054
2695;16,300;2,96468892754203
2696;16,304;2,78179835918609
2697;16,308;2,72757631713354
2698;16,312;2,56495483654365
2699;16,316;2,56694156430926
2700;16,320;2,41403049470861
2701;16,325;2,40322626730909
2702;16,329;2,30982773954133
2703;16,333;2,2204026673048
2704;16,337;2,10396702656947
2705;16,341;2,00492083447924
2706;16,345;2,01132747345375
2707;16,349;1,90455759813989
2708;16,353;1,83823660722258
2709;16,357;1,79191683066472
2710;16,362;1,68371829718233
2711;16,366;1,66896293703546
2712;16,370;1,60891464838937
2713;16,374;1,64800184296904
2714;16,378;1,62025462260209
2715;16,382;1,58377919373676
2716;16,386;1,53841929688588
2717;16,390;1,54946907490812
2718;16,395;1,47513420457671
2719;16,399;1,45932967358732
2720;16,403;1,50600661468732
2721;16,407;1,40218334684606
2722;16,411;1,40763010611359
2723;16,415;1,40131275827461
2724;16,419;1,34434501380441
2725;16,423;1,31541468589164
2726;16,428;1,42792151666351
2727;16,432;1,31740141365726
2728;16,436;1,30675344574492
2729;16,440;1,42441683959383
2730;16,444;1,56351010597072
2731;16,448;1,98601343653008
2732;16,452;2,69895850819514
2733;16,456;3,9842597586282
2734;16,461;6,19135804673855
2735;16,465;9,39923138190533
2736;16,469;13,6189072193669
2737;16,473;18,5949012975788
2738;16,477;23,7407494383588
2739;16,481;28,0954334727466
2740;16,485;30,8592396681227
2741;16,489;31,6277461488733
2742;16,494;30,5222549226203
2743;16,498;28,0596500501816
2744;16,502;24,677279513399
2745;16,506;20,9900243943382
2746;16,510;17,6406915777029
2747;16,514;14,8271948654025
2748;16,518;12,3629381069565
2749;16,522;10,4572866924063
2750;16,526;8,87232439112375
2751;16,531;7,81183589717947
2752;16,535;6,95151580631681
2753;16,539;6,37306550754867
2754;16,543;6,31518252893926
2755;16,547;6,65062700235371
2756;16,551;7,49619173306951
2757;16,555;9,03666472607265
2758;16,559;11,4105142097913
2759;16,564;14,7359170021037
2760;16,568;18,0356709157342
2761;16,572;20,8493908558734
2762;16,576;23,3436271130747
2763;16,580;24,3097795223281
2764;16,584;23,6375065628985
2765;16,588;22,6938108742316
2766;16,592;20,5840399238525
2767;16,597;18,2267762685592
2768;16,601;15,4874135215352
2769;16,605;13,1455525871214
2770;16,609;11,1187107788687
2771;16,613;9,38539125589768
2772;16,617;7,92728933542394
2773;16,621;6,829432501259
2774;16,625;6,10552694270724
2775;16,630;5,25018483265055
2776;16,634;4,70358914648389
2777;16,638;4,2840770689649
2778;16,642;3,81699513899058
2779;16,646;3,47364840008143
2780;16,650;3,21095387934267
2781;16,654;3,12931945868142
2782;16,658;2,86948225427972
2783;16,663;2,59687641749678
2784;16,667;2,56406192518831
2785;16,671;2,36654993338881
2786;16,675;2,33203890950522
2787;16,679;2,1479205880357
2788;16,683;2,1392370251051
2789;16,687;2,0746348885468
2790;16,691;1,99748734744609
2791;16,695;1,82073554465807
2792;16,700;1,84738894861474
2793;16,704;1,80156027330231
2794;16,708;1,69586189161485
2795;16,712;1,71084047960055
2796;16,716;1,65304679212666
2797;16,720;1,72425647271441
2798;16,724;1,61469624941514
2799;16,728;1,5488217141755
2800;16,733;1,50658700706829
2801;16,737;1,44314565527193
2802;16,741;1,47169649585868
2803;16,745;1,46629438215892
2804;16,749;1,42345695988685
2805;16,753;1,36769464574635
2806;16,757;1,34371997585568
2807;16,761;1,37361018347543
2808;16,766;1,33601861541594
2809;16,770;1,32275888178925
2810;16,774;1,30311483197194
2811;16,778;1,33749191915223
2812;16,782;1,20328734244579
2813;16,786;1,23192747416807
2814;16,790;1,22960590464421
2815;16,794;1,20272927284871
2816;16,799;1,20009518435048
2817;16,803;1,18605415328788
2818;16,807;1,10515638449477
2819;16,811;1,16167767328731
2820;16,815;1,12698806713265
2821;16,819;1,23494104999232
2822;16,823;1,29690909805238
2823;16,827;1,51268112706843
2824;16,832;1,98715189850812
2825;16,836;2,7458140315662
2826;16,840;4,05959915423436
2827;16,844;6,47575031341189
2828;16,848;9,87325569766736
2829;16,852;14,9856643081901
2830;16,856;22,0172742630803
2831;16,860;30,5932636981531
2832;16,864;40,4837302621945
2833;16,869;51,1185947003925
2834;16,873;61,525342610087
2835;16,877;69,4581456731301
2836;16,881;73,3825134025994
2837;16,885;72,6786983495426
2838;16,889;67,7396038330899
2839;16,893;60,2935044270545
2840;16,897;51,2762828457442
2841;16,902;42,948857609212
2842;16,906;35,6402665518978
2843;16,910;29,3970750009822
2844;16,914;24,8631390120114
2845;16,918;21,0961692317034
2846;16,922;18,2570682862888
2847;16,926;15,7059312529689
2848;16,930;13,9324753645757
2849;16,935;12,3723359989714
2850;16,939;11,0386389530793
2851;16,943;10,1023544286617
2852;16,947;9,17631606204662
2853;16,951;8,52810706364315
2854;16,955;7,71946421747035
2855;16,959;7,17521242361143
2856;16,963;6,69915673451602
2857;16,968;6,22854780468814
2858;16,972;5,88868342006479
2859;16,976;5,54759128232786
2860;16,980;5,08225052949643
2861;16,984;4,89915905608555
2862;16,988;4,72557708860895
2863;16,992;4,43299236025044
2864;16,996;4,29267134075997
2865;17,001;4,07102841958262
2866;17,005;3,92838583056828
2867;17,009;3,72395377576496
2868;17,013;3,61247379305172
2869;17,017;3,43429333209516
2870;17,021;3,32020158366758
2871;17,025;3,20198012022158
2872;17,029;3,00060628681027
2873;17,033;3,03281806395388
2874;17,038;2,91582435362147
2875;17,042;2,80342913676902
2876;17,046;2,75382791098031
2877;17,050;2,71393709618084
2878;17,054;2,61857416343135
2879;17,058;2,58986706335742
2880;17,062;2,39561419800488
2881;17,066;2,41483411492841
2882;17,071;2,33190497280192
2883;17,075;2,29645639199523
2884;17,079;2,24828382437505
2885;17,083;2,20828139565616
2886;17,087;2,20968773104081
2887;17,091;2,13329916459214
2888;17,095;2,01552415682381
2889;17,099;2,08418904004886
2890;17,104;2,04798148459014
2891;17,108;2,01733230231835
2892;17,112;1,99416125264748
2893;17,116;1,96348974759182
2894;17,120;1,89582938964151
2895;17,124;1,83703117689288
2896;17,128;1,82093644971302
2897;17,132;1,75046342099342
2898;17,137;1,83421850612359
2899;17,141;1,73769478861217
2900;17,145;1,69773700546105
2901;17,149;1,73706975066343
2902;17,153;1,72956929527864
2903;17,157;1,62793366025794
2904;17,161;1,57766275095274
2905;17,165;1,59105642128272
2906;17,170;1,60570016751017
2907;17,174;1,56152337820511
2908;17,178;1,56654600457885
2909;17,182;1,46910705292821
2910;17,186;1,5339770628931
2911;17,190;1,47120539461324
2912;17,194;1,54971462553084
2913;17,198;1,45453027505241
2914;17,202;1,46354867974127
2915;17,207;1,54330798655633
2916;17,211;1,70633127725612
2917;17,215;1,9389123625363
2918;17,219;2,33842322569585
2919;17,223;3,11492126307669
2920;17,227;4,28624237900158
2921;17,231;6,26542504366336
2922;17,235;9,01068100563248
2923;17,240;12,4438358757496
2924;17,244;16,8885923431065
2925;17,248;21,6345724561848
2926;17,252;26,2127075572445
2927;17,256;29,911124068247
2928;17,260;32,3143056899883
2929;17,264;32,73176407139
2930;17,268;31,6806957922445
2931;17,273;29,1215225567267
2932;17,277;26,1001560809049
2933;17,281;23,0905760349736
2934;17,285;19,9056728444227
2935;17,289;17,3656972030445
2936;17,293;15,0959165377898
2937;17,297;13,0134017065322
2938;17,301;11,4160502601944
2939;17,306;9,88642614015851
2940;17,310;9,03481193501034
2941;17,314;8,03265287535315
2942;17,318;7,43909005189601
2943;17,322;6,72938178389402
2944;17,326;6,24830346842487
2945;17,330;5,64753038577342
2946;17,334;5,25924788290718
2947;17,339;4,90755242282567
2948;17,343;4,6228029916102
2949;17,347;4,25965594339656
2950;17,351;3,97740666397603
2951;17,355;3,93289503291271
2952;17,359;3,62332266601901
2953;17,363;3,59115553444316
2954;17,367;3,47416182411075
2955;17,371;3,22198133458103
2956;17,376;3,08101295435794
2957;17,380;2,94408499801774
2958;17,384;2,88638060167939
2959;17,388;2,7329784308333
2960;17,392;2,70844569134555
2961;17,396;2,61723479639835
2962;17,400;2,52957322408861
2963;17,404;2,46088601807967
2964;17,409;2,37797919873707
2965;17,413;2,2641330009322
2966;17,417;2,24053781836754
2967;17,421;2,20975469939246
2968;17,425;2,16470732151595
2969;17,429;2,03833804195255
2970;17,433;2,09387712825422
2971;17,437;2,04679837704432
2972;17,442;1,95324358978938
2973;17,446;1,95248461513735
2974;17,450;1,97295460795834
2975;17,454;1,88422154202219
2976;17,458;1,82464203183765
2977;17,462;1,72952464971088
2978;17,466;1,74590957308122
2979;17,470;1,81323508927328
2980;17,475;1,6691861648743
2981;17,479;1,74838740209227
2982;17,483;1,66344920941629
2983;17,487;1,61215145205245
2984;17,491;1,56382262494509
2985;17,495;1,63757710289553
2986;17,499;1,59806577542208
2987;17,503;1,50672094377159
2988;17,508;1,5220790190833
2989;17,512;1,46026723051042
2990;17,516;1,48205426758053
2991;17,520;1,48435351432051
2992;17,524;1,38925845497762
2993;17,528;1,43285485190172
2994;17,532;1,52460149366212
2995;17,536;1,4810274195219
2996;17,540;1,43051095959398
2997;17,545;1,37666840486744
2998;17,549;1,3924952586407
2999;17,553;1,45028894611459
3000;17,557;1,41816646010651
3001;17,561;1,39327655607662
3002;17,565;1,36329705732134
3003;17,569;1,40461653028934
3004;17,573;1,40247354303654
3005;17,578;1,40124578992296
3006;17,582;1,37383341131426
3007;17,586;1,35164456413425
3008;17,590;1,38468228428155
3009;17,594;1,3487649250133
3010;17,598;1,35981470303554
3011;17,602;1,31507984413339
3012;17,606;1,29550276266773
3013;17,611;1,28201980120222
3014;17,615;1,25938449834454
3015;17,619;1,23726261951618
3016;17,623;1,21761856969887
3017;17,627;1,20364450698792
3018;17,631;1,20857784222614
3019;17,635;1,17692413467961
3020;17,639;1,21900258229964
3021;17,644;1,12966680119864
3022;17,648;1,12013497248047
3023;17,652;1,23038720208013
3024;17,656;1,14631959797559
3025;17,660;1,23507498669562
3026;17,664;1,25177242904033
3027;17,668;1,28923006039652
3028;17,672;1,3776506073583
3029;17,677;1,51902079769129
3030;17,681;1,62697378055096
3031;17,685;1,78633613469389
3032;17,689;1,97391448766532
3033;17,693;2,10644485558052
3034;17,697;2,28190193690331
3035;17,701;2,32409199844276
3036;17,705;2,45249265133955
3037;17,709;2,49903565573624
3038;17,714;2,43121903829875
3039;17,718;2,38186336313276
3040;17,722;2,21993388884325
3041;17,726;2,02063607433308
3042;17,730;1,98188372151166
3043;17,734;1,88832893425672
3044;17,738;1,6963306700764
3045;17,742;1,69342870817157
3046;17,747;1,55156741659315
3047;17,751;1,48058096384423
3048;17,755;1,38329827168078
3049;17,759;1,37430218977581
3050;17,763;1,26360350449849
3051;17,767;1,2702780168796
3052;17,771;1,24293260662255
3053;17,775;1,22424843651222
3054;17,780;1,25284392266673
3055;17,784;1,13071597204116
3056;17,788;1,11250058039238
3057;17,792;1,16203483782944
3058;17,796;1,12071536486144
3059;17,800;1,12870692149166
3060;17,804;1,10359378962294
3061;17,808;1,09381641028205
3062;17,813;1,10968790962308
3063;17,817;1,10397327694896
3064;17,821;1,05827853833983
3065;17,825;1,06321187357804
3066;17,829;1,07283299343174
3067;17,833;1,07743148691171
3068;17,837;1,07656089834026
3069;17,841;1,12171989013619
3070;17,846;1,06591293042792
3071;17,850;1,02414700178225
3072;17,854;1,00602090126901
3073;17,858;1,03767460881554
3074;17,862;0,978898718850787
3075;17,866;1,01251683137905
3076;17,870;0,961531592989574
3077;17,874;1,05245229174628
3078;17,878;1,06441730390774
3079;17,883;1,05008607665465
3080;17,887;1,00847640749617
3081;17,891;1,00211441408943
3082;17,895;1,04338924148966
3083;17,899;1,07345803138048
3084;17,903;0,954656175553516
3085;17,907;1,03894700749688
3086;17,911;1,00425740134222
3087;17,916;1,023812160024
3088;17,920;1,01966012222171
3089;17,924;1,00611019240454
3090;17,928;0,999547293942846
3091;17,932;1,050019108303
3092;17,936;1,0124498630274
3093;17,940;1,00597625570124
3094;17,944;0,982381073136583
3095;17,949;1,03687098859574
3096;17,953;1,04446073511606
3097;17,957;1,01635635020698
3098;17,961;1,01372226170875
3099;17,965;0,963942453648972
3100;17,969;1,00552980002357
3101;17,973;1,01778500837551
3102;17,977;0,989256490572642
3103;17,982;0,978965687202437
3104;17,986;0,989077908301575
3105;17,990;0,997270369986749
3106;17,994;1,06113585467689
3107;17,998;0,981644421268434
3108;18,002;1,03961669101338
3109;18,006;0,971800073575896
3110;18,010;0,996645332038017
3111;18,015;0,979345174528453
3112;18,019;0,975684237971591
3113;18,023;0,974657389912959
3114;18,027;0,987091180535961
3115;18,031;1,03470567855906
3116;18,035;0,988118028594593
3117;18,039;0,944410017751078
3118;18,043;0,966330991524485
3119;18,047;1,01108817321052
3120;18,052;1,03885771636135
3121;18,056;0,97095180778833
3122;18,060;1,01941457159899
3123;18,064;0,968585592696699
3124;18,068;1,01959315387006
3125;18,072;0,961241396799091
3126;18,076;1,02224956515217
3127;18,080;0,917845904929942
3128;18,085;0,972246529253562
3129;18,089;0,975148491158392
3130;18,093;1,04468396295489
3131;18,097;0,995886357385984
3132;18,101;1,02870084969445
3133;18,105;1,03760764046389
3134;18,109;1,01517324266116
3135;18,113;0,992136129693589
3136;18,118;0,977112896140123
3137;18,122;0,990394952550691
3138;18,126;1,05839015225924
3139;18,130;0,994993446030652
3140;18,134;0,99389962962037
3141;18,138;0,966710478850502
3142;18,142;0,985416971744713
3143;18,146;1,02155755885179
3144;18,151;0,995172028301718
3145;18,155;1,00356539504184
3146;18,159;1,03437083680081
3147;18,163;1,02468274859545
3148;18,167;1,03707189365069
3149;18,171;1,03508516588507
3150;18,175;1,00387791401621
3151;18,179;1,03573252661769
3152;18,184;1,05586767768043
3153;18,188;1,01642331855863
3154;18,192;0,995417578924435
3155;18,196;1,07267673394456
3156;18,200;1,02896872310105
3157;18,204;0,998007021854898
3158;18,208;0,974255579803059
3159;18,212;0,89434001350082
3160;18,216;1,00905679987714
3161;18,221;0,957759042513295
3162;18,225;0,991667351232039
3163;18,229;0,939521328080633
3164;18,233;0,941374119142948
3165;18,237;0,969366890132615
3166;18,241;1,02818742566513
3167;18,245;0,985684845151313
3168;18,249;0,974702035480726
3169;18,254;0,997426629473932
3170;18,258;0,963250447348589
3171;18,262;0,93429779665194
3172;18,266;1,00651200251444
3173;18,270;0,986064332477329
3174;18,274;1,01512859709339
3175;18,278;0,966777447202152
3176;18,282;0,995238996653368
3177;18,287;0,944901118996511
3178;18,291;0,953272162952751
3179;18,295;0,974322548154709
3180;18,299;0,951129175699953
3181;18,303;0,966531896579435
3182;18,307;1,01461517306408
3183;18,311;1,03300914698392
3184;18,315;0,952758738923435
3185;18,320;1,00526192661697
3186;18,324;0,998185604125965
3187;18,328;0,981064028887468
3188;18,332;0,924029316065618
3189;18,336;0,992649553722905
3190;18,340;0,94273580895983
3191;18,344;1,03617898229535
3192;18,348;1,00193583181836
3193;18,353;1,0806459677909
3194;18,357;1,20418025380112
3195;18,361;1,44957461703032
3196;18,365;1,70347396091906
3197;18,369;2,3887611033527
3198;18,373;3,04357764578564
3199;18,377;4,23608308361579
3200;18,381;5,63831107602962
3201;18,385;7,22974698463835
3202;18,390;9,13318844358407
3203;18,394;11,1092012729344
3204;18,398;12,7691234824972
3205;18,402;14,1502564441413
3206;18,406;15,2812626123729
3207;18,410;15,5425284749431
3208;18,414;15,3883003610934
3209;18,418;14,747725754778
3210;18,423;13,6950502351929
3211;18,427;12,5942691163392
3212;18,431;11,3441262505224
3213;18,435;10,1672914069783
3214;18,439;9,01195340431383
3215;18,443;7,91961029776808
3216;18,447;7,17054696177982
3217;18,451;6,3033514534811
3218;18,456;5,6506332527332
3219;18,460;5,04593136011829
3220;18,464;4,62537011175679
3221;18,468;4,27619712625409
3222;18,472;3,83945185957719
3223;18,476;3,60758510338128
3224;18,480;3,2493044220542
3225;18,484;3,17604104534918
3226;18,489;2,86111121032348
3227;18,493;2,82456881310651
3228;18,497;2,6202483722226
3229;18,501;2,49260669397785
3230;18,505;2,3511918580771
3231;18,509;2,26140962129844
3232;18,513;2,17298907433666
3233;18,517;2,09117607140434
3234;18,522;2,04554830114686
3235;18,526;1,93241643242625
3236;18,530;1,95790905162099
3237;18,534;1,85625109381641
3238;18,538;1,77450505923574
3239;18,542;1,73305164956444
3240;18,546;1,7048802963037
3241;18,550;1,70229085337324
3242;18,554;1,64739912780419
3243;18,559;1,6366841915402
3244;18,563;1,63463049542294
3245;18,567;1,54009350567713
3246;18,571;1,54699124589707
3247;18,575;1,5085737348339
3248;18,579;1,4664506416461
3249;18,583;1,50917644999875
3250;18,587;1,44859241453945
3251;18,592;1,41144730215763
3252;18,596;1,46535682523582
3253;18,600;1,46374958479622
3254;18,604;1,38811999299957
3255;18,608;1,32503580574535
3256;18,612;1,34331816574578
3257;18,616;1,25646021365583
3258;18,620;1,37707021497734
3259;18,625;1,30981166713693
3260;18,629;1,27581406728266
3261;18,633;1,28594861116568
3262;18,637;1,25045538479122
3263;18,641;1,22337784794077
3264;18,645;1,21228342435076
3265;18,649;1,23500801834397
3266;18,653;1,1973941275006
3267;18,658;1,19616637438702
3268;18,662;1,22250725936932
3269;18,666;1,12814885189458
3270;18,670;1,22447166435105
3271;18,674;1,14754735108917
3272;18,678;1,14759199665694
3273;18,682;1,2223956454499
3274;18,686;1,20330966522967
3275;18,691;1,11689816881739
3276;18,695;1,08374883475068
3277;18,699;1,11805895357932
3278;18,703;1,18478175460653
3279;18,707;1,13352864281046
3280;18,711;1,1572800848623
3281;18,715;1,12884085819496
3282;18,719;1,1396227628106
3283;18,723;1,06812288603237
3284;18,728;1,08765532193026
3285;18,732;1,11546951064886
3286;18,736;1,1369440287446
3287;18,740;1,11058082097842
3288;18,744;1,09658443548358
3289;18,748;1,04573313379741
3290;18,752;1,04209452002443
3291;18,756;1,04901458302826
3292;18,761;1,03182603943811
3293;18,765;1,10848247929339
3294;18,769;1,01930295767957
3295;18,773;1,07600282874317
3296;18,777;1,06664958229607
3297;18,781;1,13384116178482
3298;18,785;1,07801187929267
3299;18,789;1,02910265980435
3300;18,794;1,08111474625245
3301;18,798;1,07881549951247
3302;18,802;1,05466224735073
3303;18,806;0,966219377605069
3304;18,810;1,05169331709425
3305;18,814;1,01943689438287
3306;18,818;1,08763299914638
3307;18,822;1,00782904676355
3308;18,827;1,02762935606805
3309;18,831;1,03135726097656
3310;18,835;1,04305439973141
3311;18,839;1,04872438683777
3312;18,843;1,00280642038981
3313;18,847;1,02425861570167
3314;18,851;0,963116510645289
3315;18,855;1,05196119050085
3316;18,860;1,07832439826704
3317;18,864;1,02510688148923
3318;18,868;1,05272016515288
3319;18,872;1,05316662083055
3320;18,876;1,01394548954758
3321;18,880;1,0529657157756
3322;18,884;1,06979709482361
3323;18,888;1,00128847108574
3324;18,892;1,01095423650722
3325;18,897;1,01849933745977
3326;18,901;1,02979466610473
3327;18,905;1,0367816974602
3328;18,909;0,9823587503527
3329;18,913;1,0382550011965
3330;18,917;1,01262844529846
3331;18,921;0,963518320755189
3332;18,925;1,05164867152649
3333;18,930;0,997069464931799
3334;18,934;0,960705649985892
3335;18,938;0,893469424929371
3336;18,942;1,01510627430951
3337;18,946;0,989278813356525
3338;18,950;0,943918916505645
3339;18,954;0,931730676505359
3340;18,958;0,957803688081062
3341;18,963;0,953763264198183
3342;18,967;0,947780758117457
3343;18,971;1,04055424793648
3344;18,975;0,908849823024969
3345;18,979;0,953249840168867
3346;18,983;0,955035662879532
3347;18,987;1,00729329995035
3348;18,991;0,946419068300575
3349;18,996;0,958049238703778
3350;19,000;0,921841683245054
3351;19,004;0,944320726615544
3352;19,008;0,966978352257101
3353;19,012;1,03327702039052
3354;19,016;1,02847762185561
3355;19,020;0,97972466185447
