#"+EI TIC Scan 140C_1ml-min_9C-min_1.d "
#Point;X(Minutes);Y(Counts)
0;5,041;6,28220023997153
1;5,046;6,06328609048727
2;5,050;5,8909459056613
3;5,055;5,61063504922059
4;5,059;5,34911067675109
5;5,064;5,12284708958139
6;5,068;4,99889758434718
7;5,073;4,69633196997135
8;5,077;4,63117796622066
9;5,081;4,44430406192686
10;5,086;4,22687631556999
11;5,090;4,13348065239885
12;5,095;3,96584741080962
13;5,099;3,90771253293828
14;5,104;3,81043570604561
15;5,108;3,58148833545146
16;5,112;3,47149450402444
17;5,117;3,46158514984182
18;5,121;3,20216651513613
19;5,126;3,35605052779698
20;5,130;3,13692993343391
21;5,135;3,04241946791723
22;5,139;2,96723224305664
23;5,144;2,87532298301289
24;5,148;2,82928577503949
25;5,152;2,78853355596349
26;5,157;2,67201606636625
27;5,161;2,60541694846393
28;5,166;2,55801720429042
29;5,170;2,48790852344842
30;5,175;2,37106072204509
31;5,179;2,40962462540577
32;5,184;2,32609702744148
33;5,188;2,33753407372725
34;5,192;2,22134689593609
35;5,197;2,14731576239681
36;5,201;2,12250108796451
37;5,206;2,07551423354861
38;5,210;2,11019697318776
39;5,215;2,01647099821054
40;5,219;1,99442268515422
41;5,224;2,0233662571626
42;5,228;2,04553843714621
43;5,232;1,95532202510865
44;5,237;2,01535619586499
45;5,241;1,99206921353585
46;5,246;1,90519720853493
47;5,250;1,84636041807565
48;5,255;1,78182574896138
49;5,259;1,81039772018791
50;5,264;1,74656496366157
51;5,268;1,83607946311119
52;5,272;1,82489015067999
53;5,277;1,74078450705505
54;5,281;1,73838974646092
55;5,286;1,78149543715529
56;5,290;1,72402118289612
57;5,295;1,68351669767469
58;5,299;1,88215796006035
59;5,304;2,50520860429224
60;5,308;3,6593593437365
61;5,312;5,79259556539885
62;5,317;8,93968258686994
63;5,321;12,9684543967392
64;5,326;16,4019630430636
65;5,330;18,9860335910591
66;5,335;20,2157844451216
67;5,339;20,3601307043817
68;5,343;20,1450977186189
69;5,348;19,3923584015221
70;5,352;18,6850369577622
71;5,357;17,8649140322236
72;5,361;17,1237769173155
73;5,366;16,280325720472
74;5,370;15,5271735136175
75;5,375;14,8149799707179
76;5,379;14,2415173863748
77;5,383;13,5906792614558
78;5,388;12,9466951065132
79;5,392;12,5083300508598
80;5,397;11,7300741467427
81;5,401;11,2553335034439
82;5,406;10,706190125824
83;5,410;10,1089863804185
84;5,415;9,44357324705589
85;5,419;9,05516785207316
86;5,423;8,50722185475034
87;5,428;8,31960474889284
88;5,432;7,69832953061866
89;5,437;7,14869068528965
90;5,441;6,85562153533882
91;5,446;6,59843250532421
92;5,450;6,1865749721093
93;5,455;5,80378487783005
94;5,459;5,53127763780815
95;5,463;5,19964458449665
96;5,468;4,89460163157517
97;5,472;4,64447301641567
98;5,477;4,30900008835841
99;5,481;4,03496515623335
100;5,486;3,90366621331371
101;5,490;3,58697976922766
102;5,495;3,30055814437434
103;5,499;2,99382234344665
104;5,503;2,91995636581042
105;5,508;2,64621045651569
106;5,512;2,54571308951367
107;5,517;2,3714736118027
108;5,521;2,20099143088597
109;5,526;2,06601776912361
110;5,530;1,92274502323331
111;5,534;1,89743488109188
112;5,539;1,83694653160217
113;5,543;1,69334347390578
114;5,548;1,59536473442518
115;5,552;1,53747759040841
116;5,557;1,52240711425568
117;5,561;1,47558541574283
118;5,566;1,38896114459647
119;5,570;1,34267620276851
120;5,574;1,26546581809564
121;5,579;1,25196432302182
122;5,583;1,31389778666317
123;5,588;1,20823929769104
124;5,592;1,25241850175519
125;5,597;1,18639742951352
126;5,601;1,15931186141438
127;5,606;1,06546201950987
128;5,610;1,16765223451808
129;5,614;1,05811258182443
130;5,619;1,15968346219623
131;5,623;1,11496750144718
132;5,628;1,09353852302727
133;5,632;1,08098667439596
134;5,637;1,08614779636607
135;5,641;1,12619810285414
136;5,646;1,11851835336262
137;5,650;1,06116796603073
138;5,654;1,07813773506846
139;5,659;1,10493428033728
140;5,663;1,22454844311659
141;5,668;1,39742538462745
142;5,672;1,88141475849665
143;5,677;2,95600164164968
144;5,681;4,63402690554816
145;5,686;6,83724794112522
146;5,690;9,1163581141508
147;5,694;11,3672679167317
148;5,699;12,7352955506174
149;5,703;13,3845234054817
150;5,708;13,3427389620117
151;5,712;12,9870344358316
152;5,717;12,4072133492213
153;5,721;12,1634019473533
154;5,725;11,3862195566059
155;5,730;11,1086337725655
156;5,734;10,3928067997988
157;5,739;9,87743780435136
158;5,743;9,26920990241763
159;5,748;8,91862520923188
160;5,752;8,29330367133315
161;5,757;7,88677241599139
162;5,761;7,29675295236821
163;5,765;7,16665138974563
164;5,770;6,58509616615344
165;5,774;6,29549529016653
166;5,779;5,9578753353697
167;5,783;5,62087471520929
168;5,788;5,30034839637747
169;5,792;4,97647767050902
170;5,797;4,61321726176467
171;5,801;4,43199994715011
172;5,805;4,04660864739793
173;5,810;3,83454846788998
174;5,814;3,62508949385496
175;5,819;3,4281410794755
176;5,823;3,1854031909772
177;5,828;3,055755807088
178;5,832;2,76062220834913
179;5,837;2,59030518333544
180;5,841;2,38666795488271
181;5,845;2,18736606888488
182;5,850;1,99574393237857
183;5,854;1,89813679367981
184;5,859;1,71291444841644
185;5,863;1,61547246562073
186;5,868;1,56972428047766
187;5,872;1,47682408501565
188;5,877;1,34957146172058
189;5,881;1,31162689299632
190;5,885;1,27496228252064
191;5,890;1,2082805866668
192;5,894;1,0926714545363
193;5,899;1,03131603655561
194;5,903;1,01880547690006
195;5,908;0,979085482218077
196;5,912;0,949274841718711
197;5,916;0,899645492854117
198;5,921;0,976071386987531
199;5,925;0,922932475183261
200;5,930;0,893286990586939
201;5,934;0,825118891605703
202;5,939;0,850470322722892
203;5,943;0,824293112090486
204;5,948;0,853401840001916
205;5,952;0,802575110840255
206;5,956;0,782260934765896
207;5,961;0,810956772919717
208;5,965;0,80786009973765
209;5,970;0,79076646377264
210;5,974;0,8194210129507
211;5,979;0,769667797158823
212;5,983;0,761988047667297
213;5,988;0,800139061270363
214;5,992;0,761616446885449
215;5,996;0,758684929606425
216;6,001;0,78015519700209
217;6,005;0,852369615607893
218;6,010;0,774209584492521
219;6,014;0,842377683473757
220;6,019;0,76491956494632
221;6,023;0,674083818272354
222;6,028;0,768181394031431
223;6,032;0,786720144148072
224;6,036;0,741178403883806
225;6,041;0,748858153375332
226;6,045;0,744646677847721
227;6,050;0,728543977300973
228;6,054;0,735975992937933
229;6,059;0,774994075031978
230;6,063;0,704926683165741
231;6,068;0,794193448760794
232;6,072;0,746628548684244
233;6,076;0,766323390122191
234;6,081;0,784160227650897
235;6,085;0,71685919716064
236;6,090;0,762029336643058
237;6,094;0,739650711780653
238;6,099;0,877225579015952
239;6,103;1,40266908454909
240;6,107;2,61805137504676
241;6,112;4,92977983892345
242;6,116;8,4640748750802
243;6,121;13,77404360281
244;6,125;19,4306745710282
245;6,130;24,5305649900865
246;6,134;28,6134253582025
247;6,139;30,7838216580497
248;6,143;31,4034866062692
249;6,147;30,6172206408544
250;6,152;29,8414833642588
251;6,156;28,2865818260793
252;6,161;26,8851101218272
253;6,165;25,6774075808211
254;6,170;24,1101606388891
255;6,174;22,6139720242416
256;6,179;20,944245844471
257;6,183;19,9424101366087
258;6,187;18,4825558206308
259;6,192;16,8314096799526
260;6,196;15,4297728197976
261;6,201;14,670427266579
262;6,205;13,4092555019625
263;6,210;12,5647307917491
264;6,214;11,5213583742714
265;6,219;10,536616302374
266;6,223;9,36599126160117
267;6,227;8,76569084301353
268;6,232;8,00337248354015
269;6,236;7,07573306512015
270;6,241;6,38946899899833
271;6,245;5,71666513897456
272;6,250;4,93399131445106
273;6,254;4,50293440750733
274;6,259;3,82802480971975
275;6,263;3,50663142239696
276;6,267;2,93725644665423
277;6,272;2,61202318458567
278;6,276;2,31003561587049
279;6,281;2,03484459242413
280;6,285;1,85903613363425
281;6,290;1,57083908282321
282;6,294;1,44957336101346
283;6,299;1,29796024201946
284;6,303;1,18606711770744
285;6,307;1,07095345328607
286;6,312;0,925285946801632
287;6,316;0,838620386679516
288;6,321;0,779783596220242
289;6,325;0,803483468306995
290;6,330;0,740187468465545
291;6,334;0,688782693643232
292;6,338;0,595469608423612
293;6,343;0,643323531330488
294;6,347;0,569003374960879
295;6,352;0,520158516635741
296;6,356;0,579036596070776
297;6,361;0,522842300060199
298;6,365;0,557937929456959
299;6,370;0,522305543375308
300;6,374;0,543734521795212
301;6,378;0,477507004674738
302;6,383;0,529861425939551
303;6,387;0,477754738529303
304;6,392;0,470157566989299
305;6,396;0,450586592478635
306;6,401;0,391460779189035
307;6,405;0,418381191385138
308;6,410;0,464418399358534
309;6,414;0,446044805144937
310;6,418;0,440718527271781
311;6,423;0,414458738687853
312;6,427;0,406283521487196
313;6,432;0,419702438609486
314;6,436;0,405292586068934
315;6,441;0,406283521487196
316;6,445;0,339354091778787
317;6,450;0,35149305065249
318;6,454;0,428125389664709
319;6,458;0,4138806930272
320;6,463;0,375729679424134
321;6,467;0,39352522797708
322;6,472;0,410907886772416
323;6,476;0,366604815780977
324;6,481;0,410453708039046
325;6,485;0,40141142234741
326;6,490;0,383285561988378
327;6,494;0,346703529464226
328;6,498;0,410784019845133
329;6,503;0,361361115859343
330;6,507;0,34179014134868
331;6,512;0,361443693810865
332;6,516;0,381097246273051
333;6,521;0,354713590761839
334;6,525;0,411692377311873
335;6,529;0,362517207180648
336;6,534;0,316356132279969
337;6,538;0,389767931182838
338;6,543;0,373087184975437
339;6,547;0,38014759983055
340;6,552;0,291293723993106
341;6,556;0,345671305070204
342;6,561;0,386340946194684
343;6,565;0,333780080051066
344;6,569;0,383244273012617
345;6,574;0,389189885522186
346;6,578;0,345919038924769
347;6,583;0,346373217658139
348;6,587;0,346455795609661
349;6,592;0,355580659252818
350;6,596;0,393153627195232
351;6,601;0,548895643765323
352;6,605;0,895764329132593
353;6,609;1,70734043668872
354;6,614;3,27173843929323
355;6,618;5,55274790520381
356;6,623;8,61023784927377
357;6,627;11,7117831304806
358;6,632;14,8079195558627
359;6,636;16,9937579326445
360;6,641;18,5490310716058
361;6,645;18,6143089422838
362;6,649;18,4333806504996
363;6,654;17,6244470373921
364;6,658;17,0857497706397
365;6,663;15,8532738441771
366;6,667;14,7247635586803
367;6,672;13,6185493200944
368;6,676;12,6714215051153
369;6,681;11,776978423207
370;6,685;10,7867449175335
371;6,689;9,94205505141716
372;6,694;8,90549531493992
373;6,698;8,22938833685528
374;6,703;7,40967830107426
375;6,707;6,5675070624793
376;6,712;5,93351483967078
377;6,716;5,25889426471353
378;6,720;4,5979816297089
379;6,725;4,11275358656688
380;6,729;3,53512081567197
381;6,734;3,06859667854963
382;6,738;2,6542205178133
383;6,743;2,27869728326797
384;6,747;2,02737128781141
385;6,752;1,63549761886477
386;6,756;1,51687439150372
387;6,760;1,18482844843461
388;6,765;1,1508476213834
389;6,769;0,997417787455914
390;6,774;0,84758009441963
391;6,778;0,791839977142423
392;6,783;0,725612460021949
393;6,787;0,613843202637209
394;6,792;0,655627646107234
395;6,796;0,548111153225866
396;6,800;0,544147411552821
397;6,805;0,47251103860767
398;6,809;0,467638939467884
399;6,814;0,422757822815792
400;6,818;0,41107304267546
401;6,823;0,397530258625886
402;6,827;0,377587683333375
403;6,832;0,364829389823258
404;6,836;0,374821321957395
405;6,840;0,32333396918356
406;6,845;0,350791138064554
407;6,849;0,322673345571386
408;6,854;0,31272270241301
409;6,858;0,314704573249533
410;6,863;0,277709650967772
411;6,867;0,336835464257372
412;6,872;0,308758960739965
413;6,876;0,308469937909638
414;6,880;0,246330029389493
415;6,885;0,286793225635169
416;6,889;0,342781076766941
417;6,894;0,365407435483911
418;6,898;0,35657159467108
419;6,903;0,391460779189035
420;6,907;0,400750798735236
421;6,911;0,356984484428689
422;6,916;0,338858624069656
423;6,920;0,360246313513799
424;6,925;0,370651135405544
425;6,929;0,351121449870642
426;6,934;0,288362206714083
427;6,938;0,329527315547694
428;6,943;0,284357176065276
429;6,947;0,238278679116119
430;6,951;0,268956388106463
431;6,956;0,301244367151482
432;6,960;0,252523375753627
433;6,965;0,285513267386581
434;6,969;0,241375352298186
435;6,974;0,211812445653386
436;6,978;0,234108492564268
437;6,983;0,220400552611652
438;6,987;0,251408573408083
439;6,991;0,21061506535632
440;6,996;0,220111529781325
441;7,000;0,274447821882662
442;7,005;0,200623133222183
443;7,009;0,225190073799915
444;7,014;0,248642212032103
445;7,018;0,217427746356867
446;7,023;0,181960516178259
447;7,027;0,223125625011871
448;7,031;0,218170947920563
449;7,036;0,211316977944255
450;7,040;0,182703717741955
451;7,045;0,21247306926556
452;7,049;0,201944380446532
453;7,054;0,23419107051579
454;7,058;0,21618907708404
455;7,063;0,211853734629147
456;7,067;0,21569360937491
457;7,071;0,218625126653933
458;7,076;0,225024917896872
459;7,080;0,16722035183162
460;7,085;0,236172941352313
461;7,089;0,196494235646094
462;7,094;0,188855775130329
463;7,098;0,220070240805564
464;7,103;0,22680034385459
465;7,107;0,228782214691113
466;7,111;0,213298848780778
467;7,116;0,316108398425404
468;7,120;0,284770065822885
469;7,125;0,313878793734315
470;7,129;0,232539511485354
471;7,134;0,259088322899609
472;7,138;0,275397468325162
473;7,142;0,23047506269731
474;7,147;0,270318924306572
475;7,151;0,341212095688027
476;7,156;0,585642832192519
477;7,160;1,3060528812686
478;7,165;2,71185992797551
479;7,169;5,60828157760222
480;7,174;10,0730649715065
481;7,178;16,5468873479843
482;7,182;24,163712440451
483;7,187;31,1665291743774
484;7,191;37,8733039520982
485;7,196;42,2174409588291
486;7,200;44,181351090896
487;7,205;44,6656707765713
488;7,209;43,5228745054613
489;7,214;41,0938853504237
490;7,218;38,759365371927
491;7,222;35,4472463143396
492;7,227;32,7461215200619
493;7,231;29,8287663597244
494;7,236;26,7481545892284
495;7,240;23,5194805516537
496;7,245;20,956508670272
497;7,249;18,2930394218883
498;7,254;15,9196252282248
499;7,258;13,6233388412827
500;7,262;11,6173552429154
501;7,267;9,5760695702726
502;7,271;7,93041486337065
503;7,276;6,50255950360742
504;7,280;5,21554084016459
505;7,285;4,34962844050713
506;7,289;3,42091550871734
507;7,294;2,79212569685469
508;7,298;2,22093400617848
509;7,302;1,94248115364701
510;7,307;1,64449861558064
511;7,311;1,34147882247144
512;7,316;1,06364530457639
513;7,320;0,962858914744045
514;7,325;0,911660584800537
515;7,329;0,714877326324117
516;7,333;0,76396991850382
517;7,338;0,604264160260682
518;7,342;0,583949984186322
519;7,347;0,434938070665256
520;7,351;0,408760860032849
521;7,356;0,403888760893064
522;7,360;0,419537282706443
523;7,365;0,338321867384764
524;7,369;0,394516163395341
525;7,373;0,301492101006047
526;7,378;0,343854590136724
527;7,382;0,304464907260832
528;7,387;0,295257465666152
529;7,391;0,272094350264291
530;7,396;0,258799300069283
531;7,400;0,279485076925491
532;7,405;0,369825355890327
533;7,409;0,295670355423761
534;7,413;0,338817335093895
535;7,418;0,306075177315506
536;7,422;0,383037828133813
537;7,427;0,365242279580867
538;7,431;0,324407482553343
539;7,436;0,36536614650815
540;7,440;0,314291683491924
541;7,445;0,363012674889779
542;7,449;0,367306728368912
543;7,453;0,327421577783889
544;7,458;0,332500121802478
545;7,462;0,348313799518901
546;7,467;0,298932184508872
547;7,471;0,385184854873379
548;7,476;0,303680416721375
549;7,480;0,313383326025185
550;7,485;0,322012721959211
551;7,489;0,300666321490829
552;7,493;0,360906937125973
553;7,498;0,316769022037578
554;7,502;0,258799300069283
555;7,507;0,246164873486449
556;7,511;0,239352192485902
557;7,516;0,265075224384939
558;7,520;0,244472025480253
559;7,524;0,217345168405345
560;7,529;0,237329032673618
561;7,533;0,212555647217082
562;7,538;0,177501306796083
563;7,542;0,194140764027723
564;7,547;0,21478525190817
565;7,551;0,151282807187915
566;7,556;0,230227328842744
567;7,560;0,196205212815768
568;7,564;0,157104552770201
569;7,569;0,2291125264972
570;7,573;0,130597030331707
571;7,578;0,236090363400791
572;7,582;0,23373689178242
573;7,587;0,183488208281412
574;7,591;0,231383420164049
575;7,596;0,262928197645372
576;7,600;0,243192067231665
577;7,604;0,237700633455466
578;7,609;0,26420815589396
579;7,613;0,392534292558818
580;7,618;0,73213611819217
581;7,622;1,5508965075307
582;7,627;2,94943669450369
583;7,631;5,11764467863551
584;7,636;8,12583558564696
585;7,640;11,5567430264984
586;7,644;15,3707708734352
587;7,649;18,7324779909115
588;7,653;20,863443318907
589;7,658;22,5555481235399
590;7,662;22,6337907326068
591;7,667;21,849795660859
592;7,671;20,6516308732536
593;7,676;19,1315772306163
594;7,680;17,4641219445126
595;7,684;15,6762680050901
596;7,689;14,086931461126
597;7,693;12,0439116515012
598;7,698;10,5082920650021
599;7,702;8,96982353917539
600;7,707;7,67623992858659
601;7,711;6,47423526623544
602;7,715;5,20298899153328
603;7,720;4,22761951713369
604;7,724;3,43255899988191
605;7,729;2,75343792656673
606;7,733;2,20008307341923
607;7,738;1,84780553222728
608;7,742;1,43809502575193
609;7,747;1,22785156117746
610;7,751;1,10225049691282
611;7,755;1,10435623467663
612;7,760;1,36282522293982
613;7,764;2,20796926778956
614;7,769;3,86279012731043
615;7,773;6,43534105106868
616;7,778;9,93805002076835
617;7,782;14,1740099110057
618;7,787;18,4467169896703
619;7,791;22,012102624575
620;7,795;24,3925359441178
621;7,800;25,7338083217105
622;7,804;25,5804197767588
623;7,809;24,9827205636441
624;7,813;22,9969685633996
625;7,818;21,5193186988688
626;7,822;19,1140294159179
627;7,827;17,2075522491344
628;7,831;14,7884311593036
629;7,835;12,7310840750898
630;7,840;10,8346401294162
631;7,844;9,00194636231737
632;7,849;7,11309958818376
633;7,853;5,82050691301321
634;7,858;4,69059280234059
635;7,862;3,68256374811413
636;7,867;2,87367142398245
637;7,871;2,21461679288707
638;7,875;1,76481469094789
639;7,880;1,45461061605629
640;7,884;1,143663339601
641;7,889;0,954435963688823
642;7,893;0,773259938050021
643;7,898;0,656164402792126
644;7,902;0,586468611707737
645;7,906;0,525526083484657
646;7,911;0,409545350572306
647;7,915;0,410949175748177
648;7,920;0,335596794984546
649;7,924;0,313300748073663
650;7,929;0,216312944011323
651;7,933;0,252771109608192
652;7,938;0,314043949637359
653;7,942;0,244554603431774
654;7,946;0,260079258317871
655;7,951;0,216478099914367
656;7,955;0,181134736663041
657;7,960;0,159086423606724
658;7,964;0,145213327751064
659;7,969;0,199054152143269
660;7,973;0,135634285374536
661;7,978;0,103305017353757
662;7,982;0,139061270362691
663;7,986;0,151860852848568
664;7,991;0,134973661762362
665;7,995;0,0717602398724336
666;8,000;0,0947994883470124
667;8,004;0,100125766220168
668;8,009;0,126426843779857
669;8,013;0,115237531348655
670;8,018;0,100456078026255
671;8,022;0,0893080545708135
672;8,026;0,0988045189958191
673;8,031;0,0990109638746235
674;8,035;0,0796051452670034
675;8,040;0,130225429549859
676;8,044;0,0596212809987308
677;8,049;0,140795407344648
678;8,053;0,0783251870184157
679;8,058;0,121596033615833
680;8,062;0,046697831585571
681;8,066;0,125972665046487
682;8,071;0,123041147767464
683;8,075;0,105534622044845
684;8,080;0,0703151257208023
685;8,084;0,146617152926934
686;8,089;0,0775406964789587
687;8,093;0,0594974140714481
688;8,098;0,103263728377996
689;8,102;0,067713920247866
690;8,106;0,114989797494089
691;8,111;0,0931479293165766
692;8,115;0,0745266012484135
693;8,120;0,0951710891288604
694;8,124;0,0998780323656023
695;8,129;0,0639566234536246
696;8,133;0,100043188268646
697;8,137;0,0835275979642883
698;8,142;0,0739072666120001
699;8,146;0,0899686781829878
700;8,151;0,100208344171689
701;8,155;0,0832385751339621
702;8,160;0,0702325477692805
703;8,164;0,0555749613741632
704;8,169;0,119325139948983
705;8,173;0,0421560442518727
706;8,177;0,00379858577000224
707;8,182;0,0500835275979643
708;8,186;0,0682093879569967
709;8,191;0,0688287225934101
710;8,195;0,000619334636413408
711;8,200;0,0282416594204514
712;8,204;0,0335679372936067
713;8,209;0,0616444408110146
714;8,213;0,0531389118042704
715;8,217;0,0597864369017743
716;8,222;0,0443030709914391
717;8,226;0,0710583272844984
718;8,231;0,0357562530089341
719;8,235;0,176881972159669
720;8,240;0,273622042367444
721;8,244;0,779783596220242
722;8,249;1,77827489704594
723;8,253;3,53433632513252
724;8,257;6,37687586139126
725;8,262;10,1358655036388
726;8,266;14,6298814923818
727;8,271;18,9363629532188
728;8,275;23,0091488112491
729;8,280;25,0966368477684
730;8,284;26,0637485270158
731;8,289;25,9987596791681
732;8,293;24,7963008380836
733;8,297;22,9396181760677
734;8,302;20,8605530906037
735;8,306;18,2201230906945
736;8,311;15,7194149847602
737;8,315;13,232167084924
738;8,320;10,9215121344171
739;8,324;8,750413921982
740;8,328;6,91957815879245
741;8,333;5,35963936557011
742;8,337;4,31023875763123
743;8,342;3,37797497392601
744;8,346;2,58696077629881
745;8,351;1,96064830298181
746;8,355;1,46947464733021
747;8,360;1,18986570347744
748;8,364;0,969010972132419
749;8,368;0,858975851729636
750;8,373;0,714918615299878
751;8,377;0,770080686916432
752;8,382;1,07409141544389
753;8,386;2,07485360993644
754;8,391;4,31300511900721
755;8,395;8,50519869493805
756;8,400;15,7252780193183
757;8,404;26,0945501029334
758;8,408;39,3145369400079
759;8,413;53,8587850966616
760;8,417;68,5501871629271
761;8,422;80,0315365196862
762;8,426;89,2096629415753
763;8,431;92,2545597480381
764;8,435;90,754159657863
765;8,440;84,9389377337472
766;8,444;76,4021529723521
767;8,448;67,1405815304502
768;8,453;56,7888985505092
769;8,457;46,6351549203659
770;8,462;36,7688238504943
771;8,466;28,6545904670361
772;8,471;21,7910414483512
773;8,475;16,4451100227337
774;8,480;12,6074648816617
775;8,484;9,22053019999554
776;8,488;7,29836322242289
777;8,493;5,58553135195796
778;8,497;4,35181675622245
779;8,502;3,4844179534376
780;8,506;2,80979737848035
781;8,511;2,32898725574474
782;8,515;2,00606617631879
783;8,519;1,56865076710788
784;8,524;1,35592996398776
785;8,528;1,17599260762178
786;8,533;1,06133312193378
787;8,537;0,913559877685538
788;8,542;0,895392728350745
789;8,546;0,807158187149715
790;8,551;0,638121120384615
791;8,555;0,608434346812532
792;8,559;0,582835181840778
793;8,564;0,594602539932633
794;8,568;0,546046704437822
795;8,573;0,468299563080058
796;8,577;0,464253243455491
797;8,582;0,444723557920588
798;8,586;0,428290545567752
799;8,591;0,354548434858796
800;8,595;0,373376207805763
801;8,599;0,310658253624966
802;8,604;0,279196054095164
803;8,608;0,30252432540007
804;8,613;0,226428743072742
805;8,617;0,258427699287435
806;8,622;0,283242373719732
807;8,626;0,211606000774581
808;8,631;0,244017846746883
809;8,635;0,173083386389667
810;8,639;0,240797306637533
811;8,644;0,214000761368713
812;8,648;0,199632197803922
813;8,653;0,156526507109549
814;8,657;0,149713826109001
815;8,662;0,186791326342284
816;8,666;0,131918277556056
817;8,671;0,184644299602717
818;8,675;0,165981682558793
819;8,679;0,132331167313665
820;8,684;0,225272651751437
821;8,688;0,1404238065628
822;8,693;0,146328130096608
823;8,697;0,133611125562253
824;8,702;0,150622183575741
825;8,706;0,168252576225643
826;8,710;0,12010963048844
827;8,715;0,154833659103352
828;8,719;0,116063310863873
829;8,724;0,116145888815395
830;8,728;0,123206303670507
831;8,733;0,0694480572298235
832;8,737;0,11639362266996
833;8,742;0,134849794835079
834;8,746;0,150663472551502
835;8,750;0,129028049252793
836;8,755;0,115898154960829
837;8,759;0,14872289069074
838;8,764;0,102809549644626
839;8,768;0,180928291784237
840;8,773;0,163297899134335
841;8,777;0,131794410628773
842;8,782;0,193893030173158
843;8,786;0,239806371219272
844;8,790;0,152397609533459
845;8,795;0,32011342907421
846;8,799;0,610498795600577
847;8,804;1,28057758322412
848;8,808;2,57928102680728
849;8,813;4,78869540874847
850;8,817;8,14251633185436
851;8,822;12,7575915975283
852;8,826;17,8290752012631
853;8,830;22,3147508169024
854;8,835;26,5216019792283
855;8,839;29,3407719552064
856;8,844;29,8771157503404
857;8,848;29,0707833427059
858;8,853;26,8190890495856
859;8,857;23,8199817172415
860;8,862;20,3162405231478
861;8,866;16,7682788360142
862;8,870;13,2907148525529
863;8,875;10,5094894452991
864;8,879;7,96497373608252
865;8,884;6,16927489126548
866;8,888;4,58654458342314
867;8,893;3,48066065664335
868;8,897;2,57816622446174
869;8,901;2,04698355129784
870;8,906;1,74016517241863
871;8,910;1,37868018963201
872;8,915;1,20939538901234
873;8,919;1,08656068612368
874;8,924;0,875491442033994
875;8,928;0,830114857672772
876;8,933;0,703646724917154
877;8,937;0,680524898491053
878;8,941;0,538903711631187
879;8,946;0,514584504908021
880;8,950;0,366852549635542
881;8,955;0,438199899750367
882;8,959;0,248229322274494
883;8,964;0,313713637831272
884;8,968;0,239641215316228
885;8,973;0,230887952454919
886;8,977;0,158508377946072
887;8,981;0,191869870360874
888;8,986;0,218583837678172
889;8,990;0,174198188735211
890;8,995;0,149631248157479
891;8,999;0,118416782482244
892;9,004;0,103098572474952
893;9,008;0,0954601119591867
894;9,013;0,117178113209417
895;9,017;0,130349296477142
896;9,021;0,220194107732847
897;9,026;0,389066018594903
898;9,030;1,0477903378842
899;9,035;2,19227945700042
900;9,039;4,36577243002964
901;9,044;7,86777948714137
902;9,048;12,6072584367829
903;9,053;18,2522046248608
904;9,057;24,0944295391242
905;9,061;29,2349483103312
906;9,066;32,9356792077802
907;9,070;34,3354167750502
908;9,075;33,7200045913341
909;9,079;31,1436550818058
910;9,084;27,2593121091482
911;9,088;22,6607937227544
912;9,093;18,5545637943578
913;9,097;14,4135272593947
914;9,101;10,9123459817982
915;9,106;8,21225341191451
916;9,110;6,20263638368028
917;9,115;4,52696459140017
918;9,119;3,43520149433061
919;9,124;2,41445543556979
920;9,128;1,97010347843105
921;9,132;1,54127617617841
922;9,137;1,29469841293435
923;9,141;0,990068349770475
924;9,146;0,900512561345096
925;9,150;0,745100856581091
926;9,155;0,593116136805241
927;9,159;0,501124298809969
928;9,164;0,488572450178657
929;9,168;0,439645013901998
930;9,172;0,355126480519448
931;9,177;0,346208061755095
932;9,181;0,308717671764204
933;9,186;0,29422524127213
934;9,190;0,241416641273947
935;9,195;0,226181009218177
936;9,199;0,197072281306747
937;9,204;0,159912203121942
938;9,208;0,1985999734099
939;9,212;0,207683548077296
940;9,217;0,155287837836722
941;9,221;0,179400599681084
942;9,226;0,168995777789339
943;9,230;0,142694700229649
944;9,235;0,143272745890302
945;9,239;0,116971668330612
946;9,244;0,117054246282134
947;9,248;0,0716363729451509
948;9,252;0,0737833996847174
949;9,257;0,0792335444851554
950;9,261;0,0722144186058034
951;9,266;0,0650714257991688
952;9,270;0,118788383264092
953;9,275;0,103511462232561
954;9,279;0,0824540845945051
955;9,284;0,0539646913194883
956;9,288;0,0723382855330861
957;9,292;0,11779744784583
958;9,297;0,0519828204829654
959;9,301;0
960;9,306;0,114700774663763
961;9,310;0,0875739175888559
962;9,315;0,0696132131328671
963;9,319;0,061479284907971
964;9,323;0,0594561250956872
965;9,328;0,0692829013267799
966;9,332;0,0997541654383196
967;9,337;0,0801831909276559
968;9,341;0,054088558246771
969;9,346;0,0384400364333922
970;9,350;0,0631308439384067
971;9,355;0,0489274362766593
972;9,359;0,0416605765427419
973;9,363;0,063419866768733
974;9,368;0,0454178733369833
975;9,372;0,0259707657536023
976;9,377;0,0231218264261006
977;9,381;0,0237824500382749
978;9,386;0,0452940064097006
979;9,390;0,0111480234554413
980;9,395;0,0336505152451285
981;9,399;0,0244430736504492
982;9,403;0,0364994545726302
983;9,408;0,0347240286149118
984;9,412;0,00900099671587487
985;9,417;0,0632134218899285
986;9,421;0,0548317598104671
987;9,426;0,0236585831109922
988;9,430;0,0481842347129632
989;9,435;0,0943453096136425
990;9,439;0,187699683809024
991;9,443;0,276801293501033
992;9,448;0,585147364483388
993;9,452;1,33850601621666
994;9,457;2,8738365798855
995;9,461;5,60468943671102
996;9,466;9,52412803876539
997;9,470;14,8239809674337
998;9,475;20,8726507605016
999;9,479;27,0301170046995
1000;9,483;31,3130637493528
1001;9,488;34,0731904899928
1002;9,492;34,4754689808312
1003;9,497;32,2164252500254
1004;9,501;29,0899001384832
1005;9,506;24,549310185082
1006;9,510;19,2500353020743
1007;9,514;15,2308425345816
1008;9,519;11,4943966730995
1009;9,523;8,41597321831876
1010;9,528;6,33756875646689
1011;9,532;4,56548720578508
1012;9,537;3,43689434233681
1013;9,541;2,61024775862795
1014;9,546;2,02683453112652
1015;9,550;1,60353995162584
1016;9,554;1,31443454334806
1017;9,559;1,13049215633327
1018;9,563;0,946219457512405
1019;9,568;0,775200519910783
1020;9,572;0,680813921321379
1021;9,577;0,55752503969935
1022;9,581;0,612356799509817
1023;9,586;0,448646010617873
1024;9,590;0,475896734620063
1025;9,594;0,388570550885772
1026;9,599;0,306322911170072
1027;9,603;0,310823409528009
1028;9,608;0,251656307262648
1029;9,612;0,222919180133066
1030;9,617;0,215652320399149
1031;9,621;0,186832615318045
1032;9,626;0,162554697570639
1033;9,630;0,193851741197397
1034;9,634;0,158549666921833
1035;9,639;0,142446966375084
1036;9,643;0,111645390457457
1037;9,648;0,0561530070348157
1038;9,652;0,147897111175522
1039;9,657;0,069241612351019
1040;9,661;0,081710883030809
1041;9,666;0,193314984512505
1042;9,670;0,386217079267401
1043;9,674;1,01195150692375
1044;9,679;2,30099333017886
1045;9,683;5,04146651835666
1046;9,688;9,64361833461742
1047;9,692;16,519141156273
1048;9,697;25,7794326399263
1049;9,701;38,2041525148702
1050;9,705;51,0476664709569
1051;9,710;63,2028519121338
1052;9,714;72,7844954941341
1053;9,719;78,4296481270908
1054;9,723;77,4117510076574
1055;9,728;70,4836673198583
1056;9,732;60,1278554423412
1057;9,737;47,4439646665461
1058;9,741;36,1164167444964
1059;9,745;26,4481901803255
1060;9,750;18,7960217246075
1061;9,754;13,3493451981334
1062;9,759;9,60736661389936
1063;9,763;7,03692142790491
1064;9,768;5,39399179340318
1065;9,772;4,13174651541689
1066;9,777;3,3425077437474
1067;9,781;2,70525369185377
1068;9,785;2,22320489984533
1069;9,790;1,84524561573011
1070;9,794;1,60973329798997
1071;9,799;1,3799601478806
1072;9,803;1,19019601528353
1073;9,808;1,08206018776575
1074;9,812;1,1639362266996
1075;9,817;0,958151971507304
1076;9,821;0,996715874867978
1077;9,825;0,998284855946892
1078;9,830;0,998573878777219
1079;9,834;1,02186086110636
1080;9,839;0,932057338826419
1081;9,843;0,858150072214419
1082;9,848;0,896507530696289
1083;9,852;0,772681892389368
1084;9,857;0,688080781055297
1085;9,861;0,690599408576711
1086;9,865;0,548152442201627
1087;9,870;0,56582412382729
1088;9,874;0,431758819531667
1089;9,879;0,455623847521464
1090;9,883;0,368793131496304
1091;9,888;0,337372220942264
1092;9,892;0,332211098972152
1093;9,897;0,376679325866635
1094;9,901;0,370816291308588
1095;9,905;0,467762806395167
1096;9,910;0,591753600605131
1097;9,914;0,746752415611527
1098;9,919;1,46105169627499
1099;9,923;2,81190311624416
1100;9,928;5,23102420607493
1101;9,932;9,22928346285685
1102;9,936;14,3490338792562
1103;9,941;20,8897443964667
1104;9,945;27,6972229860683
1105;9,950;33,4251187264498
1106;9,954;37,2554144298364
1107;9,959;38,1455221692898
1108;9,963;35,8992367319941
1109;9,968;31,5076586921139
1110;9,972;25,9054053049728
1111;9,976;20,2090956310483
1112;9,981;15,0079646434243
1113;9,985;11,1038442513772
1114;9,990;8,24937220112355
1115;9,994;5,90725505108685
1116;9,999;4,45413083815795
1117;10,003;3,22413225024092
1118;10,008;2,48150873220548
1119;10,012;1,95466140149648
1120;10,016;1,62393670565172
1121;10,021;1,31373263076012
1122;10,025;1,06665939980693
1123;10,030;1,06269565813389
1124;10,034;1,02813678542202
1125;10,039;1,26505292833803
1126;10,043;1,90709650141993
1127;10,048;3,5327673440536
1128;10,052;6,69756733612612
1129;10,056;12,4726150868266
1130;10,061;20,79143534518
1131;10,065;32,2334775970146
1132;10,070;45,4683284653631
1133;10,074;58,5474373171414
1134;10,079;69,3810452221636
1135;10,083;74,9750821031283
1136;10,088;75,1982903060917
1137;10,092;69,6178374981523
1138;10,096;59,7392436024796
1139;10,101;47,4813724785855
1140;10,105;35,4917971191856
1141;10,110;26,2128843074641
1142;10,114;18,849986415927
1143;10,119;13,7662812753669
1144;10,123;9,84399373398504
1145;10,127;7,36207211202195
1146;10,132;5,60526748237167
1147;10,136;4,32378154168081
1148;10,141;3,53136351887773
1149;10,145;2,97495328152393
1150;10,150;2,43204453924393
1151;10,154;2,06246691720817
1152;10,159;1,83607946311119
1153;10,163;1,61105454521432
1154;10,167;1,35035595226003
1155;10,172;1,20885863232745
1156;10,176;1,06100281012769
1157;10,181;0,96537754226546
1158;10,185;0,812732198877435
1159;10,190;0,836349493012667
1160;10,194;0,779081683632307
1161;10,199;0,653191596537341
1162;10,203;0,618756590752756
1163;10,207;0,571687158385337
1164;10,212;0,545592525704452
1165;10,216;0,501702344470622
1166;10,221;0,450297569648309
1167;10,225;0,435227093495582
1168;10,230;0,426391252682751
1169;10,234;0,385102276921857
1170;10,239;0,350006647525097
1171;10,243;0,371435625945001
1172;10,247;0,367058994514347
1173;10,252;0,375192922739243
1174;10,256;0,323664280989647
1175;10,261;0,296207112108653
1176;10,265;0,268997677082224
1177;10,270;0,307355135564094
1178;10,274;0,332747855657044
1179;10,279;0,237907078334271
1180;10,283;0,24756869866232
1181;10,287;0,218996727435781
1182;10,292;0,313135592170619
1183;10,296;0,572884538682403
1184;10,301;1,03040767908887
1185;10,305;2,17696124699313
1186;10,310;4,38336153370378
1187;10,314;7,80151068104514
1188;10,318;13,0101149732819
1189;10,323;19,3255115497652
1190;10,327;25,911061894652
1191;10,332;31,9625806270474
1192;10,336;35,8428359911047
1193;10,341;36,0273151348044
1194;10,345;33,332012086109
1195;10,350;29,1173160183885
1196;10,354;23,6087473172488
1197;10,358;18,2197514899127
1198;10,363;13,3283703984469
1199;10,367;9,89804100325605
1200;10,372;7,0660714447921
1201;10,376;5,20369090412122
1202;10,381;3,76150826976895
1203;10,385;2,91851125165878
1204;10,390;2,32411515660496
1205;10,394;1,85321438805196
1206;10,398;1,52851788266829
1207;10,403;1,17578616274298
1208;10,407;1,04415690801725
1209;10,412;0,896424952744767
1210;10,416;0,825573070339073
1211;10,421;0,651911638288754
1212;10,425;0,709262025620635
1213;10,430;0,613306445952318
1214;10,434;0,468216985128537
1215;10,438;0,503849371210188
1216;10,443;0,416770921330463
1217;10,447;0,414252293809048
1218;10,452;0,378578618751636
1219;10,456;0,35013051445238
1220;10,461;0,315654219692034
1221;10,465;0,32610033055954
1222;10,470;0,281012769028644
1223;10,474;0,346125483803573
1224;10,478;0,275232312422119
1225;10,483;0,279361209998208
1226;10,487;0,355993549010427
1227;10,492;0,306942245806485
1228;10,496;0,284893932750168
1229;10,501;0,27159888255516
1230;10,505;0,263052064572655
1231;10,509;0,317759957455839
1232;10,514;0,276842582476793
1233;10,518;0,251449862383844
1234;10,523;0,218707704605455
1235;10,527;0,219450906169151
1236;10,532;0,236090363400791
1237;10,536;0,260326992172436
1238;10,541;0,239888949170793
1239;10,545;0,287247404368539
1240;10,549;0,285595845338103
1241;10,554;0,291417590920389
1242;10,558;0,287825450029191
1243;10,563;0,240095394049598
1244;10,567;0,236172941352313
1245;10,572;0,248146744322972
1246;10,576;0,3168515999891
1247;10,581;0,270649236112659
1248;10,585;0,447242185442003
1249;10,589;0,764135074406863
1250;10,594;1,82220636725553
1251;10,598;3,54887004460035
1252;10,603;6,57894410876507
1253;10,607;11,1894775871053
1254;10,612;17,0618847426499
1255;10,616;23,2843398346955
1256;10,621;29,2428757936773
1257;10,625;33,0068201130162
1258;10,629;34,6056531214053
1259;10,634;33,1637182209076
1260;10,638;29,2287962529429
1261;10,643;23,8983069042599
1262;10,647;18,4840009347824
1263;10,652;13,9155409227425
1264;10,656;10,0302895926182
1265;10,661;7,29588588387723
1266;10,665;5,33160415102847
1267;10,669;3,91357556749633
1268;10,674;3,0440297379719
1269;10,678;2,3149902929618
1270;10,683;1,87683168218719
1271;10,687;1,54305160213613
1272;10,692;1,35411324905428
1273;10,696;1,11282047470761
1274;10,700;1,06087894320041
1275;10,705;0,869132939766816
1276;10,709;0,784242805602418
1277;10,714;0,722185475033795
1278;10,718;0,629367857523305
1279;10,723;0,648278208421795
1280;10,727;0,536054772303685
1281;10,732;0,518589535556827
1282;10,736;0,383120406085334
1283;10,740;0,428084100688948
1284;10,745;0,491421389506159
1285;10,749;0,432832332901451
1286;10,754;0,376596747915113
1287;10,758;0,314621995298011
1288;10,763;0,338610890215091
1289;10,767;0,353185898658686
1290;10,772;0,291128568090063
1291;10,776;0,260161836269392
1292;10,780;0,269245410936789
1293;10,785;0,255702626887216
1294;10,789;0,225107495848393
1295;10,794;0,258923166996566
1296;10,798;0,252564664729388
1297;10,803;0,250004748232212
1298;10,807;0,187121638148371
1299;10,812;0,176303926499017
1300;10,816;0,209913152768385
1301;10,820;0,150044137915088
1302;10,825;0,121389588737028
1303;10,829;0,128739026422467
1304;10,834;0,168748043934773
1305;10,838;0,143066301011497
1306;10,843;0,151902141824329
1307;10,847;0,182373405935868
1308;10,852;0,130514452380186
1309;10,856;0,159086423606724
1310;10,860;0,118169048627678
1311;10,865;0,0777884303335241
1312;10,869;0,147195198587587
1313;10,874;0,145626217508673
1314;10,878;0,18014380124478
1315;10,883;0,159499313364333
1316;10,887;0,180474113050867
1317;10,892;0,15103507333335
1318;10,896;0,149053202496827
1319;10,900;0,0867068490978772
1320;10,905;0,133693703513774
1321;10,909;0,199425752925117
1322;10,914;0,131216364968121
1323;10,918;0,151695696945524
1324;10,923;0,147897111175522
1325;10,927;0,143437901793345
1326;10,931;0,105369466141801
1327;10,936;0,164371412504119
1328;10,940;0,255620048935694
1329;10,945;0,31453941734649
1330;10,949;0,553024541341413
1331;10,954;1,30729155054142
1332;10,958;2,92800771608379
1333;10,963;6,0658872959602
1334;10,967;11,4175166002327
1335;10,971;19,6618102573377
1336;10,976;31,2559198068997
1337;10,980;46,6964277603951
1338;10,985;63,0533445309036
1339;10,989;79,4821866971875
1340;10,994;91,8995158454702
1341;10,998;99,7960737487169
1342;11,003;100
1343;11,007;93,9677632192849
1344;11,011;82,9056208334262
1345;11,016;71,5679984012909
1346;11,020;60,1096882930064
1347;11,025;49,9094119871806
1348;11,029;40,2807402617886
1349;11,034;31,9547357216528
1350;11,038;24,6020774961044
1351;11,043;18,6219886917753
1352;11,047;14,0603000717602
1353;11,051;10,6648598610874
1354;11,056;8,18665424694276
1355;11,060;6,3255123755447
1356;11,065;5,01491770694241
1357;11,069;4,12823695247721
1358;11,074;3,45464860191399
1359;11,078;3,02305493828537
1360;11,083;2,53572115737954
1361;11,087;2,24451001133795
1362;11,091;1,98934414113563
1363;11,096;1,80147930142356
1364;11,100;1,62302834818498
1365;11,105;1,46328130096608
1366;11,109;1,34767216883558
1367;11,114;1,30072660339544
1368;11,118;1,14828770488622
1369;11,122;1,062158901449
1370;11,127;0,963395671428937
1371;11,131;0,9736766263934
1372;11,136;0,908233599812383
1373;11,140;0,820948705053853
1374;11,145;0,80971810364689
1375;11,149;0,745431168387178
1376;11,154;0,727470463931189
1377;11,158;0,644727356506358
1378;11,162;0,638121120384615
1379;11,167;0,627509853614065
1380;11,171;0,588822083326108
1381;11,176;0,547904708347062
1382;11,180;0,498151492555185
1383;11,185;0,58151393461643
1384;11,189;0,506078975901276
1385;11,194;0,532875521170097
1386;11,198;0,524328703187592
1387;11,202;0,495385131179205
1388;11,207;0,500381097246273
1389;11,211;0,550712358698803
1390;11,216;0,703357702086827
1391;11,220;1,2094366779881
1392;11,225;2,0303440940662
1393;11,229;3,84053536937531
1394;11,234;6,91598601790125
1395;11,238;11,0011998576356
1396;11,242;16,4317736835629
1397;11,247;22,6889115152476
1398;11,251;27,7594867615157
1399;11,256;31,1168172475613
1400;11,260;32,0393781219627
1401;11,265;29,443416348948
1402;11,269;25,518899202875
1403;11,274;21,121416839461
1404;11,278;16,0313531966338
1405;11,282;12,0839206690135
1406;11,287;8,76664048945603
1407;11,291;6,46094021604044
1408;11,296;4,77717578451118
1409;11,300;3,79243371261386
1410;11,305;3,23325711388408
1411;11,309;3,25489253718279
1412;11,313;3,84470555592716
1413;11,318;5,89639605046173
1414;11,322;9,57210582859955
1415;11,327;14,9727451471002
1416;11,331;22,3163197979813
1417;11,336;30,2512764486856
1418;11,340;36,510024550425
1419;11,345;40,3784299784389
1420;11,349;40,8911564794377
1421;11,353;37,0737429364885
1422;11,358;31,6133997590375
1423;11,362;25,3949496976408
1424;11,367;19,3768750356117
1425;11,371;13,9069528157843
1426;11,376;10,1386731539905
1427;11,380;7,77615924992795
1428;11,385;5,7194727893263
1429;11,389;4,42275121657967
1430;11,393;3,50019034217826
1431;11,398;2,95414363774044
1432;11,402;2,48435767153299
1433;11,407;2,06543972346296
1434;11,411;1,80895260603628
1435;11,416;1,66155096256989
1436;11,420;1,47897111175522
1437;11,425;1,2695121377202
1438;11,429;1,15121922216524
1439;11,433;1,11587585891392
1440;11,438;1,02115894851843
1441;11,442;0,96215700215611
1442;11,447;0,882180256107259
1443;11,451;0,778049459238284
1444;11,456;0,805960806852649
1445;11,460;0,702779656426175
1446;11,465;0,715744394815096
1447;11,469;0,665000243604957
1448;11,473;0,612356799509817
1449;11,478;0,631721329141676
1450;11,482;0,6134303128796
1451;11,487;0,535063836885424
1452;11,491;0,526434440951397
1453;11,496;0,562810028596745
1454;11,500;0,466235114292014
1455;11,504;0,544188700528581
1456;11,509;0,448356987787547
1457;11,513;0,464335821407013
1458;11,518;0,504633861749645
1459;11,522;0,395094209055994
1460;11,527;0,461817193885598
1461;11,531;0,416523187475898
1462;11,536;0,448150542908742
1463;11,540;0,394681319298385
1464;11,544;0,397984437359256
1465;11,549;0,398067015310778
1466;11,553;0,418587636263942
1467;11,558;0,363755876453475
1468;11,562;0,444517113041784
1469;11,567;0,48547577699659
1470;11,571;0,663059661744195
1471;11,576;1,05340563858769
1472;11,580;2,14145272783876
1473;11,584;4,12695699422863
1474;11,589;7,77285613186708
1475;11,593;13,6608705202494
1476;11,598;21,63686841286
1477;11,602;30,0397117368868
1478;11,607;37,7912627572613
1479;11,611;43,437447614612
1480;11,616;44,5094332922921
1481;11,620;41,9428692700192
1482;11,624;35,8923827620178
1483;11,629;28,65046156946
1484;11,633;21,5183277634505
1485;11,638;15,3246097985346
1486;11,642;10,9549562047834
1487;11,647;8,07228378408508
1488;11,651;6,09871203169011
1489;11,656;4,7668122515952
1490;11,660;3,82426751292551
1491;11,664;3,14931662616218
1492;11,669;2,57267479068554
1493;11,673;2,26482418741231
1494;11,678;1,98571071126867
1495;11,682;1,64689337617477
1496;11,687;1,46988753708782
1497;11,691;1,36939017008581
1498;11,695;1,28082531707869
1499;11,700;1,13164824765458
1500;11,704;1,11781644077468
1501;11,709;0,956376545549585
1502;11,713;0,990894129285692
1503;11,718;0,890479340235198
1504;11,722;0,868513605130403
1505;11,727;0,860420965881268
1506;11,731;0,802698977767538
1507;11,735;0,711078740554114
1508;11,740;0,861205456420725
1509;11,744;0,701995165886718
1510;11,749;0,700137161977478
1511;11,753;0,667601449077893
1512;11,758;0,653810931173755
1513;11,762;0,614710271128188
1514;11,767;0,487003469099743
1515;11,771;0,584280295992409
1516;11,775;0,527342798418137
1517;11,780;0,589234973083717
1518;11,784;0,510249162453127
1519;11,789;0,533866456588358
1520;11,793;0,568962085985118
1521;11,798;0,561530070348157
1522;11,802;0,546129282389343
1523;11,807;0,532916810145857
1524;11,811;0,474534198419953
1525;11,815;0,452568463315158
1526;11,820;0,425070005458403
1527;11,824;0,462560395449294
1528;11,829;0,411940111166438
1529;11,833;0,511033652992584
1530;11,838;0,695677952595301
1531;11,842;1,33912535085307
1532;11,847;2,51086519397148
1533;11,851;4,6337791716936
1534;11,855;8,57675248993168
1535;11,860;13,9482417915452
1536;11,864;20,8714533802046
1537;11,869;27,7924353641729
1538;11,873;33,5466734710899
1539;11,878;35,9492789706163
1540;11,882;35,4672714675836
1541;11,887;31,9802935976488
1542;11,891;27,0331723889058
1543;11,895;20,9731068385279
1544;11,900;15,7326274570037
1545;11,904;11,5348598693452
1546;11,909;8,33649193997904
1547;11,913;6,21110062371127
1548;11,918;4,69455654401363
1549;11,922;3,67959094185934
1550;11,926;2,89691711733584
1551;11,931;2,37502446371814
1552;11,935;2,08261593737949
1553;11,940;1,67728206233479
1554;11,944;1,61336672785693
1555;11,949;1,39416355554234
1556;11,953;1,18903992396222
1557;11,958;1,07140763201944
1558;11,962;0,995931384328521
1559;11,966;0,925740125535002
1560;11,971;0,865747243754423
1561;11,975;0,839570033122016
1562;11,980;0,771278067213498
1563;11,984;0,665702156192892
1564;11,989;0,756537902866859
1565;11,993;0,688287225934101
1566;11,998;0,674579285981484
1567;12,002;0,617270187625364
1568;12,006;0,664628642823109
1569;12,011;0,571315557603489
1570;12,015;0,5395230462676
1571;12,020;0,572967116633924
1572;12,024;0,581926824374038
1573;12,029;0,515699307253565
1574;12,033;0,531760718824552
1575;12,038;0,561736515226961
1576;12,042;0,493568416245726
1577;12,046;0,451949128678744
1578;12,051;0,495137397324639
1579;12,055;0,49286650365779
1580;12,060;0,486218978560286
1581;12,064;0,471974281922778
1582;12,069;0,406407388414479
1583;12,073;0,421395286615683
1584;12,078;0,419372126803399
1585;12,082;0,439355991071672
1586;12,086;0,409916951354155
1587;12,091;0,396621901159147
1588;12,095;0,37783541718794
1589;12,100;0,415449674106114
1590;12,104;0,463097152134186
1591;12,109;0,394185851589254
1592;12,113;0,389809220158599
1593;12,117;0,449513079108852
1594;12,122;0,466771870976905
1595;12,126;0,380271466757833
1596;12,131;0,414623894590896
1597;12,135;0,394433585443819
1598;12,140;0,420156617342856
1599;12,144;0,340056004366722
1600;12,149;0,437993454871562
1601;12,153;0,399718574341214
1602;12,157;0,454220022345594
1603;12,162;0,388240239079685
1604;12,166;0,369329888181196
1605;12,171;0,46053723563701
1606;12,175;0,63374448895396
1607;12,180;0,928754220765547
1608;12,184;1,80837456037563
1609;12,189;3,6748839986226
1610;12,193;6,8686275627035
1611;12,197;12,1098914347671
1612;12,202;19,9259358352801
1613;12,206;30,5659397329594
1614;12,211;43,8984390289824
1615;12,215;58,4184918458402
1616;12,220;73,1095223113238
1617;12,224;85,4999310474105
1618;12,229;93,9563261729992
1619;12,233;94,343492898709
1620;12,237;87,7846978101153
1621;12,242;78,0756777378926
1622;12,246;68,7409422309425
1623;12,251;60,8158123564692
1624;12,255;55,6695131286556
1625;12,260;49,8614754863222
1626;12,264;44,4977898011275
1627;12,269;37,7086848057395
1628;12,273;30,5193244793254
1629;12,277;23,5084976841013
1630;12,282;17,8862191437162
1631;12,286;13,7632671801364
1632;12,291;10,6774529986944
1633;12,295;8,33983634701567
1634;12,300;6,8824593695834
1635;12,304;5,69775478807607
1636;12,308;4,86185947379678
1637;12,313;4,12311711948286
1638;12,317;3,72794033247535
1639;12,322;3,27677569433606
1640;12,326;2,95938733766207
1641;12,331;2,74600591092977
1642;12,335;2,5812628976438
1643;12,340;2,26820988342471
1644;12,344;2,1580921850704
1645;12,348;2,01374592581032
1646;12,353;1,82757393410445
1647;12,357;1,78525273394953
1648;12,362;1,64012198414999
1649;12,366;1,54602440839091
1650;12,371;1,52182906859503
1651;12,375;1,32595416758535
1652;12,380;1,34123108861688
1653;12,384;1,35452613881188
1654;12,388;1,28185754147271
1655;12,393;1,21137725984887
1656;12,397;1,17743772177341
1657;12,402;1,04395046313844
1658;12,406;1,16616583139069
1659;12,411;1,16426653850569
1660;12,415;1,06071378729736
1661;12,420;1,11649519355033
1662;12,424;1,04865740637518
1663;12,428;1,03201794914354
1664;12,433;1,13156566970306
1665;12,437;1,20241755210875
1666;12,442;1,24378910582117
1667;12,446;1,48925206671968
1668;12,451;2,04562101509773
1669;12,455;3,01917377456384
1670;12,460;5,01248165737252
1671;12,464;8,43013533700475
1672;12,468;13,2301439251117
1673;12,473;19,2829013267799
1674;12,477;25,1135240388546
1675;12,482;29,7669154740346
1676;12,486;32,743520314589
1677;12,491;32,9218061119245
1678;12,495;30,0823632488478
1679;12,499;25,4246777601887
1680;12,504;20,651217983496
1681;12,508;16,2783438496355
1682;12,513;13,0958308869615
1683;12,517;11,9001847268776
1684;12,522;12,3424309462525
1685;12,526;15,2740308032275
1686;12,531;20,1005882027487
1687;12,535;26,5357228089386
1688;12,539;34,0487887053181
1689;12,544;41,9761068955067
1690;12,548;49,3423491940805
1691;12,553;55,2207845400862
1692;12,557;58,2485464216083
1693;12,562;60,1135694567279
1694;12,566;57,4503892311745
1695;12,571;52,7202003010792
1696;12,575;44,9221991829737
1697;12,579;36,7783203149193
1698;12,584;28,6018644449895
1699;12,588;21,5871977750197
1700;12,593;16,6969314858994
1701;12,597;12,6722885736063
1702;12,602;9,93301276572553
1703;12,606;8,2707598905677
1704;12,611;6,82420062478478
1705;12,615;5,71418780042891
1706;12,619;5,22107356291655
1707;12,624;4,41957196544608
1708;12,628;3,98294104677463
1709;12,633;3,48904231872282
1710;12,637;3,21872339441624
1711;12,642;2,91917187527096
1712;12,646;2,56615113251532
1713;12,651;2,37287743697857
1714;12,655;2,24975371125959
1715;12,659;2,03633099555153
1716;12,664;1,93339757897962
1717;12,668;1,75924067922017
1718;12,673;1,65729819806652
1719;12,677;1,51134166875176
1720;12,682;1,46947464733021
1721;12,686;1,46827726703315
1722;12,691;1,37058755038287
1723;12,695;1,32801861637339
1724;12,699;1,23586162247508
1725;12,704;1,27161787548401
1726;12,708;1,22599355726822
1727;12,713;1,17033601794254
1728;12,717;1,13140051380001
1729;12,722;1,08767548846923
1730;12,726;0,990027060794714
1731;12,730;1,04370272928388
1732;12,735;0,971488310678072
1733;12,739;1,00864838886288
1734;12,744;0,936021080499464
1735;12,748;0,987012965564168
1736;12,753;0,837340428430928
1737;12,757;0,911825740703581
1738;12,762;0,859017140705397
1739;12,766;0,792046422021227
1740;12,770;0,851130946335067
1741;12,775;0,923551809819674
1742;12,779;1,04572588909616
1743;12,784;1,47409901261543
1744;12,788;2,25929146466035
1745;12,793;3,94685448195961
1746;12,797;6,61606289797411
1747;12,802;10,8560278188603
1748;12,806;16,4904453181192
1749;12,810;23,2531253690202
1750;12,815;30,9863027951811
1751;12,819;38,1507245802356
1752;12,824;42,6335925455232
1753;12,828;43,8292387056071
1754;12,833;40,5354519532576
1755;12,837;34,8579287633043
1756;12,842;27,5958172615995
1757;12,846;21,1968105092004
1758;12,850;16,2592270538582
1759;12,855;12,2277714605645
1760;12,859;9,40137591382826
1761;12,864;7,57656834109979
1762;12,868;5,95618248736351
1763;12,873;5,05868402124896
1764;12,877;4,30375638843677
1765;12,882;3,80444880456028
1766;12,886;3,31191261270858
1767;12,890;3,01137015814503
1768;12,895;2,78960706933327
1769;12,899;2,47337480398059
1770;12,904;2,22167720774218
1771;12,908;2,0925252915621
1772;12,913;1,86394952174979
1773;12,917;1,84838357788794
1774;12,921;1,66807462074011
1775;12,926;1,60940298618388
1776;12,930;1,55197002090048
1777;12,935;1,48219165186457
1778;12,939;1,50981397664861
1779;12,944;1,44812824686183
1780;12,948;1,39478289017876
1781;12,953;1,34164397837449
1782;12,957;1,26959471567173
1783;12,961;1,30819990800816
1784;12,966;1,20852832052136
1785;12,970;1,19523327032636
1786;12,975;1,16517489597243
1787;12,979;1,01215795180255
1788;12,984;1,02586589175517
1789;12,988;0,954229518810019
1790;12,993;0,928630353838264
1791;12,997;0,932883118341637
1792;13,001;0,893245701611178
1793;13,006;0,886474309586392
1794;13,010;0,907738132103252
1795;13,015;0,849768410134957
1796;13,019;0,804887293482865
1797;13,024;0,836101759158101
1798;13,028;0,801625464397755
1799;13,033;0,778586215923176
1800;13,037;0,820989994029614
1801;13,041;0,85868682889931
1802;13,046;0,805836939925366
1803;13,050;0,822476397157006
1804;13,055;0,985815585267102
1805;13,059;1,24915667267008
1806;13,064;1,85622848328251
1807;13,068;3,0366390113107
1808;13,073;5,06384514321907
1809;13,077;8,63113007100878
1810;13,081;13,2218448409838
1811;13,086;19,2053193413252
1812;13,090;25,1996528422918
1813;13,095;30,8053745033968
1814;13,099;33,84296316115
1815;13,104;34,1982960865483
1816;13,108;31,6872657366738
1817;13,112;28,0496656831633
1818;13,117;22,9619968009302
1819;13,121;18,3013385060162
1820;13,126;14,0029909734041
1821;13,130;10,6862888395073
1822;13,135;8,45276169572172
1823;13,139;6,63650094097576
1824;13,144;5,33808652022293
1825;13,148;4,44380859421773
1826;13,152;3,70122636515805
1827;13,157;3,31438995125423
1828;13,161;3,26248970872279
1829;13,166;3,26975656845671
1830;13,170;3,78533200878299
1831;13,175;5,24155289489396
1832;13,179;7,31083249310268
1833;13,184;10,362913581348
1834;13,188;14,1198800637832
1835;13,192;18,645523407959
1836;13,197;22,5450194347209
1837;13,201;25,276285181304
1838;13,206;26,2081360752516
1839;13,210;25,4286415018617
1840;13,215;22,758607306332
1841;13,219;19,6068959195757
1842;13,224;16,2263197401767
1843;13,228;13,1701510433311
1844;13,232;10,1059722851879
1845;13,237;7,88123969323942
1846;13,241;6,02505249893268
1847;13,246;5,03692473102297
1848;13,250;4,18876659094269
1849;13,255;3,50155287837837
1850;13,259;3,02594516658863
1851;13,264;2,61243607434328
1852;13,268;2,2994656380757
1853;13,272;2,0081719140826
1854;13,277;1,85366856678533
1855;13,281;1,70601918946437
1856;13,286;1,59268095100072
1857;13,290;1,4824806746949
1858;13,295;1,51431447500654
1859;13,299;1,32310522825784
1860;13,303;1,31059466860229
1861;13,308;1,28458261387293
1862;13,312;1,19449006876266
1863;13,317;1,137965460946
1864;13,321;1,20547293631506
1865;13,326;1,10836126532544
1866;13,330;1,0113734612631
1867;13,335;0,960546732101435
1868;13,339;1,1078657976163
1869;13,343;0,976773299575467
1870;13,348;0,878051358531169
1871;13,352;0,887878134762262
1872;13,357;0,916945573697931
1873;13,361;0,900182249539008
1874;13,366;0,864962753214966
1875;13,370;0,882015100204215
1876;13,375;0,887093644222805
1877;13,379;0,877927491603887
1878;13,383;0,79076646377264
1879;13,388;0,977888101921011
1880;13,392;0,877225579015952
1881;13,397;0,955179165252519
1882;13,401;1,08251436649912
1883;13,406;1,52509089768014
1884;13,410;2,24797828530187
1885;13,415;3,71588395155317
1886;13,419;6,21473405357823
1887;13,423;9,84510853633058
1888;13,428;14,9497884765772
1889;13,432;21,8579708780596
1890;13,437;30,2453721251518
1891;13,441;40,3544823724976
1892;13,446;50,8971268653327
1893;13,450;61,2099569190827
1894;13,455;70,9101411504925
1895;13,459;77,356217335259
1896;13,463;77,7314928359498
1897;13,468;71,3862443299914
1898;13,472;61,2859286344827
1899;13,477;49,9730795878039
1900;13,481;38,5472226144675
1901;13,486;29,295766971627
1902;13,490;22,0896020320782
1903;13,494;17,3845167992456
1904;13,499;14,0685578669124
1905;13,503;11,3031048483993
1906;13,508;9,41661154588403
1907;13,512;8,28905090682977
1908;13,517;7,19481047121456
1909;13,521;6,27443791252848
1910;13,526;5,45840259559017
1911;13,530;5,08510896573593
1912;13,534;4,49785586348874
1913;13,539;4,18286226740888
1914;13,543;3,79998959517811
1915;13,548;3,57876326305124
1916;13,552;3,32070716454565
1917;13,557;3,23668409887223
1918;13,561;2,79997060224926
1919;13,566;2,75112574392412
1920;13,570;2,53634049201595
1921;13,574;2,39513219491369
1922;13,579;2,31643540711343
1923;13,583;2,1948393734976
1924;13,588;2,16564806763465
1925;13,592;2,07134404699676
1926;13,597;2,00561199758542
1927;13,601;1,85986191314947
1928;13,606;1,75412084622582
1929;13,610;1,76535144763278
1930;13,614;1,70936359650101
1931;13,619;1,64400314787151
1932;13,623;1,54090457539656
1933;13,628;1,58966685577018
1934;13,632;1,47752599760359
1935;13,637;1,3956912476455
1936;13,641;1,37694605265005
1937;13,646;1,34907599401145
1938;13,650;1,35642543169689
1939;13,654;1,41158750331344
1940;13,659;1,23610935632964
1941;13,663;1,26199754413172
1942;13,668;1,24655546719715
1943;13,672;1,19667838447799
1944;13,677;1,20369751035734
1945;13,681;1,19378815617473
1946;13,686;1,14258982623122
1947;13,690;1,26269945671966
1948;13,694;1,01814485328788
1949;13,699;1,0733482138802
1950;13,703;1,0919282529726
1951;13,708;1,07198567768009
1952;13,712;0,980448018418186
1953;13,717;0,982884067988079
1954;13,721;0,986104608097429
1955;13,725;1,0690128714253
1956;13,730;1,03416497588311
1957;13,734;0,990398661576562
1958;13,739;1,09370367893032
1959;13,743;0,987591011224821
1960;13,748;0,940480289881641
1961;13,752;1,06174601169139
1962;13,757;0,967648435932309
1963;13,761;1,07912867048672
1964;13,765;1,05278630395127
1965;13,770;1,31042951269925
1966;13,774;1,62736369063987
1967;13,779;2,37320774878466
1968;13,783;3,7525898510046
1969;13,788;5,91448062184501
1970;13,792;9,15116472071724
1971;13,797;13,5885322347163
1972;13,801;18,4980804755169
1973;13,805;23,9127580457763
1974;13,810;29,1832132237028
1975;13,814;33,449437933173
1976;13,819;35,1970351212286
1977;13,823;35,2315114159889
1978;13,828;32,8718464512538
1979;13,832;29,1694227057987
1980;13,837;24,4770957664762
1981;13,841;19,6932311678917
1982;13,845;15,955505348161
1983;13,850;12,8113911329447
1984;13,854;10,4639064160591
1985;13,859;8,38917667304994
1986;13,863;7,07858200444765
1987;13,868;5,93078976727056
1988;13,872;5,18630824532588
1989;13,877;4,36325380250822
1990;13,881;3,91807606585426
1991;13,885;3,56038966883764
1992;13,890;3,30836176079314
1993;13,894;2,98081631608197
1994;13,899;2,765824619295
1995;13,903;2,50120357364343
1996;13,908;2,31829341102267
1997;13,912;2,23356843276132
1998;13,916;2,10045277490819
1999;13,921;1,86692232800458
2000;13,925;1,81939871690379
2001;13,930;1,80540175412085
2002;13,934;1,78240379462203
2003;13,939;1,77728396162768
2004;13,943;1,61435766327519
2005;13,948;1,57975750158756
2006;13,952;1,49949173270838
2007;13,956;1,53636278806286
2008;13,961;1,45539510659575
2009;13,965;1,37934081324418
2010;13,970;1,33598738869524
2011;13,974;1,26046985202857
2012;13,979;1,26298847954998
2013;13,983;1,16071568659025
2014;13,988;1,07768355633509
2015;13,992;1,25415263873715
2016;13,996;1,0828446783052
2017;14,001;1,16381235977232
2018;14,005;1,18090599573733
2019;14,010;1,05765840309106
2020;14,014;1,05468559683627
2021;14,019;1,04328983952627
2022;14,023;1,06104409910345
2023;14,028;1,19510940339907
2024;14,032;1,12524845641164
2025;14,036;1,12784966188458
2026;14,041;1,05918609519421
2027;14,045;1,07867449175335
2028;14,050;0,998780323656023
2029;14,054;0,957573925846651
2030;14,059;0,960959621859044
2031;14,063;0,973305025611552
2032;14,068;0,897168154308463
2033;14,072;0,906582040781947
2034;14,076;0,907407820297165
2035;14,081;0,938952597778488
2036;14,085;0,900677717248139
2037;14,090;0,97830099167862
2038;14,094;0,880693852979867
2039;14,099;0,875491442033994
2040;14,103;0,845804668461911
2041;14,107;0,803978936016126
2042;14,112;0,824912446726899
2043;14,116;0,895516595278028
2044;14,121;0,776975945868501
2045;14,125;0,795927585742751
2046;14,130;0,82912392225451
2047;14,134;0,898902291290421
2048;14,139;0,872848947585297
2049;14,143;0,902329276278575
2050;14,147;0,839693900049299
2051;14,152;0,844483421237563
2052;14,156;0,932263783705223
2053;14,161;0,894649526787049
2054;14,165;0,745266012484135
2055;14,170;0,916491394964562
2056;14,174;0,806332407634497
2057;14,179;0,787876235469377
2058;14,183;0,751624514751312
2059;14,187;0,750303267526964
2060;14,192;0,770865177455889
2061;14,196;0,729700068622278
2062;14,201;0,71273029958455
2063;14,205;0,702201610765522
2064;14,210;0,68593375431573
2065;14,214;0,710996162602593
2066;14,219;0,681144233127466
2067;14,223;0,685355708655078
2068;14,227;0,664504775895826
2069;14,232;0,678336582775726
2070;14,236;0,711367763384441
2071;14,241;0,749766510842072
2072;14,245;0,681970012642684
2073;14,250;0,66838593961735
2074;14,254;0,642291306936465
2075;14,259;0,669500741962894
2076;14,263;0,66743629317485
2077;14,267;0,657815961822561
2078;14,272;0,660252011392454
2079;14,276;0,68824593695834
2080;14,281;0,700343606856282
2081;14,285;0,716941775112161
2082;14,290;0,717313375894009
2083;14,294;0,72610792773108
2084;14,298;0,771690956971107
2085;14,303;0,693654792783017
2086;14,307;0,788041391372421
2087;14,312;0,754060564321205
2088;14,316;0,710046516160092
2089;14,321;0,777595280504915
2090;14,325;0,716611463306074
2091;14,330;0,700219739928999
2092;14,334;0,687626602321927
2093;14,338;0,629987192159719
2094;14,343;0,742458362132394
2095;14,347;0,695512796692258
2096;14,352;0,712317409826941
2097;14,356;0,667023403417241
2098;14,361;0,679575252048553
2099;14,365;0,692250967607147
2100;14,370;0,682300324448771
2101;14,374;0,716611463306074
2102;14,378;0,746050503023592
2103;14,383;0,80187319825232
2104;14,387;0,720988094736729
2105;14,392;0,707940778396287
2106;14,396;0,724084767918796
2107;14,401;0,720699071906403
2108;14,405;0,710789717723788
2109;14,410;0,724043478943035
2110;14,414;0,67759338121203
2111;14,418;0,750922602163377
2112;14,423;0,68960847315845
2113;14,427;0,656164402792126
2114;14,432;0,633703199978199
2115;14,436;0,604924783872856
2116;14,441;0,653067729610059
2117;14,445;0,687048556661274
2118;14,450;0,596873433599482
2119;14,454;0,54274358637695
2120;14,458;0,598442414678396
2121;14,463;0,62817047722624
2122;14,467;0,665537000289849
2123;14,472;0,643529976209292
2124;14,476;0,645511847045815
2125;14,481;0,610911685358186
2126;14,485;0,675570221399746
2127;14,489;0,717891421554662
2128;14,494;0,70488539418998
2129;14,498;0,624330602480476
2130;14,503;0,701417120226065
2131;14,507;0,666734380586914
2132;14,512;0,60001139575731
2133;14,516;0,633496755099395
2134;14,521;0,633455466123634
2135;14,525;0,651663904434188
2136;14,529;0,65265483985245
2137;14,534;0,619169480510365
2138;14,538;0,617641788407212
2139;14,543;0,634405112566135
2140;14,547;0,656577292549735
2141;14,552;0,593983205296219
2142;14,556;0,633950933832765
2143;14,561;0,691672921946494
2144;14,565;0,686305355097578
2145;14,569;0,553272275195978
2146;14,574;0,663844152283652
2147;14,578;0,621440374177214
2148;14,583;0,652118083167558
2149;14,587;0,645470558070054
2150;14,592;0,718799779021402
2151;14,596;0,665949890047458
2152;14,601;0,675735377302789
2153;14,605;0,622390020619714
2154;14,609;0,709344603572157
2155;14,614;0,7085601130327
2156;14,618;0,736760483477391
2157;14,623;0,725158281288579
2158;14,627;0,655173467373864
2159;14,632;0,718841067997163
2160;14,636;0,666486646732349
2161;14,641;0,637460496772441
2162;14,645;0,692498701461712
2163;14,649;0,724415079724883
2164;14,654;0,686264066121817
2165;14,658;0,676478578866485
2166;14,663;0,662316460180499
2167;14,667;0,657609516943757
2168;14,672;0,656246980743647
2169;14,676;0,68176356776388
2170;14,681;0,657650805919518
2171;14,685;0,63048265986885
2172;14,689;0,691507766043451
2173;14,694;0,575774766985665
2174;14,698;0,624248024528955
2175;14,703;0,669996209672025
2176;14,707;0,688204647982579
2177;14,712;0,658641741337779
2178;14,716;0,741467426714132
2179;14,720;0,655834090986039
2180;14,725;0,635932804669288
2181;14,729;0,659797832659084
2182;14,734;0,654347687858646
2183;14,738;0,705504728826394
2184;14,743;0,69055811960095
2185;14,747;0,621811974959062
2186;14,752;0,705009261117263
2187;14,756;0,639153344778637
2188;14,760;0,767396903491974
2189;14,765;0,59493285173872
2190;14,769;0,663513840477565
2191;14,774;0,635974093645049
2192;14,778;0,588698216398825
2193;14,783;0,628996256741457
2194;14,787;0,631969062996242
2195;14,792;0,588326615616977
2196;14,796;0,624124157601672
2197;14,800;0,584693185750018
2198;14,805;0,604016426406117
2199;14,809;0,614834138055471
2200;14,814;0,604759627969813
2201;14,818;0,668881407326481
2202;14,823;0,647080828124729
2203;14,827;0,627014385904935
2204;14,832;0,634281245638852
2205;14,836;0,707899489420526
2206;14,840;0,639607523512007
2207;14,845;0,691672921946494
2208;14,849;0,65637084767093
2209;14,854;0,712441276754224
2210;14,858;0,697329511625737
2211;14,863;0,674868308811811
2212;14,867;0,694356705370953
2213;14,872;0,825985960096682
2214;14,876;1,02326468628223
2215;14,880;1,39523706891213
2216;14,885;1,91564331940243
2217;14,889;2,79196054095164
2218;14,894;4,11807986444003
2219;14,898;5,97216132098297
2220;14,903;8,25560683646345
2221;14,907;10,9757245595911
2222;14,911;13,3369585054051
2223;14,916;15,8808961689611
2224;14,920;17,8727176486424
2225;14,925;18,9223247014601
2226;14,929;18,8306631752709
2227;14,934;17,9853126855423
2228;14,938;16,5177373310971
2229;14,943;14,8304220476524
2230;14,947;12,6516853747016
2231;14,951;10,4914461628916
2232;14,956;8,86077935419087
2233;14,960;7,27412659365124
2234;14,965;6,1302980981472
2235;14,969;5,22590437308058
2236;14,974;4,36284091275061
2237;14,978;3,77538136562462
2238;14,983;3,30699922459304
2239;14,987;3,00521810075666
2240;14,991;2,65360118317689
2241;14,996;2,279729507662
2242;15,000;2,13868636646278
2243;15,005;1,94202697491364
2244;15,009;1,86481659024077
2245;15,014;1,733022179612
2246;15,018;1,60779271612921
2247;15,023;1,53830336992362
2248;15,027;1,41930854178073
2249;15,031;1,33227138087676
2250;15,036;1,37740023138342
2251;15,040;1,39907694365789
2252;15,045;1,23334299495366
2253;15,049;1,18664516336809
2254;15,054;1,17644678635515
2255;15,058;1,08887286876629
2256;15,063;1,09498363717891
2257;15,067;1,06104409910345
2258;15,071;1,0921346978514
2259;15,076;1,04234019308377
2260;15,080;0,906210440000099
2261;15,085;1,064058194334
2262;15,089;1,00786389832342
2263;15,094;0,973800493320682
2264;15,098;0,97322244766003
2265;15,102;0,916532683940323
2266;15,107;0,895929485035636
2267;15,111;0,920826737419455
2268;15,116;0,950761244846103
2269;15,120;0,866449156342358
2270;15,125;0,924129855480327
2271;15,129;0,943494385112186
2272;15,134;0,899521625926834
2273;15,138;0,900636428272378
2274;15,142;0,801625464397755
2275;15,147;0,774416029371326
2276;15,151;0,885648530071174
2277;15,156;0,863558928039096
2278;15,160;0,78292155837807
2279;15,165;0,874459217639972
2280;15,169;0,826894317563422
2281;15,174;0,815539849229176
2282;15,178;0,804515692701017
2283;15,182;0,74505956760533
2284;15,187;0,763804762600776
2285;15,191;0,795060517251773
2286;15,196;0,778544926947415
2287;15,200;0,822517686132767
2288;15,205;0,771525801068063
2289;15,209;0,80600209582841
2290;15,214;0,785522763851006
2291;15,218;0,764300230309907
2292;15,222;0,785151163069158
2293;15,227;0,736430171671303
2294;15,231;0,660830057053107
2295;15,236;0,787628501614812
2296;15,240;0,775159230935022
2297;15,245;0,717478531797053
2298;15,249;0,703811880820197
2299;15,254;0,74320156369609
2300;15,258;0,747619484102506
2301;15,262;0,793326380269815
2302;15,267;0,689443317255406
2303;15,271;0,73490247956815
2304;15,276;0,707032420929547
2305;15,280;0,698196580116716
2306;15,285;0,690723275503994
2307;15,289;0,747949795908593
2308;15,293;0,706784687074982
2309;15,298;0,689814918037254
2310;15,302;0,720327471124555
2311;15,307;0,674950886763332
2312;15,311;0,635726359790483
2313;15,316;0,706000196535525
2314;15,320;0,696627599037802
2315;15,325;0,783623470966005
2316;15,329;0,676106978084637
2317;15,333;0,716074706621183
2318;15,338;0,770204553843715
2319;15,342;0,671647768702461
2320;15,347;0,68362157167312
2321;15,351;0,685768598412687
2322;15,356;0,669046563229524
2323;15,360;0,719749425463902
2324;15,365;0,61157230897036
2325;15,369;0,698031424213672
2326;15,373;0,742375784180872
2327;15,378;0,699600405292586
2328;15,382;0,705380861899111
2329;15,387;0,805878228901127
2330;15,391;0,753854119442401
2331;15,396;0,744068632187069
2332;15,400;0,666404068780827
2333;15,405;0,772351580583281
2334;15,409;0,66607375697474
2335;15,413;0,663100950719956
2336;15,418;0,667271137271806
2337;15,422;0,644025443918423
2338;15,427;0,791633532263618
2339;15,431;0,661986148374412
2340;15,436;0,792087710996988
2341;15,440;0,718510756191075
2342;15,445;0,722020319130751
2343;15,449;0,760460355564144
2344;15,453;0,767438192467735
