#"+EI TIC Scan 150C_1ml-min_8C-min_3.d "
#Point;X(Minutes);Y(Counts)
0;4,991;7,28106563959826
1;4,995;6,87197701801777
2;4,999;6,65716674317505
3;5,003;6,44415516473667
4;5,008;6,24520786137485
5;5,012;6,0280631082201
6;5,016;5,79432825099545
7;5,020;5,61193278156727
8;5,024;5,59626116076768
9;5,028;5,75070029565594
10;5,032;6,40929107060132
11;5,036;8,11185289265782
12;5,041;10,7946085797436
13;5,045;14,7620353359649
14;5,049;19,0790023817419
15;5,053;22,7547341593687
16;5,057;25,8192918608796
17;5,061;27,2062015990411
18;5,065;27,6285890929729
19;5,069;27,377192567863
20;5,074;26,668257428664
21;5,078;25,9249939772373
22;5,082;24,9465796735443
23;5,086;24,2036606533439
24;5,090;23,3192952095166
25;5,094;22,3637281771724
26;5,098;21,5385474990753
27;5,102;20,7794976164402
28;5,106;19,9962992778234
29;5,111;19,2453243939398
30;5,115;18,5680769275663
31;5,119;17,9079553471704
32;5,123;17,3470490950357
33;5,127;16,6120137229055
34;5,131;16,0253899392021
35;5,135;15,3928228569154
36;5,139;14,7668382380659
37;5,144;14,3605433364326
38;5,148;13,7120367423924
39;5,152;13,0025084160813
40;5,156;12,5737106743255
41;5,160;11,9773471409434
42;5,164;11,5243244029333
43;5,168;11,2341602297892
44;5,172;10,5830704015513
45;5,177;10,0377400948755
46;5,181;9,73441099485707
47;5,185;9,39053468546827
48;5,189;9,07980031408301
49;5,193;8,57201301108093
50;5,197;8,34769260737691
51;5,201;7,9342603253306
52;5,205;7,52157431094141
53;5,210;7,02982219503342
54;5,214;6,7241203465667
55;5,218;6,28529582911006
56;5,222;5,88807094977102
57;5,226;5,4786570320323
58;5,230;5,22163479689178
59;5,234;4,9407894019277
60;5,238;4,59582239365542
61;5,243;4,28952735807663
62;5,247;4,06115031992877
63;5,251;3,86870893973162
64;5,255;3,63910725722334
65;5,259;3,44865592411185
66;5,263;3,29649386233122
67;5,267;3,1287175849554
68;5,271;2,94653260127665
69;5,275;2,84919250969239
70;5,280;2,77563730779542
71;5,284;2,62621156075757
72;5,288;2,56287448524275
73;5,292;2,37504465646525
74;5,296;2,33239258960044
75;5,300;2,21522856743208
76;5,304;2,13962591324505
77;5,308;2,11069369023042
78;5,313;2,0242414524129
79;5,317;2,00512551934967
80;5,321;1,90537440918085
81;5,325;1,96461658011556
82;5,329;2,15487656254574
83;5,333;2,67420231163104
84;5,337;3,6013154976639
85;5,341;5,12936549836233
86;5,346;7,19903360251909
87;5,350;9,48915682661734
88;5,354;11,7601449825842
89;5,358;13,5618264575612
90;5,362;14,5286449099666
91;5,366;14,9472245253403
92;5,370;15,0673162129327
93;5,374;14,7411589766336
94;5,379;14,2492537801805
95;5,383;13,8544399194261
96;5,387;13,2565647156615
97;5,391;12,8772119899572
98;5,395;12,5351535120408
99;5,399;12,0285908533992
100;5,403;11,5410675875482
101;5,407;11,0604329462245
102;5,412;10,6485314696287
103;5,416;10,199201799768
104;5,420;9,74428469001285
105;5,424;9,37666176107303
106;5,428;9,09816997948912
107;5,432;8,54457332338055
108;5,436;8,21648344520013
109;5,440;7,94522471936988
110;5,444;7,66554656356182
111;5,449;7,27521030875007
112;5,453;7,06994843290489
113;5,457;6,68267378899416
114;5,461;6,46196991316697
115;5,465;6,15508169047611
116;5,469;5,94229973285531
117;5,473;5,73831990657494
118;5,477;5,50439369866898
119;5,482;5,20192567671647
120;5,486;4,93039905993237
121;5,490;4,70948469835574
122;5,494;4,39605228236395
123;5,498;4,15175486753079
124;5,502;3,93248612181346
125;5,506;3,67270843686202
126;5,510;3,47110135902994
127;5,515;3,23338640763397
128;5,519;3,16084536434796
129;5,523;2,81920785793054
130;5,527;2,69347132523933
131;5,531;2,57117910481176
132;5,535;2,42219346434094
133;5,539;2,28551167267859
134;5,543;2,14240049812409
135;5,548;2,02621236443043
136;5,552;1,94662961607208
137;5,556;1,93447884780866
138;5,560;1,79808408216828
139;5,564;1,70181555439937
140;5,568;1,66840572544201
141;5,572;1,58620147274965
142;5,576;1,50099301436068
143;5,581;1,47014728453291
144;5,585;1,44456369844128
145;5,589;1,33453705668592
146;5,593;1,33348462793869
147;5,597;1,31063735658984
148;5,601;1,32822248420257
149;5,605;1,22625170613051
150;5,609;1,30723131446246
151;5,613;1,24638179780471
152;5,618;1,18671865537111
153;5,622;1,1893975649095
154;5,626;1,19670716093568
155;5,630;1,14663068763589
156;5,634;1,13568542866475
157;5,638;1,0548206307416
158;5,642;1,14697511886226
159;5,646;1,05901121066237
160;5,651;1,03719723299261
161;5,655;1,07870119576954
162;5,659;1,06911452663573
163;5,663;1,02979196162577
164;5,667;1,06949722799836
165;5,671;0,989723128958687
166;5,675;1,05591132962508
167;5,679;1,06536405328198
168;5,684;1,11207275459065
169;5,688;1,17986830098008
170;5,692;1,34858219669434
171;5,696;1,88511037202974
172;5,700;2,9713890547793
173;5,704;5,16767390476132
174;5,708;8,45109851555882
175;5,712;12,9624969886187
176;5,717;18,047870965347
177;5,721;22,9722233437498
178;5,725;26,9914678644709
179;5,729;29,7077864610591
180;5,733;30,9506091361914
181;5,737;31,5629313163951
182;5,741;31,1413283602567
183;5,745;30,3902195308962
184;5,750;29,1692491035699
185;5,754;28,2029281629359
186;5,758;27,0170705856307
187;5,762;25,9857478185544
188;5,766;24,7999093763173
189;5,770;23,6726242425622
190;5,774;22,5004673740391
191;5,778;21,5852753354521
192;5,782;20,4455524074116
193;5,787;19,5248111990665
194;5,791;18,3578782041432
195;5,795;17,3930689338916
196;5,799;16,3410611581653
197;5,803;15,607173890123
198;5,807;14,823516309871
199;5,811;14,2532338743519
200;5,815;13,317375962183
201;5,820;12,5753562901848
202;5,824;11,7992570618447
203;5,828;11,1801802025906
204;5,832;10,5783440397229
205;5,836;9,85721986212418
206;5,840;9,13198164487725
207;5,844;8,46466527886396
208;5,848;7,87230097472124
209;5,853;7,25002855908919
210;5,857;6,68554404921387
211;5,861;6,02626441181575
212;5,865;5,55657502946322
213;5,869;5,09939998166861
214;5,873;4,56775124870671
215;5,877;4,18340427022007
216;5,881;3,78577755445027
217;5,886;3,45500876673146
218;5,890;3,24109784009091
219;5,894;2,96599296556625
220;5,898;2,71941847762546
221;5,902;2,53746311476429
222;5,906;2,26329585857807
223;5,910;2,14473497643612
224;5,914;2,02946532601277
225;5,919;1,84932779462408
226;5,923;1,81675990866449
227;5,927;1,64330051605365
228;5,931;1,56023518529539
229;5,935;1,44766357947856
230;5,939;1,37701690793755
231;5,943;1,35145245691405
232;5,947;1,27875833308298
233;5,951;1,21107759710234
234;5,956;1,12575432830457
235;5,960;1,06050374597661
236;5,964;1,03325540895755
237;5,968;1,02208052916883
238;5,972;1,01165191703723
239;5,976;0,958877399130924
240;5,980;0,931992628406353
241;5,984;0,93685293571172
242;5,989;0,870569059704666
243;5,993;0,82653926793439
244;5,997;0,841923862712009
245;6,001;0,854763493428157
246;6,005;0,808380088277723
247;6,009;0,830634172514503
248;6,013;0,790316583961713
249;6,017;0,802008110589978
250;6,022;0,777783114335668
251;6,026;0,749405808296851
252;6,030;0,759853555496577
253;6,034;0,739398167664146
254;6,038;0,738632764938891
255;6,042;0,742880750064055
256;6,046;0,7145417141615
257;6,050;0,738288333712527
258;6,055;0,712417721598919
259;6,059;0,714828740183471
260;6,063;0,740967243250918
261;6,067;0,680863994250295
262;6,071;0,66595777617596
263;6,075;0,669287278030818
264;6,079;0,650668856738998
265;6,083;0,648506594040153
266;6,088;0,655356948431183
267;6,092;0,651702150418092
268;6,096;0,639283491200835
269;6,100;0,603156482568814
270;6,104;0,603137347500683
271;6,108;0,623420519719932
272;6,112;0,597530772538192
273;6,116;0,588977397083471
274;6,120;0,644947471367719
275;6,125;0,697396693115796
276;6,129;0,849176053533797
277;6,133;1,2876752748322
278;6,137;2,05711549946259
279;6,141;3,34146127243993
280;6,145;5,25066269524706
281;6,149;7,73188784477327
282;6,153;10,6010765006629
283;6,158;13,2224660242514
284;6,162;15,416071964695
285;6,166;16,5761737402954
286;6,170;17,4186716550514
287;6,174;17,8548363980377
288;6,178;17,8260572555682
289;6,182;17,2918444234767
290;6,186;16,8539192542222
291;6,191;16,0390523778479
292;6,195;15,3231903439854
293;6,199;14,4675849075594
294;6,203;13,8258712627059
295;6,207;13,0714712016268
296;6,211;12,3353068604768
297;6,215;11,6855756220763
298;6,219;11,0758940812747
299;6,224;10,3267752989998
300;6,228;9,77241324016596
301;6,232;9,13492844536948
302;6,236;8,60685797014815
303;6,240;7,99740605016411
304;6,244;7,47777413998871
305;6,248;6,96003660155832
306;6,252;6,45014444106179
307;6,257;5,98001495214224
308;6,261;5,5252700580003
309;6,265;5,05366716883464
310;6,269;4,59943892153225
311;6,273;4,24096255515923
312;6,277;3,77213425087261
313;6,281;3,44649366141301
314;6,285;3,09634104967712
315;6,289;2,73973991998097
316;6,294;2,55192922627161
317;6,298;2,3009536726606
318;6,302;2,10971780175572
319;6,306;2,01320051810111
320;6,310;1,77500719000185
321;6,314;1,57837522988392
322;6,318;1,49617097719157
323;6,322;1,41455991161129
324;6,327;1,29062207532443
325;6,331;1,21377564170886
326;6,335;1,11322085867853
327;6,339;1,00175908681332
328;6,343;1,01379504466795
329;6,347;0,93601099271394
330;6,351;0,879065029954992
331;6,355;0,857576348443468
332;6,360;0,791885659548485
333;6,364;0,77361166948303
334;6,368;0,763546623645931
335;6,372;0,764522512120631
336;6,376;0,72544870299638
337;6,380;0,753787738898934
338;6,384;0,703672995462884
339;6,388;0,669899600211022
340;6,393;0,618847238436535
341;6,397;0,694411622487302
342;6,401;0,650764532079655
343;6,405;0,634576264440518
344;6,409;0,672004457705472
345;6,413;0,621889714269422
346;6,417;0,622023659746342
347;6,421;0,602735511069924
348;6,426;0,539054004328735
349;6,430;0,525735996909304
350;6,434;0,520894824672068
351;6,438;0,525027999388443
352;6,442;0,525429835819202
353;6,446;0,527381612768601
354;6,450;0,44756924359267
355;6,454;0,441733047812603
356;6,458;0,450611719425558
357;6,463;0,449961127109091
358;6,467;0,472999749139257
359;6,471;0,461078601693415
360;6,475;0,40794051749261
361;6,479;0,434614802467735
362;6,483;0,427553962327261
363;6,487;0,415671085017682
364;6,491;0,395885424569848
365;6,496;0,34550279017996
366;6,500;0,386049999550326
367;6,504;0,355127729450037
368;6,508;0,373152963629785
369;6,512;0,39422067364242
370;6,516;0,331457650171536
371;6,520;0,338882056606507
372;6,524;0,314695330488459
373;6,529;0,339188217696609
374;6,533;0,32269378896737
375;6,537;0,338977731947164
376;6,541;0,340967779032826
377;6,545;0,358265880623581
378;6,549;0,358438096236764
379;6,553;0,345617600588748
380;6,557;0,285763107473832
381;6,562;0,324243729486011
382;6,566;0,307538815007328
383;6,570;0,307653625416116
384;6,574;0,347818133423855
385;6,578;0,321756170628933
386;6,582;0,299368140915234
387;6,586;0,341331345327322
388;6,590;0,306103684897475
389;6,595;0,307768435824904
390;6,599;0,336471038021954
391;6,603;0,364140346539911
392;6,607;0,303979692334894
393;6,611;0,346402138382134
394;6,615;0,322617248694845
395;6,619;0,367718604280476
396;6,623;0,419899935074714
397;6,627;0,665077563041917
398;6,632;1,13602985989112
399;6,636;2,23390439392829
400;6,640;4,27360698139134
401;6,644;7,48521768149182
402;6,648;11,8487020778962
403;6,652;17,3512588100246
404;6,656;23,7815793205022
405;6,660;29,4830068157199
406;6,665;34,525518239834
407;6,669;37,8565700352104
408;6,673;39,9433257552085
409;6,677;40,7049971421776
410;6,681;40,3766967782477
411;6,685;39,1922934661205
412;6,689;38,1223561315551
413;6,693;36,015929561518
414;6,698;33,9676161933958
415;6,702;32,1449052785425
416;6,706;29,8692098958153
417;6,710;27,9569085919709
418;6,714;25,9706502497987
419;6,718;24,3444756197227
420;6,722;22,3161009925934
421;6,726;20,726436072512
422;6,731;19,1158373878948
423;6,735;17,6334819298941
424;6,739;16,1142340605361
425;6,743;14,6705505752289
426;6,747;13,4065453796752
427;6,751;12,0468457083965
428;6,755;10,6895379206342
429;6,759;9,47566660358473
430;6,764;8,42779200257482
431;6,768;7,2965841798528
432;6,772;6,45182832705735
433;6,776;5,67821665757432
434;6,780;4,89892187285627
435;6,784;4,25961924658731
436;6,788;3,74968881595451
437;6,792;3,28642881649412
438;6,796;2,91545725063131
439;6,801;2,52806779631179
440;6,805;2,24827483009495
441;6,809;2,00734518725291
442;6,813;1,77785831515342
443;6,817;1,6869476064613
444;6,821;1,49437228078722
445;6,825;1,32001353997421
446;6,829;1,22334317577454
447;6,834;1,08780948820007
448;6,838;0,983504231815993
449;6,842;0,925984217013104
450;6,846;0,858915803212663
451;6,850;0,793837436497885
452;6,854;0,801376653341643
453;6,858;0,734193429132414
454;6,862;0,681705937248075
455;6,867;0,621966254541948
456;6,871;0,566512827097247
457;6,875;0,581036343808954
458;6,879;0,566914663528005
459;6,883;0,503022671037371
460;6,887;0,494431025446388
461;6,891;0,465919773930651
462;6,895;0,443837905307054
463;6,900;0,458074395996791
464;6,904;0,462896433165895
465;6,908;0,440106567021437
466;6,912;0,419555503848349
467;6,916;0,498124093595742
468;6,920;0,467067878018533
469;6,924;0,564771535897292
470;6,928;0,575850740345354
471;6,933;0,571487944811402
472;6,937;0,578644460292533
473;6,941;0,562188301699558
474;6,945;0,55480216540085
475;6,949;0,552257201339378
476;6,953;0,55843782834581
477;6,957;0,505280609076873
478;6,961;0,534576398385995
479;6,965;0,466589501315249
480;6,970;0,504132504988991
481;6,974;0,478453243556696
482;6,978;0,449080913975048
483;6,982;0,438728842115979
484;6,986;0,450343828471718
485;6,990;0,461901409623064
486;6,994;0,42208133284169
487;6,998;0,453481979645263
488;7,003;0,464140212594434
489;7,007;0,4729040737986
490;7,011;0,492823679723353
491;7,015;0,467641930062474
492;7,019;0,482165446774182
493;7,023;0,470263434396471
494;7,027;0,499214792479229
495;7,031;0,44601930307403
496;7,036;0,418617885509912
497;7,040;0,425602185377861
498;7,044;0,378376837229648
499;7,048;0,377209598073634
500;7,052;0,40164508007739
501;7,056;0,431572326634848
502;7,060;0,467948091152576
503;7,064;0,578166083589249
504;7,069;0,854055495907296
505;7,073;1,43222157949654
506;7,077;2,3622050257491
507;7,081;3,93357682069695
508;7,085;6,04111322468569
509;7,089;8,65312656488979
510;7,093;11,6892686902256
511;7,097;14,6796205975231
512;7,102;17,1243743071909
513;7,106;18,7883598318946
514;7,110;19,9571871985629
515;7,114;20,1453805936349
516;7,118;20,273145443548
517;7,122;19,7352012731709
518;7,126;18,778811432897
519;7,130;18,0179054486532
520;7,134;16,9115923495701
521;7,139;15,8254858824338
522;7,143;14,7029462455753
523;7,147;13,680655230657
524;7,151;12,5733279729629
525;7,155;11,5767544896132
526;7,159;10,7603376727203
527;7,163;9,69518410518777
528;7,167;8,87400265633016
529;7,172;7,91753627578379
530;7,176;7,08766750599454
531;7,180;6,39337069391602
532;7,184;5,75016451374826
533;7,188;5,13897130256427
534;7,192;4,87083159283943
535;7,196;4,85705434378484
536;7,200;5,56817088075083
537;7,205;6,81769082972908
538;7,209;8,88940638617591
539;7,213;11,6132259294716
540;7,217;14,7634704660748
541;7,221;17,7110746311668
542;7,225;20,4778524024174
543;7,229;22,509479991129
544;7,233;23,3142244164617
545;7,238;23,8111812709015
546;7,242;23,5479401386183
547;7,246;22,850907011797
548;7,250;21,9278313251398
549;7,254;21,0375914153961
550;7,258;19,7530542917375
551;7,262;18,1729186355855
552;7,266;16,796207888738
553;7,271;15,5135460017562
554;7,275;14,0733068287126
555;7,279;12,8539246120413
556;7,283;11,6122500409969
557;7,287;10,5326494970252
558;7,291;9,47939794187034
559;7,295;8,22526644147243
560;7,299;7,40907924539711
561;7,303;6,45025925147058
562;7,308;5,62607359691635
563;7,312;4,88684764486538
564;7,316;4,20273068903276
565;7,320;3,63474446168939
566;7,324;3,09341338425303
567;7,328;2,66274040582035
568;7,332;2,30231226249793
569;7,336;2,00847415627266
570;7,341;1,76339220364611
571;7,345;1,57709318031912
572;7,349;1,3947359810272
573;7,353;1,21921000105817
574;7,357;1,07116197892578
575;7,361;1,03036601366971
576;7,365;0,871391867634314
577;7,369;0,820052479837857
578;7,374;0,747836732710079
579;7,378;0,704266182574956
580;7,382;0,624874784897915
581;7,386;0,610772239685098
582;7,390;0,614924549469605
583;7,394;0,482108041569787
584;7,398;0,508055193955921
585;7,402;0,465001290660345
586;7,407;0,445081684735593
587;7,411;0,420397446846129
588;7,415;0,394832995822623
589;7,419;0,374951660034133
590;7,423;0,396076775251162
591;7,427;0,378300296957122
592;7,431;0,32156481994762
593;7,435;0,356696805036809
594;7,440;0,308285082664451
595;7,444;0,300114408572357
596;7,448;0,260179521382195
597;7,452;0,309739347842435
598;7,456;0,323727082646464
599;7,460;0,263413347896396
600;7,464;0,262456594489827
601;7,468;0,260064710973407
602;7,472;0,243244986085935
603;7,477;0,218197181901976
604;7,481;0,234902096380659
605;7,485;0,205300145981435
606;7,489;0,212150500372464
607;7,493;0,201511402491424
608;7,497;0,180577637955709
609;7,501;0,181189960135913
610;7,505;0,191274141041143
611;7,510;0,175468574764634
612;7,514;0,164083209226471
613;7,518;0,148870830062034
614;7,522;0,169785459529618
615;7,526;0,151664550009214
616;7,530;0,180405422342527
617;7,534;0,133868936647042
618;7,538;0,139934753244686
619;7,543;0,156697072927763
620;7,547;0,143589551257777
621;7,551;0,146115380251117
622;7,555;0,126788961438437
623;7,559;0,13872924395241
624;7,563;0,098794356762247
625;7,567;0,150439905648806
626;7,571;0,119785526502356
627;7,576;0,133754126238254
628;7,580;0,126348854871415
629;7,584;0,10597000731151
630;7,588;0,101396726028113
631;7,592;0,10667800483237
632;7,596;0,0929390259140487
633;7,600;0,0815919305121482
634;7,604;0,121679898247362
635;7,609;0,0941636702744562
636;7,613;0,0941062650700621
637;7,617;0,074645900780462
638;7,621;0,103807744612665
639;7,625;0,107615623170807
640;7,629;0,0994066789424507
641;7,633;0,0663986864158429
642;7,637;0,0748755215980384
643;7,641;0,0799271795847193
644;7,646;0,0796975587671429
645;7,650;0,0748946566661698
646;7,654;0,109318644234499
647;7,658;0,157041504154128
648;7,662;0,238461219053094
649;7,666;0,414312495180355
650;7,670;0,73861362987076
651;7,674;1,46291422877926
652;7,679;2,71032932026306
653;7,683;4,50072110504253
654;7,687;7,0111463685372
655;7,691;10,1576404317866
656;7,695;13,5279573869687
657;7,699;16,6238774651469
658;7,703;19,2615126615789
659;7,707;21,1899065577218
660;7,712;22,6249409922337
661;7,716;23,1924679779419
662;7,720;23,0081015964961
663;7,724;22,3262617137711
664;7,728;21,4829027209493
665;7,732;20,2335358525161
666;7,736;18,5109778842623
667;7,740;17,3868117666126
668;7,745;15,65830279217
669;7,749;14,2017796761466
670;7,753;12,8784174992494
671;7,757;11,425243020149
672;7,761;10,0017853018567
673;7,765;8,73921523641281
674;7,769;7,68416498485364
675;7,773;6,48776398500806
676;7,778;5,63510534907435
677;7,782;4,85797282705515
678;7,786;4,20253933835144
679;7,790;3,69714391886578
680;7,794;3,54764163155541
681;7,798;3,79664627314889
682;7,802;4,68564240346406
683;7,806;6,71981495623714
684;7,810;10,7112370878952
685;7,815;16,9945811400559
686;7,819;25,0341417453134
687;7,823;35,212314105205
688;7,827;46,6801517870144
689;7,831;57,7363558831819
690;7,835;67,3471926080466
691;7,839;74,4257135514744
692;7,843;78,4336492469298
693;7,848;80,1315612474304
694;7,852;79,5896943880864
695;7,856;77,1982509782325
696;7,860;73,4750642316399
697;7,864;68,4769844357269
698;7,868;63,0860999612132
699;7,872;57,5075387384671
700;7,876;52,2167689404167
701;7,881;46,33807417403
702;7,885;41,1411810202321
703;7,889;35,984758535532
704;7,893;31,1875778199302
705;7,897;26,658211517895
706;7,901;22,5372449749876
707;7,905;19,2113979181429
708;7,909;15,9809774460692
709;7,914;13,4081718604663
710;7,918;11,3218945171715
711;7,922;9,56470207559998
712;7,926;8,08957967335291
713;7,930;6,88923684947226
714;7,934;5,90236484566515
715;7,938;5,06038357774875
716;7,942;4,41690950662714
717;7,947;3,83845639701592
718;7,951;3,40028247187576
719;7,955;2,98051648227796
720;7,959;2,65845415055893
721;7,963;2,3748915759202
722;7,967;2,15617774717868
723;7,971;2,0047810881233
724;7,975;1,85635036462829
725;7,979;1,70074399058402
726;7,984;1,55141391888683
727;7,988;1,42364906897369
728;7,992;1,31322059078757
729;7,996;1,23713955989726
730;8,000;1,16264673966185
731;8,004;1,05026648452633
732;8,008;1,01379504466795
733;8,012;0,941694107948956
734;8,017;0,899635228196212
735;8,021;0,861173741252165
736;8,025;0,778548517060922
737;8,029;0,763604028850325
738;8,033;0,719727317625101
739;8,037;0,675046933538359
740;8,041;0,650611451534604
741;8,045;0,651606475077435
742;8,050;0,637293444115173
743;8,054;0,581495585444107
744;8,058;0,593550678366868
745;8,062;0,530749384759722
746;8,066;0,544277877928598
747;8,070;0,535647962201352
748;8,074;0,504285585534042
749;8,078;0,469249275785509
750;8,083;0,451511067627732
751;8,087;0,427190396032765
752;8,091;0,424301000744928
753;8,095;0,428051474098676
754;8,099;0,458170071337448
755;8,103;0,435839446828142
756;8,107;0,452812252260665
757;8,111;0,439341164296183
758;8,116;0,435648096146829
759;8,120;0,419976475347239
760;8,124;0,414293360112223
761;8,128;0,401147568305974
762;8,132;0,332950185485783
763;8,136;0,349042777784262
764;8,140;0,338193194153777
765;8,144;0,285437811315599
766;8,148;0,295789883174669
767;8,153;0,288001910445202
768;8,157;0,279486805126744
769;8,161;0,270990834876417
770;8,165;0,223803756864467
771;8,169;0,247416430938573
772;8,173;0,226176505312756
773;8,177;0,216264540020708
774;8,181;0,239054406165166
775;8,186;0,206620465682499
776;8,190;0,210103048082408
777;8,194;0,252161927835152
778;8,198;0,221411873348046
779;8,202;0,201779293445263
780;8,206;0,219842797761274
781;8,210;0,279773831148715
782;8,214;0,315020626646692
783;8,219;0,534901694544229
784;8,223;0,912800155070592
785;8,227;1,5873878469738
786;8,231;2,7387831665744
787;8,235;4,63633133288953
788;8,239;7,17687519362297
789;8,243;10,4155811501975
790;8,247;14,0008040555629
791;8,252;17,7471633696625
792;8,256;20,861185222293
793;8,260;23,4149896852415
794;8,264;25,1845625158941
795;8,268;25,8718176229002
796;8,272;25,9528929065728
797;8,276;25,010337720558
798;8,280;23,7370902870968
799;8,285;21,9202729732279
800;8,289;20,1489205812392
801;8,293;18,2731481224575
802;8,297;16,100533351754
803;8,301;14,2429009375609
804;8,305;12,4247250338547
805;8,309;10,762327719806
806;8,313;9,2274847699209
807;8,317;7,72170798852738
808;8,322;6,53944780403088
809;8,326;5,53948741362191
810;8,330;4,71432587059298
811;8,334;3,99584233239642
812;8,338;3,40194722280318
813;8,342;2,92056631382239
814;8,346;2,53193308007433
815;8,350;2,24444781646867
816;8,355;1,97927404230419
817;8,359;1,72891081087339
818;8,363;1,58197262269262
819;8,367;1,34211454366594
820;8,371;1,2555857655759
821;8,375;1,12227174590466
822;8,379;0,998774016184823
823;8,383;0,862494060953229
824;8,388;0,853156147705122
825;8,392;0,718885374627321
826;8,396;0,653060740255419
827;8,400;0,603118212432551
828;8,404;0,555012651150295
829;8,408;0,502410348857168
830;8,412;0,481610529798372
831;8,416;0,430577303092017
832;8,421;0,408610244877207
833;8,425;0,419153667417591
834;8,429;0,417775942512132
835;8,433;0,394316348983076
836;8,437;0,481974096092868
837;8,441;0,763967595144821
838;8,445;1,22271171852621
839;8,449;2,0563883668736
840;8,454;3,68439996349029
841;8,458;5,84821260285338
842;8,462;9,18812393477468
843;8,466;12,9000401262379
844;8,470;17,1798085995675
845;8,474;21,5482107084816
846;8,478;24,9762772992841
847;8,482;27,8948535660209
848;8,486;29,5925933509083
849;8,491;30,0971085572599
850;8,495;29,6296197077425
851;8,499;28,233831297968
852;8,503;26,5652916270491
853;8,507;24,2155243955854
854;8,511;21,9356767030737
855;8,515;19,4439272660752
856;8,519;17,0004173358359
857;8,524;14,6759275293738
858;8,528;12,5253946272938
859;8,532;10,4485508725878
860;8,536;8,95967035635429
861;8,540;7,35272646975023
862;8,544;6,13820456038425
863;8,548;5,27595925531673
864;8,552;4,40479700849999
865;8,557;3,8208712694032
866;8,561;3,34398710143327
867;8,565;2,91614611308404
868;8,569;2,44798753618202
869;8,573;2,22200238155058
870;8,577;1,9045516012512
871;8,581;1,73870796575665
872;8,585;1,52990610230717
873;8,590;1,42468236265279
874;8,594;1,30281111372411
875;8,598;1,10644704456002
876;8,602;1,04265072741005
877;8,606;1,01725849199972
878;8,610;0,885532682983394
879;8,614;0,83717836581543
880;8,618;0,784403847909121
881;8,623;0,75570124571207
882;8,627;0,692670331287348
883;8,631;0,603366968318259
884;8,635;0,568043632547756
885;8,639;0,515441330254628
886;8,643;0,475449037860072
887;8,647;0,447913674819035
888;8,651;0,429103902845901
889;8,655;0,381189692244959
890;8,660;0,371851778996852
891;8,664;0,358629446918077
892;8,668;0,329678088835319
893;8,672;0,272138938964299
894;8,676;0,25941411865694
895;8,680;0,290317253689098
896;8,684;0,270512458173133
897;8,688;0,229716492917059
898;8,693;0,223076624275475
899;8,697;0,225143211633662
900;8,701;0,229199846077512
901;8,705;0,173153231520738
902;8,709;0,172579179476797
903;8,713;0,152238602053155
904;8,717;0,174760577243773
905;8,721;0,145349977525862
906;8,726;0,148124562404911
907;8,730;0,130845595882286
908;8,734;0,135992929209624
909;8,738;0,158744525217819
910;8,742;0,141982205534742
911;8,746;0,12234962563196
912;8,750;0,107864379056515
913;8,754;0,107615623170807
914;8,759;0,126100098985707
915;8,763;0,115824567399163
916;8,767;0,153233625595986
917;8,771;0,107749568647727
918;8,775;0,0846918115494296
919;8,779;0,105606441017014
920;8,783;0,121813843724281
921;8,787;0,0935704831623838
922;8,792;0,103865149817059
923;8,796;0,0802333406748211
924;8,800;0,0749520618705639
925;8,804;0,0726749887629312
926;8,808;0,071565154811312
927;8,812;0,0597205476379959
928;8,816;0,0555873729216207
929;8,820;0,0507462006843849
930;8,824;0,0446229788823475
931;8,829;0,0548602403326287
932;8,833;0,0306926492827124
933;8,837;0,0371603023111144
934;8,841;0,0162074027072677
935;8,845;0,0243398066630986
936;8,849;0,0117297967645279
937;8,853;0
938;8,857;0,0491005848250873
939;8,862;0,00472636182844761
940;8,866;0,00537695414491408
941;8,870;0,0433217942494145
942;8,874;0,123555134924236
943;8,878;0,312781823675322
944;8,882;0,765594075935987
945;8,886;1,50713537123085
946;8,890;2,80686573898581
947;8,895;4,85403100302009
948;8,899;7,7114707270771
949;8,903;11,3076771615499
950;8,907;15,4289307304793
951;8,911;19,9525756471432
952;8,915;23,6385638212884
953;8,919;26,860679673793
954;8,923;29,0806154679854
955;8,928;29,9753712538081
956;8,932;29,8110966939003
957;8,936;28,7328930099022
958;8,940;27,1276904144981
959;8,944;24,5003116145845
960;8,948;21,770100958533
961;8,952;19,0977738835788
962;8,956;16,4017767293461
963;8,961;13,7995414089572
964;8,965;11,6686793569163
965;8,969;9,57572387484364
966;8,973;8,0652972718942
967;8,977;6,6255364755539
968;8,981;5,44256829353654
969;8,985;4,49205291917902
970;8,989;3,90380265468454
971;8,993;3,2675042341122
972;8,998;2,76340999925947
973;9,002;2,46187959564539
974;9,006;2,06524790341842
975;9,010;1,8050492469681
976;9,014;1,61092398077538
977;9,018;1,48717749516983
978;9,022;1,28338901957077
979;9,026;1,13415462321424
980;9,031;1,08884278187917
981;9,035;0,980289540369923
982;9,039;0,898640204653381
983;9,043;0,793397329930863
984;9,047;0,72671161749305
985;9,051;0,691675307744517
986;9,055;0,650515776193947
987;9,059;0,560045174068845
988;9,064;0,504285585534042
989;9,068;0,503194886650554
990;9,072;0,433887669878743
991;9,076;0,383600710829511
992;9,080;0,326960909160665
993;9,084;0,354285786452257
994;9,088;0,324243729486011
995;9,092;0,342900420914094
996;9,097;0,391867060262261
997;9,101;0,48830780364435
998;9,105;0,813450881332536
999;9,109;1,4540929623707
1000;9,113;2,89306922091761
1001;9,117;5,42835093791493
1002;9,121;9,31211917626593
1003;9,125;15,1016062550242
1004;9,130;22,4488983654251
1005;9,134;31,1432227320017
1006;9,138;40,9303699746288
1007;9,142;49,6775645344524
1008;9,146;58,2110586533849
1009;9,150;64,8171347646492
1010;9,154;69,5364740230926
1011;9,158;70,7559519151046
1012;9,162;68,8771369804901
1013;9,167;64,5023628938882
1014;9,171;59,0199553885022
1015;9,175;51,920405005198
1016;9,179;44,9021786614522
1017;9,183;37,841644682068
1018;9,187;31,3766322930681
1019;9,191;25,7043666416826
1020;9,195;21,0423177772246
1021;9,200;17,1983504805868
1022;9,204;14,0919061149363
1023;9,208;11,6108340459552
1024;9,212;9,5576986406639
1025;9,216;8,00232376267387
1026;9,220;6,8239862671443
1027;9,224;5,93866406991035
1028;9,228;5,03340313168352
1029;9,233;4,35207989579807
1030;9,237;3,89867445642534
1031;9,241;3,40462613234158
1032;9,245;3,10885538423504
1033;9,249;2,73373150858772
1034;9,253;2,46283634905196
1035;9,257;2,29948027241448
1036;9,261;2,02919743505893
1037;9,266;1,92230894447711
1038;9,270;1,72481590629328
1039;9,274;1,62313215424319
1040;9,278;1,47393602802292
1041;9,282;1,48214497225128
1042;9,286;1,39714699961175
1043;9,290;1,33090139374096
1044;9,294;1,32906442720035
1045;9,299;1,32799286338499
1046;9,303;1,28960791671347
1047;9,307;1,24712806546183
1048;9,311;1,3051838621724
1049;9,315;1,31301010503813
1050;9,319;1,20637037034202
1051;9,323;1,14221048689755
1052;9,327;1,12410871244528
1053;9,331;1,10895373848523
1054;9,336;1,00771009300217
1055;9,340;0,963278464801138
1056;9,344;0,890220774675579
1057;9,348;0,868789498368448
1058;9,352;0,848391515740411
1059;9,356;0,813718772286375
1060;9,360;0,965306782023063
1061;9,364;1,32967674938055
1062;9,369;1,97477730129332
1063;9,373;3,21702592438166
1064;9,377;5,15734096797038
1065;9,381;8,12570668198493
1066;9,385;11,7209180929149
1067;9,389;16,1890713119979
1068;9,393;20,9093099186434
1069;9,397;25,5169960545403
1070;9,402;29,6113839878133
1071;9,406;32,8258266779972
1072;9,410;34,1448643294967
1073;9,414;34,1086799156603
1074;9,418;32,6729374836276
1075;9,422;30,0578625325224
1076;9,426;26,8670707865489
1077;9,430;23,6926586588958
1078;9,435;20,2720547446645
1079;9,439;17,1005320122993
1080;9,443;14,2683888483119
1081;9,447;11,7701334881488
1082;9,451;9,67363801847185
1083;9,455;7,95511754959379
1084;9,459;6,59520739256568
1085;9,463;5,5921853912557
1086;9,468;4,69121070829029
1087;9,472;4,0222487264177
1088;9,476;3,42881285845962
1089;9,480;2,99393016503805
1090;9,484;2,68924247518229
1091;9,488;2,49211300329295
1092;9,492;2,32780017324891
1093;9,496;2,63363596719254
1094;9,500;3,34829249176283
1095;9,505;4,86794219755159
1096;9,509;7,42698966916807
1097;9,513;11,7164404869722
1098;9,517;17,9523487052352
1099;9,521;25,8751088546188
1100;9,525;35,5594816463124
1101;9,529;45,2582440092407
1102;9,533;54,9425976658661
1103;9,538;62,6651667324594
1104;9,542;68,4221816005987
1105;9,546;70,5939735633726
1106;9,550;69,4700370665405
1107;9,554;65,9787673457001
1108;9,558;60,5055064028808
1109;9,562;53,1549039256932
1110;9,566;45,4422659594601
1111;9,571;38,2662135737667
1112;9,575;31,5865248554011
1113;9,579;25,8985684481479
1114;9,583;21,2476561933423
1115;9,587;17,4844962894233
1116;9,591;14,3039418049
1117;9,595;11,7153306530206
1118;9,599;9,92981831061459
1119;9,604;8,46443565804638
1120;9,608;7,22966884659741
1121;9,612;6,16181723445835
1122;9,616;5,37710722545913
1123;9,620;4,70931248274256
1124;9,624;4,27630502599786
1125;9,628;3,74844503652597
1126;9,632;3,44561344827896
1127;9,637;3,0210445565802
1128;9,641;2,78803683194454
1129;9,645;2,5244129982987
1130;9,649;2,27980942237544
1131;9,653;2,17600167776277
1132;9,657;1,93369431001528
1133;9,661;1,83375184916515
1134;9,665;1,69297515292268
1135;9,669;1,58124549010363
1136;9,674;1,45805392147389
1137;9,678;1,44046879386116
1138;9,682;1,34997905666793
1139;9,686;1,22682575817445
1140;9,690;1,20964246699249
1141;9,694;1,12843323784297
1142;9,698;1,09125380046372
1143;9,702;0,980404350778711
1144;9,707;0,915727820494691
1145;9,711;0,887369649524006
1146;9,715;0,832605084532034
1147;9,719;0,788364807012314
1148;9,723;0,747358356006795
1149;9,727;0,701549002900302
1150;9,731;0,685111979375458
1151;9,735;0,714178147867004
1152;9,740;0,610312998049945
1153;9,744;0,586662053839576
1154;9,748;0,55704096837222
1155;9,752;0,511920477718457
1156;9,756;0,548372782508711
1157;9,760;0,591024849373528
1158;9,764;0,61779480968931
1159;9,768;0,865440861445459
1160;9,773;1,23532172842478
1161;9,777;2,1196489021159
1162;9,781;3,73206541820552
1163;9,785;6,66181656473097
1164;9,789;10,9578498459723
1165;9,793;17,2036700295273
1166;9,797;25,6530081188181
1167;9,801;36,2888530382757
1168;9,806;48,4126599906965
1169;9,810;60,9720384989917
1170;9,814;72,8778013500556
1171;9,818;84,4122099338941
1172;9,822;93,3347008528691
1173;9,826;99,3427486798238
1174;9,830;100
1175;9,834;97,7599149790653
1176;9,838;91,1289441441621
1177;9,843;82,0064152229417
1178;9,847;71,4289322612848
1179;9,851;59,8492692413156
1180;9,855;49,2482310107889
1181;9,859;40,3923492639792
1182;9,863;32,8989991785315
1183;9,867;26,8142197283701
1184;9,871;21,8288838878325
1185;9,876;18,1109975551123
1186;9,880;14,9511280792391
1187;9,884;12,4810204042972
1188;9,888;10,7445321064438
1189;9,892;9,27890069798988
1190;9,896;8,26422544018789
1191;9,900;7,06516466587205
1192;9,904;6,2710402033522
1193;9,909;5,63213941351399
1194;9,913;5,03258032375387
1195;9,917;4,67785443073459
1196;9,921;4,16491979440517
1197;9,925;3,79272358418196
1198;9,929;3,46781012731135
1199;9,933;3,18315685378914
1200;9,937;3,02548389238667
1201;9,942;2,70822446276861
1202;9,946;2,53200962034685
1203;9,950;2,41519002940486
1204;9,954;2,24477311262691
1205;9,958;2,15652217840504
1206;9,962;2,04940406700565
1207;9,966;1,83300558150802
1208;9,970;1,7887653039883
1209;9,975;1,69812248625002
1210;9,979;1,62514133639699
1211;9,983;1,56163204526898
1212;9,987;1,53061409982803
1213;9,991;1,47998270955244
1214;9,995;1,35168207773162
1215;9,999;1,25468641737372
1216;10,003;1,21006343849138
1217;10,008;1,20015147319933
1218;10,012;1,0927654708461
1219;10,016;1,08388679923314
1220;10,020;1,02638591949839
1221;10,024;0,990258910866365
1222;10,028;0,964732729979122
1223;10,032;0,936738125302932
1224;10,036;0,92929458379983
1225;10,040;0,918885106736367
1226;10,045;0,829620013903541
1227;10,049;0,774472747548941
1228;10,053;0,784155092023413
1229;10,057;0,725984484904058
1230;10,061;0,743856638538754
1231;10,065;0,713183124324173
1232;10,069;0,68149545149863
1233;10,073;0,705261206117788
1234;10,078;0,877840385594585
1235;10,082;1,15935550794325
1236;10,086;1,69594108848304
1237;10,090;2,76015703767714
1238;10,094;4,42113835668418
1239;10,098;6,94893826204213
1240;10,102;10,427751053529
1241;10,106;14,569479145359
1242;10,111;18,791478848
1243;10,115;23,6284222351788
1244;10,119;27,6413139132803
1245;10,123;30,0643684556871
1246;10,127;31,2544166129131
1247;10,131;31,2845352101518
1248;10,135;29,5960376631719
1249;10,139;27,0861864517212
1250;10,144;23,8520346413619
1251;10,148;20,44065382997
1252;10,152;17,2500725697459
1253;10,156;14,0992348460306
1254;10,160;11,7366471189189
1255;10,164;9,5722221573756
1256;10,168;7,88286353232975
1257;10,172;6,55569347687441
1258;10,177;5,4861005735354
1259;10,181;4,69029222501998
1260;10,185;3,98899197800539
1261;10,189;3,46972363412449
1262;10,193;3,04226534713788
1263;10,197;2,76633766468357
1264;10,201;2,36507528596881
1265;10,205;2,16586009165315
1266;10,209;2,05690501371315
1267;10,214;1,78325440436647
1268;10,218;1,61293316292917
1269;10,222;1,50623602302867
1270;10,226;1,34735755233393
1271;10,230;1,30759488075695
1272;10,234;1,20011320306307
1273;10,238;1,14276540387336
1274;10,242;1,02443414254899
1275;10,247;0,925257084424112
1276;10,251;0,907404065857547
1277;10,255;0,845770011406414
1278;10,259;0,788154321262869
1279;10,263;0,737503795919141
1280;10,267;0,704017426689249
1281;10,271;0,645119686980901
1282;10,275;0,623688410673771
1283;10,280;0,61584303273991
1284;10,284;0,580041320266123
1285;10,288;0,565269047668708
1286;10,292;0,509815620224007
1287;10,296;0,506677469050462
1288;10,300;0,476252710721589
1289;10,304;0,403730802503709
1290;10,308;0,428338500120647
1291;10,313;0,377726244913181
1292;10,317;0,379965047884551
1293;10,321;0,366264339102493
1294;10,325;0,374970795102264
1295;10,329;0,364599588175064
1296;10,333;0,330156465538603
1297;10,337;0,322559843490451
1298;10,341;0,322655518831108
1299;10,346;0,276023357794967
1300;10,350;0,308629513890816
1301;10,354;0,260447412336034
1302;10,358;0,305127796422776
1303;10,362;0,266953335500699
1304;10,366;0,241140128591485
1305;10,370;0,212609742007617
1306;10,374;0,212150500372464
1307;10,378;0,198201035704698
1308;10,383;0,23869083987067
1309;10,387;0,241388884477193
1310;10,391;0,197301687502523
1311;10,395;0,207538948952805
1312;10,399;0,221431008416177
1313;10,403;0,176157437217363
1314;10,407;0,186413833735776
1315;10,411;0,194067860988322
1316;10,416;0,159950034510095
1317;10,420;0,1453117073896
1318;10,424;0,180099261252425
1319;10,428;0,139456376541401
1320;10,432;0,142747608259997
1321;10,436;0,149999799081785
1322;10,440;0,144354953983031
1323;10,444;0,123823025878075
1324;10,449;0,166915199309913
1325;10,453;0,298717548598768
1326;10,457;0,398487793835714
1327;10,461;0,848487191081068
1328;10,465;1,66865448132771
1329;10,469;3,23660109908004
1330;10,473;6,0131186200095
1331;10,477;10,4435374847374
1332;10,482;17,3626059054265
1333;10,486;26,446711609839
1334;10,490;37,5090389278086
1335;10,494;50,4797639957237
1336;10,498;63,8429110408769
1337;10,502;75,485337084317
1338;10,506;84,1305608660685
1339;10,510;88,6150554333356
1340;10,515;88,9905237402093
1341;10,519;85,3854769042598
1342;10,523;79,1037593328903
1343;10,527;72,2568301190565
1344;10,531;66,2095171322962
1345;10,535;61,2288502483828
1346;10,539;56,5807508485924
1347;10,543;52,8383907637322
1348;10,547;48,3013321643082
1349;10,552;44,5601393186041
1350;10,556;39,9068734504183
1351;10,560;35,171537275017
1352;10,564;30,7045130249539
1353;10,568;26,3899378626933
1354;10,572;22,0155082073177
1355;10,576;18,5316628929123
1356;10,580;15,5521988393816
1357;10,585;13,1386926959723
1358;10,589;11,2120592260975
1359;10,593;9,56200403099345
1360;10,597;8,1762041267836
1361;10,601;7,29625888369457
1362;10,605;6,47532619072267
1363;10,609;5,68950634777183
1364;10,613;5,06623890859695
1365;10,618;4,60079751136958
1366;10,622;4,22416196533989
1367;10,626;3,80380278863002
1368;10,630;3,55005265013996
1369;10,634;3,22345530727379
1370;10,638;3,02335989982409
1371;10,642;2,70996575396857
1372;10,646;2,61136274788763
1373;10,651;2,40690454490398
1374;10,655;2,23080451289101
1375;10,659;2,08694707067939
1376;10,663;2,0210076258987
1377;10,667;1,86601357403463
1378;10,671;1,76695132631855
1379;10,675;1,70372906121251
1380;10,679;1,62093162140808
1381;10,684;1,5623783129261
1382;10,688;1,43541713587448
1383;10,692;1,36111566632039
1384;10,696;1,37255843706294
1385;10,700;1,23865123027964
1386;10,704;1,19496586973573
1387;10,708;1,19441095275992
1388;10,712;1,12604135432654
1389;10,716;1,02772537426758
1390;10,721;1,00363432349019
1391;10,725;0,986910273943376
1392;10,729;0,992497713837735
1393;10,733;0,942612591219262
1394;10,737;0,843531208435044
1395;10,741;0,920664668072584
1396;10,745;0,925907676740579
1397;10,749;0,875601582623215
1398;10,754;0,989302157459797
1399;10,758;1,13078685122312
1400;10,762;1,39427673939204
1401;10,766;2,18687039646139
1402;10,770;3,27458420932081
1403;10,774;5,15058628892001
1404;10,778;7,90530896724784
1405;10,782;11,4647952059766
1406;10,787;15,4675261629003
1407;10,791;19,7845123437454
1408;10,795;23,7452609611889
1409;10,799;26,8327424743212
1410;10,803;28,4792002766165
1411;10,807;28,6364905366564
1412;10,811;27,4298714104287
1413;10,815;25,0436518741747
1414;10,820;22,0220332655505
1415;10,824;18,7904072841847
1416;10,828;15,9287578451387
1417;10,832;13,4099705568707
1418;10,836;11,0490858508226
1419;10,840;9,39045814519575
1420;10,844;7,81227426599314
1421;10,848;6,69032781624671
1422;10,853;6,32195861964976
1423;10,857;6,54314087218023
1424;10,861;7,50743349559233
1425;10,865;9,73839108902839
1426;10,869;13,1228871296958
1427;10,873;17,7551809632096
1428;10,877;23,2604357399445
1429;10,881;29,4924595393768
1430;10,885;34,84802067812
1431;10,890;38,9366489558854
1432;10,894;41,0768297861063
1433;10,898;40,1923878020064
1434;10,902;37,9049817575828
1435;10,906;34,1337468549124
1436;10,910;29,3908905977355
1437;10,914;25,1508847959829
1438;10,918;21,0593097177252
1439;10,923;17,5241441505915
1440;10,927;14,4620357378013
1441;10,931;12,0719317827167
1442;10,935;10,0466187664885
1443;10,939;8,60479138278996
1444;10,943;7,31600627400614
1445;10,947;6,33053113017262
1446;10,951;5,55429795635559
1447;10,956;4,85722655939803
1448;10,960;4,46798100346976
1449;10,964;3,92705176246415
1450;10,968;3,56101704417924
1451;10,972;3,1980822069316
1452;10,976;3,00399521087515
1453;10,980;2,72829714923841
1454;10,984;2,52171495369218
1455;10,989;2,3149222723965
1456;10,993;2,18574142744164
1457;10,997;2,05640750194173
1458;11,001;1,87112263722571
1459;11,005;1,7975483002606
1460;11,009;1,69854345774891
1461;11,013;1,55384407253951
1462;11,017;1,50455213703311
1463;11,022;1,3863165510494
1464;11,026;1,29332011993095
1465;11,030;1,25135691551887
1466;11,034;1,23601059087751
1467;11,038;1,12594567898589
1468;11,042;1,07701730977398
1469;11,046;1,03423129743225
1470;11,050;0,989971884844395
1471;11,054;0,939876276476476
1472;11,059;0,893722492143619
1473;11,063;0,86727782798607
1474;11,067;0,819516697930179
1475;11,071;0,763852784736033
1476;11,075;0,78985734232656
1477;11,079;0,732700893818167
1478;11,083;0,72699864351502
1479;11,087;0,719918668306414
1480;11,092;0,658208073582756
1481;11,096;0,644469094664435
1482;11,100;0,662609139252971
1483;11,104;0,670665002936276
1484;11,108;0,621105176476036
1485;11,112;0,661384494892563
1486;11,116;0,601262110823809
1487;11,120;0,529505605331183
1488;11,125;0,586432433021999
1489;11,129;0,65223793232577
1490;11,133;0,76997600653807
1491;11,137;1,18275769626792
1492;11,141;1,83514870913874
1493;11,145;3,14193991703417
1494;11,149;5,19036809556512
1495;11,153;8,5888327359684
1496;11,158;13,3276514937695
1497;11,162;19,691515912627
1498;11,166;26,396156759836
1499;11,170;33,0029791387574
1500;11,174;38,5825353850464
1501;11,178;42,452698589956
1502;11,182;43,1948330723629
1503;11,186;41,2521452803259
1504;11,191;37,5622535522819
1505;11,195;32,7346289432831
1506;11,199;27,5392857300038
1507;11,203;22,7396748607493
1508;11,207;18,8357191255197
1509;11,211;15,4738024652474
1510;11,215;13,0234995858215
1511;11,219;10,8920826168048
1512;11,223;9,27069175376152
1513;11,228;8,00293608485408
1514;11,232;6,97436876758872
1515;11,236;6,07224598053543
1516;11,240;5,37815965420636
1517;11,244;4,72280270577517
1518;11,248;4,28124187357575
1519;11,252;3,8999947761264
1520;11,256;3,49544116569304
1521;11,261;3,15761153783376
1522;11,265;2,91432828161156
1523;11,269;2,72012647514632
1524;11,273;2,56050173679446
1525;11,277;2,36310437395128
1526;11,281;2,21413786854859
1527;11,285;2,06928540279414
1528;11,289;1,92160094695625
1529;11,294;1,79636192603646
1530;11,298;1,71821430778795
1531;11,302;1,65625495717859
1532;11,306;1,57931284822236
1533;11,310;1,54663015185399
1534;11,314;1,48805770830387
1535;11,318;1,39087069726466
1536;11,322;1,3758879389178
1537;11,327;1,26987966147003
1538;11,331;1,19487019439507
1539;11,335;1,1670095351958
1540;11,339;1,1102166529819
1541;11,343;1,10032382275799
1542;11,347;0,968272717583425
1543;11,351;1,01905718840407
1544;11,355;0,950744995175093
1545;11,360;0,94301442765002
1546;11,364;0,864713728856467
1547;11,368;0,84221088873398
1548;11,372;0,805720313807463
1549;11,376;0,830844658263948
1550;11,380;0,775123339865408
1551;11,384;0,836106802000074
1552;11,388;0,763010841738253
1553;11,392;0,738556224666366
1554;11,397;0,668598415578089
1555;11,401;0,691273471313758
1556;11,405;0,647167139270958
1557;11,409;0,597014125698645
1558;11,413;0,604629882814929
1559;11,417;0,602314539571034
1560;11,421;0,592517384687774
1561;11,425;0,670818083481327
1562;11,430;0,875984283985842
1563;11,434;1,24969216459144
1564;11,438;2,03727243381036
1565;11,442;3,475770315654
1566;11,446;5,74352464510668
1567;11,450;9,07997252969619
1568;11,454;13,5108315009911
1569;11,458;18,4178666427351
1570;11,463;23,9770057713279
1571;11,467;28,5839456395676
1572;11,471;32,2191684779603
1573;11,475;34,1095601287943
1574;11,479;33,834646604951
1575;11,483;31,8928964312524
1576;11,487;28,9667426775356
1577;11,491;25,4887335589103
1578;11,496;21,4762054471033
1579;11,500;17,9601749481009
1580;11,504;14,9655750556783
1581;11,508;12,3755670438252
1582;11,512;10,2207478864839
1583;11,516;8,46227339534754
1584;11,520;7,15515689129387
1585;11,524;6,17029406964055
1586;11,529;5,34541955263359
1587;11,533;4,57339609380546
1588;11,537;4,12257388863046
1589;11,541;3,67297632781586
1590;11,545;3,31371542364945
1591;11,549;2,91499800899616
1592;11,553;2,69461942932721
1593;11,557;2,42640317932984
1594;11,561;2,29743282012443
1595;11,566;2,15194889712165
1596;11,570;1,9448117845996
1597;11,574;1,78453645393127
1598;11,578;1,74129119995438
1599;11,582;1,58914827324188
1600;11,586;1,46630113583851
1601;11,590;1,3528301818195
1602;11,594;1,2788922785599
1603;11,599;1,22850964417001
1604;11,603;1,14613317586448
1605;11,607;1,09598016229217
1606;11,611;1,0927654708461
1607;11,615;1,04266986247818
1608;11,619;1,0009554139518
1609;11,623;0,937503528028187
1610;11,627;0,894105193506247
1611;11,632;0,86195827904555
1612;11,636;0,853443173727092
1613;11,640;0,815536603758855
1614;11,644;0,749616294046296
1615;11,648;0,757710427865864
1616;11,652;0,724683300271125
1617;11,656;0,700477439084946
1618;11,660;0,654706356114716
1619;11,665;0,612417855544396
1620;11,669;0,598583201285417
1621;11,673;0,574358205031107
1622;11,677;0,581476450375975
1623;11,681;0,54990358795922
1624;11,685;0,557672425620555
1625;11,689;0,497569176619932
1626;11,693;0,505682445507631
1627;11,698;0,447071731821255
1628;11,702;0,463030378642815
1629;11,706;0,478663729306141
1630;11,710;0,453501114713394
1631;11,714;0,441158995768662
1632;11,718;0,45399862648481
1633;11,722;0,427439151918472
1634;11,726;0,413719308068282
1635;11,730;0,421335065184566
1636;11,735;0,467948091152576
1637;11,739;0,410447211417819
1638;11,743;0,404285719479519
1639;11,747;0,443455203944426
1640;11,751;0,375544847146206
1641;11,755;0,356122752992868
1642;11,759;0,327056584501322
1643;11,763;0,355912267243423
1644;11,768;0,364063806267385
1645;11,772;0,346899650153549
1646;11,776;0,350324827349064
1647;11,780;0,349463749283153
1648;11,784;0,341541831076767
1649;11,788;0,406180091224524
1650;11,792;0,528797607810322
1651;11,796;0,781629263030073
1652;11,801;1,29724280889788
1653;11,805;2,16718041135421
1654;11,809;3,89905715778796
1655;11,813;6,83803140715273
1656;11,817;11,4256639916479
1657;11,821;17,7721537686421
1658;11,825;26,8700749922455
1659;11,829;37,9333973337579
1660;11,834;50,9995489864441
1661;11,838;64,5233540636283
1662;11,842;76,8122775189547
1663;11,846;86,4877333688991
1664;11,850;90,5542415079046
1665;11,854;89,4654561312298
1666;11,858;84,0186207175
1667;11,862;75,8191292128005
1668;11,867;68,1904559255278
1669;11,871;61,3337869620152
1670;11,875;56,4989867024671
1671;11,879;53,8304866411392
1672;11,883;51,7433482197785
1673;11,887;50,4500855050519
1674;11,891;49,077967174556
1675;11,895;46,0622804370526
1676;11,899;42,0822054007964
1677;11,904;38,0606264017633
1678;11,908;32,9310695527197
1679;11,912;28,5315346879558
1680;11,916;24,3291101600132
1681;11,920;20,4258241521682
1682;11,924;17,3462645572423
1683;11,928;15,0271899750613
1684;11,932;12,861463828885
1685;11,937;11,3041563090137
1686;11,941;9,91703608510283
1687;11,945;8,7737348993218
1688;11,949;7,93299741083393
1689;11,953;7,15565440306529
1690;11,957;6,58322883991545
1691;11,961;5,99007999797934
1692;11,965;5,55584789687423
1693;11,970;5,11354079701769
1694;11,974;4,71878434146759
1695;11,978;4,29653079301272
1696;11,982;4,16574260233482
1697;11,986;3,90076017885165
1698;11,990;3,57668866497883
1699;11,994;3,44394869735153
1700;11,998;3,25988847699592
1701;12,003;3,07347464326014
1702;12,007;2,89794866329111
1703;12,011;2,7722121305999
1704;12,015;2,64452382095929
1705;12,019;2,4783548893065
1706;12,023;2,36945721657089
1707;12,027;2,31398465405806
1708;12,031;2,22353318700109
1709;12,036;2,15359451298094
1710;12,040;2,0761548922533
1711;12,044;1,93654543516685
1712;12,048;1,92508352935616
1713;12,052;1,7965724117859
1714;12,056;1,82621263232139
1715;12,060;1,74433367578727
1716;12,064;1,65640803772364
1717;12,068;1,67060625827711
1718;12,073;1,58564655577384
1719;12,077;1,64552018395689
1720;12,081;1,57148660535663
1721;12,085;1,59471657806811
1722;12,089;1,67571532146819
1723;12,093;1,73600992115012
1724;12,097;2,12039516977302
1725;12,101;2,5646731816471
1726;12,106;3,48168305170659
1727;12,110;5,20269107944172
1728;12,114;7,8833801791693
1729;12,118;11,3829545195787
1730;12,122;15,9980459268424
1731;12,126;21,0479434872552
1732;12,130;25,872659565898
1733;12,134;29,4488315840373
1734;12,139;31,5509336286767
1735;12,143;32,0145571944316
1736;12,147;30,9202417830669
1737;12,151;28,4218142072906
1738;12,155;24,9776932943259
1739;12,159;21,8362700241312
1740;12,163;18,8304761168517
1741;12,167;16,9758287732871
1742;12,172;16,2623777580091
1743;12,176;16,6234373585799
1744;12,180;18,9023857028894
1745;12,184;22,6843745138497
1746;12,188;27,8833151199377
1747;12,192;34,8182082419714
1748;12,196;42,1486423573485
1749;12,200;49,4493023067133
1750;12,205;55,7865689808682
1751;12,209;61,0932208854676
1752;12,213;64,1644184556201
1753;12,217;64,8185507596909
1754;12,221;62,6666018625693
1755;12,225;58,8184248509426
1756;12,229;52,9691024141376
1757;12,233;46,1118019933766
1758;12,237;39,2532960633233
1759;12,242;33,0218845860712
1760;12,246;27,8226760890294
1761;12,250;23,3574314003024
1762;12,254;19,7520209980584
1763;12,258;16,8517952616596
1764;12,262;14,4892458046842
1765;12,266;12,768964909538
1766;12,270;11,2720476646893
1767;12,275;10,1247281146007
1768;12,279;9,08420137975322
1769;12,283;8,18313102144716
1770;12,287;7,44495749814342
1771;12,291;6,92214916665822
1772;12,295;6,21832309065028
1773;12,299;5,85569441449275
1774;12,303;5,38818642990719
1775;12,308;5,08678997177003
1776;12,312;4,68193020024657
1777;12,316;4,37703202464138
1778;12,320;4,14222560360137
1779;12,324;3,8941394452782
1780;12,328;3,58128108133035
1781;12,332;3,37131197872487
1782;12,336;3,2964173220587
1783;12,341;3,0320280856876
1784;12,345;2,96233816755316
1785;12,349;2,80711449487151
1786;12,353;2,6814353673847
1787;12,357;2,58049788299174
1788;12,361;2,4747574964978
1789;12,365;2,35405348672514
1790;12,369;2,26696979165929
1791;12,374;2,17745594294076
1792;12,378;2,08158925160261
1793;12,382;2,05233173242975
1794;12,386;1,9114402257785
1795;12,390;1,91591783172124
1796;12,394;1,823533722783
1797;12,398;1,783330944639
1798;12,402;1,69488865973582
1799;12,406;1,62636598075739
1800;12,411;1,56624359668864
1801;12,415;1,55263856324724
1802;12,419;1,50941244433848
1803;12,423;1,47273051873065
1804;12,427;1,38574249900545
1805;12,431;1,4041312994797
1806;12,435;1,34720447178888
1807;12,439;1,43612513339534
1808;12,444;1,48821078884892
1809;12,448;1,77450967823043
1810;12,452;2,27468122411623
1811;12,456;3,16249098020726
1812;12,460;4,76497639593671
1813;12,464;7,32890330992668
1814;12,468;10,9825914890661
1815;12,472;15,9635645340697
1816;12,477;22,0718801180328
1817;12,481;28,9404510939231
1818;12,485;35,4587929178051
1819;12,489;40,479719985067
1820;12,493;42,6102376058815
1821;12,497;42,2525457773019
1822;12,501;39,4169965711871
1823;12,505;34,9111664029535
1824;12,510;30,3115552658081
1825;12,514;25,6897857197665
1826;12,518;21,4871315710063
1827;12,522;18,1338448264612
1828;12,526;15,383733699553
1829;12,530;13,1426919252117
1830;12,534;11,5494296123216
1831;12,538;10,090973854417
1832;12,543;9,07507395225456
1833;12,547;8,04415302160904
1834;12,551;7,23640439057965
1835;12,555;6,53051172721353
1836;12,559;6,0070145332756
1837;12,563;5,48531603574201
1838;12,567;5,16206732979883
1839;12,571;4,76981756817394
1840;12,575;4,35791609157814
1841;12,580;4,07161720219663
1842;12,584;3,84450307854544
1843;12,588;3,66660435012812
1844;12,592;3,46109371839724
1845;12,596;3,26857579792756
1846;12,600;3,17772249443983
1847;12,604;3,02955966189865
1848;12,608;2,96733242033545
1849;12,613;2,79174903516203
1850;12,617;2,77785697569866
1851;12,621;2,7073633847027
1852;12,625;2,61270220265683
1853;12,629;2,52688142208765
1854;12,633;2,41681651019603
1855;12,637;2,37984755856622
1856;12,641;2,28386605681929
1857;12,646;2,17179196277387
1858;12,650;1,99358707326645
1859;12,654;1,87986736336174
1860;12,658;1,90099247857877
1861;12,662;1,85370972522616
1862;12,666;1,73775121235008
1863;12,670;1,67732266719122
1864;12,674;1,58889951735618
1865;12,679;1,59125313073633
1866;12,683;1,54119579250468
1867;12,687;1,48090119282274
1868;12,691;1,51067535883515
1869;12,695;1,41752584717166
1870;12,699;1,40074439242045
1871;12,703;1,38170499962974
1872;12,707;1,30162473949997
1873;12,712;1,31044600590853
1874;12,716;1,32303688073897
1875;12,720;1,29848658832642
1876;12,724;1,24492753262673
1877;12,728;1,28417355736416
1878;12,732;1,2993285313242
1879;12,736;1,36381371092691
1880;12,740;1,46094331676173
1881;12,744;1,82165848610612
1882;12,749;2,57724492140941
1883;12,753;3,77408602782201
1884;12,757;5,87404494483073
1885;12,761;8,97055821012104
1886;12,765;13,408860722919
1887;12,769;18,5275105831278
1888;12,773;24,5969628437161
1889;12,777;29,3452343251741
1890;12,782;32,7541467127771
1891;12,786;34,6332678084817
1892;12,790;34,5647259944351
1893;12,794;32,3591223662731
1894;12,798;29,2212390836828
1895;12,802;25,8122310207392
1896;12,806;22,2261470373078
1897;12,810;18,8383214947856
1898;12,815;15,9787195080297
1899;12,819;13,571853233262
1900;12,823;11,4711671836643
1901;12,827;9,89277281871226
1902;12,831;8,78244135532157
1903;12,835;7,8243293589159
1904;12,839;6,81214165997099
1905;12,843;6,25925300138327
1906;12,848;5,89032888781052
1907;12,852;5,64949492030914
1908;12,856;5,93443521985332
1909;12,860;6,61684915462226
1910;12,864;7,9764722856284
1911;12,868;9,90714325487892
1912;12,872;12,7060679405902
1913;12,876;15,9391673222022
1914;12,881;19,7351055978302
1915;12,885;22,9146459237425
1916;12,889;25,4166517572594
1917;12,893;26,7520498920112
1918;12,897;27,0224092696393
1919;12,901;26,0156559300437
1920;12,905;23,9576984875834
1921;12,909;21,4367298015483
1922;12,913;18,9199325603659
1923;12,918;16,3181373465439
1924;12,922;13,8755841697112
1925;12,926;11,9067770096749
1926;12,930;10,1586163202613
1927;12,934;8,60835050546239
1928;12,938;7,60829443971277
1929;12,942;6,57314465901022
1930;12,946;5,84627996097212
1931;12,951;5,19917022690555
1932;12,955;4,63788127340817
1933;12,959;4,32268843114829
1934;12,963;3,91532196569963
1935;12,967;3,60437710856491
1936;12,971;3,20114381783262
1937;12,975;3,08843826653887
1938;12,979;2,92756974875847
1939;12,984;2,72355165234184
1940;12,988;2,58132069092139
1941;12,992;2,43648736023507
1942;12,996;2,29814081764529
1943;13,000;2,14285973975925
1944;13,004;2,0732846320336
1945;13,008;2,00518292455406
1946;13,012;1,86002429770951
1947;13,017;1,8293316484268
1948;13,021;1,72500725697459
1949;13,025;1,7148274007287
1950;13,029;1,61804222612025
1951;13,033;1,57944679369928
1952;13,037;1,54330064999913
1953;13,041;1,45254302185206
1954;13,045;1,44948141095104
1955;13,050;1,39433414459644
1956;13,054;1,37730393395952
1957;13,058;1,34393237513842
1958;13,062;1,258513431
1959;13,066;1,25013227115846
1960;13,070;1,21109673217047
1961;13,074;1,25258155987927
1962;13,078;1,23746485605549
1963;13,082;1,19609483875548
1964;13,087;1,17883500730099
1965;13,091;1,21643541617912
1966;13,095;1,29720453876162
1967;13,099;1,46704740349563
1968;13,103;1,79509901153979
1969;13,107;2,34527049045284
1970;13,111;3,4153800406314
1971;13,115;4,87808378366122
1972;13,120;7,20456363720906
1973;13,124;10,6268323023678
1974;13,128;15,4787584478934
1975;13,132;21,9949571441447
1976;13,136;30,1979695013803
1977;13,140;39,8223347194139
1978;13,144;50,5729326424553
1979;13,148;61,2487507192394
1980;13,153;70,4866066960875
1981;13,157;76,3148996930161
1982;13,161;78,5006411204577
1983;13,165;75,3945603211017
1984;13,169;69,1014191140578
1985;13,173;60,1976805618515
1986;13,177;51,4085802028202
1987;13,181;43,3401065096162
1988;13,186;36,5843367603603
1989;13,190;30,6951942467739
1990;13,194;26,3553033893755
1991;13,198;22,643195847231
1992;13,202;19,6920134243984
1993;13,206;17,3037464358544
1994;13,210;15,3441241085211
1995;13,214;13,9035596393193
1996;13,219;12,4291835047293
1997;13,223;11,4488556942231
1998;13,227;10,335539160204
1999;13,231;9,53791298021606
2000;13,235;8,69047821788222
2001;13,239;8,25724114031994
2002;13,243;7,65146315341713
2003;13,247;7,05653475014481
2004;13,251;6,68200406160956
2005;13,256;6,23208120463673
2006;13,260;5,85156123977637
2007;13,264;5,55959837022798
2008;13,268;5,24871091829766
2009;13,272;4,98560373149137
2010;13,276;4,70753292140634
2011;13,280;4,50760972956982
2012;13,284;4,30950436920578
2013;13,289;4,04622496678631
2014;13,293;3,8951153337529
2015;13,297;3,80669218391786
2016;13,301;3,63602651125419
2017;13,305;3,44733560441079
2018;13,309;3,2934322514302
2019;13,313;3,14590087613736
2020;13,317;3,0488669456432
2021;13,322;2,96254865330261
2022;13,326;2,86411786283486
2023;13,330;2,84387296075187
2024;13,334;2,68028726329682
2025;13,338;2,64951807374158
2026;13,342;2,51136288183311
2027;13,346;2,36945721657089
2028;13,350;2,31408032939872
2029;13,355;2,28325373463908
2030;13,359;2,29810254750903
2031;13,363;2,18222057490547
2032;13,367;2,16861554146407
2033;13,371;2,02785798028973
2034;13,375;1,99268772506428
2035;13,379;1,99108037934124
2036;13,383;1,93769353925473
2037;13,388;1,82452874632583
2038;13,392;1,85613987887885
2039;13,396;1,77496891986559
2040;13,400;1,77621269929413
2041;13,404;1,73243166340956
2042;13,408;1,68895678861509
2043;13,412;1,61622439464777
2044;13,416;1,63040348013311
2045;13,420;1,55600633523836
2046;13,425;1,57030023113249
2047;13,429;1,56526770821394
2048;13,433;1,51792754965694
2049;13,437;1,51499988423284
2050;13,441;1,4498258421774
2051;13,445;1,42569652126375
2052;13,449;1,43168579758887
2053;13,453;1,36467478899282
2054;13,458;1,41065635771249
2055;13,462;1,40277270964237
2056;13,466;1,33053782744646
2057;13,470;1,36193847425003
2058;13,474;1,32439547057629
2059;13,478;1,30904914593494
2060;13,482;1,40160547048636
2061;13,486;1,56741083584465
2062;13,491;1,80901020607129
2063;13,495;2,23139770000308
2064;13,499;3,01582068298033
2065;13,503;4,18043833465971
2066;13,507;5,88204340330964
2067;13,511;8,38722565813632
2068;13,515;11,5816339319867
2069;13,519;15,8409278824158
2070;13,524;20,6769910564605
2071;13,528;25,6458516033369
2072;13,532;29,6896464164705
2073;13,536;32,7803043509127
2074;13,540;33,9130812492214
2075;13,544;33,9383012690186
2076;13,548;32,2740861234973
2077;13,552;29,4157661863063
2078;13,557;26,3766772604782
2079;13,561;23,282364528023
2080;13,565;20,3914958399405
2081;13,569;17,8332711762537
2082;13,573;15,4925548320161
2083;13,577;13,8284736319718
2084;13,581;12,2613498221491
2085;13,585;10,9129781112042
2086;13,589;9,60859792189333
2087;13,594;8,74396073330939
2088;13,598;8,06527813682607
2089;13,602;7,4533003878487
2090;13,606;6,66583492903856
2091;13,610;6,26484044127763
2092;13,614;5,70640261293182
2093;13,618;5,35548459847069
2094;13,622;5,16704244751299
2095;13,627;4,71438327579737
2096;13,631;4,55910219791133
2097;13,635;4,30984880043215
2098;13,639;3,93474405985296
2099;13,643;3,90361130400323
2100;13,647;3,59785205033212
2101;13,651;3,49817748043583
2102;13,655;3,32471808782499
2103;13,660;3,20051236058429
2104;13,664;3,04542263337956
2105;13,668;2,9211212307982
2106;13,672;2,79381562252021
2107;13,676;2,68916593490977
2108;13,680;2,5986570626484
2109;13,684;2,54957561289145
2110;13,688;2,45569896863896
2111;13,693;2,36874921905003
2112;13,697;2,24588294657853
2113;13,701;2,12803006195744
2114;13,705;2,11365962579078
2115;13,709;1,99106124427311
2116;13,713;1,94429513776005
2117;13,717;1,93049875363734
2118;13,721;1,80439865465163
2119;13,726;1,82253869924017
2120;13,730;1,82529414905108
2121;13,734;1,69058326940626
2122;13,738;1,69875394349835
2123;13,742;1,65570004020278
2124;13,746;1,6253326870783
2125;13,750;1,58000171067509
2126;13,754;1,51718128199981
2127;13,758;1,52431866241281
2128;13,763;1,46997506891973
2129;13,767;1,42805013464391
2130;13,771;1,40872371583123
2131;13,775;1,38522585216591
2132;13,779;1,38457525984944
2133;13,783;1,3667987815554
2134;13,787;1,32407017441806
2135;13,791;1,29904150530223
2136;13,796;1,26149850162849
2137;13,800;1,29936680146046
2138;13,804;1,24783606298269
2139;13,808;1,2280121323986
2140;13,812;1,19907990938397
2141;13,816;1,15359585243571
2142;13,820;1,18472860828545
2143;13,824;1,12946653152206
2144;13,829;1,09927139401076
2145;13,833;1,13447991937248
2146;13,837;1,09232536427908
2147;13,841;1,07650066293444
2148;13,845;1,06766026145774
2149;13,849;1,08354236800678
2150;13,853;1,04929059605163
2151;13,857;1,09948187976021
2152;13,862;1,03981873732661
2153;13,866;0,989091671710352
2154;13,870;0,999922120272705
2155;13,874;1,02066453412711
2156;13,878;1,02734267290495
2157;13,882;1,05552862826246
2158;13,886;0,988575024870805
2159;13,890;1,03748425901458
2160;13,895;0,955586167412328
2161;13,899;0,987139894760952
2162;13,903;0,936049262850203
2163;13,907;0,953385634577221
2164;13,911;0,904380725092791
2165;13,915;0,914943282701305
2166;13,919;0,910006435123413
2167;13,923;0,857040566535789
2168;13,927;0,887541865137188
2169;13,932;0,875697257963872
2170;13,936;0,850113671872234
2171;13,940;0,82359246744216
2172;13,944;0,806217825578879
2173;13,948;0,812934234492989
2174;13,952;0,767354502204073
2175;13,956;0,762226303944867
2176;13,960;0,795042945790161
2177;13,965;0,761135605061379
2178;13,969;0,79601883426486
2179;13,973;0,7800601874433
2180;13,977;0,874759639625435
2181;13,981;0,926462593716388
2182;13,985;1,02240582532706
2183;13,989;1,16611018699363
2184;13,993;1,32326650155654
2185;13,998;1,43805777527661
2186;14,002;1,66970691007494
2187;14,006;1,82632744273018
2188;14,010;2,05164286997702
2189;14,014;2,21459711018374
2190;14,018;2,28444010886323
2191;14,022;2,22862311512403
2192;14,026;2,21519029729581
2193;14,031;2,20428330846093
2194;14,035;2,07485370762037
2195;14,039;1,85541274628985
2196;14,043;1,73761726687316
2197;14,047;1,65237053834792
2198;14,051;1,56262706881181
2199;14,055;1,33932082371876
2200;14,059;1,22227161195919
2201;14,064;1,1491947867655
2202;14,068;1,12791659100342
2203;14,072;1,03417389222785
2204;14,076;0,922138068318699
2205;14,080;0,914120474771656
2206;14,084;0,831877951943042
2207;14,088;0,848755082034907
2208;14,092;0,727457885150173
2209;14,096;0,865919238148743
2210;14,101;0,725582648473299
2211;14,105;0,791522093253989
2212;14,109;0,697473233388321
2213;14,113;0,726826427901838
2214;14,117;0,706466715410064
2215;14,121;0,726118430380977
2216;14,125;0,66764166217152
2217;14,129;0,684786683217225
2218;14,134;0,671755701819764
2219;14,138;0,612456125680658
2220;14,142;0,670741543208802
2221;14,146;0,620856420590328
2222;14,150;0,583944874164922
2223;14,154;0,625200081056149
2224;14,158;0,602658970797398
2225;14,162;0,584251035255024
2226;14,167;0,601242975755677
2227;14,171;0,568120172820281
2228;14,175;0,586566378498919
2229;14,179;0,553730601585493
2230;14,183;0,588269399562611
2231;14,187;0,53828860160348
2232;14,191;0,52470270323021
2233;14,195;0,526080428135668
2234;14,200;0,564082673444563
2235;14,204;0,531342571871794
2236;14,208;0,538958328988078
2237;14,212;0,544698849427488
2238;14,216;0,584518926208863
2239;14,220;0,559337176547984
2240;14,224;0,49684204403094
2241;14,228;0,527534693313652
2242;14,233;0,505854661120814
2243;14,237;0,519631910175398
2244;14,241;0,546421005559311
2245;14,245;0,537523198878226
2246;14,249;0,523171897779701
2247;14,253;0,583849198824265
2248;14,257;0,527821719335623
2249;14,261;0,529850036557548
2250;14,265;0,518235050201808
2251;14,270;0,560906252134756
2252;14,274;0,5393984355551
2253;14,278;0,518235050201808
2254;14,282;0,467948091152576
2255;14,286;0,48648997217187
2256;14,290;0,452142524876067
2257;14,294;0,481840150615948
2258;14,298;0,489302827187181
2259;14,303;0,539073139396867
2260;14,307;0,495426048989219
2261;14,311;0,431782812384293
2262;14,315;0,495847020488109
2263;14,319;0,456256564524311
2264;14,323;0,462590272075793
2265;14,327;0,468388197719597
2266;14,331;0,484461654949946
2267;14,336;0,461327357579123
2268;14,340;0,476137900312801
2269;14,344;0,446325464164131
2270;14,348;0,451874633922228
2271;14,352;0,413145256024341
2272;14,356;0,451836363785965
2273;14,360;0,452946197737584
2274;14,364;0,444431092419126
2275;14,369;0,457232452999011
2276;14,373;0,450382098607981
2277;14,377;0,452219065148592
2278;14,381;0,405663444384977
2279;14,385;0,452238200216724
2280;14,389;0,426654614125086
2281;14,393;0,422138738046084
2282;14,397;0,475123741701839
2283;14,402;0,401779025554309
2284;14,406;0,449674101087121
2285;14,410;0,471794239846981
2286;14,414;0,452027714467279
2287;14,418;0,41046634648595
2288;14,422;0,455778187821027
2289;14,426;0,402659238688352
2290;14,430;0,432892646335912
2291;14,434;0,409260837193674
2292;14,439;0,454247382370517
2293;14,443;0,4125712039804
2294;14,447;0,444698983372965
2295;14,451;0,499023441797916
2296;14,455;0,431285300612877
2297;14,459;0,45610348397926
2298;14,463;0,389934418380993
2299;14,467;0,484423384813683
2300;14,472;0,457194182862748
2301;14,476;0,43174454224803
2302;14,480;0,462762487688976
2303;14,484;0,463164324119734
2304;14,488;0,455510296867188
2305;14,492;0,411289154415599
2306;14,496;0,444813793781753
2307;14,500;0,408284948718974
2308;14,505;0,414924817360558
2309;14,509;0,410141050327717
2310;14,513;0,42866379627888
2311;14,517;0,411920611663934
2312;14,521;0,404477070160832
2313;14,525;0,401472864464208
2314;14,529;0,414982222564953
2315;14,533;0,35600794258408
2316;14,538;0,419153667417591
2317;14,542;0,396459476613789
2318;14,546;0,419038857008802
2319;14,550;0,41215023248151
2320;14,554;0,406983764086041
2321;14,558;0,38708329322942
2322;14,562;0,426482398511904
2323;14,566;0,407768301879427
2324;14,571;0,425123808674577
2325;14,575;0,395981099910505
2326;14,579;0,400324760376326
2327;14,583;0,440087431953306
2328;14,587;0,428893417096456
2329;14,591;0,385342002029465
2330;14,595;0,381400177994404
2331;14,599;0,430271142001915
2332;14,603;0,406754143268465
2333;14,608;0,403615992094921
2334;14,612;0,408839865694784
2335;14,616;0,439341164296183
2336;14,620;0,409012081307966
2337;14,624;0,435705501351223
2338;14,628;0,521717632601717
2339;14,632;0,63040481958788
2340;14,636;0,753213686854993
2341;14,641;1,07066446715437
2342;14,645;1,55327002049557
2343;14,649;2,17274871618044
2344;14,653;3,17106349073011
2345;14,657;4,34888433942013
2346;14,661;6,10100598793687
2347;14,665;7,99023039961485
2348;14,669;9,79736536900927
2349;14,674;11,7735395302762
2350;14,678;13,5520101676098
2351;14,682;14,8275155391105
2352;14,686;15,4508595185579
2353;14,690;15,7948889084917
2354;14,694;15,3788159870433
2355;14,698;14,7734781067075
2356;14,702;13,8425379070483
2357;14,707;12,7843877744519
2358;14,711;11,5464445416931
2359;14,715;10,3646435988318
2360;14,719;9,33986502505642
2361;14,723;8,17385051340345
2362;14,727;7,2937139196331
2363;14,731;6,52702914481362
2364;14,735;5,93288527933468
2365;14,740;5,37102227379336
2366;14,744;4,8739888790811
2367;14,748;4,29643511767206
2368;14,752;3,99593800773707
2369;14,756;3,63007550506534
2370;14,760;3,40644396381406
2371;14,764;3,07881332726879
2372;14,768;2,80575590503419
2373;14,772;2,65409135502497
2374;14,777;2,51920825976697
2375;14,781;2,3255996404138
2376;14,785;2,08644955890798
2377;14,789;2,1028100421603
2378;14,793;1,94873447356653
2379;14,797;1,837808483609
2380;14,801;1,82680581943346
2381;14,805;1,67095068950348
2382;14,810;1,61134495227427
2383;14,814;1,55095467725168
2384;14,818;1,47891114573708
2385;14,822;1,5010695546332
2386;14,826;1,33503456845733
2387;14,830;1,3768638273925
2388;14,834;1,2292941819634
2389;14,838;1,24885022159366
2390;14,843;1,2237450122053
2391;14,847;1,15147185987313
2392;14,851;1,15857097014987
2393;14,855;1,07062619701811
2394;14,859;1,09818069512727
2395;14,863;1,06984165922472
2396;14,867;1,04159829866282
2397;14,871;0,978509979033706
2398;14,876;1,00864771134061
2399;14,880;0,975945879904103
2400;14,884;0,954897304959599
2401;14,888;0,915900036107874
2402;14,892;0,933791324810702
2403;14,896;0,920358506982482
2404;14,900;0,908915736239925
2405;14,904;0,821851176242206
2406;14,909;0,844889798272371
2407;14,913;0,879371191045094
2408;14,917;0,862283575203784
2409;14,921;0,786374759926652
2410;14,925;0,840125166307661
2411;14,929;0,831839681806779
2412;14,933;0,81350828653693
2413;14,937;0,775620851636823
2414;14,942;0,753137146582467
2415;14,946;0,804170373288823
2416;14,950;0,772941942098432
2417;14,954;0,709949297809972
2418;14,958;0,677649302804225
2419;14,962;0,695196160280689
2420;14,966;0,7022187302849
2421;14,970;0,672463699340625
2422;14,974;0,736049530741157
2423;14,979;0,669631709257182
2424;14,983;0,608916138076355
2425;14,987;0,637790955886588
2426;14,991;0,620301503614519
2427;14,995;0,607481007966503
2428;14,999;0,606696470173117
2429;15,003;0,589704529672463
2430;15,007;0,618521942278302
2431;15,012;0,591407550736155
2432;15,016;0,601587406982042
2433;15,020;0,537178767651861
2434;15,024;0,532701161709121
2435;15,028;0,563374675923702
