#"+EI TIC Scan 140C_1ml-min_8C-min_2.d "
#Point;X(Minutes);Y(Counts)
0;5,091;4,94364579411092
1;5,095;4,69501274887587
2;5,099;4,44549106421391
3;5,103;4,44350712502826
4;5,107;4,19720934154298
5;5,111;4,18780629644433
6;5,116;4,10307556039049
7;5,120;3,87700982339221
8;5,124;3,83842633943794
9;5,128;3,68524970147915
10;5,132;3,56681266530243
11;5,136;3,51318430919031
12;5,140;3,45209551509881
13;5,144;3,31545170368711
14;5,149;3,32886395922344
15;5,153;3,16671826286285
16;5,157;3,16219240159558
17;5,161;3,06320210264488
18;5,165;2,97733473476593
19;5,169;2,90812418963317
20;5,173;2,81802028495153
21;5,177;2,76083737113178
22;5,182;2,815375032704
23;5,186;2,64397095347704
24;5,190;2,51962343180974
25;5,194;2,58182819169316
26;5,198;2,53070042559629
27;5,202;2,49209627560883
28;5,206;2,40292234242046
29;5,210;2,37002201759175
30;5,215;2,37440321662673
31;5,219;2,3521665649209
32;5,223;2,28254269912446
33;5,227;2,21736203046256
34;5,231;2,21831266798902
35;5,235;2,18338707190829
36;5,239;2,14029839271994
37;5,243;2,06292476447955
38;5,247;2,0966723966688
39;5,252;2,04988449754054
40;5,256;2,00226995708492
41;5,260;2,01721149907685
42;5,264;1,99675212622482
43;5,268;1,95614337101853
44;5,272;1,89222333038085
45;5,276;1,97184955623827
46;5,280;1,99336289678267
47;5,285;1,97639608353872
48;5,289;1,92551630984005
49;5,293;1,89672852561493
50;5,297;1,85390850485796
51;5,301;1,82233080615302
52;5,305;1,8434928241333
53;5,309;1,85789704926245
54;5,313;1,78285868277184
55;5,318;1,83094854199069
56;5,322;1,80447535348216
57;5,326;1,76076669329829
58;5,330;1,76109734982924
59;5,334;1,70546438849828
60;5,338;1,7374554078669
61;5,342;1,68959287501307
62;5,346;1,68060315057809
63;5,351;1,68258708976374
64;5,355;1,6398703991727
65;5,359;1,59940630619869
66;5,363;1,61445117835655
67;5,367;1,70990758563281
68;5,371;1,93609731883019
69;5,375;2,58195218789227
70;5,379;3,88874813024065
71;5,384;6,18712101078395
72;5,388;9,74938714878593
73;5,392;13,9646792693648
74;5,396;18,212603056341
75;5,400;21,9798762435269
76;5,404;24,5319246814021
77;5,408;25,8697816716258
78;5,412;26,1615447281156
79;5,416;25,9086131479783
80;5,421;25,4510878393208
81;5,425;24,8707029633852
82;5,429;23,7187162756171
83;5,433;22,8698176305236
84;5,437;22,048673467996
85;5,441;21,2433594868872
86;5,445;20,1506429822904
87;5,449;19,6139667665387
88;5,454;18,5582011292747
89;5,458;17,7904993285606
90;5,462;17,1232964472196
91;5,466;16,4599167820176
92;5,470;15,8345006197743
93;5,474;15,1281976036495
94;5,478;14,4281770616125
95;5,482;13,7936885108015
96;5,487;13,4152727771718
97;5,491;12,7417047576102
98;5,495;12,0373236825714
99;5,499;11,5425375160833
100;5,503;10,9742836016267
101;5,507;10,4386406875341
102;5,511;9,86348431799404
103;5,515;9,45158961060647
104;5,520;8,97722148490408
105;5,524;8,34000501771286
106;5,528;7,81000393067951
107;5,532;7,25691888457979
108;5,536;6,77494565866574
109;5,540;6,35800843918131
110;5,544;5,83586044475783
111;5,548;5,31348512396933
112;5,553;5,00049805139973
113;5,557;4,61908574295836
114;5,561;4,33697372396545
115;5,565;3,94816297564425
116;5,569;3,69465274657781
117;5,573;3,51347363365488
118;5,577;3,21522144274538
119;5,581;3,05968887700362
120;5,585;2,93269610308879
121;5,590;2,68362907115687
122;5,594;2,54624128255055
123;5,598;2,36760409170924
124;5,602;2,2529076075388
125;5,606;2,23581679809575
126;5,610;2,07703966514413
127;5,614;1,91452198018623
128;5,618;1,84638606877904
129;5,623;1,71947595899694
130;5,627;1,65694054258257
131;5,631;1,68419904035208
132;5,635;1,63228596499422
133;5,639;1,54354601850271
134;5,643;1,46962361780404
135;5,647;1,41985980989729
136;5,651;1,39150601236903
137;5,656;1,3668307687475
138;5,660;1,40923746884079
139;5,664;1,30078212669188
140;5,668;1,34072956883628
141;5,672;1,25866475106316
142;5,676;1,17325203591426
143;5,680;1,2417186038524
144;5,684;1,19989055268826
145;5,689;1,20759898306584
146;5,693;1,20489173271875
147;5,697;1,14719216806941
148;5,701;1,13448255766133
149;5,705;1,15981911434475
150;5,709;1,13725180610797
151;5,713;1,13743780040662
152;5,717;1,08310679916625
153;5,722;1,13437922749541
154;5,726;1,11499448836895
155;5,730;1,08540072884966
156;5,734;1,09961895968016
157;5,738;1,13669382321201
158;5,742;1,09191052930258
159;5,746;1,0994329653815
160;5,750;1,06841324957252
161;5,754;1,10621142426581
162;5,759;1,10561210930348
163;5,763;1,14847346212681
164;5,767;1,28759719752057
165;5,771;1,59316516417717
166;5,775;2,30440736223299
167;5,779;3,51295698282529
168;5,783;5,32340481989759
169;5,787;7,52896654541216
170;5,792;9,85046471708821
171;5,796;11,985348609114
172;5,800;13,4644372701162
173;5,804;14,4128841970564
174;5,808;14,749141222991
175;5,812;14,8056628237489
176;5,816;14,5889174677166
177;5,820;14,3466495607021
178;5,825;13,8515947357827
179;5,829;13,142274478813
180;5,833;12,6555067332003
181;5,837;12,2047805494602
182;5,841;11,7018932979641
183;5,845;11,2144849053227
184;5,849;10,6306488018454
185;5,853;10,1876103824497
186;5,858;9,82686410719223
187;5,862;9,29124185913288
188;5,866;8,84832743593633
189;5,870;8,45656144486984
190;5,874;8,10313094535942
191;5,878;7,59606915516016
192;5,882;7,32623275987847
193;5,886;6,82590809649715
194;5,891;6,47570149816341
195;5,895;6,13037208366106
196;5,899;5,78086813045557
197;5,903;5,44027123755233
198;5,907;4,97664944910555
199;5,911;4,63431660941487
200;5,915;4,24244728818246
201;5,919;3,98914371944785
202;5,923;3,66067778802354
203;5,928;3,45579473503872
204;5,932;3,07126185558659
205;5,936;2,91279471313273
206;5,940;2,66443032632906
207;5,944;2,51329962565547
208;5,948;2,2691717756545
209;5,952;2,21525409507781
210;5,956;2,01390493376743
211;5,961;1,91567927804453
212;5,965;1,81152247079786
213;5,969;1,69091550113684
214;5,973;1,62581749660767
215;5,977;1,53184904372065
216;5,981;1,43451202742465
217;5,985;1,3583783611753
218;5,989;1,23436149603894
219;5,994;1,20234981063714
220;5,998;1,21646471130172
221;6,002;1,13572251965236
222;6,006;1,14436092152322
223;6,010;1,0720298053797
224;6,014;1,06917789280033
225;6,018;1,02854847156085
226;6,022;1,06483802583171
227;6,027;0,983083198556354
228;6,031;0,947227630982352
229;6,035;0,9302608177384
230;6,039;0,914409970286377
231;6,043;0,897153832577852
232;6,047;0,923751017285483
233;6,051;0,862186904430756
234;6,055;0,854912460750036
235;6,060;0,858343022258558
236;6,064;0,805913296071098
237;6,068;0,798948842888136
238;6,072;0,800643457609213
239;6,076;0,810253163039709
240;6,080;0,812960413386795
241;6,084;0,790393105150017
242;6,088;0,815998320264823
243;6,092;0,770243722795751
244;6,097;0,772289660080953
245;6,101;0,781878699478265
246;6,105;0,783717976431629
247;6,109;0,769768404032522
248;6,113;0,780535407321314
249;6,117;0,797212896100692
250;6,121;0,766296510457633
251;6,125;0,757120791723998
252;6,130;0,739554663517714
253;6,134;0,768177119477364
254;6,138;0,742220581798433
255;6,142;0,759414721407407
256;6,146;0,711138867889903
257;6,150;0,72546042888632
258;6,154;0,689067544449537
259;6,158;0,721947203245063
260;6,163;0,697044633258509
261;6,167;0,723559153833405
262;6,171;0,677432567767023
263;6,175;0,666169579681817
264;6,179;0,688612891719492
265;6,183;0,693097420920391
266;6,187;0,703885090242367
267;6,191;0,640874355064769
268;6,196;0,70518705033295
269;6,200;0,65794449847464
270;6,204;0,671832072774196
271;6,208;0,683384385323975
272;6,212;0,644862899469255
273;6,216;0,655877895156254
274;6,220;0,63295926435535
275;6,224;0,634529882877324
276;6,229;0,716677364783178
277;6,233;0,67966449935088
278;6,237;0,864542832213717
279;6,241;1,18790425344162
280;6,245;2,08388012212799
281;6,249;3,58307683341813
282;6,253;6,33120459414184
283;6,257;10,0712192835582
284;6,262;14,7913619287857
285;6,266;20,018297705781
286;6,270;25,0457649304857
287;6,274;28,8399039608106
288;6,278;31,4830896050266
289;6,282;32,8366941125365
290;6,286;33,0070855561374
291;6,290;32,661632145436
292;6,294;31,9056273195039
293;6,299;30,90561863977
294;6,303;29,1215406610403
295;6,307;27,9591382925475
296;6,311;26,5010463212601
297;6,315;25,1911504739341
298;6,319;23,903491278314
299;6,323;22,7415228965181
300;6,327;21,3095941232415
301;6,332;20,0359258320868
302;6,336;18,8492202085699
303;6,340;17,7458400308503
304;6,344;16,4766149368301
305;6,348;15,4079743608926
306;6,352;14,3995959377192
307;6,356;13,3201883584929
308;6,360;12,233196345088
309;6,365;11,1798486337065
310;6,369;10,1611578599744
311;6,373;8,98765783166193
312;6,377;8,09339724372982
313;6,381;7,29389041794572
314;6,385;6,54439539246657
315;6,389;5,83902234783496
316;6,393;5,15425333828767
317;6,398;4,67651664917631
318;6,402;4,11260260168825
319;6,406;3,60787607323877
320;6,410;3,24163263315435
321;6,414;2,9203791473112
322;6,418;2,59600509045729
323;6,422;2,33553040820789
324;6,426;2,09760236816207
325;6,431;1,89139668905349
326;6,435;1,72646107821308
327;6,439;1,57969091054129
328;6,443;1,47231020211794
329;6,447;1,27344096478963
330;6,451;1,23884602523984
331;6,455;1,1306800075555
332;6,459;1,08628936827656
333;6,463;1,00583650109179
334;6,468;0,958759277498947
335;6,472;0,892689969410138
336;6,476;0,848257998064833
337;6,480;0,81213377205944
338;6,484;0,75943538744059
339;6,488;0,724902445990356
340;6,492;0,692766764389449
341;6,496;0,646536848157148
342;6,501;0,666066249515898
343;6,505;0,652633327946387
344;6,509;0,602972850205565
345;6,513;0,616509101940995
346;6,517;0,615744458713192
347;6,521;0,58625402935982
348;6,525;0,570279185708694
349;6,529;0,543661334967879
350;6,534;0,550770450383128
351;6,538;0,54200805231317
352;6,542;0,547257224741871
353;6,546;0,540685426189403
354;6,550;0,535932238557114
355;6,554;0,525867880396573
356;6,558;0,515452199671906
357;6,562;0,544301981996579
358;6,567;0,465564395566061
359;6,571;0,510451019641411
360;6,575;0,509087061451276
361;6,579;0,469552939970547
362;6,583;0,450746849773232
363;6,587;0,517663465222579
364;6,591;0,485755109986695
365;6,595;0,456595337164265
366;6,600;0,4826758710423
367;6,604;0,452482796560676
368;6,608;0,429894822290714
369;6,612;0,462175166123908
370;6,616;0,442170446001929
371;6,620;0,462981141418078
372;6,624;0,441550465006413
373;6,628;0,412824678880843
374;6,632;0,479203977467411
375;6,637;0,424500987629726
376;6,641;0,395589207205502
377;6,645;0,384636209618055
378;6,649;0,412287362018063
379;6,653;0,424190997131968
380;6,657;0,374943840054823
381;6,661;0,391042679905052
382;6,665;0,394948560176802
383;6,670;0,441157810375919
384;6,674;0,413279331610888
385;6,678;0,409394117372322
386;6,682;0,408732804310439
387;6,686;0,396498512665592
388;6,690;0,367628064307735
389;6,694;0,375171166419845
390;6,698;0,400755715501467
391;6,703;0,405901557764249
392;6,707;0,367070081411771
393;6,711;0,379159710824331
394;6,715;0,35673706481984
395;6,719;0,393460605787564
396;6,723;0,388645420055724
397;6,727;0,392385972062003
398;6,731;0,385690177310432
399;6,736;0,356675066720288
400;6,740;0,336484352299654
401;6,744;0,330387872510415
402;6,748;0,365313468591143
403;6,752;0,344502773174993
404;6,756;0,337228329494273
405;6,760;0,356923059118494
406;6,764;0,382342279934646
407;6,769;0,31302840463597
408;6,773;0,344895427805486
409;6,777;0,342477501922974
410;6,781;0,398875106481736
411;6,785;0,515390201572354
412;6,789;0,758505415947316
413;6,793;1,17290071335013
414;6,797;2,05128978779704
415;6,801;3,50229330970241
416;6,806;5,63027474664477
417;6,810;8,1700062287424
418;6,814;11,1075588496294
419;6,818;13,788687330771
420;6,822;16,2286638706902
421;6,826;17,9721330942136
422;6,830;18,7312584911564
423;6,834;19,3263162506525
424;6,839;19,0067160474641
425;6,843;18,7091251696165
426;6,847;17,6462504169372
427;6,851;16,9582575062132
428;6,855;16,0888581562013
429;6,859;15,2640974378665
430;6,863;14,241087463199
431;6,867;13,3038415262444
432;6,872;12,2605995050898
433;6,876;11,6169972336448
434;6,880;10,6440197253154
435;6,884;9,80832667542631
436;6,888;9,08609014771667
437;6,892;8,14198308774508
438;6,896;7,40484635010988
439;6,900;6,63026276034552
440;6,905;5,85551384231569
441;6,909;5,24944108713254
442;6,913;4,52420798461125
443;6,917;4,02334600436715
444;6,921;3,45211618113199
445;6,925;3,0065771717211
446;6,929;2,65256802328153
447;6,933;2,32794597402941
448;6,938;2,03023109998268
449;6,942;1,82910926503733
450;6,946;1,60380817126686
451;6,950;1,40276900045424
452;6,954;1,26781980376362
453;6,958;1,15688453763264
454;6,962;1,05452567527297
455;6,966;0,911537391673821
456;6,970;0,836933011880076
457;6,975;0,75825742354911
458;6,979;0,731412246443272
459;6,983;0,675510626680924
460;6,987;0,712378829880935
461;6,991;0,630107351775977
462;6,995;0,592846493945472
463;6,999;0,538598156837832
464;7,003;0,551886416175056
465;7,008;0,538184836174155
466;7,012;0,503486566458449
467;7,016;0,487346394541853
468;7,020;0,450870845972335
469;7,024;0,458558610316732
470;7,028;0,431258780480849
471;7,032;0,428944184764256
472;7,036;0,413961310705956
473;7,041;0,42896485079744
474;7,045;0,356964391184862
475;7,049;0,375067836253926
476;7,053;0,37953169942164
477;7,057;0,370045990190247
478;7,061;0,345577406900554
479;7,065;0,358597007806387
480;7,069;0,31602497944763
481;7,074;0,35374049000818
482;7,078;0,318360241197407
483;7,082;0,342704828287997
484;7,086;0,35454646530235
485;7,090;0,337145665361538
486;7,094;0,327081307200997
487;7,098;0,354608463401902
488;7,102;0,361056265755267
489;7,107;0,355662431094279
490;7,111;0,405880891731066
491;7,115;0,40579822759833
492;7,119;0,368372041502354
493;7,123;0,364920813960649
494;7,127;0,415242604763355
495;7,131;0,362688882376792
496;7,135;0,401541024762454
497;7,139;0,369508673327467
498;7,144;0,364941479993833
499;7,148;0,333260451122972
500;7,152;0,328259271092477
501;7,156;0,336732344697861
502;7,160;0,360808273357061
503;7,164;0,315446330518482
504;7,168;0,322865436431489
505;7,172;0,311168461649422
506;7,177;0,316169641679917
507;7,181;0,297776872146279
508;7,185;0,304472666897851
509;7,189;0,321997463037766
510;7,193;0,313627719598302
511;7,197;0,242949886109491
512;7,201;0,262065966804564
513;7,205;0,275478222340891
514;7,210;0,252952246170481
515;7,214;0,242598563545365
516;7,218;0,250823644752543
517;7,222;0,23406349184043
518;7,226;0,244045185868236
519;7,230;0,274279592416227
520;7,234;0,266157841374969
521;7,238;0,239891313198279
522;7,243;0,226210399230562
523;7,247;0,254316204360616
524;7,251;0,236171427225184
525;7,255;0,245181817693348
526;7,259;0,258160086532814
527;7,263;0,231996888522044
528;7,267;0,233629505143569
529;7,271;0,279177442280803
530;7,276;0,248075062339089
531;7,280;0,212012834433249
532;7,284;0,207590303331902
533;7,288;0,218729295218004
534;7,292;0,220527240105
535;7,296;0,229868287104106
536;7,300;0,199633880556115
537;7,304;0,218543300919349
538;7,308;0,191119474884363
539;7,313;0,241813254284379
540;7,317;0,218749961251188
541;7,321;0,188742881068219
542;7,325;0,246979762580344
543;7,329;0,256196813380347
544;7,333;0,187854241641313
545;7,337;0,253034910303216
546;7,341;0,221684537963296
547;7,346;0,215877382638631
548;7,350;0,226995708491549
549;7,354;0,204945051084367
550;7,358;0,246504443817116
551;7,362;0,262355291269138
552;7,366;0,215588058174057
553;7,370;0,222159856726525
554;7,374;0,204676392652977
555;7,379;0,196554641611719
556;7,383;0,199199893859254
557;7,387;0,252332265174965
558;7,391;0,288931809943586
559;7,395;0,464613758039604
560;7,399;0,734202160923094
561;7,403;1,40764618428563
562;7,407;2,75879143384658
563;7,412;5,14985147321951
564;7,416;8,67700602084211
565;7,420;13,6585119877459
566;7,424;20,1061283468124
567;7,428;26,6673252242575
568;7,432;33,0009890763482
569;7,436;38,309803676818
570;7,440;42,2190111799106
571;7,445;45,1967799013734
572;7,449;45,7514975640947
573;7,453;44,9130972638585
574;7,457;43,2905243344607
575;7,461;41,0533849102412
576;7,465;38,6170869242288
577;7,469;36,1468139796621
578;7,473;32,9711473244307
579;7,477;30,3052910418119
580;7,482;27,2197282912621
581;7,486;24,3307408483572
582;7,490;21,870408265752
583;7,494;19,2590689786722
584;7,498;16,8029729328697
585;7,502;14,5398563049381
586;7,506;12,5430628466469
587;7,510;10,5800996846777
588;7,515;9,0072905631866
589;7,519;7,64327037495211
590;7,523;6,57828768688811
591;7,527;5,46668242796131
592;7,531;4,63123737047047
593;7,535;3,87087201153661
594;7,539;3,33357581478936
595;7,543;2,82347611771207
596;7,548;2,44599035557563
597;7,552;2,15092073377644
598;7,556;1,82848928404181
599;7,560;1,61525715365072
600;7,564;1,41122140802644
601;7,568;1,2569494703089
602;7,572;1,17610394849363
603;7,576;1,02226599747296
604;7,581;0,943590409141992
605;7,585;0,850241937250483
606;7,589;0,806223286568856
607;7,593;0,741228612205607
608;7,597;0,635542518503333
609;7,601;0,637795116120374
610;7,605;0,624279530418128
611;7,609;0,554820992887165
612;7,614;0,513736918917646
613;7,618;0,494724168388492
614;7,622;0,494806832521227
615;7,626;0,433180721566948
616;7,630;0,435123328686231
617;7,634;0,424335659364255
618;7,638;0,426381596649457
619;7,642;0,39771780862344
620;7,646;0,439277201356188
621;7,651;0,449878876379509
622;7,655;0,401561690795638
623;7,659;0,447357620331078
624;7,663;0,476434729020773
625;7,667;0,482655205009116
626;7,671;0,449258895383993
627;7,675;0,484990466758892
628;7,679;0,482841199307771
629;7,684;0,463787116712249
630;7,688;0,466205042594761
631;7,692;0,426939579545422
632;7,696;0,442335774267399
633;7,700;0,385545515078144
634;7,704;0,375398492784868
635;7,708;0,340782887201898
636;7,712;0,386454820538234
637;7,717;0,354174476705041
638;7,721;0,328424599357948
639;7,725;0,321418814108618
640;7,729;0,331317844003688
641;7,733;0,320344180383057
642;7,737;0,33956359124405
643;7,741;0,308729869733726
644;7,745;0,328610593656602
645;7,750;0,305588632689779
646;7,754;0,283186652718472
647;7,758;0,293209678812645
648;7,762;0,355889757459301
649;7,766;0,308316549070049
650;7,770;0,277565491692461
651;7,774;0,271861666533715
652;7,778;0,27959076294448
653;7,783;0,301951410849419
654;7,787;0,281368041798292
655;7,791;0,252910914104113
656;7,795;0,265165871782144
657;7,799;0,218543300919349
658;7,803;0,219659266711278
659;7,807;0,212756811627868
660;7,811;0,214079437751635
661;7,815;0,204325070088852
662;7,820;0,236853406320252
663;7,824;0,198373252531899
664;7,828;0,245657136456577
665;7,832;0,231211579261057
666;7,836;0,214224099983922
667;7,840;0,269981057513984
668;7,844;0,265496528313085
669;7,848;0,220196583574058
670;7,853;0,252084272776758
671;7,857;0,242267907014424
672;7,861;0,265289867981247
673;7,865;0,25813942049963
674;7,869;0,264959211450305
675;7,873;0,308771201800094
676;7,877;0,342725494321181
677;7,881;0,361696912783967
678;7,886;0,364362831064685
679;7,890;0,399598417643171
680;7,894;0,482861865340954
681;7,898;0,505263845312262
682;7,902;0,693118086953575
683;7,906;1,03855083162184
684;7,910;1,59847633470542
685;7,914;2,72452715082774
686;7,919;4,47558080852962
687;7,923;6,74165267920654
688;7,927;9,69704008673121
689;7,931;12,9605787150605
690;7,935;16,1406679013933
691;7,939;19,0514166772408
692;7,943;21,0355418571903
693;7,947;22,3906549851225
694;7,952;22,9956737726133
695;7,956;22,5771866006401
696;7,960;21,7965891952192
697;7,964;20,6396013274206
698;7,968;19,0870862505161
699;7,972;17,5662315364493
700;7,976;15,910551621891
701;7,980;14,4475824667721
702;7,984;12,6986780765214
703;7,989;11,2731351074985
704;7,993;9,69685409243255
705;7,997;8,39687794103485
706;8,001;7,06201752562278
707;8,005;5,97068564524935
708;8,009;5,11668248995941
709;8,013;4,28392401678247
710;8,017;3,60217224808002
711;8,022;3,02269667760451
712;8,026;2,58680870569047
713;8,030;2,12777477661051
714;8,034;1,76785514268036
715;8,038;1,51012904284441
716;8,042;1,36048629656006
717;8,046;1,22076324620396
718;8,050;1,01139566401825
719;8,055;0,938651227211049
720;8,059;0,920341121810146
721;8,063;1,04640392423171
722;8,067;1,44261311243273
723;8,071;2,26886178515675
724;8,075;3,65206005218587
725;8,079;5,81050322204123
726;8,083;8,78682532118115
727;8,088;12,2484685436109
728;8,092;16,0224375255484
729;8,096;19,476868302397
730;8,100;22,5704288077889
731;8,104;24,7138271054865
732;8,108;25,8080728965388
733;8,112;26,070097531277
734;8,116;25,4017786841441
735;8,121;24,2164783508836
736;8,125;22,5261001666096
737;8,129;20,6815740408171
738;8,133;18,5474134599527
739;8,137;16,4310050015934
740;8,141;14,5186942869578
741;8,145;12,6831372195671
742;8,149;10,7300524214598
743;8,153;9,10698350726556
744;8,158;7,58786473998617
745;8,162;6,25399629416693
746;8,166;5,14460230079081
747;8,170;4,30506536872956
748;8,174;3,59117791842621
749;8,178;3,00161732375697
750;8,182;2,56940790574966
751;8,186;2,07534505042305
752;8,191;1,82547204319697
753;8,195;1,52496725467042
754;8,199;1,34633006382911
755;8,203;1,18184910571875
756;8,207;1,03226835753395
757;8,211;0,934290694209253
758;8,215;0,822797445182314
759;8,219;0,741786595101572
760;8,224;0,697767944419944
761;8,228;0,603468835001978
762;8,232;0,555296311650394
763;8,236;0,541016082720344
764;8,240;0,52547522576608
765;8,244;0,500035338916744
766;8,248;0,444629703950808
767;8,252;0,410262090766044
768;8,257;0,358121689043159
769;8,261;0,334355750881716
770;8,265;0,308667871634175
771;8,269;0,325903343309516
772;8,273;0,299926139597401
773;8,277;0,275230229942685
774;8,281;0,239209334103212
775;8,285;0,250823644752543
776;8,290;0,230777592564196
777;8,294;0,214596088581231
778;8,298;0,235055461433256
779;8,302;0,216972682397376
780;8,306;0,197133290540867
781;8,310;0,193971387463736
782;8,314;0,185105659227859
783;8,318;0,149560082151615
784;8,322;0,156875857898703
785;8,327;0,186200958986604
786;8,331;0,150779378109463
787;8,335;0,151544021337266
788;8,339;0,165038941006328
789;8,343;0,141438331110357
790;8,347;0,127964077474478
791;8,351;0,140425695484348
792;8,355;0,142492298802734
793;8,360;0,123231555875374
794;8,364;0,144910224685246
795;8,368;0,121268282722907
796;8,372;0,126042136388379
797;8,376;0,124016865136361
798;8,380;0,14519954914982
799;8,384;0,146026190477175
800;8,388;0,120110984864611
801;8,393;0,0887812785578746
802;8,397;0,0973783483623615
803;8,401;0,135341851321118
804;8,405;0,121784933552504
805;8,409;0,0824574724036126
806;8,413;0,0922945041991313
807;8,417;0,112629880852052
808;8,421;0,107463372556087
809;8,426;0,120069652798243
810;8,430;0,0876859787991299
811;8,434;0,0679912491749086
812;8,438;0,0876446467327621
813;8,442;0,102110869961466
814;8,446;0,0994036196143801
815;8,450;0,0987423065524965
816;8,454;0,103206169720211
817;8,459;0,0738604025991257
818;8,463;0,0838007645605637
819;8,467;0,0737570724332064
820;8,471;0,0616674430206466
821;8,475;0,0765469869130278
822;8,479;0,069437871497779
823;8,483;0,0661726382547287
824;8,487;0,085412715148905
825;8,491;0,0699131902610079
826;8,496;0,076670983112131
827;8,500;0,0763816586475569
828;8,504;0,0697271959623531
829;8,508;0,0705745033228915
830;8,512;0,0441633129139148
831;8,516;0,0761543322825344
832;8,520;0,0549923143022589
833;8,524;0,0509624378314057
834;8,529;0,0331689832600998
835;8,533;0,039472123381178
836;8,537;0,0617707731865659
837;8,541;0,0367855390672758
838;8,545;0,057534236383874
839;8,549;0,0388521423856621
840;8,553;0,0634033898080911
841;8,557;0,0480691931856649
842;8,562;0,0374468521291594
843;8,566;0,0517684131255763
844;8,570;0,039472123381178
845;8,574;0,0596628378018119
846;8,578;0,0390588027175007
847;8,582;0,0567695931560711
848;8,586;0,114779148303174
849;8,590;0,148175457928296
850;8,595;0,293333675011749
851;8,599;0,605659434519467
852;8,603;1,14188099754116
853;8,607;2,24437253583387
854;8,611;3,82881663400745
855;8,615;6,27127309790864
856;8,619;9,45677678493562
857;8,623;13,0314425428479
858;8,628;17,1239164282151
859;8,632;20,7986471188037
860;8,636;23,7565557823768
861;8,640;25,4581556226696
862;8,644;26,1995082310744
863;8,648;26,1773955755676
864;8,652;25,1144381587556
865;8,656;23,4586549140314
866;8,660;21,229285918289
867;8,665;19,1455504583933
868;8,669;16,626092354849
869;8,673;14,3826704565416
870;8,677;12,1561120413122
871;8,681;10,0791550403008
872;8,685;8,41754397421871
873;8,689;7,08278688897256
874;8,693;5,67741396833716
875;8,698;4,6787072486938
876;8,702;3,8726699564236
877;8,706;3,18759095637855
878;8,710;2,61084330228331
879;8,714;2,18396572083744
880;8,718;1,85301986543106
881;8,722;1,56813859799151
882;8,726;1,33012789381296
883;8,731;1,15535525117703
884;8,735;0,976676728269356
885;8,739;0,86884136711596
886;8,743;0,773136967441491
887;8,747;0,698408591448643
888;8,751;0,71545806882533
889;8,755;0,957126660877422
890;8,759;1,51903610314665
891;8,764;2,73401286005913
892;8,768;4,94114520409568
893;8,772;8,97978407301888
894;8,776;15,2282832023589
895;8,780;24,2090385789374
896;8,784;35,4631196038404
897;8,788;47,6935467004818
898;8,792;60,4408106210184
899;8,797;72,4834248080849
900;8,801;82,0829625502546
901;8,805;88,2170545198888
902;8,809;90,1685686994741
903;8,813;88,5953875893858
904;8,817;83,9879161570767
905;8,821;76,9081878410154
906;8,825;68,5145338011572
907;8,829;58,9222705026682
908;8,834;50,1840516915355
909;8,838;41,7188518447948
910;8,842;33,9389583244642
911;8,846;27,3623239202308
912;8,850;22,1041204350283
913;8,854;17,6985974789919
914;8,858;14,3196183892976
915;8,862;11,5076119200026
916;8,867;9,4909997358881
917;8,871;7,82139091496382
918;8,875;6,42304444561093
919;8,879;5,40993350083842
920;8,883;4,68848228238977
921;8,887;3,98263391899494
922;8,891;3,46009326994097
923;8,895;2,97330485829508
924;8,900;2,59782370137747
925;8,904;2,32906193982134
926;8,908;2,02241933943918
927;8,912;1,83727234814495
928;8,916;1,6913494878337
929;8,920;1,53722221234845
930;8,924;1,42118243602106
931;8,928;1,28875449537887
932;8,933;1,1852383351609
933;8,937;1,10821602948464
934;8,941;1,02968510338596
935;8,945;0,938093244315084
936;8,949;0,92753290135813
937;8,953;0,774294265299788
938;8,957;0,777435502343735
939;8,961;0,730647603215469
940;8,966;0,688240903122183
941;8,970;0,665921587283611
942;8,974;0,605163449723054
943;8,978;0,607664039738302
944;8,982;0,506834463834235
945;8,986;0,512517622959798
946;8,990;0,478687326637814
947;8,994;0,471660875355301
948;8,998;0,47657939125306
949;9,003;0,422537714477259
950;9,007;0,403380301715818
951;9,011;0,424810978127484
952;9,015;0,361614248651231
953;9,019;0,345908063431496
954;9,023;0,314020374228795
955;9,027;0,349359290973201
956;9,031;0,332909128558846
957;9,036;0,306146615585744
958;9,040;0,2608673368799
959;9,044;0,260123359685281
960;9,048;0,214120769818003
961;9,052;0,275829544905017
962;9,056;0,226189733197378
963;9,060;0,249005033832363
964;9,064;0,215154071477196
965;9,069;0,240759286592002
966;9,073;0,203705089093336
967;9,077;0,20099783874625
968;9,081;0,204945051084367
969;9,085;0,196203319047593
970;9,089;0,229434300407245
971;9,093;0,211330855338181
972;9,097;0,222738505655673
973;9,102;0,200047201219792
974;9,106;0,164398293977629
975;9,110;0,158983793283457
976;9,114;0,194446706226965
977;9,118;0,182109084416199
978;9,122;0,153362632257446
979;9,126;0,190189503391089
980;9,130;0,144744896419775
981;9,135;0,162207694460139
982;9,139;0,144455571955201
983;9,143;0,126889443748918
984;9,147;0,107649366854741
985;9,151;0,119780328333669
986;9,155;0,130712659887932
987;9,159;0,131559967248471
988;9,163;0,144434905922017
989;9,167;0,135093858922911
990;9,172;0,112857207217075
991;9,176;0,139061737294213
992;9,180;0,136664477444885
993;9,184;0,151895343901392
994;9,188;0,163364992318435
995;9,192;0,143360272196456
996;9,196;0,184857666829653
997;9,200;0,169068817477182
998;9,205;0,121908929751607
999;9,209;0,207796963663741
1000;9,213;0,287981172417128
1001;9,217;0,441240474508655
1002;9,221;0,796489584939256
1003;9,225;1,4735088320426
1004;9,229;2,72992098548872
1005;9,233;4,61846576196284
1006;9,238;7,57852369298706
1007;9,242;11,3002489430357
1008;9,246;15,6895490630227
1009;9,250;19,9064944662563
1010;9,254;24,1106682609822
1011;9,258;27,2416549524702
1012;9,262;28,8712130010841
1013;9,266;29,0709502118062
1014;9,271;28,1909698528041
1015;9,275;26,0741894058474
1016;9,279;23,5233809299632
1017;9,283;20,7808949962987
1018;9,287;17,6448451266807
1019;9,291;14,8316193614278
1020;9,295;12,2256325769427
1021;9,299;9,99365966101919
1022;9,304;8,14059846352177
1023;9,308;6,52323337448629
1024;9,312;5,25214833747963
1025;9,316;4,31732032640759
1026;9,320;3,48379721000286
1027;9,324;2,93970188833812
1028;9,328;2,45185950899985
1029;9,332;2,06352407944188
1030;9,336;1,76762781631534
1031;9,341;1,60498613515834
1032;9,345;1,37044732455468
1033;9,349;1,22320183811966
1034;9,353;1,09093922574293
1035;9,357;1,01046569252497
1036;9,361;0,935592654299837
1037;9,365;0,863778188985914
1038;9,369;0,774542257697994
1039;9,374;0,747903740923995
1040;9,378;0,642692965984949
1041;9,382;0,540933418587609
1042;9,386;0,574908377141879
1043;9,390;0,515328203472803
1044;9,394;0,442005117736458
1045;9,398;0,409890102168735
1046;9,402;0,347272021621631
1047;9,407;0,355290442496969
1048;9,411;0,348759976010869
1049;9,415;0,28295932635345
1050;9,419;0,30002946976332
1051;9,423;0,244830495129223
1052;9,427;0,269361076518468
1053;9,431;0,243301208673617
1054;9,435;0,237597383514871
1055;9,440;0,219762596877197
1056;9,444;0,187316924778532
1057;9,448;0,21298413799289
1058;9,452;0,180662462093329
1059;9,456;0,165658922001844
1060;9,460;0,176921910087049
1061;9,464;0,205544366046699
1062;9,468;0,218109314222488
1063;9,473;0,328176606959741
1064;9,477;0,634323222545485
1065;9,481;1,11755707648375
1066;9,485;2,23751141281683
1067;9,489;3,95382546873663
1068;9,493;6,65221008758678
1069;9,497;10,411650848196
1070;9,501;14,8383358222126
1071;9,505;19,8020070024787
1072;9,510;25,0161091728668
1073;9,514;29,0520201254098
1074;9,518;31,8329242147631
1075;9,522;32,9914413690172
1076;9,526;32,6291864733373
1077;9,530;30,5525601288569
1078;9,534;27,4471373204173
1079;9,538;23,8754681373167
1080;9,543;20,314131970808
1081;9,547;17,0103565758698
1082;9,551;13,7821775303181
1083;9,555;11,0764564696877
1084;9,559;8,80616872824125
1085;9,563;6,88736887918596
1086;9,567;5,7147574903004
1087;9,571;4,6081534114041
1088;9,576;3,63660185936434
1089;9,580;3,08401279806103
1090;9,584;2,56465471811737
1091;9,588;2,20169717730919
1092;9,592;1,8852382111647
1093;9,596;1,62187028426955
1094;9,600;1,43436736519237
1095;9,604;1,24322722427482
1096;9,609;1,07949024335907
1097;9,613;0,954130086065762
1098;9,617;0,884712880601167
1099;9,621;0,766296510457633
1100;9,625;0,706778334888108
1101;9,629;0,670178790119487
1102;9,633;0,549096501695235
1103;9,637;0,53746152501272
1104;9,642;0,486147764617189
1105;9,646;0,51547286570509
1106;9,650;0,432147419907755
1107;9,654;0,41906582090237
1108;9,658;0,385545515078144
1109;9,662;0,369674001592938
1110;9,666;0,343283477217145
1111;9,670;0,297198223217131
1112;9,674;0,309101858331036
1113;9,679;0,259565376789317
1114;9,683;0,25904872595972
1115;9,687;0,283971961979459
1116;9,691;0,225693748400966
1117;9,695;0,211186193105894
1118;9,699;0,210235555579436
1119;9,703;0,220589238204552
1120;9,707;0,213666117087958
1121;9,712;0,211744176001858
1122;9,716;0,159893098743547
1123;9,720;0,165183603238615
1124;9,724;0,153837951020675
1125;9,728;0,11657709319017
1126;9,732;0,128480728304075
1127;9,736;0,0923151702323151
1128;9,740;0,110005294637702
1129;9,745;0,104611459976714
1130;9,749;0,0890086049228971
1131;9,753;0,116659757322906
1132;9,757;0,141128340612599
1133;9,761;0,0931004794933019
1134;9,765;0,0940304509865758
1135;9,769;0,0873759883013719
1136;9,773;0,0758236757515926
1137;9,778;0,0871693279695333
1138;9,782;0,0953944091767107
1139;9,786;0,0931624775928535
1140;9,790;0,109488643808105
1141;9,794;0,0661106401551771
1142;9,798;0,120131650897794
1143;9,802;0,0677019247103346
1144;9,806;0,0836561023282766
1145;9,811;0,0676192605775991
1146;9,815;0,0982876538224515
1147;9,819;0,0767743132780503
1148;9,823;0,0578235608484481
1149;9,827;0,0480898592188487
1150;9,831;0,0655113251928451
1151;9,835;0,0749763683910543
1152;9,839;0,107132716025145
1153;9,843;0,0522850639551729
1154;9,848;0,0327556625964225
1155;9,852;0,0379015048592044
1156;9,856;0,0583195456448608
1157;9,860;0,0265558526412637
1158;9,864;0
1159;9,868;0,0383354915560655
1160;9,872;0,0297797538179463
1161;9,876;0,0514377565946345
1162;9,881;0,068383903805402
1163;9,885;0,00876239806995783
1164;9,889;0,026514520574896
1165;9,893;0,0330449870609966
1166;9,897;0,0112423220520214
1167;9,901;0,00241792588251195
1168;9,905;0,0538556824771465
1169;9,909;0,0398234459453036
1170;9,914;0,0298830839838656
1171;9,918;0,0141149006645783
1172;9,922;0,0401747685094293
1173;9,926;0,0304410668798299
1174;9,930;0,0770843037758083
1175;9,934;0,109984628604518
1176;9,938;0,244210514133707
1177;9,942;0,47604207439028
1178;9,947;1,03689754896713
1179;9,951;2,09237386176656
1180;9,955;3,72558979825405
1181;9,959;6,31080721938937
1182;9,963;10,0491066280515
1183;9,967;14,3999059282169
1184;9,971;19,5570525111504
1185;9,975;24,1963083024962
1186;9,980;28,2469954687656
1187;9,984;31,101201977822
1188;9,988;32,5948808582521
1189;9,992;31,7846070291792
1190;9,996;29,7691934749893
1191;10,000;26,9531157971571
1192;10,004;23,2700980272618
1193;10,008;19,3972420765395
1194;10,012;16,0471127691699
1195;10,017;12,9196599693564
1196;10,021;10,4153707341691
1197;10,025;8,2689965276931
1198;10,029;6,60234294951412
1199;10,033;5,37810780973527
1200;10,037;4,30000219059952
1201;10,041;3,51064238710869
1202;10,045;2,92517366700986
1203;10,050;2,4863717844169
1204;10,054;2,08495475585355
1205;10,058;1,80329738959068
1206;10,062;1,55937619992155
1207;10,066;1,33696835079682
1208;10,070;1,22450379821024
1209;10,074;1,03466561738328
1210;10,078;0,921415755535707
1211;10,083;0,839764258426265
1212;10,087;0,769747737999338
1213;10,091;0,749185034981394
1214;10,095;0,591007216992108
1215;10,099;0,568625903053985
1216;10,103;0,530373075630655
1217;10,107;0,488379696201046
1218;10,111;0,427828218972328
1219;10,116;0,390753355440478
1220;10,120;0,416689227086226
1221;10,124;0,380998987777695
1222;10,128;0,351963211154367
1223;10,132;0,320344180383057
1224;10,136;0,335533714773196
1225;10,140;0,286079897364213
1226;10,144;0,309949165691574
1227;10,149;0,2602266898512
1228;10,153;0,263078602430574
1229;10,157;0,21025622161262
1230;10,161;0,223978467646705
1231;10,165;0,224763776907692
1232;10,169;0,193103414070014
1233;10,173;0,161422385199152
1234;10,177;0,16846950251485
1235;10,181;0,165720920101396
1236;10,186;0,189858846860148
1237;10,190;0,18682093998212
1238;10,194;0,347520014019837
1239;10,198;0,675138638083614
1240;10,202;1,27776016572505
1241;10,206;2,62473087658286
1242;10,210;5,09109794087779
1243;10,214;9,20086929601985
1244;10,219;15,0642775630118
1245;10,223;23,506269454487
1246;10,227;33,3663852090721
1247;10,231;44,5583648042575
1248;10,235;55,8524966014708
1249;10,239;64,7366382729148
1250;10,243;71,2038666974728
1251;10,247;74,0407550707212
1252;10,252;72,1023224901413
1253;10,256;66,812892628798
1254;10,260;58,9409112646
1255;10,264;49,7637045765757
1256;10,268;40,6356003833963
1257;10,272;32,315558753739
1258;10,276;25,4971524272876
1259;10,280;20,1935869992465
1260;10,285;15,7554323768129
1261;10,289;12,5129937683644
1262;10,293;10,031850490343
1263;10,297;8,15388672285899
1264;10,301;6,75270900695991
1265;10,305;5,63467661171293
1266;10,309;4,73537351168396
1267;10,313;4,06263213344967
1268;10,318;3,57452109568001
1269;10,322;3,23460618187184
1270;10,326;2,97196156613813
1271;10,330;2,525947237964
1272;10,334;2,33904363384914
1273;10,338;2,19795662530291
1274;10,342;1,99325956661675
1275;10,346;1,87058599363734
1276;10,350;1,72148056421577
1277;10,355;1,5678906055933
1278;10,359;1,45040420694304
1279;10,363;1,3106191584874
1280;10,367;1,2159687265053
1281;10,371;1,11162592495998
1282;10,375;1,02408460839314
1283;10,379;0,925838286637054
1284;10,383;0,874896514838832
1285;10,388;0,830195885062137
1286;10,392;0,769479079567948
1287;10,396;0,683859704087204
1288;10,400;0,681421112171508
1289;10,404;0,626015477205572
1290;10,408;0,589188606071929
1291;10,412;0,54436398009613
1292;10,416;0,484081161298802
1293;10,421;0,503899887122127
1294;10,425;0,447667610828836
1295;10,429;0,405095582470079
1296;10,433;0,378849720326573
1297;10,437;0,449093567118523
1298;10,441;0,407596172485326
1299;10,445;0,399515753510436
1300;10,449;0,396333184400121
1301;10,454;0,385338854746306
1302;10,458;0,406108218096088
1303;10,462;0,518944759279979
1304;10,466;0,733664844060313
1305;10,470;1,09833766562276
1306;10,474;1,93948654827234
1307;10,478;3,46476379344052
1308;10,482;5,87124069356861
1309;10,487;9,34873476345038
1310;10,491;13,8746373627827
1311;10,495;19,1124641392659
1312;10,499;24,6041937994461
1313;10,503;29,4388469345453
1314;10,507;33,005576935715
1315;10,511;35,0830712535892
1316;10,515;34,8703764400609
1317;10,519;33,1527397580173
1318;10,524;29,5798512789588
1319;10,528;25,7796157688446
1320;10,532;21,394180197063
1321;10,536;17,4272111312215
1322;10,540;14,0620576177272
1323;10,544;11,2718951455075
1324;10,548;8,98480591908256
1325;10,552;7,14162308544702
1326;10,557;5,75892080321431
1327;10,561;4,72365587086871
1328;10,565;3,88225899582091
1329;10,569;3,29914620350504
1330;10,573;2,88559821346276
1331;10,577;2,40124839373257
1332;10,581;2,14589888771276
1333;10,585;1,80809190928934
1334;10,590;1,67409335012517
1335;10,594;1,50601650224082
1336;10,598;1,37966437535468
1337;10,602;1,43166011484528
1338;10,606;1,74873906198529
1339;10,610;2,56676265350213
1340;10,614;4,16844222335105
1341;10,618;7,07483046619678
1342;10,623;11,8180570704906
1343;10,627;18,528338711324
1344;10,631;27,1696338268244
1345;10,635;38,1675180383471
1346;10,639;49,6734560096618
1347;10,643;59,775695009029
1348;10,647;67,6950429212843
1349;10,651;71,8243850098515
1350;10,656;71,8256869699421
1351;10,660;67,8399738120028
1352;10,664;60,7219720024849
1353;10,668;51,7570674733584
1354;10,672;42,9302533779665
1355;10,676;34,2965220306114
1356;10,680;27,4264506212003
1357;10,684;21,6863152421501
1358;10,688;17,1458844214895
1359;10,693;13,6465670205656
1360;10,697;11,0958618748473
1361;10,701;9,00580260879737
1362;10,705;7,50774252933233
1363;10,709;6,27162442047276
1364;10,713;5,25214833747963
1365;10,717;4,57165719680139
1366;10,721;4,01524491935907
1367;10,726;3,50493856194995
1368;10,730;3,06677732638569
1369;10,734;2,75486488754165
1370;10,738;2,45578605530478
1371;10,742;2,23434950973969
1372;10,746;2,02911513419075
1373;10,750;1,83867763840146
1374;10,754;1,65410929603638
1375;10,759;1,55952086215384
1376;10,763;1,39904911448114
1377;10,767;1,31053649435466
1378;10,771;1,19896058119498
1379;10,775;1,14328628779766
1380;10,779;1,00604316142363
1381;10,783;0,983393189054112
1382;10,787;0,866650767598471
1383;10,792;0,854850462650485
1384;10,796;0,851419901141964
1385;10,800;0,811183134532983
1386;10,804;0,814510365875585
1387;10,808;0,693717401915907
1388;10,812;0,652013346950871
1389;10,816;0,671563414342806
1390;10,820;0,667864194402894
1391;10,825;0,586936008454887
1392;10,829;0,539507462297922
1393;10,833;0,555874960579542
1394;10,837;0,488834348931091
1395;10,841;0,470441579397453
1396;10,845;0,427270236076363
1397;10,849;0,424562985729277
1398;10,853;0,415655925427033
1399;10,857;0,42714623987726
1400;10,862;0,361076931788451
1401;10,866;0,375977141714016
1402;10,870;0,33919160264674
1403;10,874;0,349400623039568
1404;10,878;0,29639224792296
1405;10,882;0,323506083460188
1406;10,886;0,342787492420732
1407;10,890;0,366842755046749
1408;10,895;0,515865520335583
1409;10,899;0,815915656132087
1410;10,903;1,44201379747039
1411;10,907;2,54283138707522
1412;10,911;4,62755881656374
1413;10,915;7,89642928145443
1414;10,919;12,3404737233455
1415;10,923;18,2507318875652
1416;10,928;24,83730665376
1417;10,932;32,5768394112826
1418;10,936;40,6258873477998
1419;10,940;48,6368684511924
1420;10,944;57,1731801181188
1421;10,948;64,7011133618717
1422;10,952;73,645868508644
1423;10,956;81,1881026473602
1424;10,961;86,8093670035368
1425;10,965;89,6939732474067
1426;10,969;88,3173467789301
1427;10,973;82,4990317963453
1428;10,977;73,4052952163506
1429;10,981;61,6847404904215
1430;10,985;50,4289648507974
1431;10,989;40,3490451672688
1432;10,994;31,9987691310636
1433;10,998;25,2267373830768
1434;11,002;19,8387305434464
1435;11,006;15,979906829256
1436;11,010;13,0851535630928
1437;11,014;10,7012439712015
1438;11,018;9,03324710086554
1439;11,022;7,61859513133057
1440;11,026;6,61767714613655
1441;11,031;5,73461754819009
1442;11,035;5,00303997348135
1443;11,039;4,43900192979418
1444;11,043;3,97068895181466
1445;11,047;3,54711793567821
1446;11,051;3,18523502859559
1447;11,055;2,83068856329324
1448;11,059;2,62227161863398
1449;11,064;2,46932230704022
1450;11,068;2,23042296343476
1451;11,072;2,03831151895757
1452;11,076;1,92297438775843
1453;11,080;1,73084227724806
1454;11,084;1,69258944982473
1455;11,088;1,45114818413766
1456;11,092;1,46763967861838
1457;11,097;1,3538938319744
1458;11,101;1,29786821601295
1459;11,105;1,23165424569186
1460;11,109;1,18887555700126
1461;11,113;1,1707721119322
1462;11,117;1,0357815831752
1463;11,121;1,0310490615761
1464;11,125;0,951236841420021
1465;11,130;0,930219485672033
1466;11,134;0,904531606424491
1467;11,138;0,846026066480975
1468;11,142;0,829472573900701
1469;11,146;0,799093505120423
1470;11,150;0,83294446747559
1471;11,154;0,760820011663909
1472;11,158;0,706179019925776
1473;11,163;0,719818601827125
1474;11,167;0,67329936113025
1475;11,171;0,666252243814553
1476;11,175;0,580674200400177
1477;11,179;0,6206009765114
1478;11,183;0,586130033160717
1479;11,187;0,555874960579542
1480;11,191;0,514542894211816
1481;11,196;0,48530045725665
1482;11,200;0,483440514270103
1483;11,204;0,430039484523001
1484;11,208;0,435536649349909
1485;11,212;0,516692161662938
1486;11,216;0,77189700545046
1487;11,220;1,09236518203262
1488;11,224;1,85895101695483
1489;11,228;3,26907712522252
1490;11,233;5,43700600430928
1491;11,237;8,8003409068834
1492;11,241;12,9474351179555
1493;11,245;17,8645250594252
1494;11,249;23,0607924431756
1495;11,253;27,0868250318567
1496;11,257;30,3404852963241
1497;11,261;31,6749737231388
1498;11,266;31,2009362539674
1499;11,270;29,3162766917318
1500;11,274;25,9792083173344
1501;11,278;22,1768648718355
1502;11,282;18,2780523834343
1503;11,286;14,8278788094216
1504;11,290;11,9055157229247
1505;11,294;9,56486013848722
1506;11,299;7,62161237217542
1507;11,303;6,07562776175701
1508;11,307;4,94759300644904
1509;11,311;4,15432732268647
1510;11,315;3,49900741042618
1511;11,319;2,86394021068608
1512;11,323;2,55605764831289
1513;11,327;2,19334809990291
1514;11,332;1,86335288202299
1515;11,336;1,7044104208059
1516;11,340;1,55759892106774
1517;11,344;1,44383240839057
1518;11,348;1,26777847169725
1519;11,352;1,22094924050261
1520;11,356;1,10352483995191
1521;11,360;1,0552489864344
1522;11,365;0,953076118373385
1523;11,369;0,90110104491597
1524;11,373;0,829699900265724
1525;11,377;0,793534342193964
1526;11,381;0,762514626384986
1527;11,385;0,716202046019949
1528;11,389;0,604564134760722
1529;11,393;0,621861604535616
1530;11,397;0,533142324077293
1531;11,402;0,50974837451316
1532;11,406;0,547050564410032
1533;11,410;0,472570180815391
1534;11,414;0,426050940118516
1535;11,418;0,463539124314043
1536;11,422;0,427270236076363
1537;11,426;0,406004887930169
1538;11,430;0,364218168832398
1539;11,435;0,358535009706836
1540;11,439;0,348387987413559
1541;11,443;0,391146010070971
1542;11,447;0,30757257187543
1543;11,451;0,345618738966922
1544;11,455;0,328755255888889
1545;11,459;0,311685112479019
1546;11,463;0,290192437967801
1547;11,468;0,245450476124739
1548;11,472;0,31238775760727
1549;11,476;0,281202713532821
1550;11,480;0,245471142157922
1551;11,484;0,253158906502319
1552;11,488;0,239002673771373
1553;11,492;0,239106003937293
1554;11,496;0,221353881432354
1555;11,501;0,223337820618005
1556;11,505;0,231046250995586
1557;11,509;0,198021929967773
1558;11,513;0,198724575096025
1559;11,517;0,186882938081671
1560;11,521;0,171197418895119
1561;11,525;0,199117229726518
1562;11,529;0,191181472983915
1563;11,534;0,130691993854748
1564;11,538;0,184155021701401
1565;11,542;0,165286933404535
1566;11,546;0,155553231774935
1567;11,550;0,183907029303195
1568;11,554;0,184403014099608
1569;11,558;0,182853061610818
1570;11,562;0,219369942246704
1571;11,566;0,209470912351633
1572;11,571;0,183059721942657
1573;11,575;0,180579797960593
1574;11,579;0,175929940494224
1575;11,583;0,190396163722928
1576;11,587;0,129534695996452
1577;11,591;0,176322595124717
1578;11,595;0,175433955697811
1579;11,599;0,169461472107675
1580;11,604;0,147844801397355
1581;11,608;0,158322480221573
1582;11,612;0,181675097719338
1583;11,616;0,16119505883413
1584;11,620;0,185374317659249
1585;11,624;0,234807469035049
1586;11,628;0,377940414866483
1587;11,632;0,790765093747326
1588;11,637;1,5827494834525
1589;11,641;3,16609828186733
1590;11,645;5,95491746193007
1591;11,649;10,5892134053117
1592;11,653;17,8206304049427
1593;11,657;28,1420120201915
1594;11,661;40,4539046196437
1595;11,665;55,6469729014573
1596;11,670;70,7601256329489
1597;11,674;84,5993827469209
1598;11,678;95,416811156682
1599;11,682;100
1600;11,686;99,590192561964
1601;11,690;94,3163448896413
1602;11,694;86,0311048598657
1603;11,698;76,1645206368941
1604;11,703;65,5528432535115
1605;11,707;55,2863299563657
1606;11,711;45,7972728275969
1607;11,715;37,5709723244617
1608;11,719;30,7127012199986
1609;11,723;24,9284025280345
1610;11,727;20,0231748896124
1611;11,731;16,2538350991081
1612;11,735;13,5546238389306
1613;11,740;11,297583024755
1614;11,744;9,63088811450966
1615;11,748;8,05851297971546
1616;11,752;7,14329703413491
1617;11,756;6,15678327407004
1618;11,760;5,39893917118461
1619;11,764;4,77581693862478
1620;11,768;4,290165158804
1621;11,773;3,81463973524332
1622;11,777;3,52014876237327
1623;11,781;3,18215578965119
1624;11,785;2,93174546556233
1625;11,789;2,73370286956137
1626;11,793;2,44315910902944
1627;11,797;2,35708508081866
1628;11,801;2,15090006774326
1629;11,806;1,9978060939172
1630;11,810;1,79786222286333
1631;11,814;1,70782031628124
1632;11,818;1,6599784494606
1633;11,822;1,57944291814308
1634;11,826;1,4394512093556
1635;11,830;1,37472519342374
1636;11,834;1,33041721827754
1637;11,839;1,2308276043645
1638;11,843;1,18257241688018
1639;11,847;1,13136198665057
1640;11,851;1,08354078586311
1641;11,855;1,01182965071511
1642;11,859;0,970538916413749
1643;11,863;0,907073528506106
1644;11,867;0,909615450587721
1645;11,872;0,865162813209232
1646;11,876;0,865018150976945
1647;11,880;0,789855788287236
1648;11,884;0,714486765265689
1649;11,888;0,745775139506057
1650;11,892;0,707811636547301
1651;11,896;0,674539323121282
1652;11,900;0,735545453080045
1653;11,904;0,682764404328459
1654;11,909;0,712130837482728
1655;11,913;0,714383435099769
1656;11,917;0,850655257914161
1657;11,921;1,03340498935906
1658;11,925;1,43467735569012
1659;11,929;2,15844316985537
1660;11,933;3,48470651546295
1661;11,937;5,44560307411377
1662;11,942;8,31307717647428
1663;11,946;12,1921949352513
1664;11,950;16,5809784044086
1665;11,954;21,2057679725257
1666;11,958;25,3053716393413
1667;11,962;27,922435417613
1668;11,966;28,8252724093164
1669;11,970;28,5434910468544
1670;11,975;26,1448879053694
1671;11,979;23,189645160077
1672;11,983;19,7456300639531
1673;11,987;16,3843410986642
1674;11,991;13,0930273217358
1675;11,995;10,548997304736
1676;11,999;8,39472867358373
1677;12,003;6,76773321308457
1678;12,008;5,52954850090662
1679;12,012;4,52858918364622
1680;12,016;3,79310572866573
1681;12,020;3,30582133222343
1682;12,024;2,96510044312108
1683;12,028;3,11612781362875
1684;12,032;3,44451108092033
1685;12,036;4,29161178112687
1686;12,041;6,25901814023061
1687;12,045;9,2440819714073
1688;12,049;13,6090581703369
1689;12,053;19,0526566392318
1690;12,057;25,1909644796355
1691;12,061;31,3703357279755
1692;12,065;36,0023170756406
1693;12,069;38,4452075262386
1694;12,073;38,4303279823462
1695;12,078;36,3305350146667
1696;12,082;32,372659003426
1697;12,086;27,7031274734658
1698;12,090;23,2348417746501
1699;12,094;18,9804495192874
1700;12,098;15,2265059235051
1701;12,102;12,2097610634575
1702;12,106;10,0014094234631
1703;12,111;8,20755641103748
1704;12,115;6,80631669703885
1705;12,119;5,83042527803048
1706;12,123;5,05515970917105
1707;12,127;4,3760945247825
1708;12,131;3,82205884115632
1709;12,135;3,44500706571675
1710;12,139;3,02672655407536
1711;12,144;2,75850210938201
1712;12,148;2,43109014565007
1713;12,152;2,26530722744912
1714;12,156;2,01380160360151
1715;12,160;1,81255577245705
1716;12,164;1,76669784482206
1717;12,168;1,58820531621304
1718;12,172;1,47381882254036
1719;12,177;1,41977714576456
1720;12,181;1,28381531344793
1721;12,185;1,19664598547839
1722;12,189;1,19662531944521
1723;12,193;1,13799578330259
1724;12,197;1,03290900456265
1725;12,201;0,967749001933927
1726;12,205;0,933980703711496
1727;12,210;0,888391434507894
1728;12,214;0,853052517763489
1729;12,218;0,815357673236123
1730;12,222;0,773942942735662
1731;12,226;0,740257308645966
1732;12,230;0,711138867889903
1733;12,234;0,691857458929359
1734;12,238;0,639345068609164
1735;12,242;0,686070969637877
1736;12,247;0,619753669150862
1737;12,251;0,602724857807359
1738;12,255;0,599046303900631
1739;12,259;0,61433916845669
1740;12,263;0,564058709720351
1741;12,267;0,556494941575058
1742;12,271;0,485424453455753
1743;12,275;0,523387956414509
1744;12,280;0,567344608996586
1745;12,284;0,488255700001943
1746;12,288;0,488421028267414
1747;12,292;0,470048924766959
1748;12,296;0,481580571283555
1749;12,300;0,440620493513139
1750;12,304;0,448680246454845
1751;12,308;0,427848885005512
1752;12,313;0,444216383287131
1753;12,317;0,432209418007307
1754;12,321;0,460149894871889
1755;12,325;0,500469325613606
1756;12,329;0,698057268884518
1757;12,333;1,05276906245234
1758;12,337;1,82946058760145
1759;12,341;3,23762342271668
1760;12,346;5,72771509310668
1761;12,350;9,43123356792037
1762;12,354;14,681583960513
1763;12,358;20,7569430638386
1764;12,362;28,104523835996
1765;12,366;33,9895281076651
1766;12,370;38,6912779833589
1767;12,374;40,821594682051
1768;12,379;40,197108491301
1769;12,383;36,9961672774857
1770;12,387;32,4326111656924
1771;12,391;27,3662091344693
1772;12,395;22,4514544547494
1773;12,399;18,3764227013895
1774;12,403;15,0181923090118
1775;12,407;12,0227127971104
1776;12,411;9,98739785296448
1777;12,416;8,28015618561239
1778;12,420;7,00880249017434
1779;12,424;5,97682345710496
1780;12,428;5,11263194745537
1781;12,432;4,55962956548839
1782;12,436;4,00846646047477
1783;12,440;3,63833780615178
1784;12,444;3,18382973833909
1785;12,449;2,80733594579547
1786;12,453;2,61691911603936
1787;12,457;2,46843366761331
1788;12,461;2,17377736647779
1789;12,465;1,99879806351003
1790;12,469;1,90094439638444
1791;12,473;1,69095683320321
1792;12,477;1,61928703012157
1793;12,482;1,50973638821391
1794;12,486;1,41899183650357
1795;12,490;1,39028671641119
1796;12,494;1,28662589396093
1797;12,498;1,29675225022102
1798;12,502;1,16895350101202
1799;12,506;1,13187863748017
1800;12,510;1,14764682079945
1801;12,515;1,06833058543979
1802;12,519;1,06262676028104
1803;12,523;0,995772142931245
1804;12,527;0,922697049593106
1805;12,531;0,87820308014825
1806;12,535;0,885766848293544
1807;12,539;0,891925326182335
1808;12,543;0,799320831485446
1809;12,548;0,813353068017288
1810;12,552;0,760117366535658
1811;12,556;0,715664729157169
1812;12,560;0,730771599414573
1813;12,564;0,75552950716884
1814;12,568;0,649037438172395
1815;12,572;0,674146668490789
1816;12,576;0,634715877175978
1817;12,580;0,592660499646818
1818;12,585;0,55891286745757
1819;12,589;0,603510167068345
1820;12,593;0,582658139585828
1821;12,597;0,553043714033353
1822;12,601;0,589953249299731
1823;12,605;0,523966605343658
1824;12,609;0,545665940186713
1825;12,613;0,519316747877288
1826;12,618;0,591999186584934
1827;12,622;0,801304770671096
1828;12,626;1,15570657374116
1829;12,630;1,91675391177009
1830;12,634;3,24663381318485
1831;12,638;5,5788783221165
1832;12,642;8,87544127147356
1833;12,646;13,4349261747297
1834;12,651;18,8093140984918
1835;12,655;24,2930460038298
1836;12,659;29,3666191485677
1837;12,663;32,8433485752217
1838;12,667;33,7842317340166
1839;12,671;32,473137256766
1840;12,675;30,0767040487652
1841;12,679;26,16923249246
1842;12,684;22,095213374726
1843;12,688;18,2966724793329
1844;12,692;14,8909722087319
1845;12,696;12,1242243521095
1846;12,700;9,87026277687835
1847;12,704;8,0708919335926
1848;12,708;6,7140428588729
1849;12,712;5,68429575738738
1850;12,717;4,7815414298167
1851;12,721;4,11452454277435
1852;12,725;3,66371569490157
1853;12,729;3,12052967869692
1854;12,733;2,78741388980623
1855;12,737;2,46938430513977
1856;12,741;2,24313257384284
1857;12,745;2,0555676566661
1858;12,749;1,89364928667053
1859;12,754;1,68769159996016
1860;12,758;1,56689863600048
1861;12,762;1,47481079213319
1862;12,766;1,41423864887128
1863;12,770;1,35707640108472
1864;12,774;1,24066463616002
1865;12,778;1,12623681042097
1866;12,782;1,09755235636177
1867;12,787;0,999802019402099
1868;12,791;0,997012104922277
1869;12,795;0,936419295627191
1870;12,799;0,881364983225381
1871;12,803;0,90709419453929
1872;12,807;0,851171908743757
1873;12,811;0,746333122402021
1874;12,815;0,756108156097988
1875;12,820;0,707811636547301
1876;12,824;0,731432912476456
1877;12,828;0,739162008887221
1878;12,832;0,66757486993832
1879;12,836;0,687455593861196
1880;12,840;0,635356524204678
1881;12,844;0,595512412226191
1882;12,848;0,575301031772373
1883;12,853;0,598322992739196
1884;12,857;0,59925296423247
1885;12,861;0,535126263262943
1886;12,865;0,565897986673715
1887;12,869;0,587328663085381
1888;12,873;0,575197701606453
1889;12,877;0,558106892163399
1890;12,881;0,5230159678172
1891;12,886;0,573978405648606
1892;12,890;0,543888661332901
1893;12,894;0,474347459669203
1894;12,898;0,512393626760694
1895;12,902;0,476062740423464
1896;12,906;0,496976766005533
1897;12,910;0,518676100848589
1898;12,914;0,456801997496103
1899;12,918;0,492016918041406
1900;12,923;0,443968390888925
1901;12,927;0,437107267871882
1902;12,931;0,421504412818066
1903;12,935;0,445931664041392
1904;12,939;0,447936269260226
1905;12,943;0,443720398490718
1906;12,947;0,449692882080855
1907;12,951;0,479782626396559
1908;12,956;0,428737524432418
1909;12,960;0,460459885369647
1910;12,964;0,416544564853939
1911;12,968;0,413423993843175
1912;12,972;0,400528389136445
1913;12,976;0,376431794444061
1914;12,980;0,431341444613584
1915;12,984;0,409600777704161
1916;12,989;0,430163480722104
1917;12,993;0,395237884641376
1918;12,997;0,400528389136445
1919;13,001;0,44913489918489
1920;13,005;0,480361275325707
1921;13,009;0,677225907435184
1922;13,013;1,00426588256981
1923;13,017;1,7238778240651
1924;13,022;3,1063321138996
1925;13,026;5,40282438542317
1926;13,030;9,21791877339653
1927;13,034;15,2303084736109
1928;13,038;23,2935953069919
1929;13,042;33,7346332543753
1930;13,046;46,0460505350643
1931;13,050;59,1334566957741
1932;13,055;72,093188103474
1933;13,059;82,0984414091093
1934;13,063;89,1589296482765
1935;13,067;91,0063490187147
1936;13,071;88,6135323665212
1937;13,075;84,5155819823603
1938;13,079;78,3681604213226
1939;13,083;72,0742166850112
1940;13,087;65,7632648033896
1941;13,092;58,9254324057453
1942;13,096;52,3740105619962
1943;13,100;45,5903851693933
1944;13,104;39,0963115677294
1945;13,108;33,0155999618092
1946;13,112;27,7486547445699
1947;13,116;23,0162984737308
1948;13,120;19,2906466773772
1949;13,125;16,1037790321601
1950;13,129;13,4761962429978
1951;13,133;11,7408694365489
1952;13,137;10,1021770012677
1953;13,141;8,9897451010135
1954;13,145;7,89977717883021
1955;13,149;7,08851138016449
1956;13,153;6,35691313942257
1957;13,158;5,76328133621611
1958;13,162;5,27273170653076
1959;13,166;4,78929119226065
1960;13,170;4,51649955423366
1961;13,174;4,10439818651426
1962;13,178;3,89529926275993
1963;13,182;3,54013281646207
1964;13,186;3,38360828112749
1965;13,191;3,10004963981171
1966;13,195;3,05406771597761
1967;13,199;2,87910907904303
1968;13,203;2,75624951176497
1969;13,207;2,54165342318373
1970;13,211;2,39688786073078
1971;13,215;2,37291526223749
1972;13,219;2,21477877631458
1973;13,224;2,11669778282396
1974;13,228;2,06499136779794
1975;13,232;1,97509412344814
1976;13,236;1,84932064549115
1977;13,240;1,86928403354676
1978;13,244;1,77360029990547
1979;13,248;1,7708723835252
1980;13,252;1,66371900146688
1981;13,256;1,63096333887045
1982;13,261;1,62722278686417
1983;13,265;1,50087065997804
1984;13,269;1,51539888130629
1985;13,273;1,49159161107848
1986;13,277;1,46627572042825
1987;13,281;1,46445710950807
1988;13,285;1,46449844157444
1989;13,289;1,41603659375828
1990;13,294;1,44777962072869
1991;13,298;1,51570887180405
1992;13,302;1,68554233250903
1993;13,306;2,04347802725354
1994;13,310;2,88156833699191
1995;13,314;4,30884725280221
1996;13,318;6,71187292538859
1997;13,322;10,0352397197851
1998;13,327;14,6898710398197
1999;13,331;19,4150355311109
2000;13,335;24,5127052705411
2001;13,339;28,7234095317532
2002;13,343;31,1481138731494
2003;13,347;31,8761368901505
2004;13,351;30,4821302877662
2005;13,355;27,4136170145931
2006;13,360;24,1084983274979
2007;13,364;20,588390897191
2008;13,368;17,7035573269561
2009;13,372;15,7021346772317
2010;13,376;15,0470007592701
2011;13,380;15,5079359634029
2012;13,384;17,239232893381
2013;13,388;20,1941036500761
2014;13,393;23,9431287299607
2015;13,397;28,3646885277477
2016;13,401;32,5507382113714
2017;13,405;36,2704175241348
2018;13,409;39,3182440980909
2019;13,413;41,9097646593473
2020;13,417;44,7559114154621
2021;13,421;47,239141962835
2022;13,425;49,3289325704536
2023;13,430;50,8322211563142
2024;13,434;50,9579533022048
2025;13,438;48,9341906706086
2026;13,442;45,2961421889214
2027;13,446;40,43966572278
2028;13,450;34,941653588512
2029;13,454;29,3197692513399
2030;13,458;24,4938785143106
2031;13,463;20,5498280792699
2032;13,467;17,1130874268267
2033;13,471;14,4809787763972
2034;13,475;12,3676495569822
2035;13,479;10,71895476164
2036;13,483;9,42765834417956
2037;13,487;8,28478537704558
2038;13,491;7,44983630435115
2039;13,496;6,66510569229351
2040;13,500;5,96438250512828
2041;13,504;5,42867759293619
2042;13,508;5,00465192406969
2043;13,512;4,60658279288212
2044;13,516;4,2175447181959
2045;13,520;3,97498748671691
2046;13,524;3,63858579854999
2047;13,529;3,52909715474188
2048;13,533;3,30935522389787
2049;13,537;3,12507620599737
2050;13,541;2,92151577913632
2051;13,545;2,89562123955694
2052;13,549;2,69970724497392
2053;13,553;2,53636291868867
2054;13,557;2,3985204773523
2055;13,562;2,26278597140069
2056;13,566;2,21637006086973
2057;13,570;2,09045192068046
2058;13,574;2,03539760827865
2059;13,578;1,88945408193421
2060;13,582;1,90189503391089
2061;13,586;1,8279932992454
2062;13,590;1,72005460792608
2063;13,594;1,68748493962832
2064;13,599;1,60730073087493
2065;13,603;1,60353951283547
2066;13,607;1,5247399283054
2067;13,611;1,48985566429104
2068;13,615;1,426121617952
2069;13,619;1,42965550962644
2070;13,623;1,38071834304706
2071;13,627;1,34655739019413
2072;13,632;1,35957699109997
2073;13,636;1,33938627667933
2074;13,640;1,28162471393044
2075;13,644;1,21877930701831
2076;13,648;1,20540838354835
2077;13,652;1,19972522442279
2078;13,656;1,14444358565595
2079;13,660;1,1388844227295
2080;13,665;1,19633599498063
2081;13,669;1,24936503613043
2082;13,673;1,3784864114632
2083;13,677;1,79796555302925
2084;13,681;2,41515663406531
2085;13,685;3,61430320955895
2086;13,689;5,65895920070397
2087;13,693;8,7676885744529
2088;13,698;13,2226860139314
2089;13,702;19,0149411286713
2090;13,706;25,3279389475781
2091;13,710;31,7139291956904
2092;13,714;36,6189501737807
2093;13,718;39,2117313630613
2094;13,722;39,3551536333573
2095;13,726;36,9820730428543
2096;13,731;32,6197007641059
2097;13,735;28,4131503755638
2098;13,739;23,8335987540862
2099;13,743;19,8104594100509
2100;13,747;16,8124586421011
2101;13,751;14,1575346910366
2102;13,755;11,9814840609086
2103;13,759;10,427501695648
2104;13,763;8,95262890541529
2105;13,768;7,9346201107782
2106;13,772;7,01936283313129
2107;13,776;6,32622408014453
2108;13,780;5,67030485292191
2109;13,784;5,29333574161507
2110;13,788;4,80960590288039
2111;13,792;4,5218313907951
2112;13,796;4,17683263282369
2113;13,801;3,89207536158325
2114;13,805;3,67545400175
2115;13,809;3,49022434632304
2116;13,813;3,33801901192389
2117;13,817;3,23318022558215
2118;13,821;2,9903130036054
2119;13,825;2,86435353134975
2120;13,829;2,78123474588426
2121;13,834;2,70009989960441
2122;13,838;2,6126412471703
2123;13,842;2,4453910406133
2124;13,846;2,35065794449847
2125;13,850;2,26598920654419
2126;13,854;2,22453314397736
2127;13,858;2,05918421247327
2128;13,862;2,04244472559434
2129;13,867;1,96062790021943
2130;13,871;1,79798621906243
2131;13,875;1,81549034916916
2132;13,879;1,73890203018977
2133;13,883;1,65970979102921
2134;13,887;1,66603359718347
2135;13,891;1,63296794408929
2136;13,895;1,5917185418543
2137;13,900;1,57245779892694
2138;13,904;1,51610152643454
2139;13,908;1,43401604262824
2140;13,912;1,43192877327667
2141;13,916;1,48553646335561
2142;13,920;1,4870864158444
2143;13,924;1,43211476757532
2144;13,928;1,36433017873225
2145;13,932;1,3594116628345
2146;13,937;1,37102597348383
2147;13,941;1,26478189688559
2148;13,945;1,3262426795744
2149;13,949;1,18906155129991
2150;13,953;1,26552587408021
2151;13,957;1,32285345013224
2152;13,961;1,44831693759147
2153;13,965;1,72608908961577
2154;13,970;2,31901824769398
2155;13,974;3,38745216329969
2156;13,978;5,28767324852269
2157;13,982;8,20360919869936
2158;13,986;12,3031508674154
2159;13,990;17,1984588099093
2160;13,994;22,8167885893738
2161;13,998;27,7295386638748
2162;14,003;31,6958670826877
2163;14,007;33,2093026908415
2164;14,011;33,2353832247196
2165;14,015;31,1692552250965
2166;14,019;28,1968596722615
2167;14,023;24,599357947681
2168;14,027;21,1115721932737
2169;14,031;17,6093822137372
2170;14,036;14,8194264018494
2171;14,040;12,3936474267275
2172;14,044;10,6724355209432
2173;14,048;9,07778240237676
2174;14,052;7,88925816793963
2175;14,056;6,95347951934113
2176;14,060;6,31330780940462
2177;14,064;5,85481119718744
2178;14,069;5,93297013468881
2179;14,073;6,32281418466919
2180;14,077;7,34594815553587
2181;14,081;9,09820044316242
2182;14,085;11,7748650611363
2183;14,089;15,081389038488
2184;14,093;18,7800303294703
2185;14,097;22,3530428047279
2186;14,101;24,8994494155439
2187;14,106;26,643889942627
2188;14,110;27,215223096028
2189;14,114;26,2907487675811
2190;14,118;24,2350364486827
2191;14,122;21,5510560549617
2192;14,126;18,7110677767357
2193;14,130;15,8590312011636
2194;14,134;13,6139146881351
2195;14,139;11,3402583832797
2196;14,143;9,46219128562979
2197;14,147;8,26287938187068
2198;14,151;6,92524971801198
2199;14,155;6,06182285159019
2200;14,159;5,31918894912808
2201;14,163;4,75676285602925
2202;14,167;4,16807023475374
2203;14,172;3,78547996242089
2204;14,176;3,4900176859912
2205;14,180;3,13398326629961
2206;14,184;2,97636343120629
2207;14,188;2,70516307773446
2208;14,192;2,64849681474431
2209;14,196;2,47684474311914
2210;14,200;2,30351872280608
2211;14,205;2,27415228965181
2212;14,209;2,10462881944459
2213;14,213;1,98982900510823
2214;14,217;1,8982991441369
2215;14,221;1,837727000875
2216;14,225;1,82892327073867
2217;14,229;1,71931063073147
2218;14,233;1,70678701462205
2219;14,238;1,65010008559871
2220;14,242;1,58611804686147
2221;14,246;1,54912584746236
2222;14,250;1,53968147029733
2223;14,254;1,48634243864978
2224;14,258;1,43285874476994
2225;14,262;1,38390091215737
2226;14,266;1,4212651001538
2227;14,270;1,36778140627396
2228;14,275;1,3440361341457
2229;14,279;1,33343445912238
2230;14,283;1,32384541972507
2231;14,287;1,29869485734031
2232;14,291;1,32291544823179
2233;14,295;1,30844922500309
2234;14,299;1,19565401588557
2235;14,303;1,19493070472413
2236;14,308;1,19726596647391
2237;14,312;1,17612461452682
2238;14,316;1,12764210067747
2239;14,320;1,09422512501917
2240;14,324;1,07025252652589
2241;14,328;1,14214965597255
2242;14,332;1,28736987115555
2243;14,336;1,45528139077443
2244;14,341;1,88406024727322
2245;14,345;2,56287743926356
2246;14,349;3,6390817833464
2247;14,353;5,71521214303044
2248;14,357;8,69779605022507
2249;14,361;12,887916942386
2250;14,365;18,8654637106524
2251;14,369;26,6211986381911
2252;14,374;36,0338121102128
2253;14,378;45,941935059884
2254;14,382;56,200615930453
2255;14,386;65,4102889566092
2256;14,390;70,8811665893068
2257;14,394;72,6746889452015
2258;14,398;69,781361635328
2259;14,402;63,8177851054939
2260;14,407;55,6561692862241
2261;14,411;47,4707255306934
2262;14,415;40,1606742747979
2263;14,419;33,5068935686891
2264;14,423;28,0645143957521
2265;14,427;23,8481063093813
2266;14,431;20,6108548752619
2267;14,435;17,6755548519919
2268;14,439;15,479954154472
2269;14,444;13,7082137975531
2270;14,448;12,2472079155867
2271;14,452;11,0872648050428
2272;14,456;9,98254133516627
2273;14,460;9,15709863773642
2274;14,464;8,39607196574068
2275;14,468;7,71250158611805
2276;14,472;7,25284767604257
2277;14,477;6,64894485434373
2278;14,481;6,21322221069517
2279;14,485;5,78960986249235
2280;14,489;5,54444871083218
2281;14,493;5,17049684037019
2282;14,497;4,90714957950822
2283;14,501;4,69158218736735
2284;14,505;4,43980790508835
2285;14,510;4,21411415668738
2286;14,514;3,95473477419672
2287;14,518;3,81443307491148
2288;14,522;3,59929966946747
2289;14,526;3,48660779051586
2290;14,530;3,39929380031404
2291;14,534;3,27831484205571
2292;14,538;3,25149033098305
2293;14,543;3,04472666897851
2294;14,547;2,89243867044662
2295;14,551;2,8394509613632
2296;14,555;2,80708795339727
2297;14,559;2,7053697380663
2298;14,563;2,61877905902591
2299;14,567;2,5372102260492
2300;14,571;2,46570575123304
2301;14,576;2,43452070715859
2302;14,580;2,34113090320071
2303;14,584;2,25677215574419
2304;14,588;2,25437489589486
2305;14,592;2,2207719259379
2306;14,596;2,04292004435757
2307;14,600;2,13912042882846
2308;14,604;2,03847684722304
2309;14,608;1,89197533798264
2310;14,613;2,00218729295218
2311;14,617;1,89871246480058
2312;14,621;1,89085937219071
2313;14,625;1,80056947321041
2314;14,629;1,79077377348126
2315;14,633;1,79794488699606
2316;14,637;1,78490462005705
2317;14,641;1,76045670280054
2318;14,646;1,68382705175477
2319;14,650;1,73832338126062
2320;14,654;1,64962476683548
2321;14,658;1,65284866801216
2322;14,662;1,64582221672965
2323;14,666;1,60732139690811
2324;14,670;1,57324310818792
2325;14,674;1,59895165346865
2326;14,679;1,55028314532065
2327;14,683;1,48278788094216
2328;14,687;1,47941931753319
2329;14,691;1,51035636920943
2330;14,695;1,43511134238698
2331;14,699;1,44081516754573
2332;14,703;1,45381410241838
2333;14,707;1,42517098042555
2334;14,712;1,44250978226681
2335;14,716;1,44294376896367
2336;14,720;1,58289414568479
2337;14,724;1,75671615079426
2338;14,728;2,13901709866254
2339;14,732;2,7505663526394
2340;14,736;3,77208837291774
2341;14,740;5,4513275653057
2342;14,745;7,72942706729563
2343;14,749;10,9525636007504
2344;14,753;14,8966347018243
2345;14,757;19,6637719065118
2346;14,761;24,0555932825472
2347;14,765;28,101940581848
2348;14,769;30,7917487969269
2349;14,773;32,1174748256717
2350;14,777;32,1251625900161
2351;14,782;30,3697690653456
2352;14,786;27,7098646002838
2353;14,790;24,798185852943
2354;14,794;21,7432501635717
2355;14,798;19,0323212625789
2356;14,802;16,4317076467216
2357;14,806;14,2565663220537
2358;14,810;12,6522414999572
2359;14,815;11,0484333286904
2360;14,819;9,84554620119045
2361;14,823;8,7698585079372
2362;14,827;7,86985276277998
2363;14,831;7,23472356494032
2364;14,835;6,60004901983071
2365;14,839;6,0894740039902
2366;14,843;5,68076186571294
2367;14,848;5,26074540728412
2368;14,852;4,91628396617549
2369;14,856;4,5979030589449
2370;14,860;4,28233273222731
2371;14,864;4,0937138473582
2372;14,868;3,91666794107205
2373;14,872;3,64271900518676
2374;14,876;3,46823568701541
2375;14,881;3,28695324392656
2376;14,885;3,18025451459828
2377;14,889;3,06314010454533
2378;14,893;2,99415688577759
2379;14,897;2,80911322464929
2380;14,901;2,74759044386093
2381;14,905;2,58804866768151
2382;14,909;2,60489148472635
2383;14,914;2,48856238393439
2384;14,918;2,40751020178728
2385;14,922;2,36053630836036
2386;14,926;2,2311462745962
2387;14,930;2,26218665643836
2388;14,934;2,1195910274697
2389;14,938;2,00462588486788
2390;14,942;2,14160035281052
2391;14,946;1,96790234390015
2392;14,951;1,91931649988489
2393;14,955;1,82791063511267
2394;14,959;1,78436730319427
2395;14,963;1,81164646699696
2396;14,967;1,72187321884627
2397;14,971;1,70190983079065
2398;14,975;1,74119595987318
2399;14,979;1,64173034215925
2400;14,984;1,5918425380534
2401;14,988;1,57832695235115
2402;14,992;1,56985387874577
2403;14,996;1,59717437461484
2404;15,000;1,48890502676458
2405;15,004;1,50983971837983
2406;15,008;1,50884774878701
2407;15,012;1,45805063922107
2408;15,017;1,41432131300402
2409;15,021;1,4160159277251
2410;15,025;1,38423156868831
2411;15,029;1,36519815212598
2412;15,033;1,37637847607845
2413;15,037;1,3310991973726
2414;15,041;1,35168256642373
2415;15,045;1,34087423106857
2416;15,050;1,37472519342374
2417;15,054;1,37164595447934
2418;15,058;1,32430007245511
2419;15,062;1,30739525731071
2420;15,066;1,28170737806317
2421;15,070;1,31334707486766
2422;15,074;1,26622851920846
2423;15,078;1,24233858484791
2424;15,083;1,2614339995098
2425;15,087;1,24661645371697
2426;15,091;1,24330988840755
2427;15,095;1,26837778665958
2428;15,099;1,20158516740933
2429;15,103;1,22200320819499
2430;15,107;1,15355730629004
2431;15,111;1,17288004731695
2432;15,115;1,21706402626405
2433;15,120;1,158723814586
2434;15,124;1,12656746695191
2435;15,128;1,13123799045147
2436;15,132;1,17856320644251
2437;15,136;1,12369488833936
2438;15,140;1,11933435533756
2439;15,144;1,13588784791784
2440;15,148;1,06723528568104
2441;15,153;1,02856913759404
2442;15,157;1,06076681729449
2443;15,161;1,04088609337162
2444;15,165;0,964463102657693
2445;15,169;1,05121910996355
2446;15,173;1,04247737792678
2447;15,177;1,04220871949539
2448;15,181;1,00575383695905
2449;15,186;1,02367128772946
2450;15,190;1,073187103238
2451;15,194;1,11079928363263
2452;15,198;1,23103426469634
2453;15,202;1,33130585770444
2454;15,206;1,44281977276457
2455;15,210;1,63110800110274
2456;15,214;1,76095268759695
2457;15,219;2,00086466682841
2458;15,223;2,22823236391727
2459;15,227;2,40784085831822
2460;15,231;2,46971496167071
2461;15,235;2,54609662031827
2462;15,239;2,52450061564113
2463;15,243;2,43569867105007
2464;15,247;2,25627617094777
2465;15,252;2,12568750725894
2466;15,256;2,08524408031812
2467;15,260;1,91582394027682
2468;15,264;1,7269570630095
2469;15,268;1,7240018202642
2470;15,272;1,59502510716372
2471;15,276;1,4518714952991
2472;15,280;1,30270406777798
2473;15,284;1,302931394143
2474;15,289;1,23190223809006
2475;15,293;1,1454148892156
2476;15,297;1,05936152703799
2477;15,301;1,05520765436803
2478;15,305;1,07180247901468
2479;15,309;1,00513385596354
2480;15,313;0,964483768690877
2481;15,317;1,06105614175907
2482;15,322;0,997260097320483
2483;15,326;0,989634331075638
2484;15,330;0,939932521268448
2485;15,334;0,960412560153656
2486;15,338;0,969691609053211
2487;15,342;0,92908285384692
2488;15,346;0,937204604888178
2489;15,350;0,879711700570672
2490;15,355;0,906019560813729
2491;15,359;0,895087229259466
2492;15,363;0,884878208866638
2493;15,367;0,949666222898047
2494;15,371;0,915939256741983
2495;15,375;0,909408790255883
2496;15,379;0,959110600063073
2497;15,383;0,909078133724941
2498;15,388;0,905833566515074
2499;15,392;0,904262947993101
2500;15,396;0,841748197611916
2501;15,400;0,888846087237939
2502;15,404;0,840611565786803
2503;15,408;0,835982374353618
2504;15,412;0,873739216980535
2505;15,416;0,840776894052274
2506;15,421;0,867684069257664
2507;15,425;0,831787169617294
2508;15,429;0,887502795080988
2509;15,433;0,875413165668428
2510;15,437;0,826104010491732
2511;15,441;0,821557483191282
2512;15,445;0,820338187233434
2513;15,449;0,829596570099805
2514;15,453;0,861463593269321
2515;15,458;0,831993829949133
2516;15,462;0,808971868982309
2517;15,466;0,825380699330297
2518;15,470;0,87183794192762
2519;15,474;0,819118891275586
2520;15,478;0,850779254113264
2521;15,482;0,851192574776941
2522;15,486;0,853300510161695
2523;15,491;0,870081329106992
2524;15,495;0,827984619511463
2525;15,499;0,852556532967076
2526;15,503;0,831353182920433
2527;15,507;0,850613925847793
2528;15,511;0,795290955014592
2529;15,515;0,846542717310572
2530;15,519;0,779626101861224
2531;15,524;0,773054303308756
2532;15,528;0,718764634134748
2533;15,532;0,769954398331177
2534;15,536;0,711696850785867
2535;15,540;0,809943172541951
2536;15,544;0,777228842011896
2537;15,548;0,716698030816362
2538;15,552;0,755508841135656
2539;15,557;0,71673936288273
2540;15,561;0,69774727838676
2541;15,565;0,758939402644178
2542;15,569;0,734512151420852
2543;15,573;0,780700735586785
2544;15,577;0,754702865841486
2545;15,581;0,782788004938355
2546;15,585;0,782602010639701
2547;15,590;0,798824846689033
2548;15,594;0,737674054497983
2549;15,598;0,754330877244176
2550;15,602;0,761047338028932
2551;15,606;0,794732972118628
2552;15,610;0,776195540352703
2553;15,614;0,777166843912345
2554;15,618;0,750920981768839
2555;15,622;0,793121021530287
2556;15,627;0,751230972266597
2557;15,631;0,806037292270201
2558;15,635;0,783407985933871
2559;15,639;0,803020051425357
2560;15,643;0,748255063488121
2561;15,647;0,717772664541923
2562;15,651;0,773901610669294
2563;15,655;0,778840792600238
2564;15,660;0,746250458269286
2565;15,664;0,772248328014585
2566;15,668;0,809984504608319
2567;15,672;0,787417196371541
2568;15,676;0,78088672988544
2569;15,680;0,747490420260318
2570;15,684;0,788760488528492
2571;15,688;0,796117596341947
2572;15,693;0,790372439116833
2573;15,697;0,79142640680921
2574;15,701;0,798638852390378
2575;15,705;0,756004825932069
2576;15,709;0,743212551391258
2577;15,713;0,788677824395756
2578;15,717;0,761274664393954
2579;15,721;0,757203455856733
2580;15,726;0,753297575584983
2581;15,730;0,735111466383184
2582;15,734;0,73781871673027
2583;15,738;0,710084900197526
2584;15,742;0,763320601679156
2585;15,746;0,7422619138648
2586;15,750;0,703719761976896
2587;15,754;0,778551468135663
2588;15,759;0,743501875855832
2589;15,763;0,79196372367199
2590;15,767;0,724943778056723
2591;15,771;0,744762503880048
2592;15,775;0,742675234528478
2593;15,779;0,731866899173317
2594;15,783;0,713494795672863
2595;15,787;0,711800180951787
2596;15,791;0,748379059687224
2597;15,796;0,726163074014571
2598;15,800;0,759125396942832
2599;15,804;0,745816471572425
2600;15,808;0,737860048796638
2601;15,812;0,763795920442385
2602;15,816;0,749247033080946
2603;15,820;0,805355313175134
2604;15,824;0,680387810512315
2605;15,829;0,773116301408308
2606;15,833;0,756769469159872
2607;15,837;0,700413196667478
2608;15,841;0,759890040170635
2609;15,845;0,786321896612796
2610;15,849;0,760592685298887
2611;15,853;0,757100125690814
2612;15,857;0,8339571031016
2613;15,862;0,878244412214618
2614;15,866;0,93181077022719
2615;15,870;1,19629466291427
2616;15,874;1,48588778591974
2617;15,878;2,03564560067685
2618;15,882;2,75571219490219
2619;15,886;3,97566946581197
2620;15,890;5,37163934134872
2621;15,895;7,16379773905331
2622;15,899;9,36198169072124
2623;15,903;11,3947960448519
2624;15,907;13,4857232842956
2625;15,911;15,3277901521392
2626;15,915;16,5325578886589
2627;15,919;17,2977384333246
2628;15,923;17,0049007431092
2629;15,928;16,5010215220203
2630;15,932;15,505249379089
2631;15,936;14,4608707261093
2632;15,940;13,0992064656578
2633;15,944;11,8040248339588
2634;15,948;10,4240918001727
2635;15,952;9,13211340361713
2636;15,956;8,13702323978096
2637;15,960;7,09059864951606
2638;15,965;6,36179032325396
2639;15,969;5,63711520362862
2640;15,973;5,13181002625
2641;15,977;4,5555170248848
2642;15,981;4,18522304229634
2643;15,985;3,76547524229891
2644;15,989;3,42186110855082
2645;15,993;3,2833160220862
2646;15,998;2,94809229781076
2647;16,002;2,79111310974614
2648;16,006;2,51980942610839
2649;16,010;2,42369170577025
2650;16,014;2,26311662793163
2651;16,018;2,21783734922579
2652;16,022;2,10467015151096
2653;16,026;2,0841281145262
2654;16,031;1,95666002184813
2655;16,035;1,83173385125168
2656;16,039;1,81371307031535
2657;16,043;1,69957456904088
2658;16,047;1,66128040955118
2659;16,051;1,60420082589735
2660;16,055;1,54137608501841
2661;16,059;1,58618004496102
2662;16,064;1,4810726001879
2663;16,068;1,43717794570537
2664;16,072;1,43678529107488
2665;16,076;1,35792370844526
2666;16,080;1,39834646935289
2667;16,084;1,27796682605689
2668;16,088;1,26600119284344
2669;16,092;1,30743658937708
2670;16,097;1,22206520629454
2671;16,101;1,23801938391249
2672;16,105;1,22411114357975
2673;16,109;1,15051939941201
2674;16,113;1,25279559763895
2675;16,117;1,16622558463175
2676;16,121;1,174347335673
2677;16,125;1,12975003606223
2678;16,130;1,17833588007749
2679;16,134;1,11177058719227
2680;16,138;1,01439223882991
2681;16,142;1,13640449874743
2682;16,146;1,14795681129721
2683;16,150;1,03381831002274
2684;16,154;1,05498032800301
2685;16,158;0,998934046008376
2686;16,162;1,07725831177522
2687;16,167;1,04729256365862
2688;16,171;1,0038938939725
2689;16,175;0,991349611829899
2690;16,179;0,965227745885496
2691;16,183;0,937989914149165
2692;16,187;0,937473263319568
2693;16,191;0,945595014360826
2694;16,195;0,975932751074737
2695;16,200;0,944148392037956
2696;16,204;0,953138116472936
2697;16,208;0,936770618191317
2698;16,212;0,87547516376798
2699;16,216;0,893578608837044
2700;16,220;0,923937011584138
2701;16,224;0,869172023646902
2702;16,228;0,879360378006546
2703;16,233;0,835879044187699
2704;16,237;0,888536096740181
2705;16,241;0,924474328446919
2706;16,245;0,815523001501594
2707;16,249;0,883720911008341
2708;16,253;0,815378339269307
2709;16,257;0,869688674476498
2710;16,261;0,869977998941073
2711;16,266;0,798473524124907
2712;16,270;0,90645354751059
2713;16,274;0,88628349912314
2714;16,278;0,84476543845676
2715;16,282;0,840900890251377
2716;16,286;0,834081099300703
2717;16,290;0,794381649554502
2718;16,294;0,828749262739266
2719;16,299;0,914843956983239
2720;16,303;0,814365703643298
2721;16,307;0,81341506611684
2722;16,311;0,828191279843302
2723;16,315;0,882625611249596
2724;16,319;0,827488634715051
2725;16,323;0,790186444818178
2726;16,327;0,805499975407421
2727;16,331;0,789401135557191
2728;16,336;0,818023591516841
2729;16,340;0,733602845960762
2730;16,344;0,849270633690842
2731;16,348;0,793410345994861
2732;16,352;0,817010955890832
2733;16,356;0,831559843252272
2734;16,360;0,818457578213702
2735;16,364;0,823128101713255
2736;16,369;0,824078739239713
2737;16,373;0,837119006178731
2738;16,377;0,759084064876465
2739;16,381;0,744907166112335
2740;16,385;0,811513791063925
2741;16,389;0,809798510309664
2742;16,393;0,804859328378721
2743;16,397;0,808413886086345
2744;16,402;0,845364753419092
2745;16,406;0,820110860868412
2746;16,410;0,828707930672898
2747;16,414;0,842616171005638
2748;16,418;0,749681019777807
2749;16,422;0,818829566811012
2750;16,426;0,805520641440604
2751;16,430;0,791323076643291
2752;16,435;0,826248672724019
2753;16,439;0,788925816793963
2754;16,443;0,793079689463919
2755;16,447;0,795001630550018
2756;16,451;0,808103895588587
2757;16,455;0,730998925779595
2758;16,459;0,763733922342834
2759;16,463;0,80250340059576
2760;16,468;0,781672039146427
2761;16,472;0,759249393141936
2762;16,476;0,766792495254045
2763;16,480;0,749577689611888
2764;16,484;0,790124446718627
2765;16,488;0,844579444158105
2766;16,492;0,773281629673778
2767;16,496;0,788347167864814
2768;16,500;0,740029982280943
2769;16,505;0,730626937182286
2770;16,509;0,76735047815001
2771;16,513;0,730316946684528
2772;16,517;0,76371325630965
2773;16,521;0,735752113411884
2774;16,525;0,746498450667492
2775;16,529;0,784544617758984
2776;16,533;0,754186215011889
2777;16,538;0,76815645344418
2778;16,542;0,785019936522212
2779;16,546;0,775472229191268
2780;16,550;0,805024656644192
2781;16,554;0,826661993387696
2782;16,558;0,738790020289911
2783;16,562;0,78206469377692
2784;16,566;0,763403265811892
2785;16,571;0,801800755467509
2786;16,575;0,734739477785874
2787;16,579;0,750920981768839
2788;16,583;0,763299935645973
2789;16,587;0,752946253020857
2790;16,591;0,798576854290826
2791;16,595;0,777228842011896
2792;16,599;0,779295445330282
2793;16,604;0,78570191561728
2794;16,608;0,81105913833388
2795;16,612;0,803619366387689
2796;16,616;0,752160943759871
2797;16,620;0,784895940323109
2798;16,624;0,760840677697093
2799;16,628;0,788925816793963
2800;16,632;0,802544732662128
2801;16,637;0,740567299143724
2802;16,641;0,724075804663001
2803;16,645;0,741931257333859
2804;16,649;0,753380239717719
2805;16,653;0,746746443065699
2806;16,657;0,760117366535658
2807;16,661;0,775761553655842
2808;16,665;0,755508841135656
2809;16,669;0,773756948437007
