#"+EI TIC Scan 90C_1ml-min_10C-min_2.d "
#Point;X(Minutes);Y(Counts)
0;5,591;5,26264587527952
1;5,595;5,00050575149259
2;5,599;4,73315344871479
3;5,603;4,50193067152353
4;5,607;4,32023132794876
5;5,612;4,07307815206138
6;5,616;3,92702887547161
7;5,620;3,7234445666978
8;5,624;3,59142332080451
9;5,628;3,46555770469866
10;5,632;3,28277571266881
11;5,636;3,15807007705054
12;5,640;2,9768192592643
13;5,645;2,8260217958787
14;5,649;2,71568445189994
15;5,653;2,51186814702861
16;5,657;2,36176667193556
17;5,661;2,21203639059853
18;5,665;2,14447912700178
19;5,669;1,98359756657747
20;5,673;1,91568457563119
21;5,678;1,82553089213635
22;5,682;1,78460678053448
23;5,686;1,68526605157799
24;5,690;1,6142597793315
25;5,694;1,56128733706527
26;5,698;1,49260102579394
27;5,702;1,42615734346527
28;5,706;1,41690843237762
29;5,710;1,3355087349624
30;5,715;1,35471801183675
31;5,719;1,21838163852966
32;5,723;1,24530865224806
33;5,727;1,22111919248036
34;5,731;1,19409938032296
35;5,735;1,15212355307901
36;5,739;1,10065135224339
37;5,743;1,13043965116448
38;5,748;1,10394569682812
39;5,752;1,09690848187012
40;5,756;1,06888335329015
41;5,760;1,03430046835372
42;5,764;1,0496431436028
43;5,768;1,03757934653195
44;5,772;1,03785774184897
45;5,776;1,02639713463167
46;5,781;0,967624789927534
47;5,785;0,980987765144473
48;5,789;1,00820864058639
49;5,793;0,990561470768646
50;5,797;1,00704866009881
51;5,801;0,874965548579519
52;5,805;0,926716144732157
53;5,809;0,937109569900888
54;5,814;0,920900775887749
55;5,818;0,886720017520345
56;5,822;0,88579203313028
57;5,826;0,917993091465544
58;5,830;0,903346404509014
59;5,834;0,879187877554316
60;5,838;0,885962163601792
61;5,842;0,912981975759192
62;5,847;0,87057308913321
63;5,851;0,869660571149646
64;5,855;0,877007114237662
65;5,859;0,851039017722337
66;5,863;0,869784302401655
67;5,867;0,870634954759214
68;5,871;0,856792520940741
69;5,875;0,82434400010146
70;5,879;0,834056903384143
71;5,884;0,833793974473624
72;5,888;0,819039022671587
73;5,892;0,845594842633954
74;5,896;0,856019200615687
75;5,900;0,815450816363334
76;5,904;0,858509292062362
77;5,908;0,814074306184738
78;5,912;0,820199003159168
79;5,917;0,811986341307091
80;5,921;0,80969731314493
81;5,925;0,77556295399703
82;5,929;0,79518982384691
83;5,933;0,80372728023551
84;5,937;0,772871799265841
85;5,941;0,791663483164662
86;5,945;0,760282144373955
87;5,950;0,773799783655906
88;5,954;0,73019998372934
89;5,958;0,761503990487541
90;5,962;0,778486104825735
91;5,966;0,762153579560587
92;5,970;0,754837969285573
93;5,974;0,749192730912676
94;5,978;0,702190321555871
95;5,983;0,762354642845101
96;5,987;0,735845222102237
97;5,991;0,749950584831229
98;5,995;0,722049187503267
99;5,999;0,752084948928379
100;6,003;0,710016323245421
101;6,007;0,714285051439721
102;6,011;0,707278769294729
103;6,016;0,708315018530302
104;6,020;0,712738410789613
105;6,024;0,710820576383478
106;6,028;0,711207236546005
107;6,032;0,715738893650824
108;6,036;0,686832179900291
109;6,040;0,701648997328333
110;6,044;0,682486119673486
111;6,048;0,703845227051487
112;6,053;0,678573118828711
113;6,057;0,670112994472616
114;6,061;0,694828312061353
115;6,065;0,69819998867859
116;6,069;0,706598247408681
117;6,073;0,697658664451052
118;6,077;0,653161812947424
119;6,081;0,674087860943395
120;6,086;0,702979108287426
121;6,090;0,654832184849541
122;6,094;0,672618552325792
123;6,098;0,654770319223537
124;6,102;0,654754852817036
125;6,106;0,656255094247641
126;6,110;0,651707970736322
127;6,114;0,665875199091318
128;6,119;0,649295211322152
129;6,123;0,653331943418936
130;6,127;0,674118793756397
131;6,131;0,677041944585103
132;6,135;0,647114448005499
133;6,139;0,643634506542754
134;6,143;0,641794004169125
135;6,147;0,644933684688845
136;6,152;0,645459542509882
137;6,156;0,617171485019393
138;6,160;0,597621947202019
139;6,164;0,644547024526318
140;6,168;0,601504015233792
141;6,172;0,61840879753948
142;6,176;0,608340166907272
143;6,180;0,630750989927348
144;6,185;0,593244954162211
145;6,189;0,578304405482161
146;6,193;0,62196607103473
147;6,197;0,600220303494202
148;6,201;0,595735045608886
149;6,205;0,595827844047893
150;6,209;0,602401066810855
151;6,213;0,576510302328034
152;6,217;0,576046310133002
153;6,222;0,568374972508462
154;6,226;0,589935143170978
155;6,230;0,612485163849564
156;6,234;0,596693962811954
157;6,238;0,585759213415685
158;6,242;0,567725383435417
159;6,246;0,576989760929568
160;6,250;0,566240608411312
161;6,255;0,551593921454783
162;6,259;0,594745195592817
163;6,263;0,597869409706036
164;6,267;0,609144420045329
165;6,271;0,618640793636997
166;6,275;0,636287963454737
167;6,279;0,655358042670578
168;6,283;0,653022615288914
169;6,288;0,684032760323594
170;6,292;0,701246870759305
171;6,296;0,66576693424581
172;6,300;0,682068526697956
173;6,304;0,709413133391879
174;6,308;0,688255089298391
175;6,312;0,679006178210741
176;6,316;0,67003566244011
177;6,321;0,651924500427337
178;6,325;0,68652285177027
179;6,329;0,687914828355367
180;6,333;0,723827824250892
181;6,337;0,689909994794008
182;6,341;0,737855854947379
183;6,345;0,761271994390025
184;6,349;0,752208680180388
185;6,354;0,736989736183318
186;6,358;0,771603553932751
187;6,362;0,761086397512012
188;6,366;0,758039515431298
189;6,370;0,74441361130384
190;6,374;0,758488041219829
191;6,378;0,76119466235752
192;6,382;0,773954447720917
193;6,386;0,718847641357542
194;6,391;0,691750497167637
195;6,395;0,72749336259165
196;6,399;0,713898391277194
197;6,403;0,731452762655929
198;6,407;0,685099942372169
199;6,411;0,663818167026673
200;6,415;0,671706034342228
201;6,419;0,670778049952162
202;6,424;0,685563934567202
203;6,428;0,630333396951819
204;6,432;0,631926436821431
205;6,436;0,60716472001319
206;6,440;0,615887773279803
207;6,444;0,608061771590253
208;6,448;0,607396716110706
209;6,452;0,607907107525242
210;6,457;0,588728763463894
211;6,461;0,588651431431388
212;6,465;0,568328573288959
213;6,469;0,570091743630083
214;6,473;0,574716199173908
215;6,477;0,56733872327289
216;6,481;0,554285076185972
217;6,485;0,551764051926295
218;6,490;0,560347907534398
219;6,494;0,501281701106745
220;6,498;0,543706054139228
221;6,502;0,533714755539526
222;6,506;0,509819157495345
223;6,510;0,512974304421567
224;6,514;0,504344049593961
225;6,518;0,502534480033333
226;6,523;0,50547309726854
227;6,527;0,472962710803254
228;6,531;0,478716214021659
229;6,535;0,475715731160448
230;6,539;0,497167636977456
231;6,543;0,473720564721807
232;6,547;0,445215977540303
233;6,551;0,433801769542501
234;6,555;0,474478418640361
235;6,560;0,472808046738243
236;6,564;0,452593453441322
237;6,568;0,439091280565873
238;6,572;0,420871853707592
239;6,576;0,40051806275216
240;6,580;0,40890085507575
241;6,584;0,424862186584872
242;6,588;0,433461508599477
243;6,593;0,408313131628709
244;6,597;0,410509361351863
245;6,601;0,425558174877421
246;6,605;0,438178762582308
247;6,609;0,554733601974503
248;6,613;0,719110570268061
249;6,617;1,15987222273605
250;6,621;1,98621138927615
251;6,626;3,37289846335065
252;6,630;5,22838778487961
253;6,634;7,84069477572628
254;6,638;10,6241066216945
255;6,642;13,4790196649172
256;6,646;16,1181918038563
257;6,650;17,9468469101058
258;6,654;18,8068409771923
259;6,659;18,9256229791207
260;6,663;18,3375283383233
261;6,667;17,4427348566094
262;6,671;16,3039742787473
263;6,675;14,933619729938
264;6,679;13,6334826666436
265;6,683;12,5384610863666
266;6,687;11,2910180700214
267;6,692;10,2352192966311
268;6,696;9,28389609915575
269;6,700;8,28931336269682
270;6,704;7,51177070866765
271;6,708;6,84623577051936
272;6,712;6,20779797656097
273;6,716;5,58635776334728
274;6,720;4,79628732005223
275;6,724;4,34947830264231
276;6,729;3,89830775859909
277;6,733;3,38545718542953
278;6,737;2,96385841061639
279;6,741;2,64197155851576
280;6,745;2,32206440644726
281;6,749;2,05890349983126
282;6,753;1,78735980089167
283;6,757;1,62542652482528
284;6,762;1,45489392674429
285;6,766;1,26492005569144
286;6,770;1,14983452491684
287;6,774;1,03474899414225
288;6,778;0,952545043588974
289;6,782;0,883951530756651
290;6,786;0,816162271062384
291;6,790;0,751883885643865
292;6,795;0,704200954401012
293;6,799;0,687234306469319
294;6,803;0,635561042349186
295;6,807;0,595781444828389
296;6,811;0,559837516119862
297;6,815;0,551810451145798
298;6,819;0,518542210761959
299;6,823;0,526229014792999
300;6,828;0,503926456618431
301;6,832;0,486294753207191
302;6,836;0,476628249144012
303;6,840;0,471849129535176
304;6,844;0,459723466838323
305;6,848;0,451155077636721
306;6,852;0,446979147881427
307;6,856;0,425326178779905
308;6,861;0,417098050521326
309;6,865;0,40876165741724
310;6,869;0,383489549194463
311;6,873;0,395568812671812
312;6,877;0,38429380233252
313;6,881;0,405792107369031
314;6,885;0,368641798953419
315;6,889;0,382948224966925
316;6,893;0,350236775217125
317;6,898;0,35357751902136
318;6,902;0,353995111996889
319;6,906;0,362656299637498
320;6,910;0,355433487801491
321;6,914;0,375276887342386
322;6,918;0,345565920453797
323;6,922;0,364976260612661
324;6,926;0,353469254175852
325;6,931;0,350839965070668
326;6,935;0,321979650539638
327;6,939;0,332357609301868
328;6,943;0,328367276424588
329;6,947;0,335187961691567
330;6,951;0,337275926569214
331;6,955;0,310240648005313
332;6,959;0,315143498866158
333;6,964;0,338915365658329
334;6,968;0,335203428098068
335;6,972;0,294681443065219
336;6,976;0,302259982250752
337;6,980;0,303342630705828
338;6,984;0,320695938800048
339;6,988;0,306868971388076
340;6,992;0,317339728589312
341;6,997;0,317386127808815
342;7,001;0,298919238446517
343;7,005;0,310596375354838
344;7,009;0,293877189927162
345;7,013;0,297171534511894
346;7,017;0,277714795133526
347;7,021;0,28659251246515
348;7,025;0,31033344644432
349;7,030;0,266517116826739
350;7,034;0,304115951030882
351;7,038;0,296723008723363
352;7,042;0,284458148368
353;7,046;0,280483281897221
354;7,050;0,290056987521394
355;7,054;0,279106771718624
356;7,058;0,300079218934099
357;7,062;0,282138187392837
358;7,067;0,281101938157264
359;7,071;0,277467332629509
360;7,075;0,298981104072521
361;7,079;0,267754429346826
362;7,083;0,293583328203642
363;7,087;0,260655348762827
364;7,091;0,280576080336227
365;7,095;0,290242584399407
366;7,100;0,263222772242007
367;7,104;0,285045871815042
368;7,108;0,263609432404534
369;7,112;0,288757809375303
370;7,116;0,268605081704386
371;7,120;0,280622479555731
372;7,124;0,25415945803237
373;7,128;0,272549015362163
374;7,133;0,263856894908552
375;7,137;0,258551917478679
376;7,141;0,261335870648875
377;7,145;0,284040555392471
378;7,149;0,269548532500952
379;7,153;0,287505030448715
380;7,157;0,277869459198537
381;7,161;0,283158970221909
382;7,166;0,266269654322721
383;7,170;0,297527261861419
384;7,174;0,307812422184642
385;7,178;0,29625901652833
386;7,182;0,319829820035987
387;7,186;0,30379115649436
388;7,190;0,295021704008243
389;7,194;0,304162350250386
390;7,199;0,306760706542568
391;7,203;0,280792610027243
392;7,207;0,295331032138265
393;7,211;0,305415129176974
394;7,215;0,268063757476848
395;7,219;0,276941474808472
396;7,223;0,274698845865814
397;7,227;0,269765062191967
398;7,231;0,255752497901982
399;7,236;0,273399667719723
400;7,240;0,264444618355593
401;7,244;0,269130939525423
402;7,248;0,236373090556119
403;7,252;0,242977246132084
404;7,256;0,258783913576195
405;7,260;0,250339255626601
406;7,264;0,229660670134647
407;7,269;0,238058928864738
408;7,273;0,251947761902714
409;7,277;0,25330880567481
410;7,281;0,258551917478679
411;7,285;0,224386625517777
412;7,289;0,23154757172778
413;7,293;0,250524852504614
414;7,297;0,212879619080968
415;7,302;0,23026385998819
416;7,306;0,215972900381185
417;7,310;0,231795034231798
418;7,314;0,220937616868034
419;7,318;0,215740904283669
420;7,322;0,212152697975416
421;7,326;0,231160911565253
422;7,330;0,238739450750786
423;7,335;0,232181694394325
424;7,339;0,220721087177019
425;7,343;0,22486608411931
426;7,347;0,243580435985626
427;7,351;0,250246457187595
428;7,355;0,253123208796797
429;7,359;0,261877194876413
430;7,363;0,248313156374959
431;7,368;0,231872366264303
432;7,372;0,252086959561224
433;7,376;0,271497299720089
434;7,380;0,260438819071811
435;7,384;0,223891700509742
436;7,388;0,247601701675909
437;7,392;0,245498270391761
438;7,396;0,229815334199658
439;7,400;0,225964198980888
440;7,405;0,22016429654298
441;7,409;0,231795034231798
442;7,413;0,224309293485271
443;7,417;0,257407403397598
444;7,421;0,213003350332976
445;7,425;0,221509873908574
446;7,429;0,216931817584252
447;7,433;0,221076814526544
448;7,438;0,210265796382284
449;7,442;0,220612822331511
450;7,446;0,221680004380086
451;7,450;0,210760721390319
452;7,454;0,218354726982353
453;7,458;0,235228576475039
454;7,462;0,25117444157766
455;7,466;0,236976280409662
456;7,471;0,252179758000231
457;7,475;0,225221811468835
458;7,479;0,241724467205496
459;7,483;0,236280292117113
460;7,487;0,237100011661671
461;7,491;0,255597833836971
462;7,495;0,216313161324209
463;7,499;0,206445593976515
464;7,504;0,22202026532311
465;7,508;0,232088895955318
466;7,512;0,211951634690902
467;7,516;0,245591068830768
468;7,520;0,238553853872773
469;7,524;0,241275941416964
470;7,528;0,237223742913679
471;7,532;0,228284159956051
472;7,537;0,26568193087568
473;7,541;0,247508903236902
474;7,545;0,265279804306652
475;7,549;0,24022422577489
476;7,553;0,241013012506446
477;7,557;0,25117444157766
478;7,561;0,221850134851598
479;7,565;0,231779567825296
480;7,569;0,256695948698548
481;7,574;0,227371641972487
482;7,578;0,210606057325308
483;7,582;0,221463474689071
484;7,586;0,218664055112374
485;7,590;0,204697890041892
486;7,594;0,227510839630996
487;7,598;0,214008666755547
488;7,602;0,176301567705896
489;7,607;0,216173963665699
490;7,611;0,20097048607513
491;7,615;0,219189912933411
492;7,619;0,212075365942911
493;7,623;0,200382762628089
494;7,627;0,205579475212454
495;7,631;0,203012051733274
496;7,635;0,203182182204786
497;7,640;0,173579480161704
498;7,644;0,195170583637222
499;7,648;0,182658260777843
500;7,652;0,165351351903126
501;7,656;0,188071503053223
502;7,660;0,189092285882295
503;7,664;0,163742845627013
504;7,668;0,164191371415544
505;7,673;0,177291417721965
506;7,677;0,173440282503195
507;7,681;0,169140621495892
508;7,685;0,182426264680326
509;7,689;0,166434000358202
510;7,693;0,179503113851621
511;7,697;0,172172037170105
512;7,701;0,150318004784069
513;7,706;0,16142288465185
514;7,710;0,177477014599978
515;7,714;0,173332017657687
516;7,718;0,173533080942201
517;7,722;0,195371646921737
518;7,726;0,16711452224425
519;7,730;0,186988854598147
520;7,734;0,173254685625182
521;7,738;0,174739460649286
522;7,743;0,142894129663547
523;7,747;0,19812466727893
524;7,751;0,154184606409341
525;7,755;0,172543230926132
526;7,759;0,159566915871719
527;7,763;0,18276652562335
528;7,767;0,166310269106193
529;7,771;0,154772329856382
530;7,776;0,158638931481654
531;7,780;0,180152702924667
532;7,784;0,155653915026944
533;7,788;0,169651012910428
534;7,792;0,159535983058717
535;7,796;0,158561599449148
536;7,800;0,175590113006846
537;7,804;0,147302055516357
538;7,809;0,176842891933434
539;7,813;0,152931827482753
540;7,817;0,157107757238046
541;7,821;0,149529218052513
542;7,825;0,16043303463578
543;7,829;0,14606474299627
544;7,833;0,170563530893992
545;7,837;0,169697412129931
546;7,842;0,135810515486049
547;7,846;0,164500699545566
548;7,850;0,163773778440015
549;7,854;0,139646184298319
550;7,858;0,131294324787731
551;7,862;0,151106791515624
552;7,866;0,17507972159231
553;7,870;0,156612832230011
554;7,875;0,182101470143804
555;7,879;0,151508918084653
556;7,883;0,162551932326429
557;7,887;0,160123706505758
558;7,891;0,15047266884908
559;7,895;0,160139172912259
560;7,899;0,137913946770197
561;7,903;0,170625396519997
562;7,907;0,141873346834475
563;7,912;0,161268220586839
564;7,916;0,152916361076252
565;7,920;0,159195722115693
566;7,924;0,165784411285156
567;7,928;0,162892193269453
568;7,932;0,174306401267255
569;7,936;0,181080687314732
570;7,940;0,179255651347603
571;7,945;0,184019304549938
572;7,949;0,172187503576607
573;7,953;0,182488130306331
574;7,957;0,165815344098158
575;7,961;0,168614763674855
576;7,965;0,159505050245715
577;7,969;0,183447047509398
578;7,973;0,165366818309627
579;7,978;0,182596395151838
580;7,982;0,17622423567339
581;7,986;0,165366818309627
582;7,990;0,168444633203343
583;7,994;0,157138690051048
584;7,998;0,170022206666454
585;8,002;0,142430137468514
586;8,006;0,139568852265813
587;8,011;0,149807613369533
588;8,015;0,127505055194965
589;8,019;0,127535988007967
590;8,023;0,137341689729656
591;8,027;0,141161892135425
592;8,031;0,138285140526223
593;8,035;0,139398721794301
594;8,039;0,165320419090124
595;8,044;0,135609452201535
596;8,048;0,149560150865516
597;8,052;0,144332505468148
598;8,056;0,1507665305726
599;8,060;0,128170110674512
600;8,064;0,151168657141629
601;8,068;0,129515688040106
602;8,072;0,160850627611309
603;8,076;0,15005507587355
604;8,081;0,145090359386701
605;8,085;0,150147874312557
606;8,089;0,245250807887744
607;8,093;0,446546088499397
608;8,097;0,849368645820219
609;8,101;1,61435257777051
610;8,105;3,07470614600968
611;8,109;5,45113497130827
612;8,114;8,7399425825125
613;8,118;13,034422343637
614;8,122;17,778541474561
615;8,126;22,4705697483894
616;8,130;26,2401042064604
617;8,134;28,8192048225493
618;8,138;30,0088653442064
619;8,142;29,4847706935106
620;8,147;27,8497704630611
621;8,151;25,2514915029109
622;8,155;22,4326770524617
623;8,159;19,1725441589105
624;8,163;16,2300603220786
625;8,167;13,5438084417503
626;8,171;11,0179741296512
627;8,175;9,0869623451774
628;8,180;7,20269004114992
629;8,184;5,79957764337127
630;8,188;4,65206307942959
631;8,192;3,78586698333618
632;8,196;3,13221024538073
633;8,200;2,56473232444933
634;8,204;2,11285032570705
635;8,208;1,79124186892344
636;8,213;1,54430522272708
637;8,217;1,35714623765742
638;8,221;1,1975329225662
639;8,225;1,06837296187562
640;8,229;0,952189316239448
641;8,233;0,853915769331539
642;8,237;0,765880983527349
643;8,241;0,714192253000715
644;8,245;0,688255089298391
645;8,250;0,63532904625167
646;8,254;0,581258489123868
647;8,258;0,522625342078246
648;8,262;0,496409783058903
649;8,266;0,484299586768551
650;8,270;0,450644686222185
651;8,274;0,429919701510728
652;8,278;0,400131402589633
653;8,283;0,357830780809159
654;8,287;0,370899894302578
655;8,291;0,335713819512604
656;8,295;0,338884432845327
657;8,299;0,32270657164519
658;8,303;0,312235814443953
659;8,307;0,306234848721531
660;8,311;0,287999955456749
661;8,316;0,274961774776333
662;8,320;0,269409334842442
663;8,324;0,253030410357791
664;8,328;0,231052646719745
665;8,332;0,251004311106148
666;8,336;0,2417863328315
667;8,340;0,245096143822733
668;8,344;0,22116961296555
669;8,349;0,227356175565985
670;8,353;0,22514447943633
671;8,357;0,206028001000986
672;8,361;0,193809539865127
673;8,365;0,205502143179949
674;8,369;0,199563043083531
675;8,373;0,196191366466294
676;8,377;0,199578509490032
677;8,382;0,204311229879365
678;8,386;0,181652944355272
679;8,390;0,178977256030584
680;8,394;0,171615246536066
681;8,398;0,175528247380841
682;8,402;0,160015441660251
683;8,406;0,18389557329793
684;8,410;0,178698860713564
685;8,414;0,164237770635048
686;8,419;0,183199585005381
687;8,423;0,176595429429416
688;8,427;0,169295285560903
689;8,431;0,173424816096693
690;8,435;0,181606545135769
691;8,439;0,182348932647821
692;8,443;0,176317034112397
693;8,447;0,16754758162628
694;8,452;0,204218431440359
695;8,456;0,175713844258854
696;8,460;0,181513746696762
697;8,464;0,196608959441824
698;8,468;0,174739460649286
699;8,472;0,171120321528031
700;8,476;0,194165267214652
701;8,480;0,179967106046654
702;8,485;0,183679043606914
703;8,489;0,192030903117502
704;8,493;0,190716258564909
705;8,497;0,185689676452056
706;8,501;0,177739943510497
707;8,505;0,177538880225983
708;8,509;0,16199514169239
709;8,513;0,160448501042281
710;8,518;0,147967110995904
711;8,522;0,133026562315853
712;8,526;0,143883979679616
713;8,530;0,145275956264714
714;8,534;0,145291422671215
715;8,538;0,136614768624105
716;8,542;0,152483301694221
717;8,546;0,129190893503583
718;8,551;0,133583352949892
719;8,555;0,141842414021473
720;8,559;0,121952615261074
721;8,563;0,141424821045944
722;8,567;0,115503123750121
723;8,571;0,128804233341056
724;8,575;0,105836619686941
725;8,579;0,130072478674145
726;8,584;0,120962765245005
727;8,588;0,112811969018932
728;8,592;0,106068615784458
729;8,596;0,12928369194259
730;8,600;0,101243096956118
731;8,604;0,10724406267854
732;8,608;0,0919013874294616
733;8,612;0,111682921344352
734;8,616;0,109548557247202
735;8,621;0,113616222156988
736;8,625;0,112549040108413
737;8,629;0,120050247261441
738;8,633;0,138764599127757
739;8,637;0,127706118479479
740;8,641;0,1137863526285
741;8,645;0,137712883485683
742;8,649;0,124504572333754
743;8,654;0,134202009209936
744;8,658;0,139986445241342
745;8,662;0,116601238611698
746;8,666;0,126793600495915
747;8,670;0,135501187356027
748;8,674;0,12714932784544
749;8,678;0,127984513796499
750;8,682;0,121596887911549
751;8,687;0,13341322247838
752;8,691;0,120931832432003
753;8,695;0,132315107616803
754;8,699;0,123715785602198
755;8,703;0,0877563904871702
756;8,707;0,125169627813301
757;8,711;0,11321409558796
758;8,715;0,103423860272772
759;8,720;0,106656339231499
760;8,724;0,120514239456473
761;8,728;0,0965877085992911
762;8,732;0,104320911849835
763;8,736;0,116384708920683
764;8,740;0,115936183132151
765;8,744;0,125030430154791
766;8,748;0,118209744887811
767;8,753;0,132748166998834
768;8,757;0,120390508204465
769;8,761;0,110198146320248
770;8,765;0,110677604921782
771;8,769;0,0925819093155094
772;8,773;0,103640389963787
773;8,777;0,109409359588693
774;8,781;0,108868035361155
775;8,785;0,0989850016069596
776;8,790;0,111435458840335
777;8,794;0,130923131031705
778;8,798;0,112177846352387
779;8,802;0,140326706184366
780;8,806;0,113260494807463
781;8,810;0,121163828529519
782;8,814;0,105898485312946
783;8,818;0,122153678545589
784;8,823;0,123746718415201
785;8,827;0,109780553344719
786;8,831;0,114157546384526
787;8,835;0,113059431522949
788;8,839;0,105001433735883
789;8,843;0,108110181442601
790;8,847;0,105171564207395
791;8,851;0,0915456600799366
792;8,856;0,101165764923613
793;8,860;0,113028498709947
794;8,864;0,0908806046003898
795;8,868;0,0943296132501323
796;8,872;0,0910662014784029
797;8,876;0,0947781390386639
798;8,880;0,0863489474955712
799;8,884;0,0966341078187943
800;8,889;0,136862231128123
801;8,893;0,196871888352342
802;8,897;0,384061806235003
803;8,901;0,760947199853502
804;8,905;1,45528058690682
805;8,909;2,72825864038532
806;8,913;4,54492728159655
807;8,917;7,07973210946628
808;8,922;10,005605025716
809;8,926;12,9744590856322
810;8,930;15,6909787234832
811;8,934;17,4284902962219
812;8,938;18,1176888363169
813;8,942;17,7642969141735
814;8,946;16,1168616928972
815;8,950;14,2430601460709
816;8,954;12,0682823287335
817;8,959;9,6458564105007
818;8,963;7,81228298698378
819;8,967;6,18314452459824
820;8,971;4,87494946351676
821;8,975;3,8258476441415
822;8,979;3,01729484507765
823;8,983;2,35166710849035
824;8,987;1,97688514615599
825;8,992;1,52826655918545
826;8,996;1,26213610252124
827;9,000;1,07137344473683
828;9,004;0,852956852128471
829;9,008;0,808552799063849
830;9,012;0,689275872127463
831;9,016;0,591574582260094
832;9,020;0,566859264671356
833;9,025;0,514180684128652
834;9,029;0,456166193343073
835;9,033;0,423795004536297
836;9,037;0,379390951471675
837;9,041;0,362006710564453
838;9,045;0,356021211248532
839;9,049;0,340276409430425
840;9,053;0,319211163775944
841;9,058;0,295160901666753
842;9,062;0,297790190771938
843;9,066;0,27279647786618
844;9,070;0,25473171507291
845;9,074;0,282261918644846
846;9,078;0,243425771920615
847;9,082;0,232924081906377
848;9,086;0,24164713517299
849;9,091;0,265310737119654
850;9,095;0,229768934980155
851;9,099;0,240564486717914
852;9,103;0,219158980120409
853;9,107;0,206894119765047
854;9,111;0,213328144869499
855;9,115;0,185488613167542
856;9,119;0,162954058895457
857;9,123;0,172141104357103
858;9,128;0,165181221431614
859;9,132;0,162938592488956
860;9,136;0,140280306964863
861;9,140;0,136320906900585
862;9,144;0,151029459483119
863;9,148;0,136274507681081
864;9,152;0,138377938965229
865;9,156;0,126917331747924
866;9,161;0,13839340537173
867;9,165;0,147889778963398
868;9,169;0,130165277113152
869;9,173;0,119802784757423
870;9,177;0,120869966805998
871;9,181;0,111961316661372
872;9,185;0,129113561471078
873;9,189;0,110120814287743
874;9,194;0,101212164143116
875;9,198;0,110894134612797
876;9,202;0,100469776631064
877;9,206;0,0819100888297591
878;9,210;0,103903318874305
879;9,214;0,120978231651506
880;9,218;0,10965682209271
881;9,222;0,13710969363214
882;9,227;0,159690647123728
883;9,231;0,196763623506834
884;9,235;0,165181221431614
885;9,239;0,162258070602908
886;9,243;0,185782474891062
887;9,247;0,19413433440165
888;9,251;0,172032839511596
889;9,255;0,166712395675222
890;9,260;0,132639902153326
891;9,264;0,114173012791028
892;9,268;0,111203462742819
893;9,272;0,111126130710313
894;9,276;0,100964701639099
895;9,280;0,100608974289574
896;9,284;0,103485725898776
897;9,288;0,0766205778063872
898;9,292;0,0903547467793528
899;9,297;0,0836268599513798
900;9,301;0,0842145833984211
901;9,305;0,0736974269776817
902;9,309;0,0834103302603646
903;9,313;0,0857302912355277
904;9,317;0,0890865014462637
905;9,321;0,0757699254488274
906;9,325;0,0807501083421776
907;9,330;0,0766360442128883
908;9,334;0,0660260893531423
909;9,338;0,0680676550112858
910;9,342;0,0786930762775329
911;9,346;0,0656703620036173
912;9,350;0,0757235262293241
913;9,354;0,0676964612552597
914;9,358;0,0685935128323228
915;9,363;0,0748419410587621
916;9,367;0,0690575050273554
917;9,371;0,075708059822823
918;9,375;0,0519671258436538
919;9,379;0,0673716667187369
920;9,383;0,0770072379689144
921;9,387;0,0597621947202019
922;9,391;0,0528177782012136
923;9,396;0,0856838920160244
924;9,400;0,0507143469170657
925;9,404;0,063845326036489
926;9,408;0,0721043871080697
927;9,412;0,0416355663009274
928;9,416;0,062963740865927
929;9,420;0,0655775635646108
930;9,424;0,077115502814422
931;9,429;0,0474509351453363
932;9,433;0,0746718105872502
933;9,437;0,0810749028787004
934;9,441;0,0621285549148683
935;9,445;0,0654228994995999
936;9,449;0,0488429117304341
937;9,453;0,0515186000551223
938;9,457;0,0423470209999774
939;9,461;0,0796210606675982
940;9,466;0,0515031336486212
941;9,470;0,064386650264027
942;9,474;0,056421450915967
943;9,478;0,0635205314999661
944;9,482;0,0769917715624133
945;9,486;0,0746254113677469
946;9,490;0,060659246297265
947;9,494;0,0542716204123158
948;9,499;0,050946343014582
949;9,503;0,0737747590101871
950;9,507;0,0654228994995999
951;9,511;0,053420968054756
952;9,515;0,0577824946880627
953;9,519;0,0632885354024498
954;9,523;0,0641855869795129
955;9,527;0,0579835579725768
956;9,532;0,0597157955006986
957;9,536;0,066861275304201
958;9,540;0,0562358540379539
959;9,544;0,0726147785226055
960;9,548;0,0615717642808291
961;9,552;0,065082638556576
962;9,556;0,0777960247004698
963;9,560;0,0775176293834503
964;9,565;0,052523916477693
965;9,569;0,0731251699371414
966;9,573;0,0766824434323915
967;9,577;0,0637989268169857
968;9,581;0,0649743737110683
969;9,585;0,0702948175474424
970;9,589;0,0713001339700131
971;9,593;0,104305445443334
972;9,598;0,0547665454203506
973;9,602;0,0676809948487587
974;9,606;0,0840908521464124
975;9,610;0,0557409290299191
976;9,614;0,065438365906101
977;9,618;0,0464920179422689
978;9,622;0,072877707433124
979;9,626;0,0793735981635808
980;9,630;0,03484581384695
981;9,635;0,0385422850007099
982;9,639;0,0543953516643245
983;9,643;0,0535601657132658
984;9,647;0,0490594414214494
985;9,651;0,0461208241862428
986;9,655;0,0648506424590597
987;9,659;0,0449917765116634
988;9,663;0,0709598730269892
989;9,668;0,0748728738717643
990;9,672;0,052539382884194
991;9,676;0,067742860474763
992;9,680;0,0763421824893676
993;9,684;0,0652373026215868
994;9,688;0,0712382683440088
995;9,692;0,103856919654802
996;9,696;0,300156550966604
997;9,701;0,622615660107776
998;9,705;1,37801042002739
999;9,709;2,90703483313139
1000;9,713;5,46756029501242
1001;9,717;9,78308983538485
1002;9,721;15,5394234061791
1003;9,725;22,6492840755095
1004;9,729;30,0770412640632
1005;9,734;36,6959672582361
1006;9,738;40,9832860731505
1007;9,742;41,8195392062578
1008;9,746;40,5094727099897
1009;9,750;36,9179565907462
1010;9,754;31,2869627782368
1011;9,758;25,2849453401728
1012;9,762;19,6412072087065
1013;9,767;15,1457260286939
1014;9,771;11,3251369627628
1015;9,775;8,5550262263855
1016;9,779;6,49106521162839
1017;9,783;5,00814615630412
1018;9,787;3,97857840833973
1019;9,791;3,24779070116335
1020;9,795;2,609878765026
1021;9,799;2,20335973655142
1022;9,804;1,86831097251836
1023;9,808;1,54984219625447
1024;9,812;1,33632845450696
1025;9,816;1,14737536628317
1026;9,820;1,04491042321347
1027;9,824;0,911698264019602
1028;9,828;0,843305814471793
1029;9,832;0,769283592957588
1030;9,837;0,685950594729729
1031;9,841;0,650733587126753
1032;9,845;0,587182122813785
1033;9,849;0,518109151379928
1034;9,853;0,515557194307249
1035;9,857;0,437436375070256
1036;9,861;0,410633092603872
1037;9,865;0,37320438887124
1038;9,870;0,367311687994326
1039;9,874;0,334290910114504
1040;9,878;0,332821601496901
1041;9,882;0,301285598641183
1042;9,886;0,294526779000208
1043;9,890;0,291247900821978
1044;9,894;0,238383723401261
1045;9,898;0,257020743235071
1046;9,903;0,243472171140119
1047;9,907;0,214457192544078
1048;9,911;0,211039116707338
1049;9,915;0,206723989293535
1050;9,919;0,194691125035689
1051;9,923;0,182024138111298
1052;9,927;0,1678259769433
1053;9,931;0,194227132840656
1054;9,936;0,150534534475084
1055;9,940;0,145693549240244
1056;9,944;0,168274502731831
1057;9,948;0,144610900785168
1058;9,952;0,119447057407898
1059;9,956;0,146080209402771
1060;9,960;0,153132890767267
1061;9,964;0,131572720104751
1062;9,968;0,130644735714686
1063;9,973;0,115039131555088
1064;9,977;0,12786078254449
1065;9,981;0,104336378256336
1066;9,985;0,114791669051071
1067;9,989;0,118410808172325
1068;9,993;0,110878668206296
1069;9,997;0,10212468212668
1070;10,001;0,0960309179652519
1071;10,006;0,0991241992654694
1072;10,010;0,0954431945182106
1073;10,014;0,0975002265828552
1074;10,018;0,0893030311372789
1075;10,022;0,107491525182558
1076;10,026;0,0850188365364777
1077;10,030;0,0993561953629857
1078;10,034;0,0988612703549509
1079;10,039;0,0642474526055172
1080;10,043;0,0858076232680331
1081;10,047;0,0659642237271379
1082;10,051;0,0700937542629283
1083;10,055;0,0740531543272067
1084;10,059;0,0743006168312241
1085;10,063;0,0369028459115946
1086;10,067;0,0543334860383202
1087;10,072;0,051116473486094
1088;10,076;0,0915920592994398
1089;10,080;0,0777341590744655
1090;10,084;0,0896896912998061
1091;10,088;0,0797447919196069
1092;10,092;0,0837351247968874
1093;10,096;0,0989386023874564
1094;10,100;0,0783682817410101
1095;10,105;0,0828844724393276
1096;10,109;0,0587568782976312
1097;10,113;0,079590127854596
1098;10,117;0,0789096059685481
1099;10,121;0,0607984439557747
1100;10,125;0,056421450915967
1101;10,129;0,0661343541986499
1102;10,133;0,0499564929985124
1103;10,137;0,0582310204765942
1104;10,142;0,077115502814422
1105;10,146;0,0566998462329866
1106;10,150;0,0652991682475912
1107;10,154;0,0764813801478774
1108;10,158;0,0548129446398539
1109;10,162;0,0692740347183707
1110;10,166;0,0607520447362715
1111;10,170;0,0757389926358252
1112;10,175;0,0805490450576634
1113;10,179;0,0667530104586934
1114;10,183;0,0655002315321053
1115;10,187;0,0591590048666595
1116;10,191;0,0750584707497774
1117;10,195;0,0676345956292554
1118;10,199;0,0628090768009161
1119;10,203;0,0793735981635808
1120;10,208;0,0648351760525586
1121;10,212;0,0456104327717069
1122;10,216;0,0429192780405177
1123;10,220;0,0706660113034685
1124;10,224;0,0668148760846978
1125;10,228;0,0577206290620583
1126;10,232;0,0435843335200644
1127;10,236;0,0487346468849265
1128;10,241;0,0524156516321853
1129;10,245;0,038913478756736
1130;10,249;0,080115985675633
1131;10,253;0,069506030815887
1132;10,257;0,0933242968275616
1133;10,261;0,13497532953499
1134;10,265;0,135934246738058
1135;10,269;0,134789732656977
1136;10,274;0,195665508645257
1137;10,278;0,177337816941469
1138;10,282;0,173672278600711
1139;10,286;0,192835156255558
1140;10,290;0,151230522767633
1141;10,294;0,156334436912992
1142;10,298;0,141625884330458
1143;10,302;0,147456719581368
1144;10,306;0,113043965116448
1145;10,311;0,107135797833033
1146;10,315;0,0993097961434825
1147;10,319;0,110569340076274
1148;10,323;0,0672479354667282
1149;10,327;0,0749192730912676
1150;10,331;0,0704494816124533
1151;10,335;0,0729241066526273
1152;10,339;0,0390372100087447
1153;10,344;0,047574666397345
1154;10,348;0,0511474062990962
1155;10,352;0,0372895060741218
1156;10,356;0,0468013460722906
1157;10,360;0,040506518626348
1158;10,364;0,0344591536844228
1159;10,368;0,0379854943666708
1160;10,372;0,0394548029842741
1161;10,377;0,0398105303337991
1162;10,381;0,0373668381066273
1163;10,385;0,0394702693907752
1164;10,389;0,0339796950828891
1165;10,393;0,0436152663330666
1166;10,397;0,0446824483816416
1167;10,401;0,0507452797300679
1168;10,405;0,0331754419448326
1169;10,410;0,0537148297782767
1170;10,414;0,033608501326863
1171;10,418;0,031304006758201
1172;10,422;0,0338868966438826
1173;10,426;0,0354335372939913
1174;10,430;0,023694534759666
1175;10,434;0,0228284159956051
1176;10,438;0,0228284159956051
1177;10,443;0,0279941957669683
1178;10,447;0,0216684355080235
1179;10,451;0,0366708498140783
1180;10,455;0,0417902303659383
1181;10,459;0,0274838043524324
1182;10,463;0,0405374514393502
1183;10,467;0,044404053064622
1184;10,471;0,03342290444885
1185;10,475;0,0174615729397277
1186;10,480;0,0367791146595859
1187;10,484;0,0864108131215755
1188;10,488;0,160943426050316
1189;10,492;0,369415119278474
1190;10,496;0,868469657849062
1191;10,500;1,75591659647496
1192;10,504;3,406336834206
1193;10,508;6,05851622101248
1194;10,513;9,51742337091567
1195;10,517;13,561734006885
1196;10,521;18,0017990524042
1197;10,525;21,3392639784609
1198;10,529;23,1654444596703
1199;10,533;22,8158418071197
1200;10,537;21,0566153996535
1201;10,541;18,3007182908507
1202;10,546;14,862319595968
1203;10,550;11,5645724018061
1204;10,554;8,92773569024871
1205;10,558;6,55466307516086
1206;10,562;4,94188807085346
1207;10,566;3,68016956130775
1208;10,570;2,83491497961682
1209;10,574;2,24685127163248
1210;10,579;1,7679339943263
1211;10,583;1,46361698001091
1212;10,587;1,21081856575063
1213;10,591;0,998928796685735
1214;10,595;0,863087348386684
1215;10,599;0,781022595491914
1216;10,603;0,68197572825895
1217;10,607;0,589857811138473
1218;10,612;0,508380781690744
1219;10,616;0,467240140397852
1220;10,620;0,395182152509285
1221;10,624;0,375276887342386
1222;10,628;0,355541752646998
1223;10,632;0,28175152723031
1224;10,636;0,270909576273048
1225;10,640;0,246673717285844
1226;10,644;0,229119345907109
1227;10,649;0,208657290106171
1228;10,653;0,18958721089033
1229;10,657;0,196639892254826
1230;10,661;0,185395814728535
1231;10,665;0,156968559579536
1232;10,669;0,143667449988601
1233;10,673;0,150240672751563
1234;10,677;0,154215539222343
1235;10,682;0,136444638152593
1236;10,686;0,124906698902782
1237;10,690;0,125200560626303
1238;10,694;0,107893651751586
1239;10,698;0,116400175327184
1240;10,702;0,112054115100379
1241;10,706;0,0946698741931562
1242;10,710;0,1052488962399
1243;10,715;0,0971135664203281
1244;10,719;0,0889163709747517
1245;10,723;0,0905094108443637
1246;10,727;0,0985828750379314
1247;10,731;0,085776690455031
1248;10,735;0,071454798035024
1249;10,739;0,0880502522106908
1250;10,743;0,060489115825753
1251;10,748;0,0736355613516773
1252;10,752;0,0850188365364777
1253;10,756;0,0685007143933163
1254;10,760;0,0564059845094659
1255;10,764;0,0585094157936138
1256;10,768;0,0664436823286717
1257;10,772;0,0652991682475912
1258;10,776;0,0681295206372902
1259;10,781;0,0500647578440201
1260;10,785;0,0490594414214494
1261;10,789;0,03484581384695
1262;10,793;0,0398569295533023
1263;10,797;0,0530807071117321
1264;10,801;0,0442029897801079
1265;10,805;0,0318762637987412
1266;10,809;0,0398723959598034
1267;10,813;0,0431976733575372
1268;10,818;0,0420840920894589
1269;10,822;0,0278395317019574
1270;10,826;0,0279013973279617
1271;10,830;0,0506370148845603
1272;10,834;0,0624688158578922
1273;10,838;0,0296336348560835
1274;10,842;0,0506370148845603
1275;10,846;0,0404446530003437
1276;10,851;0,0258598316698182
1277;10,855;0,0379545615536686
1278;10,859;0,0247926496212432
1279;10,863;0,041743831146435
1280;10,867;0,0622368197603759
1281;10,871;0,0458733616822254
1282;10,875;0,0485645164134146
1283;10,879;0,0354026044809892
1284;10,884;0,0270971441899052
1285;10,888;0,0466621484137808
1286;10,892;0,0511783391120984
1287;10,896;0,0497399633074972
1288;10,900;0,0754760637253067
1289;10,904;0,0860550857720505
1290;10,908;0,114869001083576
1291;10,912;0,126731734869911
1292;10,917;0,12331365903317
1293;10,921;0,137449954575164
1294;10,925;0,115255661246104
1295;10,929;0,094623474973653
1296;10,933;0,0916075257059409
1297;10,937;0,0772392340664307
1298;10,941;0,0550294743308691
1299;10,945;0,0684388487673119
1300;10,950;0,0515031336486212
1301;10,954;0,0521217899086647
1302;10,958;0,0623760174188857
1303;10,962;0,0208177831504637
1304;10,966;0,0457496304302167
1305;10,970;0,0275766027914389
1306;10,974;0,0505442164455538
1307;10,978;0,0258752980763193
1308;10,982;0,025473171507291
1309;10,987;0,0267723496533824
1310;10,991;0,0299584293926064
1311;10,995;0,0174770393462288
1312;10,999;0,0157293354116059
1313;11,003;0,0161314619806342
1314;11,007;0,00861478842110571
1315;11,011;0,0104862236077373
1316;11,015;0,0255659699462975
1317;11,020;0,002830352389699
1318;11,024;0,0189772807768343
1319;11,028;0,0395321350167795
1320;11,032;0,0251638433772693
1321;11,036;0,0155746713465951
1322;11,040;0,0523847188191832
1323;11,044;0,0700009558239218
1324;11,048;0,0796519934806003
1325;11,053;0,105264362646401
1326;11,057;0,13185111542177
1327;11,061;0,155189922831911
1328;11,065;0,173022689527665
1329;11,069;0,170115005105461
1330;11,073;0,154849661888887
1331;11,077;0,146853529727825
1332;11,081;0,150410803223075
1333;11,086;0,122803267618634
1334;11,090;0,0936181585510823
1335;11,094;0,0918395218034572
1336;11,098;0,0644794487030336
1337;11,102;0,0753213996602959
1338;11,106;0,0472034726413189
1339;11,110;0,0685316472063185
1340;11,114;0,0324639872457825
1341;11,119;0,057132905615017
1342;11,123;0,047574666397345
1343;11,127;0,0492914375189657
1344;11,131;0,0538540274367865
1345;11,135;0,0629946736789292
1346;11,139;0,0506834141040636
1347;11,143;0,0601179220697269
1348;11,147;0,0516577977136321
1349;11,151;0,050234888315532
1350;11,156;0,0269734129378965
1351;11,160;0,0438936616500862
1352;11,164;0,0340106278958913
1353;11,168;0,0355263357329979
1354;11,172;0,0476055992103472
1355;11,176;0,0308245481566673
1356;11,180;0,019456739378368
1357;11,184;0,0312266747256955
1358;11,189;0,0280715277994737
1359;11,193;0,0185906206143071
1360;11,197;0,0022116961296555
1361;11,201;0,0133784416234406
1362;11,205;0,0234161394426464
1363;11,209;0,0315978684817216
1364;11,213;0,0276848676369465
1365;11,217;0
1366;11,222;0,031845330985739
1367;11,226;0,017152244809706
1368;11,230;0,01237312520087
1369;11,234;0,00549057430788604
1370;11,238;0,0246070527432301
1371;11,242;0,0294789707910727
1372;11,246;0,0307626825306629
1373;11,250;0,057828893907566
1374;11,255;0,156690164262517
1375;11,259;0,446422357247388
1376;11,263;1,00016610920582
1377;11,267;2,47249067607684
1378;11,271;5,11526648773066
1379;11,275;9,72178100001454
1380;11,279;16,6085078227537
1381;11,283;25,3327210698546
1382;11,288;34,9765823139167
1383;11,292;43,7823499224978
1384;11,296;49,3265617281297
1385;11,300;50,8423932964882
1386;11,304;48,3306643471181
1387;11,308;42,8014549557924
1388;11,312;35,2625561701218
1389;11,316;27,7165428374608
1390;11,320;20,7141582269064
1391;11,325;15,261043555566
1392;11,329;11,1993022794699
1393;11,333;8,37028000073001
1394;11,337;6,32662637770883
1395;11,341;4,98525587468251
1396;11,345;3,99593171643395
1397;11,349;3,2370415486451
1398;11,353;2,74425090470745
1399;11,358;2,31422293835121
1400;11,362;1,99615628865635
1401;11,366;1,73839315790923
1402;11,370;1,54622305713321
1403;11,374;1,32313560976153
1404;11,378;1,15875864146797
1405;11,382;1,06353197664078
1406;11,386;0,904738381094112
1407;11,391;0,816703595289922
1408;11,395;0,736200949451762
1409;11,399;0,603298118387918
1410;11,403;0,598472599559579
1411;11,407;0,55781141686822
1412;11,411;0,47532907099792
1413;11,415;0,483340669565484
1414;11,419;0,44346827360568
1415;11,424;0,390356633680946
1416;11,428;0,362950161361019
1417;11,432;0,338807100812822
1418;11,436;0,311740889435919
1419;11,440;0,296568344658352
1420;11,444;0,263377436307018
1421;11,448;0,259062308893215
1422;11,452;0,237594936669705
1423;11,457;0,262000926128421
1424;11,461;0,233357141288407
1425;11,465;0,21832379416935
1426;11,469;0,209337811992219
1427;11,473;0,21945284184393
1428;11,477;0,194551927377179
1429;11,481;0,187220850695664
1430;11,485;0,202563525944742
1431;11,489;0,205842404122973
1432;11,494;0,21233829485343
1433;11,498;0,230310259207693
1434;11,502;0,242745250034567
1435;11,506;0,251854963463708
1436;11,510;0,244694017253704
1437;11,514;0,242745250034567
1438;11,518;0,234300592084974
1439;11,522;0,233341674881906
1440;11,527;0,186849656939637
1441;11,531;0,173966140324232
1442;11,535;0,156566433010508
1443;11,539;0,151539850897655
1444;11,543;0,117591088627768
1445;11,547;0,115874317506147
1446;11,551;0,104784904044867
1447;11,555;0,0871068014141245
1448;11,560;0,0710836042789979
1449;11,564;0,0913909960149257
1450;11,568;0,0862716154630658
1451;11,572;0,0852662990404951
1452;11,576;0,078522945806021
1453;11,580;0,0741923519857165
1454;11,584;0,0579371587530736
1455;11,588;0,0602880525412389
1456;11,593;0,0832865990083559
1457;11,597;0,0579835579725768
1458;11,601;0,0528023117947125
1459;11,605;0,066335417483164
1460;11,609;0,0568390438914964
1461;11,613;0,0514876672421201
1462;11,617;0,0619274916303541
1463;11,621;0,0409705108213806
1464;11,626;0,0499874258115146
1465;11,630;0,0493687695514711
1466;11,634;0,074115019953211
1467;11,638;0,0721198535145707
1468;11,642;0,0641391877600096
1469;11,646;0,091978719461967
1470;11,650;0,0941904155916225
1471;11,654;0,10510969858139
1472;11,658;0,11647750735969
1473;11,663;0,123189927781161
1474;11,667;0,133660684982398
1475;11,671;0,11734362612375
1476;11,675;0,133026562315853
1477;11,679;0,117390025343254
1478;11,683;0,0935098937055747
1479;11,687;0,0696297620678957
1480;11,691;0,0528177782012136
1481;11,696;0,069335900344375
1482;11,700;0,0551068063633746
1483;11,704;0,0485335836004124
1484;11,708;0,0503431531610396
1485;11,712;0,0244833214912214
1486;11,716;0,0460125593407351
1487;11,720;0,0427491475690057
1488;11,724;0,0478221289013624
1489;11,729;0,0463682866902602
1490;11,733;0,0328661138148108
1491;11,737;0,0361759248060435
1492;11,741;0,0361913912125446
1493;11,745;0,0161933276066386
1494;11,749;0,02901497859604
1495;11,753;0,00463992195032623
1496;11,757;0,018389557329793
1497;11,762;0,0199516643864028
1498;11,766;0,0311802755061923
1499;11,770;0,0106718204857503
1500;11,774;0,0245451871172258
1501;11,778;0,0267259504338791
1502;11,782;0,0185906206143071
1503;11,786;0,0298346981405977
1504;11,790;0,087725457674168
1505;11,795;0,162768462017444
1506;11,799;0,373606515440268
1507;11,803;0,848255064552141
1508;11,807;1,81518386618713
1509;11,811;3,68406709574603
1510;11,815;6,52086897695598
1511;11,819;10,2618369822195
1512;11,823;14,6306946922077
1513;11,827;18,8001904223968
1514;11,832;22,2575045324304
1515;11,836;23,6254153890126
1516;11,840;23,3170152433809
1517;11,844;20,9541195237708
1518;11,848;17,9603026837618
1519;11,852;14,3662964730716
1520;11,856;11,1838513393753
1521;11,860;8,30873916926219
1522;11,865;6,15227357722207
1523;11,869;4,69731778485177
1524;11,873;3,53509466832755
1525;11,877;2,79355780863292
1526;11,881;2,23215818545644
1527;11,885;1,89005674005889
1528;11,889;1,63758312033514
1529;11,893;1,45674989552442
1530;11,898;1,24778327728823
1531;11,902;1,10733283985186
1532;11,906;0,992278241890267
1533;11,910;0,884415522951683
1534;11,914;0,731823956411955
1535;11,918;0,652589555906884
1536;11,922;0,566039545126798
1537;11,926;0,483510800036996
1538;11,931;0,428403993673621
1539;11,935;0,391733143859543
1540;11,939;0,370961759928582
1541;11,943;0,349602652550581
1542;11,947;0,287566896074719
1543;11,951;0,292794541472086
1544;11,955;0,248637950911482
1545;11,959;0,227510839630996
1546;11,964;0,228933749029096
1547;11,968;0,19954757667703
1548;11,972;0,169867542601443
1549;11,976;0,186416597557607
1550;11,980;0,154138207189837
1551;11,984;0,165072956586106
1552;11,988;0,141455753858946
1553;11,992;0,155267254864417
1554;11,996;0,224510356769785
1555;12,001;0,410772290262381
1556;12,005;0,934696810486719
1557;12,009;1,89004127365239
1558;12,013;3,847284083552
1559;12,017;6,94045711892398
1560;12,021;11,3092220304732
1561;12,025;16,3157442140947
1562;12,029;21,0533983871013
1563;12,034;24,9523866675864
1564;12,038;26,7547334163776
1565;12,042;26,5940219864248
1566;12,046;24,0074356295895
1567;12,050;20,4569518867933
1568;12,054;16,2510482357006
1569;12,058;12,4275205525343
1570;12,062;9,18460176941877
1571;12,067;6,70787329796063
1572;12,071;4,99230855604701
1573;12,075;3,76316229859259
1574;12,079;2,83383233116175
1575;12,083;2,29690056307
1576;12,087;1,81320416615499
1577;12,091;1,50370590566173
1578;12,095;1,24546331631307
1579;12,100;1,04477122555496
1580;12,104;0,906006626427201
1581;12,108;0,763158895983158
1582;12,112;0,693204339378739
1583;12,116;0,597544615169513
1584;12,120;0,529337762499718
1585;12,124;0,454975280042489
1586;12,128;0,456924047261626
1587;12,133;0,416711390358799
1588;12,137;0,369616182562988
1589;12,141;0,352077277590755
1590;12,145;0,294341182122195
1591;12,149;0,305183133079457
1592;12,153;0,255783430714984
1593;12,157;0,26198545972192
1594;12,161;0,222979182526178
1595;12,165;0,191071985914434
1596;12,170;0,194474595344674
1597;12,174;0,176719160681425
1598;12,178;0,166758794894725
1599;12,182;0,143961311712122
1600;12,186;0,159211188522194
1601;12,190;0,161268220586839
1602;12,194;0,122060880106582
1603;12,198;0,165768944878655
1604;12,203;0,130196209926154
1605;12,207;0,113121297148954
1606;12,211;0,117096163619733
1607;12,215;0,118983065212866
1608;12,219;0,115781519067141
1609;12,223;0,104429176695342
1610;12,227;0,103099065736249
1611;12,231;0,101366828208127
1612;12,236;0,0897824897388126
1613;12,240;0,103191864175255
1614;12,244;0,0890710350397626
1615;12,248;0,0821420849272754
1616;12,252;0,0769608387494111
1617;12,256;0,0611541713052998
1618;12,260;0,0726766441486099
1619;12,264;0,0663663502961662
1620;12,269;0,0487191804784254
1621;12,273;0,084183650585419
1622;12,277;0,0522764539736756
1623;12,281;0,0766824434323915
1624;12,285;0,0626389463294041
1625;12,289;0,0665364807676782
1626;12,293;0,0399497279923089
1627;12,297;0,060674712703766
1628;12,302;0,0404446530003437
1629;12,306;0,0550758735503724
1630;12,310;0,0486882476654233
1631;12,314;0,042625416316997
1632;12,318;0,0400425264313154
1633;12,322;0,0573494353060322
1634;12,326;0,0605664478582584
1635;12,330;0,0330053114733206
1636;12,334;0,0537457625912789
1637;12,339;0,044404053064622
1638;12,343;0,0265712863688682
1639;12,347;0,0216529691015224
1640;12,351;0,034304489619412
1641;12,355;0,0287056504660183
1642;12,359;0,0471570734218156
1643;12,363;0,0547820118268517
1644;12,367;0,0211735104999887
1645;12,372;0,0395321350167795
1646;12,376;0,0408313131628708
1647;12,380;0,0428419460080122
1648;12,384;0,0563441188834616
1649;12,388;0,0449144444791579
1650;12,392;0,0336703669528674
1651;12,396;0,0331754419448326
1652;12,400;0,0416664991139296
1653;12,405;0,0575350321840453
1654;12,409;0,0377225654561523
1655;12,413;0,0231841433451301
1656;12,417;0,0325567856847891
1657;12,421;0,0347220825949413
1658;12,425;0,0292160418805542
1659;12,429;0,0173533080942201
1660;12,433;0,044929910885659
1661;12,438;0,0489821093889439
1662;12,442;0,0448989780726569
1663;12,446;0,0280405949864715
1664;12,450;0,0354180708874902
1665;12,454;0,0558337274689257
1666;12,458;0,0292160418805542
1667;12,462;0,0512556711446038
1668;12,466;0,0377070990496512
1669;12,471;0,0420067600569535
1670;12,475;0,0288757809375303
1671;12,479;0,0409705108213806
1672;12,483;0,0253649066617834
1673;12,487;0,0294325715715694
1674;12,491;0,000572257040540235
1675;12,495;0,00830546029108396
1676;12,499;0,016456256517157
1677;12,503;0,0227665503696007
1678;12,508;0,0161314619806342
1679;12,512;0,0273136738809204
1680;12,516;0,0272208754419139
1681;12,520;0,0641391877600096
1682;12,524;0,149297221954997
1683;12,528;0,385623913291613
1684;12,532;0,935934123006806
1685;12,536;1,99198035890106
1686;12,541;3,92429132152092
1687;12,545;7,0232023937048
1688;12,549;11,2122940609308
1689;12,553;16,200380288003
1690;12,557;21,1048860543434
1691;12,561;24,2900996748033
1692;12,565;25,5279999183374
1693;12,569;24,7426621954317
1694;12,574;22,1575451472139
1695;12,578;18,3312335108774
1696;12,582;14,6143003013165
1697;12,586;11,2389736121452
1698;12,590;8,35974737790277
1699;12,594;6,14378252005297
1700;12,598;4,62334196255707
1701;12,602;3,49580999581479
1702;12,607;2,71393674796532
1703;12,611;2,14523698092033
1704;12,615;1,76988276154544
1705;12,619;1,41359862138639
1706;12,623;1,18528352861734
1707;12,627;1,01761221573905
1708;12,631;0,861633506175582
1709;12,635;0,760730670162487
1710;12,640;0,651692504329821
1711;12,644;0,62224446635175
1712;12,648;0,533049700059979
1713;12,652;0,498606012782057
1714;12,656;0,437714770387276
1715;12,660;0,406024103466548
1716;12,664;0,345689651705805
1717;12,668;0,331862684293833
1718;12,672;0,313132866021016
1719;12,677;0,277853992792036
1720;12,681;0,272997541150694
1721;12,685;0,225299143501341
1722;12,689;0,253649066617834
1723;12,693;0,218756853551381
1724;12,697;0,229475073256634
1725;12,701;0,226691120086439
1726;12,705;0,291665493797507
1727;12,710;0,506091753528583
1728;12,714;1,09636715764259
1729;12,718;2,39597836311596
1730;12,722;5,16836266124889
1731;12,726;10,6410423368132
1732;12,730;18,9672430790151
1733;12,734;30,9978956407315
1734;12,738;45,7374274354873
1735;12,743;61,9202997513311
1736;12,747;75,1294615556174
1737;12,751;84,3850231980631
1738;12,755;87,3283267544396
1739;12,759;82,015090263495
1740;12,763;70,4128107626392
1741;12,767;57,1575899997928
1742;12,771;43,5757651308628
1743;12,776;32,1461835249982
1744;12,780;23,0957837647894
1745;12,784;16,8047765212525
1746;12,788;12,6487520311258
1747;12,792;9,42595504286824
1748;12,796;7,40568662647669
1749;12,800;5,9834732166692
1750;12,804;4,82183782359202
1751;12,809;3,99642664144199
1752;12,813;3,39595887544377
1753;12,817;2,93170375150063
1754;12,821;2,56190197205963
1755;12,825;2,22544576503497
1756;12,829;1,94876721913702
1757;12,833;1,6811829202617
1758;12,837;1,55548743462737
1759;12,841;1,39268803979692
1760;12,846;1,33303410992223
1761;12,850;1,2004096741754
1762;12,854;1,04975140844831
1763;12,858;0,9614536937336
1764;12,862;0,89616999189251
1765;12,866;0,793875179294317
1766;12,870;0,75763738886227
1767;12,874;0,752007616895874
1768;12,879;0,650068531647206
1769;12,883;0,625012953115445
1770;12,887;0,524775172581897
1771;12,891;0,539777586887952
1772;12,895;0,523754389752825
1773;12,899;0,482783878931445
1774;12,903;0,438008632110796
1775;12,907;0,416463927854782
1776;12,912;0,389645178981896
1777;12,916;0,377689646756555
1778;12,920;0,342256109462564
1779;12,924;0,317246930150306
1780;12,928;0,336533539057162
1781;12,932;0,302491978348268
1782;12,936;0,313643257435552
1783;12,940;0,304038618998377
1784;12,945;0,243595902392127
1785;12,949;0,247292373545887
1786;12,953;0,228593488086072
1787;12,957;0,2204581582665
1788;12,961;0,235893631954586
1789;12,965;0,220504557486004
1790;12,969;0,201171549359644
1791;12,973;0,200985952481631
1792;12,978;0,185241150663524
1793;12,982;0,191427713263959
1794;12,986;0,164036707350533
1795;12,990;0,181359082631751
1796;12,994;0,161886876846882
1797;12,998;0,134851598282981
1798;13,002;0,149034293044479
1799;13,006;0,150410803223075
1800;13,010;0,165304952683623
1801;13,015;0,164036707350533
1802;13,019;0,158283204132129
1803;13,023;0,157633615059083
1804;13,027;0,179425781819115
1805;13,031;0,15829867053863
1806;13,035;0,148276439125925
1807;13,039;0,154524867352365
1808;13,043;0,157463484587571
1809;13,048;0,147518585207372
1810;13,052;0,115735119847637
1811;13,056;0,140868030411904
1812;13,060;0,138439804591234
1813;13,064;0,110832268986793
1814;13,068;0,0950874671686856
1815;13,072;0,0871068014141245
1816;13,076;0,112054115100379
1817;13,081;0,0842919154309266
1818;13,085;0,10226387978519
1819;13,089;0,103934251687308
1820;13,093;0,120730769147489
1821;13,097;0,117823084725284
1822;13,101;0,143868513273115
1823;13,105;0,141950678866981
1824;13,109;0,119462523814399
1825;13,114;0,119292393342887
1826;13,118;0,094453344502141
1827;13,122;0,13070660134069
1828;13,126;0,106687272044501
1829;13,130;0,183122252972875
1830;13,134;0,329728320196683
1831;13,138;0,700504483247253
1832;13,142;1,43441640453685
1833;13,147;2,91066943865915
1834;13,151;5,46961732707707
1835;13,155;9,27961190455495
1836;13,159;14,0215812049754
1837;13,163;19,1805557574781
1838;13,167;23,5968334697986
1839;13,171;26,518375792228
1840;13,175;26,7723960526019
1841;13,179;24,9976877722281
1842;13,184;21,5838806636821
1843;13,188;17,3619692818607
1844;13,192;13,5930380136432
1845;13,196;10,2523251422213
1846;13,200;7,62264937687395
1847;13,204;5,75291549495749
1848;13,208;4,30918831370698
1849;13,212;3,40134118490615
1850;13,217;2,68643747720638
1851;13,221;2,14913451535861
1852;13,225;1,78183829377078
1853;13,229;1,47694902241484
1854;13,233;1,24767501244272
1855;13,237;1,08277218632813
1856;13,241;1,01326615551224
1857;13,245;0,894917212965922
1858;13,250;0,825039988394009
1859;13,254;0,794354637895851
1860;13,258;0,765401524925815
1861;13,262;0,732659142363013
1862;13,266;0,655280710638073
1863;13,270;0,588419435333872
1864;13,274;0,561059362233448
1865;13,278;0,529523359377731
1866;13,283;0,499549463578623
1867;13,287;0,494136221303243
1868;13,291;0,479953526541746
1869;13,295;0,478607949176151
1870;13,299;0,495249802571321
1871;13,303;0,522377879574228
1872;13,307;0,473148307681267
1873;13,311;0,456583786318602
1874;13,316;0,45554753708303
1875;13,320;0,387062289096214
1876;13,324;0,361156058206893
1877;13,328;0,349664518176585
1878;13,332;0,297341664983406
1879;13,336;0,255180240861442
1880;13,340;0,231331042036765
1881;13,344;0,223737036444731
1882;13,348;0,190097602304866
1883;13,353;0,200568359506102
1884;13,357;0,179178319315098
1885;13,361;0,178513263835551
1886;13,365;0,180694027152205
1887;13,369;0,154292871254848
1888;13,373;0,149823079776034
1889;13,377;0,177523413819482
1890;13,381;0,183787308452422
1891;13,386;0,194799389881196
1892;13,390;0,245962262586794
1893;13,394;0,414515160635645
1894;13,398;0,810346902217976
1895;13,402;1,53853625310217
1896;13,406;3,27795019384047
1897;13,410;6,26780763378519
1898;13,414;10,745270450224
1899;13,419;16,4390888059408
1900;13,423;22,742175312955
1901;13,427;27,8264161892445
1902;13,431;30,8622397893104
1903;13,435;30,749938211706
1904;13,439;28,3976215141426
1905;13,443;24,1082456671636
1906;13,447;19,33636433657
1907;13,452;14,6553017449509
1908;13,456;11,1548054279663
1909;13,460;8,18384793676591
1910;13,464;6,11237024844926
1911;13,468;4,58183012750815
1912;13,472;3,5173392336643
1913;13,476;2,84714890715918
1914;13,480;2,29074493328256
1915;13,485;1,88148835085729
1916;13,489;1,55273441427017
1917;13,493;1,37581419030423
1918;13,497;1,20559092035327
1919;13,501;1,0553502476017
1920;13,505;0,944827306744931
1921;13,509;0,885745633910777
1922;13,513;0,759709887333415
1923;13,518;0,677273940682619
1924;13,522;0,607767909866732
1925;13,526;0,556945298104159
1926;13,530;0,524713306955893
1927;13,534;0,499332933887608
1928;13,538;0,429997033543233
1929;13,542;0,41856735913893
1930;13,546;0,357768915183155
1931;13,550;0,35059250256665
1932;13,555;0,310317980037818
1933;13,559;0,324083081823786
1934;13,563;0,280127554547696
1935;13,567;0,278797443588602
1936;13,571;0,277281735751496
1937;13,575;0,236465888995126
1938;13,579;0,20579600490347
1939;13,583;0,243100977384092
1940;13,588;0,224139163013759
1941;13,592;0,221571739534579
1942;13,596;0,216375026950213
1943;13,600;0,193299148450591
1944;13,604;0,216266762104706
1945;13,608;0,221509873908574
1946;13,612;0,194443662531671
1947;13,616;0,196779089913336
1948;13,621;0,191396780450957
1949;13,625;0,202857387668263
1950;13,629;0,158855461172669
1951;13,633;0,142461070281516
1952;13,637;0,161747679188372
1953;13,641;0,169805676975439
1954;13,645;0,145337821890719
1955;13,649;0,134202009209936
1956;13,654;0,139491520233308
1957;13,658;0,121194761342521
1958;13,662;0,117436424562757
1959;13,666;0,125339758284813
1960;13,670;0,12416431139073
1961;13,674;0,103764121215796
1962;13,678;0,122664069960125
1963;13,682;0,14009471008685
1964;13,687;0,099758321932014
1965;13,691;0,129886881796132
1966;13,695;0,10609954859746
1967;13,699;0,114946333116082
1968;13,703;0,121272093375027
1969;13,707;0,115874317506147
1970;13,711;0,124813900463776
1971;13,715;0,0940666843396138
1972;13,719;0,0868902717231093
1973;13,724;0,109950683816231
1974;13,728;0,0938501546485986
1975;13,732;0,082420480244295
1976;13,736;0,0938810874616008
1977;13,740;0,121411291033536
1978;13,744;0,100052183655535
1979;13,748;0,113616222156988
1980;13,752;0,0853436310730005
1981;13,757;0,082946338065332
1982;13,761;0,0828071404068222
1983;13,765;0,0911744663239105
1984;13,769;0,0970517007943237
1985;13,773;0,107135797833033
1986;13,777;0,0801933177081384
1987;13,781;0,0721198535145707
1988;13,785;0,101536958679639
1989;13,790;0,0965103765667857
1990;13,794;0,0887307740967387
1991;13,798;0,116864167522217
1992;13,802;0,204249364253361
1993;13,806;0,353933246370885
1994;13,810;0,73332419784256
1995;13,814;1,61187795273033
1996;13,818;3,38527158855152
1997;13,823;6,27851038708394
1998;13,827;10,503283054108
1999;13,831;15,4860643037503
2000;13,835;21,3168222226278
2001;13,839;26,276512127364
2002;13,843;29,2743193002503
2003;13,847;29,4195488572955
2004;13,851;27,0715472871459
2005;13,856;22,9908441966795
2006;13,860;18,4422359103357
2007;13,864;14,1266754371502
2008;13,868;10,6479403541127
2009;13,872;7,89461066878907
2010;13,876;5,94292029882335
2011;13,880;4,48213367120214
2012;13,884;3,56036677655033
2013;13,888;2,83522430774684
2014;13,893;2,27165938766022
2015;13,897;1,91879332333791
2016;13,901;1,61034677848672
2017;13,905;1,33182773021514
2018;13,909;1,20916366025502
2019;13,913;1,02050443375475
2020;13,917;0,916152589091915
2021;13,921;0,867851001589019
2022;13,926;0,764860200698277
2023;13,930;0,690899844810077
2024;13,934;0,618749058482504
2025;13,938;0,591837511170612
2026;13,942;0,543474058041712
2027;13,946;0,488088856361318
2028;13,950;0,444767451751772
2029;13,954;0,423532075625779
2030;13,959;0,407818206620674
2031;13,963;0,368425269262404
2032;13,967;0,354072444029395
2033;13,971;0,357258523768619
2034;13,975;0,316520009044755
2035;13,979;0,297217933731397
2036;13,983;0,275441233377866
2037;13,987;0,260284155006801
2038;13,992;0,269857860630974
2039;13,996;0,258892178421703
2040;14,000;0,242049261742018
2041;14,004;0,232568354556852
2042;14,008;0,231516638914778
2043;14,012;0,216730754299738
2044;14,016;0,214828386300105
2045;14,020;0,181018821688727
2046;14,025;0,193979670336639
2047;14,029;0,170006740259953
2048;14,033;0,189339748386312
2049;14,037;0,185952605362574
2050;14,041;0,204218431440359
2051;14,045;0,2645374167946
2052;14,049;0,414097567660115
2053;14,053;0,845440178568943
2054;14,057;1,84209541349902
2055;14,062;3,99699889848253
2056;14,066;7,87702536459733
2057;14,070;14,2910678718503
2058;14,074;23,744382987819
2059;14,078;35,4060689560454
2060;14,082;48,2368451252825
2061;14,086;59,9446673841017
2062;14,090;67,0828161109226
2063;14,095;68,0668352917413
2064;14,099;63,9631027219948
2065;14,103;55,4115100378525
2066;14,107;44,5617794781201
2067;14,111;34,0094988482167
2068;14,115;25,0556403973877
2069;14,119;18,5790826750573
2070;14,123;13,7370457245749
2071;14,128;10,4406286413721
2072;14,132;8,0629006379274
2073;14,136;6,40793327668504
2074;14,140;5,21367923229707
2075;14,144;4,40738452858238
2076;14,148;3,7036630327829
2077;14,152;3,14354712134602
2078;14,156;2,79021706482868
2079;14,161;2,44622871783799
2080;14,165;2,17937134006823
2081;14,169;1,90553861296648
2082;14,173;1,75293158002025
2083;14,177;1,57806838811895
2084;14,181;1,41766628629618
2085;14,185;1,26028013374111
2086;14,189;1,23047636841351
2087;14,194;1,0809626167675
2088;14,198;1,00604334367624
2089;14,202;0,952715174060485
2090;14,206;0,887060278463369
2091;14,210;0,837227516716865
2092;14,214;0,788663000303451
2093;14,218;0,74399601832831
2094;14,222;0,710588580285962
2095;14,226;0,670020196033609
2096;14,231;0,625198549993458
2097;14,235;0,603066122290402
2098;14,239;0,584645632147606
2099;14,243;0,531889719572397
2100;14,247;0,506261884000095
2101;14,251;0,517629692778395
2102;14,255;0,447195677572442
2103;14,259;0,427522408503059
2104;14,264;0,432193263266388
2105;14,268;0,444659186906264
2106;14,272;0,471694465470165
2107;14,276;0,543551390074217
2108;14,280;0,73545856193971
2109;14,284;1,265832573675
2110;14,288;2,33756174576135
2111;14,292;4,46572381390449
2112;14,297;8,00640185497893
2113;14,301;12,7349772473694
2114;14,305;18,5373852431304
2115;14,309;24,3925182186535
2116;14,313;28,9378785596321
2117;14,317;31,4559951348872
2118;14,321;30,9962716680488
2119;14,325;28,3906152319976
2120;14,330;24,2745095370502
2121;14,334;19,7176267232283
2122;14,338;15,4649990580958
2123;14,342;11,7680793785474
2124;14,346;8,89783912648211
2125;14,350;6,7828235038649
2126;14,354;5,21813355736939
2127;14,358;4,1544623830701
2128;14,363;3,38777714640469
2129;14,367;2,72811944272681
2130;14,371;2,33528818400569
2131;14,375;1,98152506810632
2132;14,379;1,75302437845926
2133;14,383;1,5659117926091
2134;14,387;1,41627430971108
2135;14,391;1,30261168833459
2136;14,395;1,34478857886305
2137;14,400;1,70631583082597
2138;14,404;2,5757444058781
2139;14,408;4,45944445286504
2140;14,412;8,25446754884987
2141;14,416;14,5346019086164
2142;14,420;23,7605763154256
2143;14,424;35,0244044428181
2144;14,428;46,7199618412819
2145;14,433;57,0200781795916
2146;14,437;63,9565913648578
2147;14,441;64,3344511420859
2148;14,445;59,5889555009832
2149;14,449;51,4606164971497
2150;14,453;41,1484518281757
2151;14,457;31,9209462471229
2152;14,461;23,886426465125
2153;14,466;17,9932151967961
2154;14,470;13,3480346682595
2155;14,474;10,1968471421019
2156;14,478;8,07137622869
2157;14,482;6,37777378400792
2158;14,486;5,21380296354908
2159;14,490;4,37239951707692
2160;14,494;3,84904725389313
2161;14,499;3,20395890513927
2162;14,503;2,83231662332464
2163;14,507;2,51513155880034
2164;14,511;2,26330752814963
2165;14,515;2,01760819447336
2166;14,519;1,80737333090408
2167;14,523;1,69490162282817
2168;14,527;1,55197656035162
2169;14,532;1,39369335621949
2170;14,536;1,34958316487839
2171;14,540;1,19159382246978
2172;14,544;1,14200852322729
2173;14,548;1,06560447511192
2174;14,552;1,01617383993445
2175;14,556;0,964314978936301
2176;14,560;0,884013396382655
2177;14,564;0,845486577788446
2178;14,569;0,777109594647139
2179;14,573;0,765215928047802
2180;14,577;0,705685729425117
2181;14,581;0,66675678426188
2182;14,585;0,616661093604857
2183;14,589;0,632297630577457
2184;14,593;0,649944800395198
2185;14,597;0,56990614675207
2186;14,602;0,516191316973793
2187;14,606;0,506694943382126
2188;14,610;0,478839945273667
2189;14,614;0,473674165502304
2190;14,618;0,483062274248464
2191;14,622;0,450118828401148
2192;14,626;0,454743283944973
2193;14,630;0,454573153473461
2194;14,635;0,430275428860253
2195;14,639;0,421011051366101
2196;14,643;0,461610368431456
2197;14,647;0,54587135104938
2198;14,651;0,827731143125198
2199;14,655;1,38223274900218
2200;14,659;2,68260180839411
2201;14,663;5,04221864982602
2202;14,668;8,82776083862568
2203;14,672;13,9869519208194
2204;14,676;19,5339167468084
2205;14,680;25,7209124066254
2206;14,684;30,3986033216273
2207;14,688;34,0296515758876
2208;14,692;37,0808797168287
2209;14,696;40,1147236168625
2210;14,701;44,566403933664
2211;14,705;52,3279416409177
2212;14,709;60,9279751102213
2213;14,713;69,3783556302205
2214;14,717;74,7886592883659
2215;14,721;73,9525917521366
2216;14,725;67,4848189486989
2217;14,729;56,6879989656067
2218;14,733;45,1034439666012
2219;14,738;34,2458255395533
2220;14,742;25,5063005500163
2221;14,746;19,2110091118787
2222;14,750;14,6256526436883
2223;14,754;11,2762321854063
2224;14,758;9,08956070146959
2225;14,762;7,42212741658735
2226;14,766;6,1996317139284
2227;14,771;5,28173142090186
2228;14,775;4,52752757428283
2229;14,779;4,01523379174731
2230;14,783;3,54081723873295
2231;14,787;3,15553358638437
2232;14,791;2,90739056048092
2233;14,795;2,54048099905562
2234;14,799;2,38748730594686
2235;14,804;2,13212146820741
2236;14,808;1,93871405491131
2237;14,812;1,84486390026271
2238;14,816;1,69095768917039
2239;14,820;1,66348935122446
2240;14,824;1,55817858935856
2241;14,828;1,43466386704087
2242;14,832;1,34573202965962
2243;14,837;1,28629462947594
2244;14,841;1,27811290043686
2245;14,845;1,19069677089272
2246;14,849;1,10492008043769
2247;14,853;1,07994183393843
2248;14,857;0,989664419191583
2249;14,861;0,94765765913463
2250;14,865;0,925788160342092
2251;14,870;0,910553749938521
2252;14,874;0,851951535705901
2253;14,878;0,82748368062118
2254;14,882;0,806774162316224
2255;14,886;0,732535411111005
2256;14,890;0,73360259315958
2257;14,894;0,70715503804272
2258;14,898;0,651785302768827
2259;14,902;0,637819137698345
2260;14,907;0,617712809246931
2261;14,911;0,600962691006254
2262;14,915;0,62451802810741
2263;14,919;0,696869877719497
2264;14,923;0,910801212442539
2265;14,927;1,46180741045028
2266;14,931;2,47304746671088
2267;14,935;4,60430281615423
2268;14,940;7,86428104564044
2269;14,944;12,3631648350833
2270;14,948;17,7957865178097
2271;14,952;22,9850442942416
2272;14,956;26,3165391873888
2273;14,960;28,1948259921004
2274;14,964;27,2953307228101
2275;14,968;24,2756849839443
2276;14,973;20,4370156888134
2277;14,977;16,0805465704326
2278;14,981;12,4262368407947
2279;14,985;9,65543011612487
2280;14,989;7,35995246245298
2281;14,993;5,7716298468238
2282;14,997;4,5214028773084
2283;15,001;3,56673893602878
2284;15,006;2,94962931663539
2285;15,010;2,4861320466108
2286;15,014;2,09698179263694
2287;15,018;1,87633803749243
2288;15,022;1,64483686498415
2289;15,026;1,50137047828006
2290;15,030;1,34933570237437
2291;15,034;1,22832653790986
2292;15,039;1,13113563945703
2293;15,043;1,11339567120028
2294;15,047;1,0155706500809
2295;15,051;0,982735469079096
2296;15,055;0,915487533612368
2297;15,059;0,87626472672561
2298;15,063;0,815682812460851
2299;15,067;0,779182093118284
2300;15,071;0,723317432836357
2301;15,076;0,658807051320321
2302;15,080;0,653888734052975
2303;15,084;0,605262352013556
2304;15,088;0,579928378164775
2305;15,092;0,572489036637752
2306;15,096;0,563533987273622
2307;15,100;0,524295713980363
2308;15,104;0,508009587934718
2309;15,109;0,523104800679779
2310;15,113;0,472065659226191
2311;15,117;0,495002340067304
2312;15,121;0,470472619356579
2313;15,125;0,456382723034088
2314;15,129;0,424011534227312
2315;15,133;0,462275423911003
2316;15,137;0,378478433488111
2317;15,142;0,409596843368299
2318;15,146;0,394346966558227
2319;15,150;0,391810475892048
2320;15,154;0,399280750232073
2321;15,158;0,391361950103517
2322;15,162;0,374519033423832
2323;15,166;0,35912995895525
2324;15,170;0,357351322207625
2325;15,175;0,373560116220765
2326;15,179;0,372724930269706
2327;15,183;0,387015889876711
2328;15,187;0,375292353748887
2329;15,191;0,35229380728177
2330;15,195;0,336579938276665
2331;15,199;0,343323291511139
2332;15,203;0,34760748611194
2333;15,208;0,336549005463663
2334;15,212;0,356021211248532
2335;15,216;0,350205842404123
2336;15,220;0,330300577237223
2337;15,224;0,329434458473163
2338;15,228;0,323170563840222
2339;15,232;0,324794536522836
2340;15,236;0,290134319553899
2341;15,240;0,279555297507156
2342;15,245;0,329125130343141
2343;15,249;0,309436394867256
2344;15,253;0,275410300564864
2345;15,257;0,311106766769374
2346;15,261;0,307425762022115
2347;15,265;0,27279647786618
2348;15,269;0,285417065571068
2349;15,273;0,302383713502761
2350;15,278;0,376452334236468
2351;15,282;0,570710399890127
2352;15,286;1,11800466033761
2353;15,290;2,39713834360354
2354;15,294;5,21929353785697
2355;15,298;10,6361549523588
2356;15,302;19,3631676190364
2357;15,306;32,3911559375689
2358;15,311;49,1879208602539
2359;15,315;67,8526719609207
2360;15,319;84,7629757737302
2361;15,323;96,4278942209153
2362;15,327;100
2363;15,331;94,5084513085044
2364;15,335;83,17505528467
2365;15,339;67,9233689050372
2366;15,344;53,1966123620513
2367;15,348;40,5247380532063
2368;15,352;30,4246023509557
2369;15,356;23,0913758389366
2370;15,360;17,8455728803367
2371;15,364;13,888539176253
2372;15,368;11,200725188868
2373;15,372;9,21878252778617
2374;15,377;7,79650725235267
2375;15,381;6,64328558441209
2376;15,385;5,72068350380922
2377;15,389;5,06391801814704
2378;15,393;4,49772380895523
2379;15,397;3,98785825224039
2380;15,401;3,59627977244585
2381;15,405;3,25445672236532
2382;15,409;2,9312861585251
2383;15,414;2,7492001547878
2384;15,418;2,4861784458303
2385;15,422;2,31631090322886
2386;15,426;2,17912387756421
2387;15,430;2,03740519479475
2388;15,434;1,83920319548331
2389;15,438;1,78556569773754
2390;15,442;1,62715876235341
2391;15,447;1,5630969066259
2392;15,451;1,49884945402038
2393;15,455;1,40784511816799
2394;15,459;1,32642995434626
2395;15,463;1,22903799260891
2396;15,467;1,16836327990515
2397;15,471;1,18356675749572
2398;15,475;1,09853245455274
2399;15,480;1,08343724180768
2400;15,484;1,08151940740154
2401;15,488;1,02169534705534
2402;15,492;0,949312564630246
2403;15,496;0,907336737386295
2404;15,500;0,906022092833702
2405;15,504;0,891468204316179
2406;15,508;0,869397642239127
2407;15,513;0,935068004242745
2408;15,517;1,07078572128979
2409;15,521;1,30834972514649
2410;15,525;1,91068892633134
2411;15,529;3,06131223797974
2412;15,533;5,16400113461558
2413;15,537;8,40593006771502
2414;15,541;12,5319651956361
2415;15,546;17,0666691825355
2416;15,550;21,1941581526677
2417;15,554;23,9144825265179
2418;15,558;24,8722706819108
2419;15,562;23,7182911600516
2420;15,566;21,4038207591964
2421;15,570;17,8090257617747
2422;15,574;14,2958779242721
2423;15,578;11,2207232524739
2424;15,583;8,63365743703703
2425;15,587;6,67196030206511
2426;15,591;5,2268720770425
2427;15,595;4,18587465467381
2428;15,599;3,38336922055188
2429;15,603;2,97440649985013
2430;15,607;2,70242974152851
2431;15,611;2,74520982191052
2432;15,616;3,28200239234376
2433;15,620;4,74291275121697
2434;15,624;7,52114335100731
2435;15,628;11,7543606759809
2436;15,632;17,3570354981869
2437;15,636;23,8036038583116
2438;15,640;29,9016676807474
2439;15,644;34,0600430646623
2440;15,649;35,0470936611552
2441;15,653;33,494080851568
2442;15,657;29,7989243423607
2443;15,661;24,6232460708368
2444;15,665;19,6512139737127
2445;15,669;15,47364477933
2446;15,673;11,9929918618862
2447;15,677;9,48160317345915
2448;15,682;7,40774365854134
2449;15,686;6,1043895826947
2450;15,690;4,99943856944401
2451;15,694;4,30079005497689
2452;15,698;3,70706564221314
2453;15,702;3,27371239845917
2454;15,706;2,90675643781437
2455;15,710;2,63764096469545
2456;15,715;2,32359558069087
2457;15,719;2,15484161935751
2458;15,723;1,93164590714031
2459;15,727;1,82862417343657
2460;15,731;1,67665126315689
2461;15,735;1,60173199006562
2462;15,739;1,43982964681223
2463;15,743;1,40991761663913
2464;15,747;1,33315784117423
2465;15,752;1,25929028372504
2466;15,756;1,15578909141976
2467;15,760;1,12958899880692
2468;15,764;1,08776783562798
2469;15,768;1,05341694678907
2470;15,772;1,00509989287967
2471;15,776;0,911141473385562
2472;15,780;0,898953945062706
2473;15,785;0,93073741042244
2474;15,789;0,896927845811063
2475;15,793;0,825287450898026
2476;15,797;0,8007422637808
2477;15,801;0,791648016758161
2478;15,805;0,716759676479895
2479;15,809;0,738953969808956
2480;15,813;0,722977171893333
2481;15,818;0,738567309646429
2482;15,822;0,669231409302054
2483;15,826;0,702669780157405
2484;15,830;0,678170992259682
2485;15,834;0,663694435774664
2486;15,838;0,626188400009527
2487;15,842;0,660879549791466
2488;15,846;0,660183561498918
2489;15,851;0,636458093926249
2490;15,855;0,675216908617975
2491;15,859;0,741072867499605
2492;15,863;1,07058465800527
2493;15,867;1,70968750744321
2494;15,871;3,11838327796875
2495;15,875;5,79232389872226
2496;15,879;10,1973575335165
2497;15,884;16,4598447234653
2498;15,888;23,7979895527517
2499;15,892;30,8163973604412
2500;15,896;35,9790838505042
2501;15,900;38,3870486786585
2502;15,904;37,0487869233389
2503;15,908;32,9630881835726
2504;15,912;27,6287245813476
2505;15,916;22,0378351608955
2506;15,921;17,2333506453977
2507;15,925;13,4959863128489
2508;15,929;10,5548480533826
2509;15,933;8,37464152736332
2510;15,937;6,82886699601864
2511;15,941;5,71523932872084
2512;15,945;4,95107511631511
2513;15,949;4,17637828108214
2514;15,954;3,70117294133623
2515;15,958;3,292535015171
2516;15,962;2,98939344774968
2517;15,966;2,652566046969
2518;15,970;2,41305327589316
2519;15,974;2,27860380417921
2520;15,978;2,04609731524836
2521;15,982;1,96856421945841
2522;15,987;1,83459420634599
2523;15,991;1,73022689527665
2524;15,995;1,61865223877781
2525;15,999;1,59129216567738
2526;16,003;1,4763767653743
2527;16,007;1,47496932238271
2528;16,011;1,41423274405293
2529;16,015;1,34234488663588
2530;16,020;1,30401913132619
2531;16,024;1,26244543065126
2532;16,028;1,19389831703844
2533;16,032;1,09813032798371
2534;16,036;1,12044835256478
2535;16,040;1,05912405078797
2536;16,044;1,00053730296185
2537;16,048;0,971182063422784
2538;16,053;0,957246831165304
2539;16,057;0,9429713379648
2540;16,061;0,916137122685414
2541;16,065;0,884693918268703
2542;16,069;0,879342541619327
2543;16,073;0,91978719461967
2544;16,077;0,833175318213581
2545;16,081;0,843073818374277
2546;16,085;0,734515111143144
2547;16,090;0,756585673220196
2548;16,094;0,766422307754887
2549;16,098;0,839361880814016
2550;16,102;0,889689567568554
2551;16,106;1,14804042176272
2552;16,110;1,80530083243293
2553;16,114;3,15138858944207
2554;16,118;5,4871252992363
2555;16,123;9,26457855743589
2556;16,127;14,4309460522461
2557;16,131;20,4231268557755
2558;16,135;25,6166842932146
2559;16,139;29,1128500163789
2560;16,143;30,351152386482
2561;16,147;28,9594387302946
2562;16,151;25,5806784988801
2563;16,156;21,4891179910499
2564;16,160;17,472631420376
2565;16,164;13,6382153870329
2566;16,168;10,7561588004008
2567;16,172;8,434017061921
2568;16,176;6,89936287685059
2569;16,180;5,47558735998649
2570;16,184;4,57714380633832
2571;16,189;3,8657355065078
2572;16,193;3,29199369094346
2573;16,197;2,98026826791404
2574;16,201;2,63617165607785
2575;16,205;2,34493922166237
2576;16,209;2,11500015621071
2577;16,213;1,96202192950845
2578;16,217;1,8574226223416
2579;16,222;1,70716648318353
2580;16,226;1,63903696254624
2581;16,230;1,47727381695137
2582;16,234;1,36930283316728
2583;16,238;1,36088910803068
2584;16,242;1,24950004840985
2585;16,246;1,16316656732078
2586;16,250;1,14657111314512
2587;16,254;1,11285434697274
2588;16,259;1,06422796493333
2589;16,263;1,04565281072552
2590;16,267;0,98833430823249
2591;16,271;0,972960700170409
2592;16,275;0,943945721574369
2593;16,279;0,889550369910044
2594;16,283;0,907429535825301
2595;16,287;0,861355110858562
2596;16,292;0,839439212846521
2597;16,296;0,840289865204081
2598;16,300;0,7993193543827
2599;16,304;0,760591472503977
2600;16,308;0,776738400891113
2601;16,312;0,781579386125953
2602;16,316;0,746702639466001
2603;16,320;0,776197076663575
2604;16,325;0,736463878362281
2605;16,329;0,732349814232992
2606;16,333;0,6954933675409
2607;16,337;0,723394764868862
2608;16,341;0,716063688187346
2609;16,345;0,685440203315193
2610;16,349;0,705082539571574
2611;16,353;0,654027931711485
2612;16,358;0,670669785106655
2613;16,362;0,668365290537993
2614;16,366;0,661575538084015
2615;16,370;0,613629677930644
2616;16,374;0,662565388100085
2617;16,378;0,648769353501115
2618;16,382;0,631787239162921
2619;16,386;0,630766456333849
2620;16,391;0,650919184004766
2621;16,395;0,642953984656706
2622;16,399;0,617341615490905
2623;16,403;0,622832189798791
2624;16,407;0,602246402745844
2625;16,411;0,591543649447091
2626;16,415;0,608417498939778
2627;16,419;0,633565875910546
2628;16,423;0,630225132106311
2629;16,428;0,822998422735865
2630;16,432;1,07469872213456
2631;16,436;1,78766912902169
2632;16,440;3,18597147437851
2633;16,444;5,78627653378033
2634;16,448;10,5559461682442
2635;16,452;17,5103230530192
2636;16,456;27,3980895276034
2637;16,461;39,4417493371872
2638;16,465;53,0637713966134
2639;16,469;65,7427602524489
2640;16,473;75,4484252568893
2641;16,477;79,7112916831255
2642;16,481;79,077849538467
2643;16,485;74,6729551013313
2644;16,489;68,1291339771277
2645;16,494;61,683648265458
2646;16,498;55,6657158951044
2647;16,502;50,1433271890456
2648;16,506;44,9910650569643
2649;16,510;39,1603226044934
2650;16,514;33,3834341794592
2651;16,518;27,5820933657468
2652;16,522;22,6404682238039
2653;16,527;18,5579864965898
2654;16,531;15,3235278378304
2655;16,535;12,6008680365985
2656;16,539;10,6557818222087
2657;16,543;8,95990581577097
2658;16,547;7,9220326075155
2659;16,551;7,01808301315294
2660;16,555;6,27340647293858
2661;16,560;5,63946940327201
2662;16,564;5,1172771205758
2663;16,568;4,68513025652891
2664;16,572;4,25881422773294
2665;16,576;3,99033287728056
2666;16,580;3,77655620662253
2667;16,584;3,3537355856958
2668;16,588;3,24670805270828
2669;16,592;3,04148430484535
2670;16,597;2,82998119594298
2671;16,601;2,73291402874215
2672;16,605;2,61829249016259
2673;16,609;2,3951122443519
2674;16,613;2,30891796092134
2675;16,617;2,21910453836953
2676;16,621;2,11552601403174
2677;16,625;2,03881263778635
2678;16,630;2,02193878829366
2679;16,634;1,8887575619128
2680;16,638;1,82837671093255
2681;16,642;1,78825685246873
2682;16,646;1,72323607953816
2683;16,650;1,70643956207798
2684;16,654;1,65784411285156
2685;16,658;1,5972312657738
2686;16,663;1,5474758360598
2687;16,667;1,52384316692614
2688;16,671;1,55779192919603
2689;16,675;1,57472764431472
2690;16,679;1,57851691390749
2691;16,683;1,75897894496217
2692;16,687;2,28008857920331
2693;16,691;3,10167955894758
2694;16,696;4,76527717501755
2695;16,700;7,21526422963531
2696;16,704;10,7673719451141
2697;16,708;15,3186713861891
2698;16,712;19,9578045497837
2699;16,716;23,5922244806613
2700;16,720;25,9059370275979
2701;16,724;26,4461476738679
2702;16,729;25,1233832578624
2703;16,733;22,5615122186158
2704;16,737;19,3242850730927
2705;16,741;16,2709844336805
2706;16,745;14,0069035852058
2707;16,749;12,7402358255798
2708;16,753;12,7636828978354
2709;16,757;14,3569547635449
2710;16,761;17,5594752928796
2711;16,766;22,002355224382
2712;16,770;27,6407729120119
2713;16,774;33,5782954349664
2714;16,778;39,7329663051961
2715;16,782;45,2650369817246
2716;16,786;49,2233234647349
2717;16,790;50,9021864240214
2718;16,794;50,0931696327626
2719;16,799;47,4517857976938
2720;16,803;42,6771050475236
2721;16,807;36,886652583988
2722;16,811;30,9141914487476
2723;16,815;25,2192131125432
2724;16,819;20,7526386462811
2725;16,823;16,9593013886049
2726;16,827;14,0014284773044
2727;16,832;11,8710237802187
2728;16,836;10,1132821477766
2729;16,840;8,76697786107641
2730;16,844;7,72760441139033
2731;16,848;6,86184137467896
2732;16,852;6,15241277488058
2733;16,856;5,57215960217928
2734;16,860;5,09166475141
2735;16,865;4,70775760924
2736;16,869;4,31757110603057
2737;16,873;3,98727052879335
2738;16,877;3,72616665424199
2739;16,881;3,45709758034257
2740;16,885;3,20403623717178
2741;16,889;3,00775207226648
2742;16,893;2,91592801686952
2743;16,898;2,71140025729914
2744;16,902;2,55825190012537
2745;16,906;2,44570286001696
2746;16,910;2,3580856671883
2747;16,914;2,23132299950538
2748;16,918;2,12762074391559
2749;16,922;2,07777251576259
2750;16,926;1,99414565581121
2751;16,930;1,92470149062133
2752;16,935;1,83456327353299
2753;16,939;1,81790595373132
2754;16,943;1,73038155934166
2755;16,947;1,67762564676645
2756;16,951;1,63747485548963
2757;16,955;1,54241832113395
2758;16,959;1,48251692875524
2759;16,963;1,47319068563508
2760;16,968;1,46445216596197
2761;16,972;1,43149325370815
2762;16,976;1,37301477072754
2763;16,980;1,36183255882725
2764;16,984;1,25633620008333
2765;16,988;1,28733087871151
2766;16,992;1,37004522067933
2767;16,996;1,40196788369757
2768;17,001;1,6641080074845
2769;17,005;2,17909294475121
2770;17,009;3,03177140156266
2771;17,013;4,70563871154935
2772;17,017;7,37889881041681
2773;17,021;11,4116560407299
2774;17,025;16,7234696222763
2775;17,029;22,4485301191254
2776;17,034;27,6460005574093
2777;17,038;31,4550980833101
2778;17,042;33,7077956566
2779;17,046;32,8117803287725
2780;17,050;30,1345917626538
2781;17,054;26,2781515664531
2782;17,058;21,9214349855683
2783;17,062;18,304770489354
2784;17,067;15,1267642143236
2785;17,071;12,6106582719137
2786;17,075;10,6269369740842
2787;17,079;9,15985551901703
2788;17,083;7,77367883635707
2789;17,087;6,82456733501134
2790;17,091;6,04662255441314
2791;17,095;5,4188875137535
2792;17,099;4,88285279723881
2793;17,104;4,5768344782083
2794;17,108;4,26778474350357
2795;17,112;3,86507045102825
2796;17,116;3,6395547778359
2797;17,120;3,30147459812863
2798;17,124;3,10546882854035
2799;17,128;2,92024314428332
2800;17,132;2,78208173500911
2801;17,137;2,60336740788904
2802;17,141;2,49372605220283
2803;17,145;2,4406608114976
2804;17,149;2,33712868637932
2805;17,153;2,31621810478985
2806;17,157;2,25951825855687
2807;17,161;2,23976765745498
2808;17,165;2,15567680530857
2809;17,170;2,04883486919905
2810;17,174;2,03505430100658
2811;17,178;1,955587904404
2812;17,182;1,87355408432223
2813;17,186;1,76849078496034
2814;17,190;1,73217566249579
2815;17,194;1,67000070836142
2816;17,198;1,60261357523618
2817;17,203;1,51709981369167
2818;17,207;1,49934437902842
2819;17,211;1,48511528504742
2820;17,215;1,41138692525673
2821;17,219;1,35610998842185
2822;17,223;1,32677021528929
2823;17,227;1,29240386004387
2824;17,231;1,32567210042771
2825;17,236;1,21086496497014
2826;17,240;1,26111531969217
2827;17,244;1,19945075697233
2828;17,248;1,2216759831144
2829;17,252;1,24775234447523
2830;17,256;1,19453243970499
2831;17,260;1,2516189461005
2832;17,264;1,40416411342073
2833;17,268;1,68068799525367
2834;17,273;2,27612917913903
2835;17,277;3,46916137741342
2836;17,281;5,38393343506104
2837;17,285;8,33292862902989
2838;17,289;12,2211058913708
2839;17,293;16,6811071348699
2840;17,297;21,2235443250197
2841;17,301;24,7567675581607
2842;17,306;27,1952476063416
2843;17,310;27,4476129612198
2844;17,314;25,9802840436487
2845;17,318;23,524435220967
2846;17,322;20,4544463289402
2847;17,326;17,3823385392227
2848;17,330;14,4776236670664
2849;17,334;12,1745829406155
2850;17,339;10,1530617452974
2851;17,343;8,63675071833725
2852;17,347;7,35798822882734
2853;17,351;6,28726437316356
2854;17,355;5,59842156041813
2855;17,359;4,98582813172305
2856;17,363;4,53233762670467
2857;17,367;4,21371418637577
2858;17,372;4,17712066859419
2859;17,376;4,53394613298078
2860;17,380;5,28779425225029
2861;17,384;6,70297044709979
2862;17,388;8,76708612592191
2863;17,392;11,3841567699709
2864;17,396;14,4703853888239
2865;17,400;17,3190190710072
2866;17,405;19,5616016144454
2867;17,409;20,7638981902139
2868;17,413;20,8876913078486
2869;17,417;19,9840665080226
2870;17,421;18,3730392076498
2871;17,425;16,1216872117255
2872;17,429;13,7934671754908
2873;17,433;11,7228246731252
2874;17,437;9,79575682230924
2875;17,442;8,22512777571731
2876;17,446;6,92350593739879
2877;17,450;5,96313489212027
2878;17,454;5,1457507749443
2879;17,458;4,49326948388292
2880;17,462;3,97469634030796
2881;17,466;3,59303182708063
2882;17,470;3,21045479586973
2883;17,475;2,97366411233808
2884;17,479;2,78184973891159
2885;17,483;2,57091888704976
2886;17,487;2,40700591095124
2887;17,491;2,24306200203971
2888;17,495;2,14172610664458
2889;17,499;2,05021137937765
2890;17,503;1,93671888847267
2891;17,508;1,8759204445169
2892;17,512;1,78811765481022
2893;17,516;1,69100408838989
2894;17,520;1,64338302277305
2895;17,524;1,60185572131763
2896;17,528;1,53383446552584
2897;17,532;1,49246182813544
2898;17,536;1,45558991503684
2899;17,541;1,49656042585822
2900;17,545;1,39032167960225
2901;17,549;1,31161313691822
2902;17,553;1,35555319778781
2903;17,557;1,251541614068
2904;17,561;1,27630333087624
2905;17,565;1,21200947905122
2906;17,569;1,19651213973713
2907;17,574;1,25757351260342
2908;17,578;1,21231880718124
2909;17,582;1,29863682186381
2910;17,586;1,38312980057925
2911;17,590;1,65072956586106
2912;17,594;2,12721861734657
2913;17,598;2,98275835936072
2914;17,602;4,70740188189048
2915;17,606;7,27850636581825
2916;17,611;11,4307879855717
2917;17,615;16,7227272347643
2918;17,619;23,929299343946
2919;17,623;32,4077204589316
2920;17,627;41,5603531661126
2921;17,631;50,1260048137644
2922;17,635;56,0335843737327
2923;17,639;59,5019260316016
2924;17,644;58,3524936332538
2925;17,648;54,3605367832906
2926;17,652;47,7551748276192
2927;17,656;40,592295316803
2928;17,660;33,9796177508566
2929;17,664;28,2096892087479
2930;17,668;23,4062100096727
2931;17,672;19,5399331789374
2932;17,677;16,7445967335568
2933;17,681;14,5053704003294
2934;17,685;12,6770864878358
2935;17,689;11,1031012310332
2936;17,693;9,98537496601257
2937;17,697;9,00831566811937
2938;17,701;8,20684648323302
2939;17,705;7,481131757389
2940;17,710;6,77011011772101
2941;17,714;6,35064570700501
2942;17,718;5,8995679614008
2943;17,722;5,46919973410154
2944;17,726;5,14022926782341
2945;17,730;4,81936319855185
2946;17,734;4,53917377837815
2947;17,738;4,28156531169604
2948;17,743;4,11664701917494
2949;17,747;3,83829810137487
2950;17,751;3,65310334993085
2951;17,755;3,55220051391776
2952;17,759;3,35246734036271
2953;17,763;3,25914304353515
2954;17,767;3,10450991133728
2955;17,771;2,92712569517631
2956;17,775;2,83811652576255
2957;17,780;2,74231760389481
2958;17,784;2,64645681640107
2959;17,788;2,54561584601398
2960;17,792;2,48951918963454
2961;17,796;2,42032248694867
2962;17,800;2,32797257373068
2963;17,804;2,22035731729611
2964;17,808;2,21259318123257
2965;17,813;2,11418043666615
2966;17,817;2,09146028551605
2967;17,821;2,00206445593977
2968;17,825;1,96743517178383
2969;17,829;1,94366330499166
2970;17,833;1,91020946772981
2971;17,837;1,80851784498516
2972;17,841;1,80415631835185
2973;17,846;1,73596493208856
2974;17,850;1,69590693925074
2975;17,854;1,7095947090042
2976;17,858;1,68554444689501
2977;17,862;1,62497799903675
2978;17,866;1,54544973680816
2979;17,870;1,58603358746701
2980;17,874;1,51873925278078
2981;17,879;1,47906792010549
2982;17,883;1,45300702515116
2983;17,887;1,42504376219719
2984;17,891;1,40385478529071
2985;17,895;1,38475377326186
2986;17,899;1,36019311973814
2987;17,903;1,393801621065
2988;17,907;1,34839225157781
2989;17,912;1,3639823893309
2990;17,916;1,33337437086525
2991;17,920;1,3241409261841
2992;17,924;1,33239998725568
2993;17,928;1,28205683409464
2994;17,932;1,36667354406209
2995;17,936;1,37183932383345
2996;17,940;1,56555606525957
2997;17,944;1,86404224432406
2998;17,949;2,54977630936277
2999;17,953;3,4120130053919
3000;17,957;4,97742987299296
3001;17,961;7,18923426749398
3002;17,965;10,2465561725964
3003;17,969;13,9793115160079
3004;17,973;17,9518734922187
3005;17,977;21,5433122794297
3006;17,982;24,5754084755289
3007;17,986;26,2283961367391
3008;17,990;26,5334710049731
3009;17,994;25,1053494278822
3010;17,998;23,2496435766622
3011;18,002;20,786154349169
3012;18,006;18,2125907066075
3013;18,010;15,6044287127031
3014;18,015;13,5066735997412
3015;18,019;11,6925878484156
3016;18,023;10,0032695983343
3017;18,027;8,85379080076701
3018;18,031;7,91977451216634
3019;18,035;7,03341022199552
3020;18,039;6,36274043688886
3021;18,043;5,83097444856848
3022;18,048;5,29750715553297
3023;18,052;4,88726072309162
3024;18,056;4,53020326260752
3025;18,060;4,15580796043569
3026;18,064;3,98614148111877
3027;18,068;3,76634837833181
3028;18,072;3,47209999464862
3029;18,076;3,30971819279371
3030;18,081;3,16860269987778
3031;18,085;2,99346111265947
3032;18,089;2,82650125448023
3033;18,093;2,7009295000979
3034;18,097;2,60601216340073
3035;18,101;2,52417940660348
3036;18,105;2,44896627178869
3037;18,109;2,33408180429861
3038;18,113;2,3310658550309
3039;18,118;2,18362460185603
3040;18,122;2,10572031231005
3041;18,126;2,04970098796311
3042;18,130;2,05333559349087
3043;18,134;1,94732884333242
3044;18,138;1,88756664861221
3045;18,142;1,91314808496501
3046;18,146;1,82689193590845
3047;18,151;1,72752027413896
3048;18,155;1,73621239459257
3049;18,159;1,67573874517332
3050;18,163;1,65100796117808
3051;18,167;1,65238447135668
3052;18,171;1,53067931859962
3053;18,175;1,54500121101963
3054;18,179;1,46338498391339
3055;18,184;1,44996014307045
3056;18,188;1,46910755431879
3057;18,192;1,41774361832868
3058;18,196;1,43036420603357
3059;18,200;1,3711124027279
3060;18,204;1,29266678895439
3061;18,208;1,34520617183858
3062;18,212;1,33444155291382
3063;18,217;1,29835842654679
3064;18,221;1,26250729627727
3065;18,225;1,28456239194782
3066;18,229;1,20594664770279
3067;18,233;1,25192827423052
3068;18,237;1,23240966922615
3069;18,241;1,18243770982114
3070;18,245;1,19233620998183
3071;18,250;1,14728256784417
3072;18,254;1,18245317622764
3073;18,258;1,15269581011955
3074;18,262;1,14313757090187
3075;18,266;1,11140050476164
3076;18,270;1,12549040108413
3077;18,274;1,07270355569592
3078;18,278;1,07873545423135
3079;18,282;1,05688142184531
3080;18,287;1,04630239979857
3081;18,291;0,989540687939575
3082;18,295;1,0353985832153
3083;18,299;1,03878572623904
3084;18,303;0,990839866085666
3085;18,307;0,990174810606119
3086;18,311;1,01615837352795
3087;18,315;0,985735951940307
3088;18,320;1,02520622133108
3089;18,324;0,99232464110977
3090;18,328;1,01337442035775
3091;18,332;0,958174815555369
3092;18,336;0,96985195246369
3093;18,340;0,965273896139368
3094;18,344;0,938718076177001
3095;18,348;0,935501063624775
3096;18,353;0,929484631495852
3097;18,357;0,900206723989294
3098;18,361;0,916291786750425
3099;18,365;0,881770767439997
3100;18,369;0,89233432308024
3101;18,373;0,898907545843202
3102;18,377;0,90115017478586
3103;18,381;0,868469657849062
3104;18,386;0,90043872008681
3105;18,390;0,863582273394718
3106;18,394;0,844527660585379
3107;18,398;0,872645587604356
3108;18,402;0,852585658372445
3109;18,406;0,84724974812957
3110;18,410;0,856622390469229
3111;18,414;0,845641241853457
3112;18,419;0,870604021946212
3113;18,423;0,847342546568577
3114;18,427;0,844017269170843
3115;18,431;0,86104578272854
3116;18,435;0,95690657022228
3117;18,439;1,00598147805023
3118;18,443;1,06124294847862
3119;18,447;1,19026371151069
3120;18,452;1,3354623357429
3121;18,456;1,45090359386701
3122;18,460;1,55189922831911
3123;18,464;1,74066671966489
3124;18,468;1,8191277998449
3125;18,472;1,89398520731017
3126;18,476;1,88900502441682
3127;18,480;1,90754924581162
3128;18,484;1,87380154682625
3129;18,489;1,78434385162396
3130;18,493;1,65447243623433
3131;18,497;1,52195626533301
3132;18,501;1,46398817376693
3133;18,505;1,26994663780429
3134;18,509;1,22634683787772
3135;18,513;1,18976878650265
3136;18,517;1,08764410437597
3137;18,522;1,04979780766781
3138;18,526;0,996253108361047
3139;18,530;0,968150647748571
3140;18,534;0,939475930095555
3141;18,538;0,903454669354522
3142;18,542;0,88834399020296
3143;18,546;0,879435340058333
3144;18,550;0,835572611221249
3145;18,555;0,853560041982014
3146;18,559;0,7993193543827
3147;18,563;0,833329982278591
3148;18,567;0,857194647509769
3149;18,571;0,808815727974368
3150;18,575;0,814909492135796
3151;18,579;0,798221239521123
3152;18,583;0,805784312300155
3153;18,588;0,811986341307091
3154;18,592;0,74029954717455
3155;18,596;0,781579386125953
3156;18,600;0,786188375263277
3157;18,604;0,772160344566791
3158;18,608;0,717270067894431
3159;18,612;0,757869384959786
3160;18,616;0,749857786392223
3161;18,621;0,728560544640225
3162;18,625;0,73118983374541
3163;18,629;0,728947204802752
3164;18,633;0,745326129287404
3165;18,637;0,779491421248306
3166;18,641;0,733540727533575
3167;18,645;0,779197559524785
3168;18,649;0,703860693457989
3169;18,653;0,743624824572284
3170;18,658;0,727663493063162
3171;18,662;0,735891621321741
3172;18,666;0,702623380937901
3173;18,670;0,731236232964913
3174;18,674;0,730957837647894
3175;18,678;0,666385590505854
3176;18,682;0,680614684486854
3177;18,686;0,709057406042354
3178;18,691;0,727555228217655
3179;18,695;0,693003276094225
3180;18,699;0,725018737551476
3181;18,703;0,706335318498162
3182;18,707;0,708995540416349
3183;18,711;0,685656733006209
3184;18,715;0,678232857885687
3185;18,719;0,683491436096056
3186;18,724;0,683738898600074
3187;18,728;0,65538897548358
3188;18,732;0,663926431872181
3189;18,736;0,665596803774298
3190;18,740;0,675278774243979
3191;18,744;0,685316472063185
3192;18,748;0,641407344006597
3193;18,752;0,668442622570498
3194;18,757;0,699545566044185
3195;18,761;0,699421834792176
3196;18,765;0,673330007024842
3197;18,769;0,695385102695393
3198;18,773;0,690358520582539
3199;18,777;0,685734065038714
3200;18,781;0,686832179900291
3201;18,785;0,677908063349164
3202;18,790;0,660400091189933
3203;18,794;0,683707965787071
3204;18,798;0,674629185170933
3205;18,802;0,686120725201241
3206;18,806;0,615578445149781
3207;18,810;0,685223673624178
3208;18,814;0,704355618466023
3209;18,818;0,680521886047848
3210;18,822;0,653177279353925
3211;18,827;0,671242042147195
3212;18,831;0,693575533134765
3213;18,835;0,678480320389704
3214;18,839;0,693173406565737
3215;18,843;0,693188872972238
3216;18,847;0,657817201304251
3217;18,851;0,646836052688479
3218;18,855;0,652187429337855
3219;18,860;0,632838954804995
3220;18,864;0,643371577632236
3221;18,868;0,672154560130759
3222;18,872;0,665967997530324
3223;18,876;0,670205792911622
3224;18,880;0,673747600000371
3225;18,884;0,687466302566836
3226;18,888;0,647949633956557
3227;18,893;0,656332426280147
3228;18,897;0,65224929496386
3229;18,901;0,647439242542021
3230;18,905;0,630410728984324
3231;18,909;0,650702654313751
3232;18,913;0,640618557275042
3233;18,917;0,654198062182997
3234;18,921;0,630750989927348
3235;18,926;0,667313574895919
3236;18,930;0,677351272715125
3237;18,934;0,642196130738153
3238;18,938;0,636581825178258
3239;18,942;0,571731182719198
3240;18,946;0,653022615288914
3241;18,950;0,65950303961287
3242;18,954;0,654213528589498
3243;18,959;0,610242534906906
3244;18,963;0,635545575942685
3245;18,967;0,653996998898483
3246;18,971;0,659116379450343
3247;18,975;0,638406861145386
3248;18,979;0,646619522997464
3249;18,983;0,659626770864878
3250;18,987;0,624100435131881
3251;18,991;0,692477418273188
3252;18,996;0,662534455287083
3253;19,000;0,660168095092416
3254;19,004;0,693111540939733
3255;19,008;0,72620965085206
3256;19,012;0,817739844525495
3257;19,016;0,92390125874896
3258;19,020;1,08441162541725
3259;19,024;1,39281177104893
3260;19,029;1,88803064080725
3261;19,033;2,73684249599343
3262;19,037;3,82012507373609
3263;19,041;5,17403883243479
3264;19,045;6,77770412331304
3265;19,049;8,43463571818104
3266;19,053;9,97951319794866
3267;19,057;11,5023974476717
3268;19,062;12,331365903317
3269;19,066;13,0265190099149
3270;19,070;13,0463933422688
3271;19,074;12,5830971355287
3272;19,078;11,8209744887811
3273;19,082;10,9025638043401
3274;19,086;9,83482496513099
3275;19,090;8,87196382840579
3276;19,095;7,82185669260796
3277;19,099;6,98034498129029
3278;19,103;6,09849688181779
3279;19,107;5,41808326061545
3280;19,111;4,86008624686921
3281;19,115;4,35704137542134
3282;19,119;3,86118838299648
3283;19,123;3,52409805330528
3284;19,128;3,27383612971118
3285;19,132;2,94945918616388
3286;19,136;2,73555878425384
3287;19,140;2,49234954202424
3288;19,144;2,38925047628799
3289;19,148;2,17021522741959
3290;19,152;2,13136361428886
3291;19,156;1,93784793614725
3292;19,160;1,94524087845477
3293;19,165;1,77913167263309
3294;19,169;1,73078368591069
3295;19,173;1,70863579180113
3296;19,177;1,57001039033189
3297;19,181;1,48718778351856
3298;19,185;1,46988087464385
3299;19,189;1,40138016025053
3300;19,193;1,39694130158472
3301;19,198;1,32800752780937
3302;19,202;1,28641836072795
3303;19,206;1,26253822909027
3304;19,210;1,22153678545589
3305;19,214;1,23907569042812
3306;19,218;1,18557739034086
3307;19,222;1,13866777942306
3308;19,226;1,130733512888
3309;19,231;1,12515014014111
3310;19,235;1,06475382275436
3311;19,239;1,05841259608892
3312;19,243;1,01467359850384
3313;19,247;1,06821829781061
3314;19,251;1,0111781906346
3315;19,255;0,972079114999847
3316;19,259;0,992371040329274
3317;19,264;0,920684246196733
3318;19,268;0,98050830654294
3319;19,272;0,903825863110548
3320;19,276;0,949034169313227
3321;19,280;0,908342053808866
3322;19,284;0,922725811854877
3323;19,288;0,924519915009003
3324;19,292;0,915503000018869
3325;19,297;0,893308706689809
3326;19,301;0,892349789486741
3327;19,305;0,852894986502467
3328;19,309;0,864896917947311
3329;19,313;0,875568738433061
3330;19,317;0,832154535384509
3331;19,321;0,809991174868451
3332;19,325;0,815481749176337
3333;19,329;0,829355115807812
3334;19,334;0,802629165373933
3335;19,338;0,824823458702993
3336;19,342;0,806696830283719
3337;19,346;0,79135415503464
3338;19,350;0,775655752436036
3339;19,354;0,801190789569332
3340;19,358;0,794710365245376
3341;19,362;0,740160349516041
3342;19,367;0,759941883430932
3343;19,371;0,756431009155185
3344;19,375;0,783852947881613
3345;19,379;0,779058361866276
3346;19,383;0,783296157247574
3347;19,387;0,764179678812229
3348;19,391;0,731035169680399
3349;19,395;0,735226565842194
3350;19,400;0,714532513943739
3351;19,404;0,74583652070194
3352;19,408;0,709583263863391
3353;19,412;0,720842807796182
3354;19,416;0,723410231275363
3355;19,420;0,739773689353514
3356;19,424;0,708067556026284
3357;19,428;0,693745663606277
3358;19,433;0,696158423020447
3359;19,437;0,668195160066481
3360;19,441;0,688765480712927
3361;19,445;0,729720525127807
3362;19,449;0,70075194575127
