#"+EI TIC Scan 110C_1ml-min_10C-min_2.d "
#Point;X(Minutes);Y(Counts)
0;5,341;2,02449660178105
1;5,345;2,06536513995431
2;5,349;1,96965102355254
3;5,353;1,94037280280522
4;5,358;1,91094745532047
5;5,362;1,91882690948027
6;5,366;1,86623727455893
7;5,370;1,88111342245399
8;5,374;1,82102032392403
9;5,378;1,78721386914711
10;5,382;1,84701271420223
11;5,386;1,82644766579344
12;5,391;1,77187999362451
13;5,395;1,76117243662311
14;5,399;1,70627781614879
15;5,403;1,73277697630033
16;5,407;1,6885408705816
17;5,411;1,69033908626122
18;5,415;1,64943785325743
19;5,419;1,65906648085105
20;5,424;1,64960132741012
21;5,428;1,59921859355013
22;5,432;1,59526251905496
23;5,436;1,60778463915124
24;5,440;1,62915071090822
25;5,444;1,63225671980939
26;5,448;1,70013118800754
27;5,452;1,63286157417435
28;5,456;1,63941688769734
29;5,461;1,65828180491812
30;5,465;1,61711901327001
31;5,469;1,58926301765112
32;5,473;1,67503790556916
33;5,477;1,61100507995929
34;5,481;1,63696477540695
35;5,485;1,61772386763498
36;5,489;1,61491211220866
37;5,494;1,66052140081001
38;5,498;1,64479518732094
39;5,502;1,63256732069951
40;5,506;1,63098162141838
41;5,510;1,65672880046754
42;5,514;1,68888416630226
43;5,518;1,64028330070662
44;5,522;1,6583471945792
45;5,527;1,66603047975577
46;5,531;1,58800426667539
47;5,535;1,62172898437596
48;5,539;1,61115220669672
49;5,543;1,59279405934929
50;5,547;1,62009424284903
51;5,551;1,61196957746018
52;5,555;1,57948726332008
53;5,560;1,57221266352524
54;5,564;1,53886393637586
55;5,568;1,56877970631868
56;5,572;1,44645199785849
57;5,576;1,48486842374135
58;5,580;1,47674375835251
59;5,584;1,49719437485441
60;5,588;1,43705223407864
61;5,593;1,47693992733574
62;5,597;1,45045711459947
63;5,601;1,60760481758328
64;5,605;1,9044902262891
65;5,609;2,65006314189148
66;5,613;4,08150821253275
67;5,617;6,14826288278495
68;5,621;8,97061143419961
69;5,625;12,2095575163372
70;5,630;15,0875363219133
71;5,634;17,2445287244521
72;5,638;18,4041653214106
73;5,642;19,1040635587506
74;5,646;18,884223518209
75;5,650;18,384156085121
76;5,654;17,4922901502736
77;5,658;16,5754290174795
78;5,663;15,6839554205986
79;5,667;14,7521200554177
80;5,671;13,9604474287559
81;5,675;13,1429131911381
82;5,679;12,3355306984024
83;5,683;11,7461082934525
84;5,687;10,9815723761377
85;5,691;10,3056557969978
86;5,696;9,83347705435924
87;5,700;9,34120733835471
88;5,704;8,67070175366897
89;5,708;8,2800148761479
90;5,712;7,81293652707336
91;5,716;7,46619150179617
92;5,720;7,04231937127841
93;5,724;6,594612709298
94;5,729;6,27369660014631
95;5,733;5,8187480332016
96;5,737;5,5124792081312
97;5,741;5,14286414889226
98;5,745;4,81967574901813
99;5,749;4,52771091230838
100;5,753;4,19324279589843
101;5,757;3,86413663169682
102;5,762;3,59814783784999
103;5,766;3,32051968433141
104;5,770;2,97401987028326
105;5,774;2,82728547082599
106;5,778;2,67798452717145
107;5,782;2,44990538933413
108;5,786;2,26879237556552
109;5,790;2,12589961869654
110;5,794;2,05992145066963
111;5,799;1,88183270872584
112;5,803;1,77923633049569
113;5,807;1,69244790283096
114;5,811;1,57884971412458
115;5,815;1,49330369002031
116;5,819;1,40981744023998
117;5,823;1,35822499765006
118;5,827;1,25848941709204
119;5,832;1,27751780846551
120;5,836;1,22375115964477
121;5,840;1,17632730794852
122;5,844;1,16651885878694
123;5,848;1,10727582585099
124;5,852;1,08584436443293
125;5,856;1,05148209753685
126;5,860;1,03083531205172
127;5,865;1,03861668171991
128;5,869;0,972507734370849
129;5,873;0,965707209618819
130;5,877;1,00732772889447
131;5,881;0,953283174014149
132;5,885;0,935627965523301
133;5,889;0,920196005509079
134;5,893;0,887157879249817
135;5,898;0,912169424611851
136;5,902;0,927372520812303
137;5,906;0,857896005917764
138;5,910;0,8624569347779
139;5,914;0,861868427828205
140;5,918;0,88568661187558
141;5,922;0,851929199344469
142;5,926;0,865301385034759
143;5,931;0,81200881125683
144;5,935;0,82796388855967
145;5,939;0,792261133611512
146;5,943;0,804489000232951
147;5,947;0,81107700858648
148;5,951;0,784692280341824
149;5,955;0,796037386538721
150;5,959;0,804766906292529
151;5,963;0,754662078492114
152;5,968;0,816667824608582
153;5,972;0,77025751265903
154;5,976;0,759304744428597
155;5,980;0,774426103552702
156;5,984;0,722686534225357
157;5,988;0,768181390919828
158;5,992;0,76017115743787
159;5,996;0,74607968547573
160;6,001;0,75101660488706
161;6,005;0,784823059663979
162;6,009;0,747174962298774
163;6,013;0,726577219059451
164;6,017;0,758487373665131
165;6,021;0,745834474246691
166;6,025;0,758618152987286
167;6,029;0,713417549767662
168;6,034;0,721542215156506
169;6,038;0,732985405845018
170;6,042;0,713548329089817
171;6,046;0,7167524224826
172;6,050;0,706371813786593
173;6,054;0,697822115600747
174;6,058;0,694667064453772
175;6,062;0,689811882118789
176;6,067;0,70902009506022
177;6,071;0,702857119503692
178;6,075;0,684204718681418
179;6,079;0,711799155656001
180;6,083;0,697658641448054
181;6,087;0,678303301769199
182;6,091;0,664424346205561
183;6,095;0,690138830424175
184;6,100;0,682063207281139
185;6,104;0,698786613101636
186;6,108;0,716458169007753
187;6,112;0,692574595299301
188;6,116;0,705309231794088
189;6,120;0,713384854937124
190;6,124;0,711504902181154
191;6,128;0,736434710466841
192;6,132;0,714512826590706
193;6,137;0,732102645420476
194;6,141;0,691217759831949
195;6,145;0,699849195094141
196;6,149;0,716964938881101
197;6,153;0,653814873695783
198;6,157;0,670946964898013
199;6,161;0,663410806458864
200;6,165;0,644856490128205
201;6,170;0,645706555722208
202;6,174;0,655073624671519
203;6,178;0,670015162227662
204;6,182;0,650480000980845
205;6,186;0,61118081467344
206;6,190;0,642453420083617
207;6,194;0,629097581808596
208;6,198;0,59123696804489
209;6,203;0,597220122033455
210;6,207;0,600980027545395
211;6,211;0,625239591805041
212;6,215;0,614335865820415
213;6,219;0,634018153804657
214;6,223;0,608794092044122
215;6,227;0,557675724497011
216;6,231;0,560307658355368
217;6,236;0,567222615014284
218;6,240;0,599737623984928
219;6,244;0,552542636102449
220;6,248;0,523313457600935
221;6,252;0,535426892315489
222;6,256;0,567941901286133
223;6,260;0,532468010151745
224;6,264;0,581346781806962
225;6,269;0,555959245893734
226;6,273;0,523395194677282
227;6,277;0,53681642261338
228;6,281;0,529590865064347
229;6,285;0,534511437060408
230;6,289;0,496389264652393
231;6,293;0,537012591596611
232;6,297;0,54502282507857
233;6,301;0,550106871227323
234;6,306;0,518997739969839
235;6,310;0,541344656642977
236;6,314;0,558345968523052
237;6,318;0,565751347640046
238;6,322;0,557822851234434
239;6,326;0,559866278143097
240;6,330;0,552493593856641
241;6,334;0,584387401047052
242;6,339;0,545284383722879
243;6,343;0,5621549162808
244;6,347;0,528806189131421
245;6,351;0,534266225831368
246;6,355;0,529476433157462
247;6,359;0,520174753869229
248;6,363;0,48355654366599
249;6,367;0,519602594334803
250;6,372;0,492204326343451
251;6,376;0,509320070130411
252;6,380;0,498171132916747
253;6,384;0,449913563041764
254;6,388;0,468843869923617
255;6,392;0,461683702035662
256;6,396;0,452185853764197
257;6,400;0,463073232333553
258;6,405;0,454556228978246
259;6,409;0,457711280125221
260;6,413;0,425016449586615
261;6,417;0,464560847123059
262;6,421;0,427370477385394
263;6,425;0,451270398509116
264;6,429;0,436475987690396
265;6,433;0,440546494092453
266;6,438;0,446611385157364
267;6,442;0,426324242808159
268;6,446;0,433468063280845
269;6,450;0,436786588580513
270;6,454;0,442475489094231
271;6,458;0,437227968792784
272;6,462;0,402538753591323
273;6,466;0,406135184950569
274;6,470;0,413279005423255
275;6,475;0,409797005970893
276;6,479;0,403879241643406
277;6,483;0,404042715796099
278;6,487;0,403012828634133
279;6,491;0,415812854789997
280;6,495;0,401312697446125
281;6,499;0,392060060403699
282;6,503;0,381875620690924
283;6,508;0,395967092653063
284;6,512;0,389869506757613
285;6,516;0,386256727983097
286;6,520;0,383722878616355
287;6,524;0,386501939212136
288;6,528;0,37819745225533
289;6,532;0,376121330516129
290;6,536;0,426716580774622
291;6,541;0,393237074303089
292;6,545;0,377984935856829
293;6,549;0,381385198232844
294;6,553;0,377576250475097
295;6,557;0,397405665196762
296;6,561;0,38220256899631
297;6,565;0,393841928668053
298;6,569;0,396882547908144
299;6,574;0,37538569682901
300;6,578;0,361637520587526
301;6,582;0,384654681286705
302;6,586;0,364531013090193
303;6,590;0,38102555509692
304;6,594;0,376758879711632
305;6,598;0,369925660129063
306;6,602;0,407442978172114
307;6,607;0,387384699636679
308;6,611;0,374650063141891
309;6,615;0,362781839656377
310;6,619;0,353986930241492
311;6,623;0,377935893611021
312;6,627;0,388251112645952
313;6,631;0,394266961465055
314;6,635;0,410140301691549
315;6,639;0,466211936065259
316;6,644;0,641358143260574
317;6,648;1,09243237278646
318;6,652;2,02820746504718
319;6,656;3,65964681409311
320;6,660;6,31306117611479
321;6,664;9,82814779698145
322;6,668;14,1901940029507
323;6,672;18,7388949964649
324;6,677;22,5132679709179
325;6,681;25,6354444657869
326;6,685;27,3941974849502
327;6,689;27,7380817125552
328;6,693;27,1316743431404
329;6,697;25,78920825381
330;6,701;24,1519492249282
331;6,705;22,3371082239759
332;6,710;20,5042360239817
333;6,714;18,7672741093724
334;6,718;17,2970039274665
335;6,722;15,8295781958175
336;6,726;14,5111101121024
337;6,730;13,2357992046982
338;6,734;11,9358200476527
339;6,738;10,7326175890015
340;6,743;9,68160956650742
341;6,747;8,58785305308414
342;6,751;7,61751952494411
343;6,755;6,62915479776204
344;6,759;5,87446002443939
345;6,763;5,09226889863376
346;6,767;4,40860364465623
347;6,771;3,84962012693768
348;6,776;3,3125911879258
349;6,780;2,90117578784324
350;6,784;2,53666112216832
351;6,788;2,19807345711051
352;6,792;1,98872845717182
353;6,796;1,70863184394757
354;6,800;1,57190206263512
355;6,804;1,34437873691696
356;6,808;1,23498183393478
357;6,813;1,09606149897624
358;6,817;0,99807509185204
359;6,821;0,908523951006796
360;6,825;0,857699836934533
361;6,829;0,779935182498457
362;6,833;0,73905029690993
363;6,837;0,701532978866879
364;6,841;0,644562236653357
365;6,846;0,611802016453673
366;6,850;0,555795771741041
367;6,854;0,562743423230494
368;6,858;0,498073048425131
369;6,862;0,5363260001553
370;6,866;0,513292492040852
371;6,870;0,481921802139059
372;6,874;0,482330487520792
373;6,879;0,461438490806622
374;6,883;0,4269944868342
375;6,887;0,434726814256581
376;6,891;0,456550613641101
377;6,895;0,421060375091443
378;6,899;0,395689186593485
379;6,903;0,380731301622072
380;6,907;0,389362736884264
381;6,912;0,359986431645327
382;6,916;0,325754944071406
383;6,920;0,382317000903195
384;6,924;0,327013695047142
385;6,928;0,3488701892622
386;6,932;0,382349695733733
387;6,936;0,365086825209349
388;6,940;0,370710336061989
389;6,945;0,373129753521846
390;6,949;0,334631590562637
391;6,953;0,335089318190178
392;6,957;0,373767302717349
393;6,961;0,333372839586901
394;6,965;0,363059745715956
395;6,969;0,353120517232219
396;6,973;0,332244867933319
397;6,977;0,314082889569123
398;6,982;0,327013695047142
399;6,986;0,308966148589831
400;6,990;0,299876985700099
401;6,994;0,320654550507383
402;6,998;0,320196822879842
403;7,002;0,339192519422773
404;7,006;0,310470110794607
405;7,010;0,310617237532031
406;7,015;0,304045576593771
407;7,019;0,321864259237311
408;7,023;0,289185776113974
409;7,027;0,304830252526697
410;7,031;0,322648935170238
411;7,035;0,322616240339699
412;7,039;0,33103515920339
413;7,043;0,31790818474214
414;7,048;0,311777904016151
415;7,052;0,319886221989726
416;7,056;0,328027234793839
417;7,060;0,322861451568739
418;7,064;0,307805482105711
419;7,068;0,290706085734019
420;7,072;0,309636392615873
421;7,076;0,297196009595933
422;7,081;0,283366096278102
423;7,085;0,275584726609914
424;7,089;0,282614115175714
425;7,093;0,285327786110419
426;7,097;0,240127182890795
427;7,101;0,265972446431564
428;7,105;0,260561451977424
429;7,109;0,268849591518961
430;7,114;0,248840355229334
431;7,118;0,259645996722343
432;7,122;0,245194881624279
433;7,126;0,242857201240769
434;7,130;0,242562947765921
435;7,134;0,254676382480475
436;7,138;0,234781578097733
437;7,142;0,256736156804407
438;7,146;0,246568064506901
439;7,151;0,237871239583631
440;7,155;0,226084753174464
441;7,159;0,232705456358532
442;7,163;0,23015525957652
443;7,167;0,248987481966758
444;7,171;0,249069219043104
445;7,175;0,220951664779902
446;7,179;0,243004327978193
447;7,184;0,249755810484415
448;7,188;0,231266883814833
449;7,192;0,253875359132279
450;7,196;0,253319547013123
451;7,200;0,255624532566095
452;7,204;0,252191575359541
453;7,208;0,268195694908189
454;7,212;0,252355049512234
455;7,217;0,23554990661539
456;7,221;0,224842349613997
457;7,225;0,251325162350268
458;7,229;0,226052058343925
459;7,233;0,201432850948354
460;7,237;0,204179216713597
461;7,241;0,216521515241921
462;7,245;0,213644370154524
463;7,250;0,221589213975405
464;7,254;0,206418812605492
465;7,258;0,221654603636483
466;7,262;0,224940434105612
467;7,266;0,229207109490901
468;7,270;0,247238308532942
469;7,274;0,353136864647488
470;7,278;0,486646205151888
471;7,283;0,868407393935926
472;7,287;1,55776154842717
473;7,291;2,83979124350701
474;7,295;4,738265620977
475;7,299;7,23763828891604
476;7,303;9,83576569249695
477;7,307;12,5584767478452
478;7,311;14,7189511498363
479;7,315;16,2935505359909
480;7,320;16,7129598221401
481;7,324;16,4607682467806
482;7,328;15,6867508286096
483;7,332;14,7514825062222
484;7,336;13,5602953977939
485;7,340;12,2392771172968
486;7,344;11,0007969364944
487;7,348;9,76630552501768
488;7,353;8,5594902875919
489;7,357;7,4913665213109
490;7,361;6,51102837502605
491;7,365;5,67237327688026
492;7,369;4,80672859612485
493;7,373;3,98904723176957
494;7,377;3,51366439573823
495;7,381;2,90485395627884
496;7,386;2,48058948779461
497;7,390;2,12885850086028
498;7,394;1,78538295863695
499;7,398;1,49222476061254
500;7,402;1,28350096245407
501;7,406;1,14740873033712
502;7,410;0,987187713282684
503;7,414;0,878804350047203
504;7,419;0,775047305332936
505;7,423;0,710491362434457
506;7,427;0,643695823644084
507;7,431;0,610919256029131
508;7,435;0,530637099641583
509;7,439;0,475497267938223
510;7,443;0,450878060542652
511;7,447;0,435184541884121
512;7,452;0,448687506896566
513;7,456;0,385194145990592
514;7,460;0,35756701418547
515;7,464;0,33574321480095
516;7,468;0,339176172007503
517;7,472;0,318169743386449
518;7,476;0,305255285323699
519;7,480;0,297146967350125
520;7,484;0,285213354203533
521;7,489;0,263160691005243
522;7,493;0,26441944198098
523;7,497;0,27380285834556
524;7,501;0,271939253004859
525;7,505;0,236449014455202
526;7,509;0,2463555481084
527;7,513;0,241484018358147
528;7,517;0,251357857180806
529;7,522;0,228896508600784
530;7,526;0,276647308602419
531;7,530;0,256458250744829
532;7,534;0,262850090115127
533;7,538;0,257488137906795
534;7,542;0,303048384262343
535;7,546;0,303048384262343
536;7,550;0,325526080257635
537;7,555;0,330430304838426
538;7,559;0,362830881902185
539;7,563;0,338963655609003
540;7,567;0,335808604462027
541;7,571;0,290885907301982
542;7,575;0,295724742221695
543;7,579;0,298095117435744
544;7,583;0,280734162419744
545;7,588;0,238803042253982
546;7,592;0,232852583095955
547;7,596;0,256343818837944
548;7,600;0,225545288470577
549;7,604;0,216112829860189
550;7,608;0,223845157282569
551;7,612;0,198359536877725
552;7,616;0,222357542493063
553;7,621;0,184660402882049
554;7,625;0,191624401786772
555;7,629;0,191084937082885
556;7,633;0,207857385149191
557;7,637;0,179167671351563
558;7,641;0,153420492302411
559;7,645;0,159158435061936
560;7,649;0,153387797471872
561;7,653;0,170013118800754
562;7,658;0,160597007605635
563;7,662;0,143383179327059
564;7,666;0,151426107639556
565;7,670;0,157965073747277
566;7,674;0,151671318868595
567;7,678;0,114644423283624
568;7,682;0,14194460678336
569;7,686;0,156101468406577
570;7,691;0,147535422805462
571;7,695;0,163016425065492
572;7,699;0,123766281003895
573;7,703;0,15742560904339
574;7,707;0,14709404259319
575;7,711;0,142238860258207
576;7,715;0,137122119278916
577;7,719;0,147780634034501
578;7,724;0,147829676280309
579;7,728;0,164553082100806
580;7,732;0,137269246016339
581;7,736;0,163228941463993
582;7,740;0,154156125989529
583;7,744;0,137563499491187
584;7,748;0,129635003085575
585;7,752;0,126774205413447
586;7,757;0,134800786310674
587;7,761;0,1440534233531
588;7,765;0,133345866351706
589;7,769;0,128065651219722
590;7,773;0,132593885249319
591;7,777;0,143481263818674
592;7,781;0,138119311610343
593;7,785;0,139263630679194
594;7,790;0,135471030336716
595;7,794;0,117717737354253
596;7,798;0,145017920853989
597;7,802;0,130632195417002
598;7,806;0,121608422188347
599;7,810;0,111603804043533
600;7,814;0,132528495588241
601;7,818;0,132969875800513
602;7,822;0,117717737354253
603;7,827;0,124698083674245
604;7,831;0,129814824653537
605;7,835;0,13442479575948
606;7,839;0,125564496683518
607;7,843;0,131008185968196
608;7,847;0,11356549387585
609;7,851;0,113630883536927
610;7,855;0,116033953581514
611;7,860;0,131138965290351
612;7,864;0,116099343242592
613;7,868;0,13091010147658
614;7,872;0,144347676827948
615;7,876;0,119041877991066
616;7,880;0,136451875252874
617;7,884;0,138789555636384
618;7,888;0,155414876965266
619;7,893;0,12222962396858
620;7,897;0,116802282099172
621;7,901;0,145917028693801
622;7,905;0,121085304899729
623;7,909;0,116655155361748
624;7,913;0,117995643413831
625;7,917;0,110181578915104
626;7,921;0,114791550021047
627;7,926;0,10651975789478
628;7,930;0,120398713458418
629;7,934;0,119908291000339
630;7,938;0,113843399935428
631;7,942;0,112453869637537
632;7,946;0,169081316130403
633;7,950;0,283218969540678
634;7,954;0,549910702244091
635;7,959;1,15906443742414
636;7,963;2,51313719159579
637;7,967;4,82543003919293
638;7,971;8,55187239207641
639;7,975;13,9717107978765
640;7,979;20,2464536326
641;7,983;27,3372757849824
642;7,987;33,3453595818331
643;7,991;38,0785738514919
644;7,996;40,808134473838
645;8,000;40,8165370452864
646;8,004;38,7693992733574
647;8,008;35,7210150110141
648;8,012;31,5300608532533
649;8,016;27,6042944659912
650;8,020;23,5694908188829
651;8,024;19,9326323016752
652;8,029;16,3666725244905
653;8,033;13,4380984686559
654;8,037;10,8414096376187
655;8,041;8,87927842509001
656;8,045;7,07903566597326
657;8,049;5,70241982614524
658;8,053;4,64797884644464
659;8,057;3,79707953426214
660;8,062;3,10736573663497
661;8,066;2,57898458030055
662;8,070;2,05949641787263
663;8,074;1,78950250728482
664;8,078;1,57553118882491
665;8,082;1,35248705489053
666;8,086;1,17856690384042
667;8,090;1,02799086179486
668;8,095;0,931655543612861
669;8,099;0,815196557234344
670;8,103;0,731121800504318
671;8,107;0,704491861030623
672;8,111;0,636927993722593
673;8,115;0,568595797896905
674;8,119;0,563936784545154
675;8,123;0,511592360852845
676;8,128;0,458365176735993
677;8,132;0,451433872661809
678;8,136;0,42066803712498
679;8,140;0,393089947565666
680;8,144;0,389428126545342
681;8,148;0,366443660676701
682;8,152;0,32681752606391
683;8,156;0,319641010760686
684;8,160;0,316469612198441
685;8,165;0,32142287902504
686;8,169;0,277677195764385
687;8,173;0,269912173511466
688;8,177;0,278739777756889
689;8,181;0,251374204596076
690;8,185;0,247777773236829
691;8,189;0,243838046156927
692;8,193;0,233604564198343
693;8,198;0,213202989942253
694;8,202;0,216096482444919
695;8,206;0,205977432393221
696;8,210;0,199634635268731
697;8,214;0,189041510174223
698;8,218;0,225022171181959
699;8,222;0,165125241635232
700;8,226;0,177647361731518
701;8,231;0,186376881485326
702;8,235;0,175162554610584
703;8,239;0,151377065393748
704;8,243;0,163245288879262
705;8,247;0,154695590693416
706;8,251;0,136239358854373
707;8,255;0,146587272719842
708;8,259;0,149660586790471
709;8,264;0,140816635129778
710;8,268;0,141764785215398
711;8,272;0,158668012603857
712;8,276;0,148810521196467
713;8,280;0,135013302709175
714;8,284;0,139067461695963
715;8,288;0,126365520031714
716;8,292;0,120856441085959
717;8,297;0,125809707912558
718;8,301;0,121167041976076
719;8,305;0,144805404455488
720;8,309;0,132871791308897
721;8,313;0,129128233212226
722;8,317;0,118584150363526
723;8,321;0,118829361592565
724;8,325;0,113467409384234
725;8,329;0,123112384393123
726;8,334;0,138560691822614
727;8,338;0,107860245946863
728;8,342;0,105636997470237
729;8,346;0,115608920784512
730;8,350;0,104476330986117
731;8,354;0,119957333246147
732;8,358;0,115576225953974
733;8,362;0,108955522769906
734;8,367;0,0888808968192017
735;8,371;0,0882106527931602
736;8,375;0,0970709518691226
737;8,379;0,0997682753885576
738;8,383;0,107516950226207
739;8,387;0,0845815266033749
740;8,391;0,0936379946625689
741;8,395;0,0947169240703429
742;8,400;0,106454368233703
743;8,404;0,0861672258844973
744;8,408;0,0697217261235783
745;8,412;0,101958829034644
746;8,416;0,0729748617621696
747;8,420;0,0912022297874427
748;8,424;0,107631382133092
749;8,428;0,116508028624324
750;8,433;0,121346863544038
751;8,437;0,09994809695652
752;8,441;0,093049487712874
753;8,445;0,104590762893002
754;8,449;0,0944880602565727
755;8,453;0,0959266328002714
756;8,457;0,0823582781267497
757;8,461;0,0946842292398043
758;8,466;0,0894694037688966
759;8,470;0,0938178162305312
760;8,474;0,0947496189008815
761;8,478;0,0785983726148099
762;8,482;0,102122303187337
763;8,486;0,10042217199933
764;8,490;0,0906137228377478
765;8,494;0,0808706633372431
766;8,498;0,0809033581677817
767;8,503;0,0938178162305312
768;8,507;0,0989672520403618
769;8,511;0,0668772758667195
770;8,515;0,0815409073632845
771;8,519;0,0928369713143731
772;8,523;0,0962045388598495
773;8,527;0,0914474410164823
774;8,531;0,0793503537171979
775;8,536;0,0805600624471263
776;8,540;0,0947169240703429
777;8,544;0,0883414321153147
778;8,548;0,101010678949025
779;8,552;0,121510337696731
780;8,556;0,123324900791624
781;8,560;0,163948227735842
782;8,564;0,190594514624806
783;8,569;0,177385803087209
784;8,573;0,175293333932739
785;8,577;0,182355417329078
786;8,581;0,208380502437808
787;8,585;0,177778141053673
788;8,589;0,189074205004761
789;8,593;0,177189634103978
790;8,597;0,175898188297703
791;8,602;0,146521883058765
792;8,606;0,131923641223277
793;8,610;0,138920334958539
794;8,614;0,13489887080229
795;8,618;0,0943245861038797
796;8,622;0,0968420880553524
797;8,626;0,0783531613857704
798;8,630;0,123128731808392
799;8,635;0,0903358167781697
800;8,639;0,067171529341567
801;8,643;0,0746586455349079
802;8,647;0,102073260941529
803;8,651;0,136043189871142
804;8,655;0,226428048895119
805;8,659;0,5431428723226
806;8,663;1,17614748638056
807;8,667;2,45243923870087
808;8,672;4,45543898940279
809;8,676;7,4389076657117
810;8,680;11,2658375802556
811;8,684;15,5751960668119
812;8,688;19,3298704058655
813;8,692;22,0346483466633
814;8,696;23,5410953585601
815;8,700;23,1556069590947
816;8,705;21,8277391115997
817;8,709;19,6079399395963
818;8,713;16,6099874533588
819;8,717;13,8612676603171
820;8,721;11,081144482543
821;8,725;8,77738498571645
822;8,729;6,82983566760801
823;8,733;5,33144793143894
824;8,738;4,14083298254505
825;8,742;3,23400916272626
826;8,746;2,54733598433918
827;8,750;2,01820284690237
828;8,754;1,62452439238701
829;8,758;1,32932276745393
830;8,762;1,16082995827322
831;8,766;0,964579237965237
832;8,771;0,809295140322126
833;8,775;0,762770396465689
834;8,779;0,621724897522141
835;8,783;0,572911515528001
836;8,787;0,515548435348016
837;8,791;0,455520726479135
838;8,795;0,428482101623707
839;8,799;0,361375961943217
840;8,804;0,347349879642155
841;8,808;0,351502123120558
842;8,812;0,295577615484272
843;8,816;0,291752320311255
844;8,820;0,280717815004475
845;8,824;0,239473286280023
846;8,828;0,233016057248648
847;8,832;0,193782260602321
848;8,836;0,205846653071066
849;8,841;0,196038203909484
850;8,845;0,160073890317017
851;8,849;0,197019048825643
852;8,853;0,144919836362373
853;8,857;0,177091549612362
854;8,861;0,132642927495126
855;8,865;0,143448568988136
856;8,869;0,130386984187963
857;8,874;0,137808710720226
858;8,878;0,138871292712731
859;8,882;0,125204853547593
860;8,886;0,127493491685296
861;8,890;0,129961951390961
862;8,894;0,129291707364919
863;8,898;0,0926081075006028
864;8,902;0,097953712293665
865;8,907;0,101942481619375
866;8,911;0,0997028857274804
867;8,915;0,0963353181820039
868;8,919;0,0990162942861697
869;8,923;0,0806908417692807
870;8,927;0,0689207027753824
871;8,931;0,103217580010381
872;8,935;0,0887010752512393
873;8,940;0,0639837833640528
874;8,944;0,0406887166052957
875;8,948;0,0752471524846028
876;8,952;0,0612210701835406
877;8,956;0,0660435576879851
878;8,960;0,061891314209582
879;8,964;0,0540118600497779
880;8,968;0,0635750979823203
881;8,973;0,0341660979128438
882;8,977;0,0460833636441658
883;8,981;0,075852006849567
884;8,985;0,0533743108542751
885;8,989;0,0488460768246781
886;8,993;0,0578861974686027
887;8,997;0,0517886115731526
888;9,001;0,0538974281428928
889;9,005;0,0559081602210171
890;9,010;0,0545676721689342
891;9,014;0,0571015215356762
892;9,018;0,0610575960308476
893;9,022;0,057199606027292
894;9,026;0,0661416421796009
895;9,030;0,0944717128413034
896;9,034;0,10300506361188
897;9,038;0,137056729617838
898;9,043;0,156363027050885
899;9,047;0,173413381176769
900;9,051;0,174623089906697
901;9,055;0,136141274362757
902;9,059;0,152047309419789
903;9,063;0,126725163167639
904;9,067;0,129945603975691
905;9,071;0,108644921879789
906;9,076;0,0800696399890472
907;9,080;0,0873442397838872
908;9,084;0,0709314348535067
909;9,088;0,0460506688136272
910;9,092;0,0586381785709907
911;9,096;0,0503827338599926
912;9,100;0,0367980317712016
913;9,104;0,0484373914429455
914;9,109;0,0317630278682562
915;9,113;0,0393809233837515
916;9,117;0,0310437415964068
917;9,121;0,0461977955510509
918;9,125;0,0520011279716536
919;9,129;0,0582458406045274
920;9,133;0,0595209389955331
921;9,137;0,0378933085942449
922;9,142;0,0386289422813635
923;9,146;0,0370595904155104
924;9,150;0,0550907894575519
925;9,154;0,0230662029449869
926;9,158;0,0427321435139586
927;9,162;0,024259564259646
928;9,166;0,0488787716552167
929;9,170;0,0448246126684295
930;9,174;0,0485354759345613
931;9,179;0,0285752818907421
932;9,183;0,0282156387548174
933;9,187;0,0270059300248889
934;9,191;0,0412608761397214
935;9,195;0,0136010495040603
936;9,199;0,0285752818907421
937;9,203;0,0440399367355029
938;9,207;0,0335939383784181
939;9,212;0,032564051216452
940;9,216;0,0420455520726479
941;9,220;0,0464757016106291
942;9,224;0,076554945706147
943;9,228;0,090515638346132
944;9,232;0,0882433476236988
945;9,236;0,121624769603616
946;9,240;0,165337758033733
947;9,245;0,160760481758328
948;9,249;0,194223640814592
949;9,253;0,187112515172445
950;9,257;0,191068589667616
951;9,261;0,144690972548603
952;9,265;0,169571738588482
953;9,269;0,165059851974155
954;9,273;0,117946601168023
955;9,278;0,129111885796957
956;9,282;0,0723700073972054
957;9,286;0,0862489629608439
958;9,290;0,065716609382599
959;9,294;0,0545513247536649
960;9,298;0,0482739172902524
961;9,302;0,0363566515589304
962;9,306;0,0356210178718117
963;9,311;0,0279867749410471
964;9,315;0,0339045392685349
965;9,319;0,0318120701140641
966;9,323;0,0417349511825311
967;9,327;0,0308966148589831
968;9,331;0,036928811093356
969;9,335;0,0252731040063428
970;9,339;0,0344603513876912
971;9,343;0,0343622668960754
972;9,348;0,0361441351604294
973;9,352;0,0247336393024558
974;9,356;0,0860691413928815
975;9,360;0,221507476899059
976;9,364;0,531143869514931
977;9,368;1,28784937491571
978;9,372;2,93738531266475
979;9,376;6,08820247908553
980;9,381;11,3012297343136
981;9,385;18,6242832680118
982;9,389;27,5969381291201
983;9,393;37,1823921990134
984;9,397;45,6545055519909
985;9,401;51,3204869895009
986;9,405;53,5636629653394
987;9,409;51,6316600391521
988;9,414;46,6193626960157
989;9,418;39,6139230935849
990;9,422;31,4842227008382
991;9,426;24,4981547855015
992;9,430;18,3651276937475
993;9,434;13,8043623077646
994;9,438;10,2906488697806
995;9,442;7,83724513357882
996;9,447;5,91201003731298
997;9,451;4,62641660570443
998;9,455;3,71007859019891
999;9,459;3,05564251472289
1000;9,463;2,5030181415441
1001;9,467;2,15883966046419
1002;9,471;1,80838377192086
1003;9,475;1,60755577533747
1004;9,480;1,29226317703842
1005;9,484;1,1981184125025
1006;9,488;1,05023969397639
1007;9,492;0,952187897191105
1008;9,496;0,878052368944815
1009;9,500;0,793356410434555
1010;9,504;0,794108391536943
1011;9,508;0,777499417623331
1012;9,512;0,718730459730186
1013;9,517;0,696138331828009
1014;9,521;0,675442504097071
1015;9,525;0,641063889785726
1016;9,529;0,582687269859044
1017;9,533;0,567860164209786
1018;9,537;0,494983386939233
1019;9,541;0,44108595879634
1020;9,545;0,4511723140175
1021;9,550;0,37280280521646
1022;9,554;0,379243686832566
1023;9,558;0,3366750174713
1024;9,562;0,292667775566336
1025;9,566;0,274522144617409
1026;9,570;0,282287166870328
1027;9,574;0,251619415825115
1028;9,578;0,222749880459526
1029;9,583;0,236890394667473
1030;9,587;0,203770531331865
1031;9,591;0,180589896479993
1032;9,595;0,14359569572556
1033;9,599;0,157458303873929
1034;9,603;0,16164324218287
1035;9,607;0,12576066566675
1036;9,611;0,131531303256814
1037;9,616;0,117358094218328
1038;9,620;0,149268248824008
1039;9,624;0,126202045879021
1040;9,628;0,118911098668912
1041;9,632;0,113663578367465
1042;9,636;0,113336630062079
1043;9,640;0,115020413834818
1044;9,644;0,111195118661801
1045;9,649;0,107941983023209
1046;9,653;0,110181578915104
1047;9,657;0,118355286549755
1048;9,661;0,14500157343872
1049;9,665;0,18183230004046
1050;9,669;0,158962266078705
1051;9,673;0,191150326743963
1052;9,677;0,204506165018983
1053;9,682;0,190104092166727
1054;9,686;0,205797610825258
1055;9,690;0,170765099903142
1056;9,694;0,172154630201032
1057;9,698;0,14874513153539
1058;9,702;0,137874100381303
1059;9,706;0,13444114317475
1060;9,710;0,131678429994238
1061;9,714;0,0960737595376951
1062;9,719;0,098493176997552
1063;9,723;0,0856604560111489
1064;9,727;0,104983100859465
1065;9,731;0,122295013629657
1066;9,735;0,108743006371405
1067;9,739;0,11896014091472
1068;9,743;0,12598952948052
1069;9,747;0,14663631496565
1070;9,752;0,130942796307119
1071;9,756;0,122671004180851
1072;9,760;0,125368327700286
1073;9,764;0,117423483879405
1074;9,768;0,110181578915104
1075;9,772;0,0948313559772281
1076;9,776;0,0878673570725049
1077;9,780;0,0572976905189078
1078;9,785;0,0653242714161357
1079;9,789;0,0807071891845501
1080;9,793;0,0640491730251301
1081;9,797;0,0346238255403842
1082;9,801;0,0482412224597138
1083;9,805;0,063885698872437
1084;9,809;0,0474892413573259
1085;9,813;0,0536195220833146
1086;9,818;0,0438764625828099
1087;9,822;0,0388087638493259
1088;9,826;0,0424869322849191
1089;9,830;0,0616787978110811
1090;9,834;0,037092285246049
1091;9,838;0,0264010756599247
1092;9,842;0,0300955915107873
1093;9,846;0,0358008394397741
1094;9,851;0,0368307266017402
1095;9,855;0,0352286799053485
1096;9,859;0,0322861451568739
1097;9,863;0,0395443975364445
1098;9,867;0,039626134612791
1099;9,871;0,0622019150996988
1100;9,875;0,101958829034644
1101;9,879;0,216750379055692
1102;9,883;0,561697188653259
1103;9,888;1,24745491178526
1104;9,892;2,60224695222877
1105;9,896;4,91787467254084
1106;9,900;8,32403846546813
1107;9,904;12,6526705546269
1108;9,908;17,1114934589905
1109;9,912;21,4920285916293
1110;9,916;24,3058764871039
1111;9,921;25,5422641987519
1112;9,925;24,8689141638093
1113;9,929;22,4661383726965
1114;9,933;19,0284077208842
1115;9,937;15,4199446639993
1116;9,941;11,9475901866466
1117;9,945;9,17766779600061
1118;9,949;6,83658715011423
1119;9,954;5,32327422380429
1120;9,958;4,13471904923433
1121;9,962;3,22429879805629
1122;9,966;2,50097471463543
1123;9,970;2,04888694536285
1124;9,974;1,65439112008403
1125;9,978;1,39561153637096
1126;9,982;1,16154924454507
1127;9,987;0,986697290824605
1128;9,991;0,860168296640197
1129;9,995;0,771172967914111
1130;9,999;0,654076432340092
1131;10,003;0,586103879650329
1132;10,007;0,477050272388807
1133;10,011;0,475382836031338
1134;10,015;0,391275384470773
1135;10,020;0,355278376047767
1136;10,024;0,345878612267918
1137;10,028;0,274162501481485
1138;10,032;0,264435789396249
1139;10,036;0,235419127293236
1140;10,040;0,242661032257537
1141;10,044;0,223861504697838
1142;10,048;0,236056676488739
1143;10,052;0,209720990489891
1144;10,057;0,238868431915059
1145;10,061;0,259171921679533
1146;10,065;0,394920858075827
1147;10,069;0,834273990853621
1148;10,073;1,78554643278965
1149;10,077;3,54081745250054
1150;10,081;6,35625104725629
1151;10,085;10,6972090875281
1152;10,090;15,8906194444331
1153;10,094;21,3309575089809
1154;10,098;25,886818670383
1155;10,102;28,4417071605766
1156;10,106;28,6392329792756
1157;10,110;26,9509700147535
1158;10,114;23,1615247234222
1159;10,118;18,6956887779081
1160;10,123;14,5510141527748
1161;10,127;11,0919337766207
1162;10,131;8,15384552509941
1163;10,135;6,12500051085673
1164;10,139;4,64390834004258
1165;10,143;3,50099514890452
1166;10,147;2,75378749177521
1167;10,151;2,21782113475583
1168;10,156;1,77398881019425
1169;10,160;1,48779461107456
1170;10,164;1,25072439483912
1171;10,168;1,0422948501555
1172;10,172;0,929693853780544
1173;10,176;0,79464785624083
1174;10,180;0,698132716490864
1175;10,184;0,611802016453673
1176;10,189;0,568056333193018
1177;10,193;0,528086902859572
1178;10,197;0,433092072729651
1179;10,201;0,401132875878163
1180;10,205;0,387695300526795
1181;10,209;0,342282180908671
1182;10,213;0,313363603297274
1183;10,217;0,292782207473221
1184;10,221;0,277530069026961
1185;10,226;0,235304695386351
1186;10,230;0,219790998295782
1187;10,234;0,224662528046034
1188;10,238;0,20551970476568
1189;10,242;0,196479584121756
1190;10,246;0,184823877034742
1191;10,250;0,153011806920678
1192;10,254;0,14733925382223
1193;10,259;0,164749251084038
1194;10,263;0,161381683538561
1195;10,267;0,126512646769138
1196;10,271;0,146456493397688
1197;10,275;0,112633691205499
1198;10,279;0,13022351003527
1199;10,283;0,120987220408113
1200;10,287;0,0933764360182601
1201;10,292;0,0932293092808363
1202;10,296;0,0978883226325878
1203;10,300;0,0923628962715633
1204;10,304;0,0932620041113749
1205;10,308;0,0786147200300792
1206;10,312;0,0582131457739888
1207;10,316;0,0774867483764973
1208;10,320;0,055744686068324
1209;10,325;0,0623490418371225
1210;10,329;0,0423561529627647
1211;10,333;0,0596026760718796
1212;10,337;0,0605344787422299
1213;10,341;0,0550580946270133
1214;10,345;0,0613845443362336
1215;10,349;0,0591286010290698
1216;10,353;0,0496797950034125
1217;10,358;0,0548782730590509
1218;10,362;0,0508568089028024
1219;10,366;0,0523771185228476
1220;10,370;0,0466718705938607
1221;10,374;0,042748490929228
1222;10,378;0,0317793752835255
1223;10,382;0,0484864336887534
1224;10,386;0,014124166792678
1225;10,390;0,0341660979128438
1226;10,395;0,0354248488885801
1227;10,399;0,0509548933944182
1228;10,403;0,0305860139688663
1229;10,407;0,00673513509095293
1230;10,411;0,0357191023634276
1231;10,415;0,0301282863413259
1232;10,419;0,0362422196520453
1233;10,423;0,0308312251979059
1234;10,428;0,0394790078753673
1235;10,432;0,0281992913395481
1236;10,436;0,050300996783646
1237;10,440;0,0296705587137854
1238;10,444;0,0302100234176724
1239;10,448;0,0174917343381545
1240;10,452;0,0409012330037967
1241;10,456;0,0366182102032392
1242;10,461;0,0415714770298381
1243;10,465;0,0414080028771451
1244;10,469;0,0271203619317741
1245;10,473;0,0436639461843089
1246;10,477;0,0323188399874125
1247;10,481;0,0486008655956385
1248;10,485;0,0302100234176724
1249;10,489;0,0254202307437665
1250;10,494;0,0229190762075631
1251;10,498;0,0348363419388852
1252;10,502;0,0261722118461545
1253;10,506;0,0239653107847985
1254;10,510;0,0461324058899737
1255;10,514;0,0152848332767985
1256;10,518;0,00787945415980416
1257;10,522;0
1258;10,527;0,00840257144842186
1259;10,531;0,0259270006171149
1260;10,535;0,0296051690527082
1261;10,539;0,0243086065054539
1262;10,543;0,0141405142079473
1263;10,547;0,0256163997269982
1264;10,551;0,0407868010969116
1265;10,555;0,0345911307098456
1266;10,559;0,0142385986995631
1267;10,564;0,0104623457723541
1268;10,568;0,0477508000016347
1269;10,572;0,0785656777842713
1270;10,576;0,206631329003993
1271;10,580;0,43780012832721
1272;10,584;1,05476792800598
1273;10,588;2,16206010127224
1274;10,592;4,20846223951416
1275;10,597;7,58081957766453
1276;10,601;11,9716372345078
1277;10,605;17,0536563037677
1278;10,609;22,0458136312922
1279;10,613;25,90970505176
1280;10,617;27,1283067755949
1281;10,621;26,907780143612
1282;10,625;23,9050869069464
1283;10,630;20,3114509557108
1284;10,634;16,3176956683436
1285;10,638;12,3397646789572
1286;10,642;9,31129156841189
1287;10,646;6,95585789191906
1288;10,650;5,26038571726328
1289;10,654;3,96683109441858
1290;10,658;3,04766497607147
1291;10,663;2,39236248758618
1292;10,667;1,97592843101595
1293;10,671;1,52016249330778
1294;10,675;1,27706008083797
1295;10,679;1,13653769918304
1296;10,683;0,959560581477561
1297;10,687;0,819692096433403
1298;10,691;0,710344235697033
1299;10,696;0,660124975989734
1300;10,700;0,587673231516182
1301;10,704;0,505739986186434
1302;10,708;0,429937021582675
1303;10,712;0,408096874782886
1304;10,716;0,377559903059827
1305;10,720;0,321161320380731
1306;10,724;0,300579924556679
1307;10,728;0,28998679946217
1308;10,733;0,292471606583104
1309;10,737;0,281208237462554
1310;10,741;0,303342637737191
1311;10,745;0,383984437260664
1312;10,749;0,562187611111338
1313;10,753;1,27365981846195
1314;10,757;2,73358208650235
1315;10,761;5,92152423299971
1316;10,766;11,7498191567186
1317;10,770;21,3323470392788
1318;10,774;34,8591465831859
1319;10,778;51,1687502809712
1320;10,782;67,9504509843187
1321;10,786;81,80195923772
1322;10,790;91,2110900865187
1323;10,794;92,4421648882041
1324;10,799;86,0126937679566
1325;10,803;73,5961943217253
1326;10,807;58,2501399747432
1327;10,811;44,296231512095
1328;10,815;32,4738298315808
1329;10,819;23,4222169547217
1330;10,823;17,2625435760788
1331;10,827;12,9404831478583
1332;10,832;9,92554569715596
1333;10,836;7,77260745360399
1334;10,840;6,2740725906975
1335;10,844;5,14580668364073
1336;10,848;4,20883823006535
1337;10,852;3,60676292569691
1338;10,856;3,14816888514715
1339;10,860;2,71049953614209
1340;10,865;2,35937340357273
1341;10,869;2,06526705546269
1342;10,873;1,908004920572
1343;10,877;1,6263389554819
1344;10,881;1,48303751323119
1345;10,885;1,3649110904952
1346;10,889;1,2431718889847
1347;10,893;1,14358343516411
1348;10,897;0,978000465901335
1349;10,902;0,928909177847618
1350;10,906;0,874766538475685
1351;10,910;0,801154127518013
1352;10,914;0,790691781745659
1353;10,918;0,709902855484762
1354;10,922;0,675638673080303
1355;10,926;0,624716474516423
1356;10,930;0,585466330454826
1357;10,935;0,545431510460302
1358;10,939;0,526092518196717
1359;10,943;0,473976958318178
1360;10,947;0,424117341746803
1361;10,951;0,448916370710336
1362;10,955;0,366885040888972
1363;10,959;0,408129569613425
1364;10,963;0,383755573446893
1365;10,968;0,337426998573688
1366;10,972;0,354804301004957
1367;10,976;0,323629780086396
1368;10,980;0,300122196929138
1369;10,984;0,268767854442614
1370;10,988;0,279115768308083
1371;10,992;0,269617920036618
1372;10,996;0,231430357967526
1373;11,001;0,231528442459142
1374;11,005;0,213399158925484
1375;11,009;0,242399473613228
1376;11,013;0,191706138863119
1377;11,017;0,19168979144785
1378;11,021;0,188976120513145
1379;11,025;0,149954840265319
1380;11,029;0,175636629653394
1381;11,034;0,151654971453326
1382;11,038;0,208282417946192
1383;11,042;0,165272368372656
1384;11,046;0,159845026503247
1385;11,050;0,166678246085816
1386;11,054;0,199225949886998
1387;11,058;0,178579164401869
1388;11,062;0,177205981519247
1389;11,066;0,171468038759722
1390;11,071;0,160727786927789
1391;11,075;0,16635129778043
1392;11,079;0,134081500038825
1393;11,083;0,124681736258976
1394;11,087;0,121330516128769
1395;11,091;0,108317973574403
1396;11,095;0,122540224858697
1397;11,099;0,0964660975041584
1398;11,104;0,0981498812768966
1399;11,108;0,0923138540257554
1400;11,112;0,0836987661788326
1401;11,116;0,0975123320813938
1402;11,120;0,0926081075006028
1403;11,124;0,105636997470237
1404;11,128;0,117962948583292
1405;11,132;0,131482261011006
1406;11,137;0,133770899148708
1407;11,141;0,134637312157981
1408;11,145;0,110475832389951
1409;11,149;0,125548149268249
1410;11,153;0,132136157621778
1411;11,157;0,140277170425891
1412;11,161;0,133509340504399
1413;11,165;0,240699342425221
1414;11,170;0,469677588102351
1415;11,174;0,973325105134314
1416;11,178;1,9981118735364
1417;11,182;3,96710900047816
1418;11,186;7,16691937046104
1419;11,190;11,5794136999514
1420;11,194;16,7677236632923
1421;11,198;22,2560250442402
1422;11,203;26,3556298454761
1423;11,207;28,4111538414382
1424;11,211;27,9592131989031
1425;11,215;25,6606358327169
1426;11,219;21,5715424194992
1427;11,223;17,1830460956242
1428;11,227;13,0301977628562
1429;11,231;9,81827395815879
1430;11,235;7,41224503140747
1431;11,240;5,50724803524503
1432;11,244;4,22883111893971
1433;11,248;3,33381013294535
1434;11,252;2,55951480871481
1435;11,256;2,06966451017014
1436;11,260;1,78727925880819
1437;11,264;1,49482399964036
1438;11,268;1,28067285961248
1439;11,273;1,13890807439709
1440;11,277;1,01376861051057
1441;11,281;0,922108653095587
1442;11,285;0,861214531217433
1443;11,289;0,775145389824551
1444;11,293;0,749986717725094
1445;11,297;0,733361396396212
1446;11,301;0,6543379909844
1447;11,306;0,606897791872883
1448;11,310;0,549665491015052
1449;11,314;0,491207134012024
1450;11,318;0,453395562494125
1451;11,322;0,388741535104031
1452;11,326;0,364531013090193
1453;11,330;0,328893647803112
1454;11,334;0,287387560434351
1455;11,339;0,268604380289921
1456;11,343;0,280783204665552
1457;11,347;0,279589843350893
1458;11,351;0,284559457592761
1459;11,355;0,315063734485281
1460;11,359;0,362422196520453
1461;11,363;0,356226526133387
1462;11,367;0,387155835822908
1463;11,372;0,386910624593869
1464;11,376;0,390327234385153
1465;11,380;0,360346074781251
1466;11,384;0,336184595013221
1467;11,388;0,295920911204927
1468;11,392;0,259858513120844
1469;11,396;0,2376750706004
1470;11,400;0,205241798706102
1471;11,404;0,183336262245236
1472;11,409;0,191787875939466
1473;11,413;0,217911045539812
1474;11,417;0,407949748045462
1475;11,421;0,721035445283158
1476;11,425;1,5728175178902
1477;11,429;3,40497043161263
1478;11,433;6,45234115420925
1479;11,437;11,0448532206452
1480;11,442;16,7976394332351
1481;11,446;23,0594187676501
1482;11,450;28,5161696371283
1483;11,454;31,9719151405673
1484;11,458;32,0748384671029
1485;11,462;29,9362205593268
1486;11,466;25,8589136325183
1487;11,470;20,6249780331607
1488;11,475;15,9422282344383
1489;11,479;11,9164810553891
1490;11,483;8,65987976476069
1491;11,487;6,51655380138708
1492;11,491;4,94386706281903
1493;11,495;3,80852272495065
1494;11,499;3,0000939976378
1495;11,503;2,46134858002264
1496;11,508;2,05707700041277
1497;11,512;1,72050006743309
1498;11,516;1,46219455876283
1499;11,520;1,25101864831397
1500;11,524;1,0943286729577
1501;11,528;1,01278776559441
1502;11,532;0,888416630225554
1503;11,536;0,817190941897199
1504;11,541;0,706404508617131
1505;11,545;0,673235603035715
1506;11,549;0,58325942939347
1507;11,553;0,511886614327692
1508;11,557;0,527351269172453
1509;11,561;0,451205008848039
1510;11,565;0,439320437947255
1511;11,569;0,375843424456551
1512;11,573;0,366574439998856
1513;11,578;0,361212487790524
1514;11,582;0,31720524588556
1515;11,586;0,305565886213816
1516;11,590;0,294891024042961
1517;11,594;0,280864941741899
1518;11,598;0,247646993914675
1519;11,602;0,232116949408837
1520;11,606;0,215704144478456
1521;11,611;0,235141221233658
1522;11,615;0,215883966046418
1523;11,619;0,210064286210547
1524;11,623;0,163163551802916
1525;11,627;0,170503541258833
1526;11,631;0,160188322223902
1527;11,635;0,174639437321966
1528;11,639;0,153959957006298
1529;11,644;0,150608736876091
1530;11,648;0,163000077650223
1531;11,652;0,162575044853221
1532;11,656;0,151965572343443
1533;11,660;0,154760980354494
1534;11,664;0,137972184872919
1535;11,668;0,14335048449652
1536;11,672;0,15672267018681
1537;11,677;0,124959642318554
1538;11,681;0,118371633965025
1539;11,685;0,0798571235905463
1540;11,689;0,113941484427044
1541;11,693;0,132610232664588
1542;11,697;0,0968420880553524
1543;11,701;0,0741028334157516
1544;11,705;0,0810014426593975
1545;11,710;0,0934581730946066
1546;11,714;0,0818842030839399
1547;11,718;0,10135397466968
1548;11,722;0,0764732086298005
1549;11,726;0,110018104762411
1550;11,730;0,0767184198588401
1551;11,734;0,0783204665552318
1552;11,738;0,0754923637136423
1553;11,742;0,0565620568317892
1554;11,747;0,0783368139705011
1555;11,751;0,0798571235905463
1556;11,755;0,0536685643291225
1557;11,759;0,0866739957578457
1558;11,763;0,0786474148606179
1559;11,767;0,0716834159558947
1560;11,771;0,0544041980162412
1561;11,775;0,064098215270938
1562;11,780;0,0474075042809794
1563;11,784;0,0661906844254088
1564;11,788;0,0883250847000454
1565;11,792;0,0523280762770396
1566;11,796;0,0802494615570096
1567;11,800;0,0675311724774917
1568;11,804;0,0857912353333034
1569;11,808;0,0914147461859437
1570;11,813;0,0689860924364596
1571;11,817;0,104427288740309
1572;11,821;0,150069272172204
1573;11,825;0,309129622742524
1574;11,829;0,602663811318133
1575;11,833;1,33911486920024
1576;11,837;2,80634443186602
1577;11,841;5,38858214780516
1578;11,846;9,43585887276398
1579;11,850;14,7986284518589
1580;11,854;20,7206267599014
1581;11,858;26,4324953920723
1582;11,862;29,9529439651473
1583;11,866;30,7952608843134
1584;11,870;28,9935468578224
1585;11,874;25,3617887341788
1586;11,879;20,8344538124216
1587;11,883;16,3496385177799
1588;11,887;12,3151945138074
1589;11,891;9,23439332698509
1590;11,895;6,94040958448957
1591;11,899;5,3754061310981
1592;11,903;4,12481251558113
1593;11,907;3,24116933061421
1594;11,911;2,62830473216804
1595;11,916;2,14669353091909
1596;11,920;1,82705252015841
1597;11,924;1,53749075349324
1598;11,928;1,33061421326021
1599;11,932;1,15018779093291
1600;11,936;1,02887362221941
1601;11,940;0,910910673636115
1602;11,944;0,811027966340672
1603;11,949;0,731268927241742
1604;11,953;0,668919885404619
1605;11,957;0,646883569621598
1606;11,961;0,55816614695509
1607;11,965;0,497239330246396
1608;11,969;0,478815793237892
1609;11,973;0,433713274509884
1610;11,977;0,409551794741854
1611;11,982;0,371658486147609
1612;11,986;0,350897268755594
1613;11,990;0,326948305386065
1614;11,994;0,327618549412106
1615;11,998;0,301904065193492
1616;12,002;0,341219598916166
1617;12,006;0,279916791656279
1618;12,010;0,24892209230568
1619;12,015;0,261215348588196
1620;12,019;0,258681499221454
1621;12,023;0,236301887717778
1622;12,027;0,231250536399564
1623;12,031;0,215589712571571
1624;12,035;0,208396849853078
1625;12,039;0,199700024929808
1626;12,043;0,196316109969063
1627;12,048;0,17548950291597
1628;12,052;0,172726789735458
1629;12,056;0,209116136124927
1630;12,060;0,313821330924814
1631;12,064;0,606734317720189
1632;12,068;1,39172085153686
1633;12,072;3,06553270096082
1634;12,076;6,36676243527445
1635;12,080;11,8482959863009
1636;12,085;20,5613048506868
1637;12,089;31,9369970615521
1638;12,093;44,1844642338988
1639;12,097;57,6895544103283
1640;12,101;66,6616534593174
1641;12,105;70,1958338612186
1642;12,109;67,93990690147
1643;12,113;59,940691577403
1644;12,118;49,0632849313613
1645;12,122;38,1875457216771
1646;12,126;28,6251088124829
1647;12,130;21,4445066554414
1648;12,134;15,8374903448079
1649;12,138;12,0703756227343
1650;12,142;9,36803344681164
1651;12,146;7,65055765120337
1652;12,151;6,1473310801146
1653;12,155;5,24449602962152
1654;12,159;4,37152770682545
1655;12,163;3,75542632015595
1656;12,167;3,2311647124694
1657;12,171;2,84562727075815
1658;12,175;2,49554737276602
1659;12,179;2,14134792612603
1660;12,184;1,94120652098395
1661;12,188;1,73920151050117
1662;12,192;1,51156375287612
1663;12,196;1,39624908556646
1664;12,200;1,26620539709915
1665;12,204;1,16838246412764
1666;12,208;1,08881959401194
1667;12,212;1,03018141544095
1668;12,217;0,927585037210804
1669;12,221;0,854822691847135
1670;12,225;0,820019044738789
1671;12,229;0,772039380923384
1672;12,233;0,738854127926698
1673;12,237;0,674723217825222
1674;12,241;0,671355650279745
1675;12,245;0,634148933126811
1676;12,249;0,602925369962442
1677;12,254;0,563119413781688
1678;12,258;0,546330618300114
1679;12,262;0,523166330863511
1680;12,266;0,495719020626351
1681;12,270;0,480319755442668
1682;12,274;0,456436181734216
1683;12,278;0,43639425061405
1684;12,282;0,444322747019662
1685;12,287;0,491305218503639
1686;12,291;0,62595887807689
1687;12,295;1,04477965727644
1688;12,299;1,882813553642
1689;12,303;3,59469853322816
1690;12,307;6,53708615496532
1691;12,311;11,0445262723398
1692;12,315;16,9385378054412
1693;12,320;23,2426079031579
1694;12,324;29,0833268624815
1695;12,328;32,5547168423333
1696;12,332;33,2641129279447
1697;12,336;30,987604572372
1698;12,340;26,7105485783879
1699;12,344;21,9959867095514
1700;12,348;17,129737174431
1701;12,353;13,0376685316343
1702;12,357;9,92567647647811
1703;12,361;7,55623306509949
1704;12,365;5,91738833693658
1705;12,369;4,658441192217
1706;12,373;3,73283419225378
1707;12,377;3,09450032081802
1708;12,381;2,59113070984564
1709;12,386;2,25579618042642
1710;12,390;1,93783895343847
1711;12,394;1,67758810235117
1712;12,398;1,46235803291552
1713;12,402;1,35605079141924
1714;12,406;1,42157123181861
1715;12,410;1,58594449235145
1716;12,414;2,20372966279369
1717;12,418;3,81202107181828
1718;12,423;7,02061000380077
1719;12,427;12,799208785101
1720;12,431;21,5835250748916
1721;12,435;32,6278061360023
1722;12,439;45,7846146301193
1723;12,443;56,9584816520698
1724;12,447;64,9259829905144
1725;12,451;67,0535336981531
1726;12,456;63,4487651571191
1727;12,460;55,4768990587976
1728;12,464;44,9154879499115
1729;12,468;35,2011018157892
1730;12,472;26,5926510194657
1731;12,476;19,9106123333075
1732;12,480;14,9881276896607
1733;12,484;11,3903231475313
1734;12,489;8,98264313183782
1735;12,493;7,1677367412245
1736;12,497;5,855922055524
1737;12,501;4,90182151074638
1738;12,505;4,11871492968568
1739;12,509;3,55907751535635
1740;12,513;3,18119066399114
1741;12,517;2,66768565555179
1742;12,522;2,45155647827633
1743;12,526;2,15565191448667
1744;12,530;2,01571803978144
1745;12,534;1,83028930838173
1746;12,538;1,666226648739
1747;12,542;1,52078369508801
1748;12,546;1,44450665544144
1749;12,550;1,30478529713471
1750;12,555;1,21286378107541
1751;12,559;1,13310474197648
1752;12,563;1,0405947189675
1753;12,567;1,00459771054449
1754;12,571;0,936706894931075
1755;12,575;0,848300073154683
1756;12,579;0,837952159289214
1757;12,583;0,791656279246548
1758;12,587;0,746259507043693
1759;12,592;0,670456542439933
1760;12,596;0,671159481296513
1761;12,600;0,655940037680792
1762;12,604;0,607175697932461
1763;12,608;0,597220122033455
1764;12,612;0,616869715187157
1765;12,616;0,528234029596995
1766;12,620;0,514436811109703
1767;12,625;0,509924924495376
1768;12,629;0,490945575367715
1769;12,633;0,456534266225831
1770;12,637;0,432421828703609
1771;12,641;0,430623613023986
1772;12,645;0,447935525794178
1773;12,649;0,411006714700822
1774;12,653;0,478979267390585
1775;12,658;0,598233661780152
1776;12,662;1,02722253327721
1777;12,666;1,76570067065271
1778;12,670;3,51279798272896
1779;12,674;6,42600546821041
1780;12,678;10,8846812458365
1781;12,682;16,3819573577673
1782;12,686;22,7685982500092
1783;12,691;29,1601760616625
1784;12,695;34,5751102428817
1785;12,699;39,0812425670346
1786;12,703;43,0646008982905
1787;12,707;48,561680841238
1788;12,711;55,663766362741
1789;12,715;65,0289553592958
1790;12,719;73,1437959515626
1791;12,724;78,1567144964792
1792;12,728;77,684862702146
1793;12,732;70,0520256490946
1794;12,736;59,2337802989125
1795;12,740;46,5642882539734
1796;12,744;35,436373816345
1797;12,748;26,4691789919366
1798;12,752;19,9884914196504
1799;12,756;15,4146317540368
1800;12,761;12,0659454731964
1801;12,765;9,59359508269749
1802;12,769;8,094635186994
1803;12,773;6,76434792203918
1804;12,777;5,72702268612554
1805;12,781;4,87234712101583
1806;12,785;4,32057281343104
1807;12,789;3,77208433631537
1808;12,794;3,3554050685161
1809;12,798;3,0005190304348
1810;12,802;2,75705697482907
1811;12,806;2,46917899193664
1812;12,810;2,2847801476989
1813;12,814;2,0870418126014
1814;12,818;1,92237429859371
1815;12,822;1,79989946339609
1816;12,827;1,63264905777585
1817;12,831;1,54200264010757
1818;12,835;1,51396682292071
1819;12,839;1,41771324181505
1820;12,843;1,33398178080568
1821;12,847;1,26347537874918
1822;12,851;1,21605152705293
1823;12,855;1,17668695108445
1824;12,860;1,07443386857496
1825;12,864;1,06905556895135
1826;12,868;0,980485273022269
1827;12,872;0,950030038375557
1828;12,876;0,949294404688439
1829;12,880;0,931851712596092
1830;12,884;0,864009939228484
1831;12,888;0,823484696775881
1832;12,893;0,787520383183414
1833;12,897;0,797263442683919
1834;12,901;0,741044681572785
1835;12,905;0,702660950520461
1836;12,909;0,671551819262977
1837;12,913;0,624209704643075
1838;12,917;0,661203905397508
1839;12,921;0,587771316007798
1840;12,925;0,628934107655903
1841;12,930;0,802919648367098
1842;12,934;1,14088611164467
1843;12,938;1,95562494125148
1844;12,942;3,53367363202786
1845;12,946;6,3247168832018
1846;12,950;10,4544172759485
1847;12,954;15,6337525083065
1848;12,958;21,1153841438246
1849;12,963;25,435679051196
1850;12,967;28,3243817611888
1851;12,971;28,8437554917098
1852;12,975;26,8041538782199
1853;12,979;23,3791415154871
1854;12,983;19,1353688589913
1855;12,987;15,1142806932939
1856;12,991;11,5068965658167
1857;12,996;8,91700825953157
1858;13,000;6,77588919721931
1859;13,004;5,32572633609468
1860;13,008;4,31911789347207
1861;13,012;3,48075704880112
1862;13,016;2,88849019359427
1863;13,020;2,42955285732385
1864;13,024;2,10633176261918
1865;13,029;1,88771777822279
1866;13,033;1,61071082648445
1867;13,037;1,49371237540204
1868;13,041;1,39131216615513
1869;13,045;1,29273725208123
1870;13,049;1,17376076375124
1871;13,053;1,09938002427591
1872;13,057;1,05604302639699
1873;13,062;0,942837175657064
1874;13,066;0,904486139435279
1875;13,070;0,899271313964371
1876;13,074;0,773216394822774
1877;13,078;0,754351477601998
1878;13,082;0,724403012828634
1879;13,086;0,699309730390254
1880;13,090;0,611524110394095
1881;13,094;0,589733005840114
1882;13,099;0,636846256646246
1883;13,103;0,567713037472363
1884;13,107;0,545300731138148
1885;13,111;0,53657121138434
1886;13,115;0,483360374682758
1887;13,119;0,477001230142999
1888;13,123;0,454883177283632
1889;13,127;0,462926105596129
1890;13,132;0,432143922644031
1891;13,136;0,434645077180234
1892;13,140;0,423921172763571
1893;13,144;0,381973705182539
1894;13,148;0,405840931475722
1895;13,152;0,406952555714035
1896;13,156;0,348232640066697
1897;13,160;0,385537441711247
1898;13,165;0,384605639040897
1899;13,169;0,370170871358102
1900;13,173;0,338636707303616
1901;13,177;0,38102555509692
1902;13,181;0,34161193688263
1903;13,185;0,341677326543707
1904;13,189;0,34347554222333
1905;13,193;0,341023429932935
1906;13,198;0,33855497022727
1907;13,202;0,331558276492008
1908;13,206;0,33901269785481
1909;13,210;0,337786641709613
1910;13,214;0,337999158108114
1911;13,218;0,338636707303616
1912;13,222;0,363762684572536
1913;13,226;0,317744710589447
1914;13,231;0,341350378238321
1915;13,235;0,310551847870954
1916;13,239;0,296689239722584
1917;13,243;0,306154393163511
1918;13,247;0,305124506001545
1919;13,251;0,324921225892671
1920;13,255;0,295332404255232
1921;13,259;0,296427681078275
1922;13,263;0,279867749410471
1923;13,268;0,255902438625673
1924;13,272;0,294465991245959
1925;13,276;0,283562265261334
1926;13,280;0,339192519422773
1927;13,284;0,580431326551881
1928;13,288;1,0226452570018
1929;13,292;2,11869040856278
1930;13,296;4,57910718591507
1931;13,301;9,21353402510146
1932;13,305;16,9900648583701
1933;13,309;28,8699440509712
1934;13,313;44,778872600506
1935;13,317;62,9888796707631
1936;13,321;80,8011050852722
1937;13,325;94,6897710135806
1938;13,329;100
1939;13,334;97,2349818339348
1940;13,338;87,1909664183222
1941;13,342;73,0517109613506
1942;13,346;58,8481774675402
1943;13,350;45,7729098807865
1944;13,354;35,3619767294544
1945;13,358;27,0506402056505
1946;13,362;20,9241520800043
1947;13,367;16,4489490655409
1948;13,371;13,1775860589243
1949;13,375;10,7842427264219
1950;13,379;8,92348183597821
1951;13,383;7,55669079272703
1952;13,387;6,55714443350076
1953;13,391;5,6856637254942
1954;13,395;4,95096184104591
1955;13,400;4,3602152954591
1956;13,404;3,94276769914217
1957;13,408;3,53542280546167
1958;13,412;3,20146145892508
1959;13,416;2,96462010650341
1960;13,420;2,69637536934941
1961;13,424;2,51477193312272
1962;13,428;2,35182089771831
1963;13,432;2,20361523088681
1964;13,437;1,98894097357032
1965;13,441;1,91233698561836
1966;13,445;1,77245215315893
1967;13,449;1,68085758540503
1968;13,453;1,55441032829697
1969;13,457;1,49462783065713
1970;13,461;1,38622812000638
1971;13,465;1,36739589761614
1972;13,470;1,2985569319171
1973;13,474;1,15976737628072
1974;13,478;1,20661906844254
1975;13,482;1,13791088206566
1976;13,486;1,10014835279357
1977;13,490;1,05354187186079
1978;13,494;1,02568587624189
1979;13,498;0,996227833926608
1980;13,503;0,962241557581727
1981;13,507;0,907755622489139
1982;13,511;0,91687748020941
1983;13,515;0,898666459599407
1984;13,519;0,896050873156318
1985;13,523;1,07577435662704
1986;13,527;1,3260369369848
1987;13,531;1,97066456329924
1988;13,536;3,27409302496659
1989;13,540;5,55982132275111
1990;13,544;9,00781815135255
1991;13,548;13,4835279356893
1992;13,552;18,3101513361969
1993;13,556;22,7764123145079
1994;13,560;25,6214020360706
1995;13,564;26,1506659528295
1996;13,569;24,3965882944333
1997;13,573;21,6086837469911
1998;13,577;17,8319240499087
1999;13,581;14,2009342547826
2000;13,585;10,8885719306706
2001;13,589;8,4836055859118
2002;13,593;6,56461520227883
2003;13,597;5,2365184909701
2004;13,601;4,30427444040754
2005;13,606;3,54711120737922
2006;13,610;3,10759460044874
2007;13,614;3,07400066207032
2008;13,618;3,45317895924181
2009;13,622;4,63990322330161
2010;13,626;7,06144584714349
2011;13,630;11,0101313106132
2012;13,634;16,717684225153
2013;13,639;23,4161520636568
2014;13,643;29,7583606811968
2015;13,647;34,5174692566422
2016;13,651;35,9565812650447
2017;13,655;34,479036483344
2018;13,659;30,8264027104015
2019;13,663;25,90697503341
2020;13,667;20,8858664334435
2021;13,672;16,3133309084667
2022;13,676;12,8294188085186
2023;13,680;10,1850445671409
2024;13,684;8,17490099596628
2025;13,688;6,57136668478505
2026;13,692;5,44924740586954
2027;13,696;4,62237879413291
2028;13,700;4,09483135597723
2029;13,705;3,62822708194551
2030;13,709;3,18347930212884
2031;13,713;2,88902965829815
2032;13,717;2,5067453522255
2033;13,721;2,28780441952372
2034;13,725;2,14862252592087
2035;13,729;1,93528875665646
2036;13,733;1,85299586819079
2037;13,738;1,7213991752729
2038;13,742;1,56739017602079
2039;13,746;1,50963475787435
2040;13,750;1,41419854753215
2041;13,754;1,28577325317651
2042;13,758;1,31892581134265
2043;13,762;1,18440293109156
2044;13,766;1,16472064310732
2045;13,770;1,14544704050481
2046;13,775;1,05605937381226
2047;13,779;1,02887362221941
2048;13,783;0,94128417120648
2049;13,787;0,939714819340627
2050;13,791;0,955065042278503
2051;13,795;0,885980865350427
2052;13,799;0,85447939612648
2053;13,803;0,858157564562073
2054;13,808;0,857193067061184
2055;13,812;0,816030275413079
2056;13,816;0,822847147580378
2057;13,820;0,759500913411828
2058;13,824;0,721574909987045
2059;13,828;0,731563180716589
2060;13,832;0,698999129500137
2061;13,836;0,690040745932559
2062;13,841;0,660958694168468
2063;13,845;0,652294564075738
2064;13,849;0,69165914004422
2065;13,853;0,661187557982238
2066;13,857;0,729961134020197
2067;13,861;0,841728412216423
2068;13,865;1,20630846755242
2069;13,869;1,88766873597698
2070;13,874;3,43825376910093
2071;13,878;6,11635272817927
2072;13,882;10,5419740321308
2073;13,886;17,0826402710401
2074;13,890;25,0917621287604
2075;13,894;32,5187852235713
2076;13,898;37,4984367784149
2077;13,902;39,5431551328841
2078;13,907;37,6344309260402
2079;13,911;32,7506896565817
2080;13,915;27,1433137028122
2081;13,919;21,2914621536902
2082;13,923;16,8027398267991
2083;13,927;13,3773351260999
2084;13,931;10,4993890153543
2085;13,935;8,58477973901351
2086;13,939;7,08980861263573
2087;13,944;5,87558799609297
2088;13,948;5,08922827939367
2089;13,952;4,45488317728363
2090;13,956;3,99604392550483
2091;13,960;3,51204600162657
2092;13,964;3,13363603297274
2093;13,968;2,85399714737604
2094;13,972;2,58802470094447
2095;13,977;2,45373068450715
2096;13,981;2,20327193516615
2097;13,985;2,08913428175588
2098;13,989;1,90153134412535
2099;13,993;1,81974522553303
2100;13,997;1,72394937205491
2101;14,001;1,65108894219963
2102;14,005;1,5800594228545
2103;14,010;1,51937781737485
2104;14,014;1,47311463216272
2105;14,018;1,42624659258563
2106;14,022;1,37223473253585
2107;14,026;1,26887002578805
2108;14,030;1,24103037758442
2109;14,034;1,23772819970002
2110;14,038;1,12875632951485
2111;14,043;1,13948023393151
2112;14,047;1,06060395525712
2113;14,051;1,0131147138998
2114;14,055;1,00886438592978
2115;14,059;0,97858897285103
2116;14,063;0,963320486989501
2117;14,067;0,931573806536514
2118;14,071;0,915994719784868
2119;14,076;0,907804664734947
2120;14,080;0,893042948746766
2121;14,084;0,841793801877501
2122;14,088;0,837151135941019
2123;14,092;0,840502356071226
2124;14,096;0,821964387155836
2125;14,100;0,880112143268747
2126;14,104;0,927143656998533
2127;14,108;1,23903599292157
2128;14,113;1,93806781725224
2129;14,117;3,32403437861431
2130;14,121;5,77467540163556
2131;14,125;9,73267889180872
2132;14,129;14,9591437223882
2133;14,133;20,9401071573071
2134;14,137;26,2427019007957
2135;14,141;30,0440808052737
2136;14,146;31,0261517775771
2137;14,150;29,5771005406908
2138;14,154;26,0421681576872
2139;14,158;21,6817893880754
2140;14,162;17,5693518658531
2141;14,166;13,8632620449799
2142;14,170;10,9690012137956
2143;14,174;8,62790422049394
2144;14,179;6,95654448336037
2145;14,183;5,62563601662532
2146;14,187;4,76716785117313
2147;14,191;4,08015137706539
2148;14,195;3,52860593329437
2149;14,199;3,08748727966749
2150;14,203;2,81133039352315
2151;14,207;2,51511522884338
2152;14,212;2,30509998487864
2153;14,216;2,08730337124571
2154;14,220;1,99827534768909
2155;14,224;1,7449394532607
2156;14,228;1,65383530796487
2157;14,232;1,61224748351976
2158;14,236;1,43375005619424
2159;14,240;1,39757322620327
2160;14,245;1,30648542832271
2161;14,249;1,28631271788039
2162;14,253;1,18783588829811
2163;14,257;1,16870941243303
2164;14,261;1,13114305214417
2165;14,265;1,05120419147727
2166;14,269;1,10967889589557
2167;14,273;1,03761948938848
2168;14,277;1,0315382509083
2169;14,282;1,00183499736398
2170;14,286;0,944275748200763
2171;14,290;0,899402093286525
2172;14,294;0,915847593047444
2173;14,298;0,849182833579226
2174;14,302;0,860740456174623
2175;14,306;0,846109519508597
2176;14,310;0,851242607903158
2177;14,315;0,828699522246789
2178;14,319;0,833881652887158
2179;14,323;0,836529934160785
2180;14,327;0,79417378119802
2181;14,331;0,763980105195617
2182;14,335;0,735470212965952
2183;14,339;0,767690968461749
2184;14,343;0,774278976815278
2185;14,348;0,713335812691316
2186;14,352;0,749005872808935
2187;14,356;0,736745311356958
2188;14,360;0,711243343536845
2189;14,364;0,706093907727015
2190;14,368;0,759876903963022
2191;14,372;0,717161107864333
2192;14,376;0,719466093417305
2193;14,381;0,711684723749116
2194;14,385;0,690220567500521
2195;14,389;0,701859927172265
2196;14,393;0,67475591265576
2197;14,397;0,700715608103414
2198;14,401;0,668968927650427
2199;14,405;0,642028387286615
2200;14,409;0,681507395161982
2201;14,414;0,623032690743685
2202;14,418;0,624356831380498
2203;14,422;0,62877063350321
2204;14,426;0,773265437068582
2205;14,430;0,988103168537765
2206;14,434;1,46896238868432
2207;14,438;2,40491730251301
2208;14,442;4,33889826594793
2209;14,446;8,02512597726892
2210;14,451;14,1822982013756
2211;14,455;23,2046001626568
2212;14,459;35,3334504898094
2213;14,463;48,9201796580938
2214;14,467;62,4677894616387
2215;14,471;73,6027496352483
2216;14,475;80,2302533440681
2217;14,479;81,3247618385938
2218;14,484;77,0118886577546
2219;14,488;70,5252342788951
2220;14,492;64,3844258174729
2221;14,496;58,7216484733558
2222;14,500;53,9228320262213
2223;14,504;49,2817190941897
2224;14,508;44,0747894248571
2225;14,512;38,2727157552302
2226;14,517;32,5856624994381
2227;14,521;26,966173110954
2228;14,525;22,3819328366444
2229;14,529;18,1662123447506
2230;14,533;15,0753574975377
2231;14,537;12,5964517935158
2232;14,541;10,7338599925619
2233;14,545;9,21173580942183
2234;14,550;8,05636588784856
2235;14,554;7,15988998189524
2236;14,558;6,39143068491583
2237;14,562;5,85154094823182
2238;14,566;5,25376501407921
2239;14,570;4,77792445042033
2240;14,574;4,43515184705358
2241;14,578;4,17699346512075
2242;14,583;3,84999611748887
2243;14,587;3,63708738102147
2244;14,591;3,45074319436668
2245;14,595;3,141482792302
2246;14,599;3,00985340455357
2247;14,603;2,90101231369055
2248;14,607;2,65017757379836
2249;14,611;2,55737329731453
2250;14,616;2,4712224188453
2251;14,620;2,36924724239539
2252;14,624;2,23063750832696
2253;14,628;2,19122389011267
2254;14,632;2,08092787929069
2255;14,636;1,95855112858468
2256;14,640;1,90743276103757
2257;14,644;1,86546894604127
2258;14,648;1,7685287734943
2259;14,653;1,7937691826701
2260;14,657;1,6779967877329
2261;14,661;1,68291735972896
2262;14,665;1,61733152966852
2263;14,669;1,64276810782755
2264;14,673;1,55828466571579
2265;14,677;1,64791754363738
2266;14,681;1,76856146832484
2267;14,686;1,97988450551112
2268;14,690;2,56304585041298
2269;14,694;3,65605038273386
2270;14,698;5,56016461847176
2271;14,702;8,48623751977015
2272;14,706;12,415567643561
2273;14,710;17,1823104619371
2274;14,714;21,6714578216252
2275;14,719;25,3001589786135
2276;14,723;27,0414202634386
2277;14,727;26,6200983297028
2278;14,731;24,756296820019
2279;14,735;21,628954541925
2280;14,739;18,5058462443857
2281;14,743;15,6338015505523
2282;14,747;13,4231896259303
2283;14,752;12,6830440521973
2284;14,756;13,3920151050117
2285;14,760;15,5948620073809
2286;14,764;19,4839284473634
2287;14,768;24,7374809450441
2288;14,772;31,2874652106569
2289;14,776;37,7448250213538
2290;14,780;43,8583659941068
2291;14,785;48,5767204632858
2292;14,789;52,0313053002407
2293;14,793;52,5856624994381
2294;14,797;50,7269613833183
2295;14,801;46,6660182191943
2296;14,805;41,0452210374887
2297;14,809;34,754441388386
2298;14,813;28,8503271526481
2299;14,817;23,94961726614
2300;14,822;19,8256548161529
2301;14,826;16,1686889781639
2302;14,830;13,7149746410721
2303;14,834;11,7414492801007
2304;14,838;9,98916983738409
2305;14,842;8,69628545856543
2306;14,846;7,82900603628309
2307;14,850;7,06492784659586
2308;14,855;6,40542407238635
2309;14,859;5,84158537233282
2310;14,863;5,29726548611083
2311;14,867;4,85444670129594
2312;14,871;4,46745433962573
2313;14,875;4,15520236056676
2314;14,879;3,84636699129909
2315;14,883;3,61031031481035
2316;14,888;3,35015754821466
2317;14,892;3,21169494088366
2318;14,896;2,99494456182797
2319;14,900;2,87506896565817
2320;14,904;2,72097822932972
2321;14,908;2,5805539321664
2322;14,912;2,49365107259478
2323;14,916;2,36532386273075
2324;14,921;2,26737015043709
2325;14,925;2,09822344464561
2326;14,929;2,07671024615121
2327;14,933;2,03708411153841
2328;14,937;1,91094745532047
2329;14,941;1,86031951023144
2330;14,945;1,7813124522349
2331;14,949;1,79645015877427
2332;14,954;1,76460539382967
2333;14,958;1,66269560704083
2334;14,962;1,64626645469518
2335;14,966;1,59799253740493
2336;14,970;1,53822638718036
2337;14,974;1,48014402072852
2338;14,978;1,46765459546277
2339;14,982;1,43997842141184
2340;14,986;1,43353753979574
2341;14,991;1,44638660819741
2342;14,995;1,43074213178469
2343;14,999;1,62128760416369
2344;15,003;1,93837841814236
2345;15,007;2,68127035764058
2346;15,011;3,96269519835545
2347;15,015;6,326367972144
2348;15,019;9,83370591817301
2349;15,024;14,5481370076874
2350;15,028;20,4375712645134
2351;15,032;26,349434175089
2352;15,036;31,4069484688602
2353;15,040;34,2985773661862
2354;15,044;34,6403691246368
2355;15,048;32,2964603759088
2356;15,052;28,8443276512442
2357;15,057;24,6974461250496
2358;15,061;20,7433169722952
2359;15,065;17,1088124828863
2360;15,069;14,4168345682443
2361;15,073;12,0869355544022
2362;15,077;10,3991793597535
2363;15,081;8,97409343365197
2364;15,085;7,83579021361985
2365;15,090;7,00676374306767
2366;15,094;6,26158316543176
2367;15,098;5,63452901053182
2368;15,102;5,20241778271833
2369;15,106;4,72629931299987
2370;15,110;4,35029241439063
2371;15,114;4,00511674097929
2372;15,118;3,80405988058213
2373;15,123;3,51776759697082
2374;15,127;3,3516778578347
2375;15,131;3,12562579949078
2376;15,135;2,96406429438425
2377;15,139;2,85762627356582
2378;15,143;2,73410520379097
2379;15,147;2,63763910628681
2380;15,151;2,46509213811931
2381;15,155;2,41845296235599
2382;15,160;2,40086314352622
2383;15,164;2,31781827395816
2384;15,168;2,30717610661784
2385;15,172;2,1977628562204
2386;15,176;2,20619812249936
2387;15,180;2,07000780589079
2388;15,184;2,00272184464234
2389;15,188;1,90403249866156
2390;15,193;1,86005795158713
2391;15,197;1,83025661355119
2392;15,201;1,6858271996469
2393;15,205;1,70156976055123
2394;15,209;1,61357162415658
2395;15,213;1,51473515143837
2396;15,217;1,49484034705563
2397;15,221;1,5076894154573
2398;15,226;1,50867026037346
2399;15,230;1,43814751090168
2400;15,234;1,40983378765525
2401;15,238;1,40573058642265
2402;15,242;1,38707818560038
2403;15,246;1,31122617875081
2404;15,250;1,34184488755022
2405;15,254;1,29873675348506
2406;15,259;1,30380445221855
2407;15,263;1,42225782325992
2408;15,267;1,70804333699788
2409;15,271;2,1746476110296
2410;15,275;3,19595237997932
2411;15,279;4,72690416736484
2412;15,283;7,33178305345196
2413;15,287;11,0320531944893
2414;15,292;15,6963794562032
2415;15,296;20,5088623425029
2416;15,300;24,52932930642
2417;15,304;27,2774442450968
2418;15,308;27,9313081610384
2419;15,312;27,2896721117182
2420;15,316;24,9145888420717
2421;15,320;21,9256601290628
2422;15,324;18,7298875706515
2423;15,329;15,8020164536735
2424;15,333;13,3173728068921
2425;15,337;11,1586312309195
2426;15,341;9,48416548488477
2427;15,345;8,11559257336924
2428;15,349;7,10120276107844
2429;15,353;6,22903546163057
2430;15,357;5,5066758757106
2431;15,362;5,06379170123464
2432;15,366;4,66720340680134
2433;15,370;4,565081103614
2434;15,374;4,54549690012138
2435;15,378;5,10984237004827
2436;15,382;6,19202491346087
2437;15,386;7,98613739185163
2438;15,390;10,4267247544823
2439;15,395;13,3367608414015
2440;15,399;16,5500578289815
2441;15,403;19,3276635048041
2442;15,407;21,1764253924401
2443;15,411;22,0414652188306
2444;15,415;21,3875849554737
2445;15,419;19,7751086081402
2446;15,423;17,7750513921868
2447;15,428;15,3126729250021
2448;15,432;13,0269119323871
2449;15,436;11,012370906505
2450;15,440;9,16393596717439
2451;15,444;7,77751167818478
2452;15,448;6,67984813251215
2453;15,452;5,78991119266655
2454;15,456;5,04940597579765
2455;15,461;4,46683313784549
2456;15,465;4,04578911016932
2457;15,469;3,57347958820861
2458;15,473;3,27883377539469
2459;15,477;3,0309252228357
2460;15,481;2,86973970828037
2461;15,485;2,65444424918365
2462;15,489;2,41446419303028
2463;15,493;2,32017230175694
2464;15,498;2,24961685745463
2465;15,502;2,12588327128127
2466;15,506;1,97260990571628
2467;15,510;1,92806319910743
2468;15,514;1,86319665531884
2469;15,518;1,77925267791096
2470;15,522;1,69032273884595
2471;15,526;1,68916207236183
2472;15,531;1,58303465243352
2473;15,535;1,55324966181285
2474;15,539;1,47661297903035
2475;15,543;1,47816598348094
2476;15,547;1,4793593447956
2477;15,551;1,4018725964191
2478;15,555;1,40345829570022
2479;15,559;1,37522630953013
2480;15,564;1,42734186940867
2481;15,568;1,34470568522235
2482;15,572;1,34879253903967
2483;15,576;1,32306170740579
2484;15,580;1,35879715718448
2485;15,584;1,40846060477263
2486;15,588;1,60556139067462
2487;15,592;2,073784058818
2488;15,597;2,73165309150057
2489;15,601;4,20792277481027
2490;15,605;6,4519978584886
2491;15,609;9,97262625313155
2492;15,613;15,3838332236694
2493;15,617;22,401337218569
2494;15,621;31,2275519336949
2495;15,625;41,2161986537904
2496;15,630;50,7217956000932
2497;15,634;58,5071867324378
2498;15,638;62,618528977837
2499;15,642;63,1279634798743
2500;15,646;59,4359814783785
2501;15,650;53,3722674273664
2502;15,654;45,8075827485727
2503;15,658;38,6402219978994
2504;15,662;32,2728547082599
2505;15,667;27,0776461356754
2506;15,671;22,9137632976006
2507;15,675;19,3849121530772
2508;15,679;16,8787716552167
2509;15,683;14,6752708562367
2510;15,687;12,9797823341657
2511;15,691;11,7077409098154
2512;15,695;10,4526844499299
2513;15,700;9,46750746872535
2514;15,704;8,62559923494097
2515;15,708;7,88870679684658
2516;15,712;7,3165309150057
2517;15,716;6,73896038612595
2518;15,720;6,24535018206934
2519;15,724;5,89618573933229
2520;15,728;5,52295790131883
2521;15,733;5,11012027610784
2522;15,737;4,91581489821691
2523;15,741;4,6657321394271
2524;15,745;4,44530359193582
2525;15,749;4,23435654530073
2526;15,753;4,06350970832124
2527;15,757;3,85972282957411
2528;15,761;3,61493663333156
2529;15,766;3,50532721395088
2530;15,770;3,39862763448814
2531;15,774;3,22712690089788
2532;15,778;3,11264595176695
2533;15,782;3,05171913505826
2534;15,786;2,8789923453228
2535;15,790;2,79627442406013
2536;15,794;2,79722257414575
2537;15,799;2,64514256989542
2538;15,803;2,51975789477986
2539;15,807;2,43712171059353
2540;15,811;2,41009943315338
2541;15,815;2,31902798268809
2542;15,819;2,282540551807
2543;15,823;2,2418027929559
2544;15,827;2,19995340986648
2545;15,831;2,10572690825422
2546;15,836;2,06050995761933
2547;15,840;1,99185081348825
2548;15,844;1,94066705628006
2549;15,848;1,95488930756436
2550;15,852;1,8422883111894
2551;15,856;1,86398133125176
2552;15,860;1,74178440211372
2553;15,864;1,83171153351016
2554;15,869;1,68388185722985
2555;15,873;1,75115147106303
2556;15,877;1,70204383559404
2557;15,881;1,6815114820158
2558;15,885;1,64626645469518
2559;15,889;1,63794562032311
2560;15,893;1,59887529782947
2561;15,897;1,53855333548574
2562;15,902;1,5407602365471
2563;15,906;1,51422838156502
2564;15,910;1,52384066174337
2565;15,914;1,45073502065905
2566;15,918;1,47074425694867
2567;15,922;1,4252494002542
2568;15,926;1,42987571877542
2569;15,930;1,45854908515777
2570;15,935;1,5031611814277
2571;15,939;1,69985328194796
2572;15,943;2,00646540273901
2573;15,947;2,52706518940524
2574;15,951;3,47078512548685
2575;15,955;4,88594817051989
2576;15,959;6,95726376963222
2577;15,963;9,88240486826027
2578;15,968;13,5919112989247
2579;15,972;17,6815441768463
2580;15,976;21,7716511298107
2581;15,980;25,187525287408
2582;15,984;27,3876748662577
2583;15,988;28,0658146938742
2584;15,992;27,0248276369403
2585;15,996;25,2698835655347
2586;16,000;22,7155999297061
2587;16,005;20,0608287322171
2588;16,009;17,3159996240095
2589;16,013;14,9806569208826
2590;16,017;13,076199389424
2591;16,021;11,4522471565715
2592;16,025;10,1508621218128
2593;16,029;9,07358380298095
2594;16,033;8,10290697912026
2595;16,038;7,20345584358793
2596;16,042;6,64350782836849
2597;16,046;6,03662638391087
2598;16,050;5,53114795636875
2599;16,054;5,16365806111481
2600;16,058;4,87166052957452
2601;16,062;4,42488567026446
2602;16,066;4,13821739610196
2603;16,071;4,00801023348196
2604;16,075;3,7461900305288
2605;16,079;3,59317822360812
2606;16,083;3,45821396314475
2607;16,087;3,17363815813672
2608;16,091;3,07959147809242
2609;16,095;2,98935374580587
2610;16,099;2,83251664371217
2611;16,104;2,74129806650946
2612;16,108;2,67185424644546
2613;16,112;2,52574104876843
2614;16,116;2,44701189683146
2615;16,120;2,38382913681561
2616;16,124;2,37048964595585
2617;16,128;2,2631034750518
2618;16,132;2,17487647484337
2619;16,137;2,12686411619743
2620;16,141;2,10118232680935
2621;16,145;1,99306052221818
2622;16,149;2,01671523211286
2623;16,153;1,95148904518834
2624;16,157;1,92221082444102
2625;16,161;1,85500660026891
2626;16,165;1,82648036062398
2627;16,169;1,77820644333373
2628;16,174;1,72365511858006
2629;16,178;1,7125061813664
2630;16,182;1,66048870597948
2631;16,186;1,64754155308619
2632;16,190;1,60399203880876
2633;16,194;1,57522058793479
2634;16,198;1,55305349282961
2635;16,202;1,48168067776384
2636;16,207;1,46217821134756
2637;16,211;1,52717553445831
2638;16,215;1,42547826406797
2639;16,219;1,4070383796442
2640;16,223;1,38926873924647
2641;16,227;1,37952567974596
2642;16,231;1,33787246563978
2643;16,235;1,37637062859899
2644;16,240;1,34797516827621
2645;16,244;1,33525687919669
2646;16,248;1,3317912271596
2647;16,252;1,29344019093781
2648;16,256;1,28711374122859
2649;16,260;1,29223048220788
2650;16,264;1,26718624201531
2651;16,268;1,25808073171031
2652;16,273;1,17369537409016
2653;16,277;1,19327957758279
2654;16,281;1,20643924687458
2655;16,285;1,18034877210477
2656;16,289;1,16781030459322
2657;16,293;1,14778472088832
2658;16,297;1,12597726891907
2659;16,301;1,12481660243495
2660;16,306;1,12107304433828
2661;16,310;1,10672001373183
2662;16,314;1,16272625844446
2663;16,318;1,0831960831593
2664;16,322;1,1357039810043
2665;16,326;1,13397115498576
2666;16,330;1,03593570561575
2667;16,334;1,0610943777152
2668;16,338;1,03611552718371
2669;16,343;1,07655903255996
2670;16,347;1,03215945268854
2671;16,351;1,03166903023046
2672;16,355;1,03994082235673
2673;16,359;1,01774103242101
2674;16,363;1,00206386117775
2675;16,367;0,983411460355475
2676;16,371;0,984245178534209
2677;16,376;1,0352164193439
2678;16,380;0,976283987298058
2679;16,384;0,993546857822443
2680;16,388;0,938014688152619
2681;16,392;0,939600387433742
2682;16,396;0,986942502053644
2683;16,400;0,914686926563324
2684;16,404;0,946646123414812
2685;16,409;0,984147094042593
2686;16,413;0,930870867679934
2687;16,417;0,952661972233915
2688;16,421;0,96966328411399
2689;16,425;0,990653365319776
2690;16,429;0,95231867651326
2691;16,433;1,00781815135254
2692;16,437;1,04128131040881
2693;16,442;1,05883843440804
2694;16,446;1,21305995005865
2695;16,450;1,36724877087871
2696;16,454;1,47082599402502
2697;16,458;1,70631051097933
2698;16,462;1,79795412097905
2699;16,466;1,90839725853846
2700;16,470;2,03437044060371
2701;16,475;2,06623155296358
2702;16,479;2,06641137453154
2703;16,483;2,02515049839182
2704;16,487;1,94401827641027
2705;16,491;1,79174210317671
2706;16,495;1,7207616260774
2707;16,499;1,59272866968821
2708;16,503;1,52884297081578
2709;16,507;1,37900256245734
2710;16,512;1,26244549158721
2711;16,516;1,20858075827486
2712;16,520;1,15087438237422
2713;16,524;1,05836435936523
2714;16,528;1,09096110541222
2715;16,532;1,04154286905312
2716;16,536;1,03168537764573
2717;16,540;0,963794562032311
2718;16,545;0,969287293562797
2719;16,549;0,95513043193958
2720;16,553;0,957582544229975
2721;16,557;0,945109466379497
2722;16,561;0,883659532382186
2723;16,565;0,86714864296019
2724;16,569;0,925459873225795
2725;16,573;0,863732033168906
2726;16,578;0,876417627417885
2727;16,582;0,857111329984838
2728;16,586;0,807398840150887
2729;16,590;0,86386281249106
2730;16,594;0,857945048163572
2731;16,598;0,85189650451393
2732;16,602;0,83312967178477
2733;16,606;0,87136627609967
2734;16,611;0,777646544360755
2735;16,615;0,828421616187211
2736;16,619;0,847956777434028
2737;16,623;0,857487320536032
2738;16,627;0,794157433782751
2739;16,631;0,858582597359075
2740;16,635;0,807742135871542
2741;16,639;0,826574358261779
2742;16,644;0,812793487189757
2743;16,648;0,831936310470111
2744;16,652;0,820411382705252
2745;16,656;0,819103589483708
2746;16,660;0,82420398304773
2747;16,664;0,836578976406593
2748;16,668;0,766088921765357
2749;16,672;0,803933188113794
2750;16,676;0,822585588936069
2751;16,681;0,800385799000356
2752;16,685;0,767135156342593
2753;16,689;0,747828858909546
2754;16,693;0,748973177978397
2755;16,697;0,785983726148099
2756;16,701;0,810946229264325
2757;16,705;0,768066959012943
2758;16,709;0,801301254255437
2759;16,714;0,72966688054535
2760;16,718;0,758503721080401
2761;16,722;0,767690968461749
2762;16,726;0,724909782701983
2763;16,730;0,745082493144303
2764;16,734;0,763604114644423
2765;16,738;0,735797161271339
2766;16,742;0,758029646037591
2767;16,747;0,787487688352875
2768;16,751;0,729062026180386
2769;16,755;0,777025342580521
2770;16,759;0,762950218033651
2771;16,763;0,740505216868898
2772;16,767;0,737595376950962
2773;16,771;0,742385169624868
2774;16,775;0,741747620429365
2775;16,780;0,783678740595128
2776;16,784;0,749381863360129
2777;16,788;0,733737386947406
2778;16,792;0,725808890541794
2779;16,796;0,743758352507489
2780;16,800;0,743905479244913
2781;16,804;0,74514788280538
2782;16,808;0,756067956205274
2783;16,813;0,719057408035572
2784;16,817;0,704508208445892
2785;16,821;0,707924818237176
2786;16,825;0,734146072329139
2787;16,829;0,713106948877546
2788;16,833;0,715542713752672
2789;16,837;0,741960136827866
2790;16,841;0,765369635493508
2791;16,845;0,720152684858615
2792;16,850;0,716588948329907
2793;16,854;0,693915083351384
2794;16,858;0,709510517518299
2795;16,862;0,722997135115474
2796;16,866;0,762688659389342
2797;16,870;0,731792044530359
2798;16,874;0,685937544699964
2799;16,878;0,725792543126525
2800;16,883;0,686297187835888
2801;16,887;0,696857618099858
2802;16,891;0,738657958943467
2803;16,895;0,718370816594261
2804;16,899;0,727672495882495
2805;16,903;0,710638489171881
2806;16,907;0,709134526967105
2807;16,911;0,703085983317463
2808;16,916;0,672532664179135
2809;16,920;0,718501595916416
2810;16,924;0,731432401394435
2811;16,928;0,709412433026683
2812;16,932;0,738363705468619
2813;16,936;0,745442136280227
2814;16,940;0,714790732650284
2815;16,944;0,701549326282148
2816;16,949;0,693342923816958
2817;16,953;0,726119491431911
2818;16,957;0,715362892184709
2819;16,961;0,713826235149395
2820;16,965;0,677616710327888
2821;16,969;0,696596059455549
2822;16,973;0,687948276778088
2823;16,977;0,719286271849342
2824;16,982;0,736778006187497
2825;16,986;0,782599811187354
2826;16,990;0,696007552505854
2827;16,994;0,705014978319241
2828;16,998;0,678646597489854
2829;17,002;0,72121526685112
2830;17,006;0,739295508138969
2831;17,010;0,815654284861885
2832;17,014;0,945697973329192
2833;17,019;1,22306456820346
2834;17,023;1,49487304188616
2835;17,027;2,08733606607625
2836;17,031;2,77726238010193
2837;17,035;3,98460073481632
2838;17,039;5,23109114910069
2839;17,043;6,87967893676411
2840;17,047;8,64376121330516
2841;17,052;10,3265150988814
2842;17,056;11,8463833387144
2843;17,060;12,9331268109871
2844;17,064;13,3498878158627
2845;17,068;13,4055180700242
2846;17,072;13,0744829108208
2847;17,076;12,2362201506414
2848;17,080;11,1944484177745
2849;17,085;10,2659806201392
2850;17,089;9,11262143064405
2851;17,093;8,24617572654044
2852;17,097;7,2229092677584
2853;17,101;6,42839219083973
2854;17,105;5,74582221368524
2855;17,109;5,12950831061724
2856;17,113;4,58023515756865
2857;17,118;4,1345228802511
2858;17,122;3,78785959205025
2859;17,126;3,51299415171219
2860;17,130;3,19930360010953
2861;17,134;2,95352021153555
2862;17,138;2,73745642392117
2863;17,142;2,57327933237156
2864;17,146;2,39795330360828
2865;17,151;2,23109523595451
2866;17,155;2,17770457768496
2867;17,159;1,99878211756244
2868;17,163;1,87065107668164
2869;17,167;1,91869613015812
2870;17,171;1,82270410769677
2871;17,175;1,67691785832513
2872;17,179;1,63176629735131
2873;17,183;1,61625260026074
2874;17,188;1,49830599909272
2875;17,192;1,4983713887538
2876;17,196;1,42184913787819
2877;17,200;1,37452337067355
2878;17,204;1,39235840073236
2879;17,208;1,2727280157916
2880;17,212;1,301646593403
2881;17,216;1,2944046884387
2882;17,221;1,29370174958212
2883;17,225;1,23251337422912
2884;17,229;1,1879993624508
2885;17,233;1,1317642539244
2886;17,237;1,12870728726904
2887;17,241;1,12323090315383
2888;17,245;1,13192772807709
2889;17,249;1,06753525933131
2890;17,254;1,05555260393891
2891;17,258;1,03660594964179
2892;17,262;1,07994294752071
2893;17,266;1,0093875032184
2894;17,270;1,03578857887832
2895;17,274;0,991895768880243
2896;17,278;0,978948615986955
2897;17,282;1,01702174614916
2898;17,287;0,947430799347738
2899;17,291;0,971347067886729
2900;17,295;0,961097238512876
2901;17,299;0,962257904996996
2902;17,303;0,92088259695039
2903;17,307;0,922827939367437
2904;17,311;0,93588952416761
2905;17,315;0,947545231254623
2906;17,320;0,875910857544536
2907;17,324;0,864369582364408
2908;17,328;0,908000833718179
2909;17,332;0,851487819132198
2910;17,336;0,88169784254987
2911;17,340;0,912496372917237
2912;17,344;0,872575984829599
2913;17,348;0,868570868088619
2914;17,352;0,872821196058638
2915;17,357;0,848283725739414
2916;17,361;0,915520644742058
2917;17,365;0,87488097038257
2918;17,369;0,860903930327316
2919;17,373;0,841009125944574
2920;17,377;0,843641059802932
2921;17,381;0,843788186540356
2922;17,385;0,79675667281057
2923;17,390;0,786065463224446
2924;17,394;0,823729908004921
2925;17,398;0,803164859596137
2926;17,402;0,845406580652017
2927;17,406;0,803377375994638
2928;17,410;0,742434211870676
2929;17,414;0,786523190851986
2930;17,418;0,779379370379301
2931;17,423;0,780556384278691
2932;17,427;0,757212275274126
2933;17,431;0,756035261374736
2934;17,435;0,778888947921222
2935;17,439;0,818155439398088
2936;17,443;0,788435838438495
2937;17,447;0,745687347509267
2938;17,451;0,754629383661576
2939;17,456;0,783466224196627
2940;17,460;0,753959139635534
2941;17,464;0,767576536554864
2942;17,468;0,69728265089686
2943;17,472;0,728931246858231
2944;17,476;0,748270239121817
2945;17,480;0,785002881231941
2946;17,484;0,767805400368634
2947;17,489;0,755021721628039
2948;17,493;0,763375250830653
2949;17,497;0,739001254664122
2950;17,501;0,736385668221033
2951;17,505;0,704442818784815
2952;17,509;0,701238725392031
2953;17,513;0,74115911347967
2954;17,517;0,719155492527188
2955;17,521;0,704573598106969
2956;17,526;0,751392595438254
2957;17,530;0,729993828850736
2958;17,534;0,724452055074442
2959;17,538;0,719024713205033
2960;17,542;0,73341043864202
2961;17,546;0,668135209471692
2962;17,550;0,776028150249094
2963;17,554;0,737546334705154
2964;17,559;0,725334815498984
2965;17,563;0,743529488693719
2966;17,567;0,725481942236408
2967;17,571;0,694552632546886
2968;17,575;0,691119675340333
2969;17,579;0,723078872191821
2970;17,583;0,733394091226751
2971;17,587;0,749381863360129
2972;17,592;0,717308234601757
2973;17,596;0,716392779346676
2974;17,600;0,725808890541794
2975;17,604;0,715166723201478
2976;17,608;0,712338620359888
2977;17,612;0,711177953875768
2978;17,616;0,69165914004422
