#"+EI TIC Scan 130C_1ml-min_8C-min_2.d "
#Point;X(Minutes);Y(Counts)
0;5,191;11,7258647261806
1;5,195;11,1597092767003
2;5,199;10,8524920121014
3;5,203;10,3772968460026
4;5,207;9,96892242342667
5;5,212;9,66193406825746
6;5,216;9,16640758281215
7;5,220;8,74920974221885
8;5,224;8,32774586225396
9;5,228;7,90068410623562
10;5,232;7,5486838332091
11;5,236;7,14397196150825
12;5,240;6,68848381631142
13;5,245;6,38802978486259
14;5,249;5,93622500048903
15;5,253;5,58732540973747
16;5,257;5,38363763720519
17;5,261;4,99859116650997
18;5,265;4,80324818318748
19;5,269;4,53092920164299
20;5,273;4,32832354641472
21;5,278;4,10509523256574
22;5,282;3,90328035536732
23;5,286;3,63936859287709
24;5,290;3,56374524128511
25;5,294;3,4829194026546
26;5,298;3,30647185225603
27;5,302;3,15378926264943
28;5,306;3,10913111391074
29;5,311;2,9150367274775
30;5,315;2,82844653320831
31;5,319;2,75176187426047
32;5,323;2,6662954171916
33;5,327;2,68292256576672
34;5,331;2,61002531738292
35;5,335;2,45139108260426
36;5,339;2,44533538769142
37;5,344;2,35237734928707
38;5,348;2,27612969925047
39;5,352;2,28072869779252
40;5,356;2,18795794892157
41;5,360;2,18818685835126
42;5,364;2,13243700724644
43;5,368;2,16639884263392
44;5,372;2,10205448294146
45;5,376;2,11930592996121
46;5,381;2,00755650837371
47;5,385;2,07448130163728
48;5,389;2,04108133484996
49;5,393;1,9767369751575
50;5,397;1,99151203834691
51;5,401;2,00999127230774
52;5,405;1,96847542574032
53;5,409;2,00942940370758
54;5,414;2,00075165532733
55;5,418;1,91921827845958
56;5,422;1,89805456118687
57;5,426;1,89680596429762
58;5,430;1,86226145036182
59;5,434;1,83631144501367
60;5,438;1,8202045451424
61;5,442;1,76391363538557
62;5,447;1,79533665709825
63;5,451;1,79435858953501
64;5,455;1,76963637112794
65;5,459;1,72350071607032
66;5,463;1,76191588036278
67;5,467;1,69112043674254
68;5,471;1,73917060703035
69;5,475;1,64681605712248
70;5,480;1,69430435881012
71;5,484;1,70083868253051
72;5,488;1,60457186236966
73;5,492;1,58007855339229
74;5,496;1,60434295293997
75;5,500;1,5966224621748
76;5,504;1,62767090482071
77;5,508;1,58324166551171
78;5,513;1,58709150592022
79;5,517;1,58734122529807
80;5,521;1,5536915391329
81;5,525;1,56476243155088
82;5,529;1,56097502098683
83;5,533;1,53902052568426
84;5,537;1,57156728459727
85;5,541;1,5315705642451
86;5,545;1,50424710231877
87;5,550;1,53899971573611
88;5,554;1,5155677141146
89;5,558;1,54074775138105
90;5,562;1,48016999230448
91;5,566;1,47359404868779
92;5,570;1,48553895892824
93;5,574;1,50609918770448
94;5,578;1,44862211090287
95;5,583;1,44907992976226
96;5,587;1,41840606618313
97;5,591;1,43852928604814
98;5,595;1,45534372415665
99;5,599;1,41214227178874
100;5,603;1,47280327065793
101;5,607;1,43497078491379
102;5,611;1,44972503815504
103;5,616;1,36902405921346
104;5,620;1,39272659016097
105;5,624;1,40748084340223
106;5,628;1,43588642263257
107;5,632;1,37129234356226
108;5,636;1,41678289022711
109;5,640;1,3440729313767
110;5,644;1,44679083546531
111;5,649;1,41917603426483
112;5,653;1,33891206423448
113;5,657;1,40712707428361
114;5,661;1,34962918753384
115;5,665;1,37224960117734
116;5,669;1,35268824991249
117;5,673;1,32669662466803
118;5,677;1,30085066906064
119;5,682;1,35882718461795
120;5,686;1,2886768493905
121;5,690;1,3122961405454
122;5,694;1,2589394334783
123;5,698;1,30091309890511
124;5,702;1,29864481455631
125;5,706;1,28520158804876
126;5,710;1,27127973273367
127;5,714;1,30811334096642
128;5,719;1,25841918477444
129;5,723;1,24560025671152
130;5,727;1,28314140318151
131;5,731;1,29017516565759
132;5,735;1,2223555446234
133;5,739;1,25001196572019
134;5,743;1,25527688260317
135;5,747;1,22106532783784
136;5,752;1,22524812741682
137;5,756;1,22137747706015
138;5,760;1,19490722300814
139;5,764;1,2015455964693
140;5,768;1,16102862741328
141;5,772;1,25171838146882
142;5,776;1,28684557395294
143;5,780;1,17259895858695
144;5,785;1,23496637320478
145;5,789;1,19224354964442
146;5,793;1,16997690511954
147;5,797;1,14408932961584
148;5,801;1,15168496069209
149;5,805;1,23336400719691
150;5,809;1,48216774732727
151;5,813;1,98014980665477
152;5,818;3,12538368341909
153;5,822;4,95849039641703
154;5,826;7,80687285995696
155;5,830;11,1098486409231
156;5,834;14,8652326947593
157;5,838;18,4896805548099
158;5,842;21,4013668806346
159;5,846;23,3634120323953
160;5,851;24,5642917105236
161;5,855;25,0748845984325
162;5,859;25,4082599678611
163;5,863;25,0976298717649
164;5,867;24,5978165369999
165;5,871;23,9313987573131
166;5,875;23,2815248864089
167;5,879;23,086535672205
168;5,883;21,9407815467369
169;5,888;21,2293934690891
170;5,892;20,4137475511893
171;5,896;19,810175814928
172;5,900;19,2215664313894
173;5,904;18,6349756128218
174;5,908;17,8380586482607
175;5,912;16,9930498935155
176;5,916;16,4071666131851
177;5,921;15,4792926448903
178;5,925;14,672886343971
179;5,929;13,9230622920826
180;5,933;13,2914387457095
181;5,937;12,4475537281646
182;5,941;11,6824759842793
183;5,945;10,9661975688154
184;5,949;10,2399928080819
185;5,954;9,40717868295503
186;5,958;8,62684724707277
187;5,962;7,82953489349677
188;5,966;7,24444239119623
189;5,970;6,42875485340016
190;5,974;5,8941264753733
191;5,978;5,3506746793291
192;5,982;4,91220907172232
193;5,987;4,36290968024682
194;5,991;4,01650728327375
195;5,995;3,60998494608351
196;5,999;3,32661588206919
197;6,003;2,98468762394925
198;6,007;2,82757251538583
199;6,011;2,62045110140813
200;6,015;2,39460073409173
201;6,020;2,19759295491691
202;6,024;2,05868655098833
203;6,028;1,96706034926585
204;6,032;1,85002520084721
205;6,036;1,74112674215683
206;6,040;1,57500092604269
207;6,044;1,50984497837222
208;6,048;1,5059118981711
209;6,052;1,41195498225536
210;6,057;1,3024114151722
211;6,061;1,30336867278729
212;6,065;1,28626289540462
213;6,069;1,26316385295358
214;6,073;1,19226435959257
215;6,077;1,17436780418005
216;6,081;1,17544992148407
217;6,085;1,16847858885244
218;6,090;1,11876362271231
219;6,094;1,07577026982595
220;6,098;1,09347953570508
221;6,102;1,07395980433654
222;6,106;1,0706718325282
223;6,110;1,02826115819015
224;6,114;1,05477303213847
225;6,118;1,02588882410058
226;6,123;0,990699201772009
227;6,127;0,990470292342314
228;6,131;0,966185082846485
229;6,135;0,949870083493674
230;6,139;0,994174463113743
231;6,143;0,951867838516467
232;6,147;0,96387517860138
233;6,151;0,92373278861213
234;6,156;0,896055557567184
235;6,160;0,912287317127378
236;6,164;0,89441157166301
237;6,168;0,882404231578097
238;6,172;0,860075157208753
239;6,176;0,861282134201691
240;6,180;0,851751177947115
241;6,184;0,874538071175849
242;6,189;0,837537983357868
243;6,193;0,856599895867019
244;6,197;0,863279889224484
245;6,201;0,830649890518863
246;6,205;0,856017217318705
247;6,209;0,887003230120152
248;6,213;0,845196044278575
249;6,217;0,88739861913508
250;6,221;0,83785013258018
251;6,226;0,834478920979216
252;6,230;0,875037509931548
253;6,234;0,885067904941822
254;6,238;0,865506553676972
255;6,242;0,829318053837001
256;6,246;0,831523908341335
257;6,250;0,831544718289489
258;6,254;0,831378238704256
259;6,259;0,864757395543425
260;6,263;0,822742110220307
261;6,267;0,782911869453368
262;6,271;0,801828112325441
263;6,275;0,823283168872313
264;6,279;0,764619925025919
265;6,283;0,773172813717252
266;6,287;0,79978873740634
267;6,292;0,802639700303451
268;6,296;0,743768356975515
269;6,300;0,777355613296225
270;6,304;0,740563624959785
271;6,308;0,749553522562354
272;6,312;0,755505167734425
273;6,316;0,781392743238119
274;6,320;1,01236235780042
275;6,325;1,31539682282036
276;6,329;1,94248380049586
277;6,333;3,02316521808618
278;6,337;4,45480641129531
279;6,341;6,41859959870096
280;6,345;8,36378869245685
281;6,349;10,2765350770405
282;6,353;11,9648669807304
283;6,358;13,2652390209835
284;6,362;13,8756156102913
285;6,366;14,5148347877406
286;6,370;14,6006133940318
287;6,374;14,5051789717971
288;6,378;14,3449007511143
289;6,382;14,0916853019752
290;6,386;13,4631832478253
291;6,390;13,165642609118
292;6,395;12,5788853109651
293;6,399;12,4034782579743
294;6,403;11,9019793174087
295;6,407;11,6862217749471
296;6,411;11,3049419048677
297;6,415;10,7434895036703
298;6,419;10,1515089085307
299;6,423;9,66074790121268
300;6,428;9,14663813206576
301;6,432;8,45223097211176
302;6,436;7,92053679677462
303;6,440;7,35540103475386
304;6,444;6,75609533786407
305;6,448;6,09400602739338
306;6,452;5,51041184135994
307;6,456;4,90398914220145
308;6,461;4,43996891826144
309;6,465;4,05329927161019
310;6,469;3,54179074598254
311;6,473;3,15383088254574
312;6,477;2,83539705589177
313;6,481;2,49600761144664
314;6,485;2,30534686645882
315;6,489;2,00703625966986
316;6,494;1,85845322984962
317;6,498;1,66435884341638
318;6,502;1,53096707574863
319;6,506;1,41128906391443
320;6,510;1,32482372933416
321;6,514;1,19330485700028
322;6,518;1,13986491014056
323;6,522;1,07000591418727
324;6,527;1,00732635034713
325;6,531;0,980814476398813
326;6,535;0,924211417419675
327;6,539;0,930558451606674
328;6,543;0,888792885661405
329;6,547;0,85406108219222
330;6,551;0,887419429083234
331;6,555;0,814709470232826
332;6,559;0,768906774345662
333;6,564;0,818205541522714
334;6,568;0,779790377230254
335;6,572;0,803159949007303
336;6,576;0,80782137739382
337;6,580;0,750531590125596
338;6,584;0,764599115077765
339;6,588;0,721480902502479
340;6,592;0,717090003441965
341;6,597;0,713385832670536
342;6,601;0,715466827485946
343;6,605;0,678383499875348
344;6,609;0,670017900717402
345;6,613;0,641612321487062
346;6,617;0,680547734483374
347;6,621;0,640322104701508
348;6,625;0,647314247281284
349;6,630;0,620719133540351
350;6,634;0,639593756516115
351;6,638;0,623632526281924
352;6,642;0,567632955799254
353;6,646;0,636035255381765
354;6,650;0,678924558527355
355;6,654;0,591106577317073
356;6,658;0,580118924691711
357;6,663;0,5953101868442
358;6,667;0,592542463739706
359;6,671;0,579723535676783
360;6,675;0,581409141477265
361;6,679;0,573667840763942
362;6,683;0,5894625914129
363;6,687;0,590898477835532
364;6,691;0,561431591249334
365;6,696;0,550776897794437
366;6,700;0,51954116561514
367;6,704;0,545345501326218
368;6,708;0,561993459849494
369;6,712;0,523599105505189
370;6,716;0,507034386774529
371;6,720;0,512569832983518
372;6,724;0,537458530975816
373;6,728;0,504433143255267
374;6,733;0,509968589464256
375;6,737;0,49515190637854
376;6,741;0,50724248625607
377;6,745;0,486349298309358
378;6,749;0,479440395522199
379;6,753;0,507929214545155
380;6,757;0,489179451258315
381;6,761;0,466517417718505
382;6,766;0,469826199475007
383;6,770;0,485829049605506
384;6,774;0,460420102909356
385;6,778;0,475985944128619
386;6,782;0,489117021413853
387;6,786;0,445478560134715
388;6,790;0,449037061269066
389;6,794;0,457465090271474
390;6,799;0,471449375431026
391;6,803;0,432430722642098
392;6,807;0,425376150217859
393;6,811;0,451908834114331
394;6,815;0,465560160103417
395;6,819;0,444250773193624
396;6,823;0,452200173388488
397;6,827;0,463687264769549
398;6,832;0,459608514931346
399;6,836;0,448953821476449
400;6,840;0,463957794095552
401;6,844;0,46181436943568
402;6,848;0,455071946233753
403;6,852;0,417031361008067
404;6,856;0,456840791826851
405;6,860;0,422545997268902
406;6,865;0,45754833006409
407;6,869;0,47355118019459
408;6,873;0,482936466812087
409;6,877;0,428143873322354
410;6,881;0,43284692160518
411;6,885;0,46008714373889
412;6,889;0,445790709357027
413;6,893;0,422587617165211
414;6,897;0,421609549601968
415;6,902;0,475757034698924
416;6,906;0,488263813539535
417;6,910;0,65212134530488
418;6,914;1,01537980028277
419;6,918;1,67790611966469
420;6,922;3,00433221500672
421;6,926;5,10207903868028
422;6,930;8,19745477686117
423;6,935;12,2255115813604
424;6,939;16,6757398040619
425;6,943;21,4985077186179
426;6,947;25,6499883256191
427;6,951;28,9944591432045
428;6,955;31,3741183345216
429;6,959;32,5451149271007
430;6,963;32,98851249242
431;6,968;32,8572017195676
432;6,972;32,5696290460262
433;6,976;32,218481980874
434;6,980;31,3508736224335
435;6,984;30,8191170172519
436;6,988;29,8827109702139
437;6,992;28,6145735396515
438;6,996;27,24473789246
439;7,001;26,0142664680565
440;7,005;24,7851685002312
441;7,009;23,0287048262848
442;7,013;21,427629035205
443;7,017;19,4833139592716
444;7,021;17,7217934679238
445;7,025;15,9214624232685
446;7,029;14,1476224426134
447;7,034;12,4271183590773
448;7,038;10,6219385965022
449;7,042;9,30581342549643
450;7,046;8,1122588491183
451;7,050;6,93096133220294
452;7,054;5,9517908417083
453;7,058;5,16738065598783
454;7,062;4,46390035863865
455;7,066;3,89853568718819
456;7,071;3,32278685160884
457;7,075;2,92402662508007
458;7,079;2,51427874592593
459;7,083;2,15522390047517
460;7,087;1,93611595636071
461;7,091;1,76786752553485
462;7,095;1,60344812516934
463;7,099;1,3534998378905
464;7,104;1,27192484112645
465;7,108;1,16714675217058
466;7,112;1,06241028311102
467;7,116;1,01003164360716
468;7,120;0,966642901705875
469;7,124;0,953844783591106
470;7,128;0,810276951276004
471;7,132;0,773963591747107
472;7,137;0,720065826028001
473;7,141;0,72123118312463
474;7,145;0,676801943815637
475;7,149;0,617784930850623
476;7,153;0,666292919997819
477;7,157;0,626462679230881
478;7,161;0,615391786812902
479;7,165;0,579931635158324
480;7,170;0,548799952719798
481;7,174;0,533525450774692
482;7,178;0,534170559167469
483;7,182;0,506597377863293
484;7,186;0,517376931007114
485;7,190;0,517106401681111
486;7,194;0,514151389043229
487;7,198;0,46710009626682
488;7,203;0,472240153460882
489;7,207;0,460316053168585
490;7,211;0,437612399732467
491;7,215;0,440088783562805
492;7,219;0,414346877696189
493;7,223;0,415179275622353
494;7,227;0,444292393089932
495;7,231;0,42329515540245
496;7,236;0,452907711625727
497;7,240;0,410850806406301
498;7,244;0,387585284370022
499;7,248;0,379802363760391
500;7,252;0,419091545875323
501;7,256;0,415449804948356
502;7,260;0,447954943965053
503;7,264;0,414825506503733
504;7,268;0,418425627534392
505;7,273;0,367045865541931
506;7,277;0,373455329573392
507;7,281;0,380530711945784
508;7,285;0,364694341400518
509;7,289;0,388500922088803
510;7,293;0,367066675490085
511;7,297;0,354872045871785
512;7,301;0,328235312234543
513;7,306;0,350710056240966
514;7,310;0,336746581029568
515;7,314;0,356557651672267
516;7,318;0,347068315313999
517;7,322;0,381571209353489
518;7,326;0,339285394704368
519;7,330;0,30093266025637
520;7,334;0,340825330867771
521;7,339;0,325301109544816
522;7,343;0,312856760548667
523;7,347;0,334332627043693
524;7,351;0,317538998883338
525;7,355;0,343114425164721
526;7,359;0,292254911876113
527;7,363;0,302805555590239
528;7,367;0,325009770270658
529;7,372;0,327007525293451
530;7,376;0,321263979602921
531;7,380;0,305385989161347
532;7,384;0,344467071794737
533;7,388;0,263308273993766
534;7,392;0,296146372180928
535;7,396;0,280497291169049
536;7,400;0,281579408473062
537;7,405;0,298352226685262
538;7,409;0,288862890326995
539;7,413;0,292275721824267
540;7,417;0,273068139678037
541;7,421;0,297936027722181
542;7,425;0,28954961861608
543;7,429;0,266929204972579
544;7,433;0,285054669814796
545;7,437;0,298144127203721
546;7,442;0,29910138481881
547;7,446;0,272235741751873
548;7,450;0,268240231706287
549;7,454;0,257044479599384
550;7,458;0,263932572438389
551;7,462;0,256503420947377
552;7,466;0,279186264435341
553;7,470;0,292463011357654
554;7,475;0,239501693305481
555;7,479;0,237857707401308
556;7,483;0,275211564337909
557;7,487;0,255234014109977
558;7,491;0,274067017189433
559;7,495;0,279768942983655
560;7,499;0,286053547326192
561;7,503;0,258376316281246
562;7,508;0,269010199787988
563;7,512;0,259354383844488
564;7,516;0,282973674999386
565;7,520;0,251280123960699
566;7,524;0,253548408309496
567;7,528;0,2642447216607
568;7,532;0,234424065955882
569;7,536;0,245869537440634
570;7,541;0,241541068224583
571;7,545;0,244808230084776
572;7,549;0,266346526424264
573;7,553;0,229263198813666
574;7,557;0,248283491426509
575;7,561;0,24838754116728
576;7,565;0,263245844149304
577;7,569;0,313314579408057
578;7,574;0,385899678569541
579;7,578;0,543326936355271
580;7,582;0,892080857469752
581;7,586;1,45615531213466
582;7,590;2,53163424268645
583;7,594;3,94044692277054
584;7,598;5,99253672019401
585;7,602;8,43941204404883
586;7,606;11,2500452616372
587;7,611;13,7170646153052
588;7,615;15,8185988495428
589;7,619;17,7756704236947
590;7,623;18,6739942656107
591;7,627;19,697281846192
592;7,631;19,8823863350227
593;7,635;19,6279847188389
594;7,639;19,7675362311602
595;7,644;19,2452481523888
596;7,648;18,6920364906603
597;7,652;17,9292686510201
598;7,656;16,9149501580932
599;7,660;16,0264069918096
600;7,664;14,7882983164336
601;7,668;13,1880341133318
602;7,672;11,8618993572639
603;7,677;10,5567410289354
604;7,681;9,14568087445067
605;7,685;7,85521436951892
606;7,689;6,77590640850677
607;7,693;5,75151590067328
608;7,697;4,8226846747634
609;7,701;4,05766936072255
610;7,705;3,43507733184834
611;7,710;2,85158719555566
612;7,714;2,45842484508034
613;7,718;2,05716742477308
614;7,722;1,72578981036727
615;7,726;1,56805040335923
616;7,730;1,32049526011811
617;7,734;1,17141279154217
618;7,738;1,08138895582756
619;7,743;0,944376257180993
620;7,747;0,855705068096393
621;7,751;0,734778459372946
622;7,755;0,705311572786747
623;7,759;0,694989838502316
624;7,763;0,597411991607764
625;7,767;0,559413026278386
626;7,771;0,509011331849168
627;7,775;0,485246371057191
628;7,780;0,515774564999249
629;7,784;0,474487627861524
630;7,788;0,444354822934394
631;7,792;0,417780519141615
632;7,796;0,40764607439057
633;7,800;0,378865916093457
634;7,804;0,38477594136922
635;7,808;0,33934782454883
636;7,813;0,370250597557661
637;7,817;0,344550311587354
638;7,821;0,304158202220255
639;7,825;0,300204312070977
640;7,829;0,29391970772844
641;7,833;0,299725683263433
642;7,837;0,291505753742565
643;7,841;0,287156474578359
644;7,846;0,250093956915916
645;7,850;0,27242303128526
646;7,854;0,283369064014314
647;7,858;0,29254625115027
648;7,862;0,245869537440634
649;7,866;0,276148012004843
650;7,870;0,242560755684133
651;7,874;0,248595640648821
652;7,879;0,258667655555403
653;7,883;0,259895442496495
654;7,887;0,251800372664552
655;7,891;0,217672057691835
656;7,895;0,215195673861498
657;7,899;0,248096201893123
658;7,903;0,260082732029881
659;7,907;0,239356023668403
660;7,912;0,237441508438226
661;7,916;0,207058984133247
662;7,920;0,23390381725203
663;7,924;0,206746834910935
664;7,928;0,224081521723297
665;7,932;0,239168734135016
666;7,936;0,203521292947051
667;7,940;0,23710854926776
668;7,944;0,247784052670811
669;7,949;0,221480278204035
670;7,953;0,295979892595696
671;7,957;0,290173917060703
672;7,961;0,275898292626994
673;7,965;0,283244204325389
674;7,969;0,294856155395374
675;7,973;0,321763418358619
676;7,977;0,286386506496658
677;7,982;0,318350586861348
678;7,986;0,242810475061982
679;7,990;0,297519828759099
680;7,994;0,288113732193448
681;7,998;0,276751500501312
682;8,002;0,274899415115597
683;8,006;0,296937150210784
684;8,010;0,246618695574182
685;8,015;0,284888190229563
686;8,019;0,250614205619768
687;8,023;0,233654097874181
688;8,027;0,215445393239347
689;8,031;0,222499965663586
690;8,035;0,206892504548014
691;8,039;0,175615152472409
692;8,043;0,189786727165348
693;8,048;0,192720929855075
694;8,052;0,179464992880917
695;8,056;0,179132033710451
696;8,060;0,187456012972089
697;8,064;0,174803564494399
698;8,068;0,164190490935811
699;8,072;0,124859688924571
700;8,076;0,1163692300777
701;8,081;0,138656684550736
702;8,085;0,149352997901941
703;8,089;0,135077373468232
704;8,093;0,1709953439822
705;8,097;0,207766522370486
706;8,101;0,160486320164382
707;8,105;0,156428380274333
708;8,109;0,138635874602582
709;8,113;0,129063298451698
710;8,118;0,135805721653625
711;8,122;0,165522327617673
712;8,126;0,128688719384925
713;8,130;0,155429502762937
714;8,134;0,130374325185406
715;8,138;0,131810211608039
716;8,142;0,149540287435328
717;8,146;0,177529667702586
718;8,151;0,164107251143194
719;8,155;0,142402475218473
720;8,159;0,155034113748009
721;8,163;0,163753482024575
722;8,167;0,0982229552873292
723;8,171;0,164752359535971
724;8,175;0,171973411545442
725;8,179;0,133828776578986
726;8,184;0,14421294070788
727;8,188;0,138448585069195
728;8,192;0,146897424019758
729;8,196;0,173971166568236
730;8,200;0,182003806555716
731;8,204;0,136367590253786
732;8,208;0,196549960315429
733;8,212;0,195509462907724
734;8,217;0,224476910738225
735;8,221;0,205831197192155
736;8,225;0,228701330213506
737;8,229;0,226328996123939
738;8,233;0,265930327461182
739;8,237;0,276876360190236
740;8,241;0,264577680831166
741;8,245;0,291089554779483
742;8,250;0,303533903775632
743;8,254;0,265555748394408
744;8,258;0,244787420136621
745;8,262;0,253423548620571
746;8,266;0,228638900369044
747;8,270;0,242706425321212
748;8,274;0,233279518807407
749;8,278;0,215819972306121
750;8,282;0,223165884004517
751;8,287;0,266950014920733
752;8,291;0,342302837186711
753;8,295;0,558018759752062
754;8,299;1,05627134840556
755;8,303;2,07693687551947
756;8,307;3,84393038323184
757;8,311;6,79569666920132
758;8,315;11,2239287767038
759;8,320;16,6161401125485
760;8,324;22,9995500889209
761;8,328;29,5323130631952
762;8,332;35,5996407370551
763;8,336;40,2322265354308
764;8,340;44,0998178297139
765;8,344;47,0578687200259
766;8,348;47,7910656233391
767;8,353;48,0055953788597
768;8,357;47,4202739671294
769;8,361;45,5296277474854
770;8,365;43,1177963763221
771;8,369;40,2155993868557
772;8,373;36,7961919459674
773;8,377;33,1387811280407
774;8,381;29,0645470485875
775;8,386;24,9131080614826
776;8,390;21,1461328665246
777;8,394;17,4299131351144
778;8,398;14,3608619813485
779;8,402;11,9100119573962
780;8,406;9,65899986556773
781;8,410;8,05888133210305
782;8,414;6,62540886345636
783;8,419;5,35931080781305
784;8,423;4,42373715870124
785;8,427;3,72215056663408
786;8,431;3,21738446420835
787;8,435;2,68377577364104
788;8,439;2,33539643159333
789;8,443;2,01985518773279
790;8,447;1,74164699086069
791;8,451;1,57620790303563
792;8,456;1,35316687872004
793;8,460;1,26035450995277
794;8,464;1,11320736655517
795;8,468;1,03040458285002
796;8,472;0,910123082519352
797;8,476;0,878242241947278
798;8,480;0,777792622207461
799;8,484;0,733092853572465
800;8,489;0,66914388289493
801;8,493;0,666813168701672
802;8,497;0,714405520130087
803;8,501;0,630291709691234
804;8,505;0,614642628679355
805;8,509;0,627898565653514
806;8,513;0,609023942677749
807;8,517;0,608441264129435
808;8,522;0,60486195304693
809;8,526;0,574812387912417
810;8,530;0,542119959362333
811;8,534;0,510176688945797
812;8,538;0,545803320185608
813;8,542;0,479794164640818
814;8,546;0,463291875754621
815;8,550;0,452845281781265
816;8,555;0,476943201743707
817;8,559;0,426146118299561
818;8,563;0,35154245416713
819;8,567;0,37994803339747
820;8,571;0,314708845934381
821;8,575;0,338661096259745
822;8,579;0,283098534688311
823;8,583;0,287489433748825
824;8,588;0,239522503253635
825;8,592;0,275544523508374
826;8,596;0,213218728786859
827;8,600;0,252986539709335
828;8,604;0,260623790681888
829;8,608;0,21480028484657
830;8,612;0,184854769452827
831;8,616;0,237607988023459
832;8,620;0,17800829651013
833;8,625;0,228181081509654
834;8,629;0,177300758272891
835;8,633;0,174824374442553
836;8,637;0,16190139663886
837;8,641;0,147188763293915
838;8,645;0,174803564494399
839;8,649;0,184396950593437
840;8,653;0,141091448484765
841;8,658;0,136159490772245
842;8,662;0,189994826646889
843;8,666;0,135410332638697
844;8,670;0,178278825836133
845;8,674;0,202626465176425
846;8,678;0,204478550562139
847;8,682;0,184334520748975
848;8,686;0,194905974411255
849;8,691;0,240979199624422
850;8,695;0,249636138056526
851;8,699;0,298393846581571
852;8,703;0,316893890490561
853;8,707;0,319557563854285
854;8,711;0,25723176913277
855;8,715;0,317934387898266
856;8,719;0,311608163659421
857;8,724;0,29208843229088
858;8,728;0,254276756494889
859;8,732;0,295459643891843
860;8,736;0,243601253091838
861;8,740;0,243018574543523
862;8,744;0,215819972306121
863;8,748;0,238814965016396
864;8,752;0,184480190386054
865;8,757;0,179714712258766
866;8,761;0,165938526580755
867;8,765;0,151746141939662
868;8,769;0,138448585069195
869;8,773;0,150747264428265
870;8,777;0,151017793754269
871;8,781;0,114475524795678
872;8,785;0,150996983806115
873;8,789;0,144441850137575
874;8,794;0,122237635457155
875;8,798;0,160153360993916
876;8,802;0,133932826319757
877;8,806;0,139717991906595
878;8,810;0,12556722716181
879;8,814;0,126233145502741
880;8,818;0,149831626709485
881;8,822;0,108627929364377
882;8,827;0,113767986558438
883;8,831;0,137095938439179
884;8,835;0,108648739312531
885;8,839;0,106588554445275
886;8,843;0,113955276091825
887;8,847;0,139322602891667
888;8,851;0,21652751054336
889;8,855;0,376909780966972
890;8,860;0,672681574081126
891;8,864;1,31056891484861
892;8,868;2,31824903431436
893;8,872;3,91732707037134
894;8,876;6,0770875395441
895;8,880;8,95468717029238
896;8,884;12,1197554248413
897;8,888;15,4749017458298
898;8,893;18,5849484974593
899;8,897;21,1382667061223
900;8,901;23,1612017661819
901;8,905;24,4951402528076
902;8,909;25,4248246865918
903;8,913;24,9061159189028
904;8,917;24,0372797735212
905;8,921;22,535550674929
906;8,926;20,5526123352216
907;8,930;18,4363862775872
908;8,934;16,139758779405
909;8,938;13,9983943044004
910;8,942;11,7380177359026
911;8,946;9,6616427289833
912;8,950;8,07925427134591
913;8,954;6,69934660924786
914;8,958;5,31604692560069
915;8,963;4,33991468753655
916;8,967;3,55977054118767
917;8,971;2,9661251501958
918;8,975;2,48984786679302
919;8,979;2,09458371155414
920;8,983;1,76297718771863
921;8,987;1,53385965854205
922;8,991;1,32367918218569
923;8,996;1,10711005174602
924;9,000;1,01533818038646
925;9,004;0,906169192370074
926;9,008;0,755525977682579
927;9,012;0,753299313230091
928;9,016;0,633871020773739
929;9,020;0,595518286325741
930;9,024;0,558851157678226
931;9,029;0,515254316295396
932;9,033;0,417218650541454
933;9,037;0,459608514931346
934;9,041;0,469139471185921
935;9,045;0,482998896656549
936;9,049;0,679340757490437
937;9,053;1,04513802614312
938;9,057;1,8608671838355
939;9,062;3,11837073089116
940;9,066;5,07654523229521
941;9,070;7,93027585251074
942;9,074;11,2269462191862
943;9,078;14,9519061288211
944;9,082;18,7361743906951
945;9,086;22,340811180103
946;9,090;24,8346129370453
947;9,095;26,3380068314898
948;9,099;27,5143307707963
949;9,103;27,691465049484
950;9,107;26,6657843248649
951;9,111;25,0851022829762
952;9,115;23,0321592776784
953;9,119;20,5764397258581
954;9,123;18,0349415677466
955;9,127;15,4235427937855
956;9,132;12,860027710527
957;9,136;10,5053612669429
958;9,140;8,62091641184885
959;9,144;6,99486868298416
960;9,148;5,68334251052047
961;9,152;4,48566756440783
962;9,156;3,64517456841208
963;9,160;3,01051276960849
964;9,165;2,5240386116102
965;9,169;2,14273793158272
966;9,173;1,84565511173485
967;9,177;1,53874999635826
968;9,181;1,3478811518889
969;9,185;1,13070853295276
970;9,189;0,998565362174257
971;9,193;0,908146137444713
972;9,198;0,792151486433787
973;9,202;0,737712662062674
974;9,206;0,656200095143083
975;9,210;0,56598896989508
976;9,214;0,548945622356876
977;9,218;0,502560247921398
978;9,222;0,493736829904062
979;9,226;0,469680529837928
980;9,231;0,406980156049639
981;9,235;0,369355769787035
982;9,239;0,339118915119135
983;9,243;0,368939570823953
984;9,247;0,319203794735666
985;9,251;0,285762208052035
986;9,255;0,253194639190876
987;9,259;0,280830250339514
988;9,264;0,253423548620571
989;9,268;0,214113556557485
990;9,272;0,223249123797133
991;9,276;0,214904334587341
992;9,280;0,225954417057165
993;9,284;0,218774984944002
994;9,288;0,183939131734047
995;9,292;0,17927770334753
996;9,296;0,171598832478669
997;9,301;0,17145316284159
998;9,305;0,148624649716548
999;9,309;0,190265355972892
1000;9,313;0,136138680824091
1001;9,317;0,171515592686052
1002;9,321;0,134598744660688
1003;9,325;0,133724726838216
1004;9,329;0,129583547155551
1005;9,334;0,110438394853783
1006;9,338;0,114600384484602
1007;9,342;0,119157763130349
1008;9,346;0,105776966467266
1009;9,350;0,102218465332915
1010;9,354;0,104320270096479
1011;9,358;0,0730637279690281
1012;9,362;0,103050863259079
1013;9,367;0,0824073946902169
1014;9,371;0,121030658464217
1015;9,375;0,13074890425218
1016;9,379;0,0711284027906973
1017;9,383;0,100199900361968
1018;9,387;0,0896284466996879
1019;9,391;0,105506437141262
1020;9,395;0,0934782871081955
1021;9,400;0,103487872170315
1022;9,404;0,0882758000696717
1023;9,408;0,096870308657313
1024;9,412;0,0875058319879702
1025;9,416;0,0480085503914976
1026;9,420;0,0559163306900537
1027;9,424;0,0858202261874885
1028;9,428;0,075436062058595
1029;9,433;0,0672785623821897
1030;9,437;0,0474674917394911
1031;9,441;0,0618055460176627
1032;9,445;0,0599742705801023
1033;9,449;0,0542099149414179
1034;9,453;0,0451783974425406
1035;9,457;0,072376999679943
1036;9,461;0,0552087924528145
1037;9,465;0,0995964118654995
1038;9,470;0,085924275928259
1039;9,474;0,0844259596611641
1040;9,478;0,0676323315008093
1041;9,482;0,0319848903128443
1042;9,486;0,0448662482202292
1043;9,490;0,0532942772226377
1044;9,494;0,0794940019486435
1045;9,498;0,038269494655381
1046;9,503;0,0477380210654943
1047;9,507;0,0323178494833098
1048;9,511;0,0439714204496031
1049;9,515;0,0563533396012897
1050;9,519;0,0393932318557022
1051;9,523;0,0484663692508876
1052;9,527;0,0418071858415772
1053;9,531;0,0579973255054632
1054;9,536;0,0575603165942272
1055;9,540;0,0468640032430223
1056;9,544;0,0709411132573104
1057;9,548;0,0230990424510456
1058;9,552;0,0533983269634082
1059;9,556;0,042847683249282
1060;9,560;0,0227036534361178
1061;9,564;0,041994475374964
1062;9,569;0,0399342905077086
1063;9,573;0,0251176074219929
1064;9,577;0,0215382963394885
1065;9,581;0,0356890610842732
1066;9,585;0,0475299215839534
1067;9,589;0
1068;9,593;0,0438257508125244
1069;9,597;0,0285096289711104
1070;9,602;0,0499230656216743
1071;9,606;0,0207475183096329
1072;9,610;0,0326091887574671
1073;9,614;0,0116119510699851
1074;9,618;0,0638657308849181
1075;9,622;0,131165103215262
1076;9,626;0,268219421758133
1077;9,630;0,594061589954955
1078;9,634;1,13564049066528
1079;9,639;2,17686624655543
1080;9,643;3,72997510714002
1081;9,647;6,1908763360507
1082;9,651;9,36797274063271
1083;9,655;13,0278391324416
1084;9,659;17,043763737167
1085;9,663;20,6875440390528
1086;9,667;24,0859750522018
1087;9,672;26,3932156239426
1088;9,676;28,1585443358026
1089;9,680;28,4069734968662
1090;9,684;27,5207610447759
1091;9,688;25,7232809630178
1092;9,692;23,4171016986328
1093;9,696;20,5736095729091
1094;9,700;17,5219555358
1095;9,705;14,6244615946164
1096;9,709;12,1075191753267
1097;9,713;9,74053324243548
1098;9,717;7,76906118416097
1099;9,721;6,16661193650302
1100;9,725;5,07344455002025
1101;9,729;4,1475891466964
1102;9,733;3,29042738222922
1103;9,738;2,72866283180942
1104;9,742;2,26474665761018
1105;9,746;1,89882452926857
1106;9,750;1,6164751527138
1107;9,754;1,3946619153393
1108;9,758;1,15786551529386
1109;9,762;1,00102093605644
1110;9,766;0,894890200470554
1111;9,771;0,796084566634911
1112;9,775;0,735735716988035
1113;9,779;0,675803066304241
1114;9,783;0,57381351040102
1115;9,787;0,570671208229752
1116;9,791;0,533379781137613
1117;9,795;0,479690114900048
1118;9,799;0,433492029997956
1119;9,803;0,399342905077086
1120;9,808;0,429142750833751
1121;9,812;0,578412508943075
1122;9,816;0,921714223641183
1123;9,820;1,61345771023146
1124;9,824;3,1130017642674
1125;9,828;6,08690983507284
1126;9,832;10,5342246650327
1127;9,836;17,5865288049221
1128;9,841;26,9498609271165
1129;9,845;38,3675095111868
1130;9,849;51,0933754859643
1131;9,853;63,8072549306051
1132;9,857;76,3189241090325
1133;9,861;86,7307238490746
1134;9,865;92,2786560269564
1135;9,869;94,5374302294463
1136;9,874;91,4870039792783
1137;9,878;84,6873326099795
1138;9,882;76,1818697904896
1139;9,886;65,5443237328718
1140;9,890;54,6165621382971
1141;9,894;44,6570666213842
1142;9,898;35,1517690328826
1143;9,902;27,7424286125134
1144;9,907;21,9912040511142
1145;9,911;17,6068601242687
1146;9,915;13,9462445743263
1147;9,919;11,2140232413825
1148;9,923;9,28693880252067
1149;9,927;7,58942971169482
1150;9,931;6,33286261230609
1151;9,935;5,30093890324082
1152;9,940;4,61957958077943
1153;9,944;3,95880129704245
1154;9,948;3,42594176460869
1155;9,952;2,99871352900511
1156;9,956;2,57801961712193
1157;9,960;2,37888922323539
1158;9,964;2,11811976291642
1159;9,968;1,94198436174016
1160;9,972;1,7378803902448
1161;9,977;1,58374110426741
1162;9,981;1,45109849473321
1163;9,985;1,32915219855021
1164;9,989;1,18225477453045
1165;9,993;1,15374514555934
1166;9,997;1,03321392585083
1167;10,001;0,978546192050017
1168;10,005;0,907438599207474
1169;10,010;0,823636937990933
1170;10,014;0,778978789252244
1171;10,018;0,764848834455614
1172;10,022;0,656366574728316
1173;10,026;0,689204672915478
1174;10,030;0,644130325213708
1175;10,034;0,59083604799107
1176;10,038;0,574874817756879
1177;10,043;0,532401713574371
1178;10,047;0,501311651032153
1179;10,051;0,469534860200849
1180;10,055;0,465289630777414
1181;10,059;0,433575269790573
1182;10,063;0,459546085086884
1183;10,067;0,380780431323633
1184;10,071;0,404212432945145
1185;10,076;0,368897950927645
1186;10,080;0,327340484463917
1187;10,084;0,350460336863117
1188;10,088;0,303367424190399
1189;10,092;0,262579925808373
1190;10,096;0,319661613595056
1191;10,100;0,252008472146093
1192;10,104;0,288384261519451
1193;10,109;0,254422426131968
1194;10,113;0,251155264271775
1195;10,117;0,256857190065997
1196;10,121;0,22216700649312
1197;10,125;0,214030316764869
1198;10,129;0,227723262650263
1199;10,133;0,239855462424101
1200;10,137;0,199900361968238
1201;10,141;0,187768162194401
1202;10,146;0,201794067250261
1203;10,150;0,205747957399539
1204;10,154;0,204957179369683
1205;10,158;0,203521292947051
1206;10,162;0,212552810445928
1207;10,166;0,212532000497774
1208;10,170;0,202668085072733
1209;10,174;0,202813754709812
1210;10,179;0,222479155715431
1211;10,183;0,187435203023935
1212;10,187;0,214113556557485
1213;10,191;0,219919532092478
1214;10,195;0,164273730728427
1215;10,199;0,179902001792153
1216;10,203;0,186082556393919
1217;10,207;0,166604444921686
1218;10,212;0,123153273175935
1219;10,216;0,15488844411093
1220;10,220;0,141029018640303
1221;10,224;0,120801749034522
1222;10,228;0,116931098677861
1223;10,232;0,100532859532434
1224;10,236;0,0656970063224784
1225;10,240;0,0845091994537805
1226;10,245;0,078058115526011
1227;10,249;0,113122878165661
1228;10,253;0,0992010228505717
1229;10,257;0,106942323563895
1230;10,261;0,142860294077863
1231;10,265;0,138344535328425
1232;10,269;0,153202838310449
1233;10,273;0,124797259080109
1234;10,278;0,16652120512907
1235;10,282;0,151954241421203
1236;10,286;0,127627412029066
1237;10,290;0,142381665270319
1238;10,294;0,17755047765074
1239;10,298;0,256066412036141
1240;10,302;0,431036456115773
1241;10,306;0,731011858757055
1242;10,310;1,51952160426388
1243;10,315;2,77242615277748
1244;10,319;4,68173889591571
1245;10,323;7,47824215870749
1246;10,327;11,0108557175541
1247;10,331;15,3564515209367
1248;10,335;19,7230861819031
1249;10,339;23,8101599993674
1250;10,343;27,4725443949029
1251;10,348;29,4631199855829
1252;10,352;30,4694058385223
1253;10,356;29,5736208102811
1254;10,360;27,1292010603085
1255;10,364;24,3018990742486
1256;10,368;20,9776763362172
1257;10,372;17,6313118133497
1258;10,376;14,3163286922987
1259;10,381;11,5830460519991
1260;10,385;9,13558804959593
1261;10,389;7,23672190043106
1262;10,393;5,79758912588645
1263;10,397;4,72427442994269
1264;10,401;3,78202078747341
1265;10,405;3,09296178419501
1266;10,409;2,5918582326444
1267;10,414;2,19896641149508
1268;10,418;1,88434080535332
1269;10,422;1,62827439331718
1270;10,426;1,40286103491202
1271;10,430;1,32661338487541
1272;10,434;1,19178573078503
1273;10,438;1,07323145615115
1274;10,442;1,04037254801583
1275;10,447;0,946061862981475
1276;10,451;0,92581378342754
1277;10,455;0,770134561286754
1278;10,459;0,773401723146947
1279;10,463;0,750510780177442
1280;10,467;0,624111155089468
1281;10,471;0,623486856644845
1282;10,475;0,544076094488818
1283;10,479;0,469160281134076
1284;10,484;0,452678802196032
1285;10,488;0,423690544417378
1286;10,492;0,359096465347066
1287;10,496;0,333271319687834
1288;10,500;0,338203277400355
1289;10,504;0,287343764111746
1290;10,508;0,273962967448663
1291;10,512;0,284950620074025
1292;10,517;0,258834135140636
1293;10,521;0,302056397456691
1294;10,525;0,322242047166164
1295;10,529;0,327028335241606
1296;10,533;0,36074045125124
1297;10,537;0,316040682616243
1298;10,541;0,33578932341448
1299;10,545;0,355267434886713
1300;10,550;0,327777493375153
1301;10,554;0,322907965507095
1302;10,558;0,304407921598104
1303;10,562;0,296791480573705
1304;10,566;0,260561360837426
1305;10,570;0,236317771237905
1306;10,574;0,221792427426346
1307;10,578;0,229804257465673
1308;10,583;0,243122624284294
1309;10,587;0,35474718618286
1310;10,591;0,557269601618514
1311;10,595;1,00193657377522
1312;10,599;1,88943924265107
1313;10,603;3,54915746762908
1314;10,607;5,99932076329225
1315;10,611;9,56058962074702
1316;10,616;14,2914608042546
1317;10,620;19,6240100187414
1318;10,624;24,6532126189861
1319;10,628;29,008838817379
1320;10,632;31,5735608776304
1321;10,636;32,7607476098734
1322;10,640;31,9488266726932
1323;10,644;29,6957543959975
1324;10,648;26,1530688222443
1325;10,653;22,3020630566401
1326;10,657;18,2736941029185
1327;10,661;14,7719625071326
1328;10,665;11,677835365841
1329;10,669;9,18842450795918
1330;10,673;7,41146303508099
1331;10,677;5,82218648460459
1332;10,681;4,69360056636355
1333;10,686;3,7715533835519
1334;10,690;3,20441986650834
1335;10,694;2,59321087927442
1336;10,698;2,18566885462462
1337;10,702;1,84896389349136
1338;10,706;1,61275017199422
1339;10,710;1,36280188471538
1340;10,714;1,23022170502564
1341;10,719;1,06640579315661
1342;10,723;0,958964030837014
1343;10,727;0,881530213755625
1344;10,731;0,771653687502003
1345;10,735;0,723020838665883
1346;10,739;0,626941308038425
1347;10,743;0,612291104537942
1348;10,747;0,568382113932801
1349;10,752;0,492737952392665
1350;10,756;0,481063571478218
1351;10,760;0,410767566613685
1352;10,764;0,39799025844707
1353;10,768;0,366629666578849
1354;10,772;0,326508086537753
1355;10,776;0,296208802025391
1356;10,780;0,310859005525874
1357;10,785;0,284909000177717
1358;10,789;0,279456793761344
1359;10,793;0,250510155878998
1360;10,797;0,210013996771128
1361;10,801;0,212094991586538
1362;10,805;0,216964519454596
1363;10,809;0,213406018320246
1364;10,813;0,207454373148175
1365;10,817;0,166500395180915
1366;10,822;0,161277098194238
1367;10,826;0,188225981053791
1368;10,830;0,143775931796644
1369;10,834;0,165772046995522
1370;10,838;0,14248571501109
1371;10,842;0,115973841062772
1372;10,846;0,101302827614135
1373;10,850;0,111666181794875
1374;10,855;0,150684834583803
1375;10,859;0,131248343007878
1376;10,863;0,107566622008518
1377;10,867;0,115474402307074
1378;10,871;0,113497457232435
1379;10,875;0,124922118769033
1380;10,879;0,113892846247363
1381;10,883;0,0680485304638912
1382;10,888;0,0961835803682279
1383;10,892;0,0859034659801049
1384;10,896;0,0864653345802654
1385;10,900;0,103342202533237
1386;10,904;0,0792026626744862
1387;10,908;0,0769343783256898
1388;10,912;0,0843843397648559
1389;10,916;0,0461980849020913
1390;10,921;0,086819103698885
1391;10,925;0,0837808512683871
1392;10,929;0,0501727849995234
1393;10,933;0,106109925637731
1394;10,937;0,0723145698354807
1395;10,941;0,0743123248582738
1396;10,945;0,0419320455305018
1397;10,949;0,0483415095619631
1398;10,954;0,0516502913184642
1399;10,958;0,0308819630606772
1400;10,962;0,0401840098855578
1401;10,966;0,0285720588155727
1402;10,970;0,0215174863913344
1403;10,974;0,0380197752775319
1404;10,978;0,0399342905077086
1405;10,982;0,0303617143568248
1406;10,986;0,0396429512335513
1407;10,991;0,0361052600473551
1408;10,995;0,0688601184419009
1409;10,999;0,0707122038276154
1410;11,003;0,0422858146491214
1411;11,007;0,0346277537284144
1412;11,011;0,0477172111173402
1413;11,015;0,0379781553812237
1414;11,019;0,0208099481540952
1415;11,024;0,0384151642924597
1416;11,028;0,046572663968865
1417;11,032;0,0459483655242421
1418;11,036;0,0523786395038575
1419;11,040;0,0634911518181444
1420;11,044;0,05554175162328
1421;11,048;0,00855288869133311
1422;11,052;0,0276772310449466
1423;11,057;0,0947268839974412
1424;11,061;0,0579973255054632
1425;11,065;0,0901486954035403
1426;11,069;0,150913744013498
1427;11,073;0,328630701249471
1428;11,077;0,633059432795729
1429;11,081;1,29928992294909
1430;11,085;2,49382256689046
1431;11,090;4,44985364363463
1432;11,094;7,47607792409946
1433;11,098;11,3961519076271
1434;11,102;16,1644185679676
1435;11,106;21,3952695658254
1436;11,110;25,8669736550218
1437;11,114;29,5145621774198
1438;11,118;31,2377923641641
1439;11,123;31,8069860660749
1440;11,127;30,2733136970663
1441;11,131;27,5987983503538
1442;11,135;23,8039378248693
1443;11,139;20,0386898556081
1444;11,143;16,1893072659599
1445;11,147;13,1015063489071
1446;11,151;10,3981900339493
1447;11,155;8,16975673586807
1448;11,160;6,4058431004825
1449;11,164;5,17555896561239
1450;11,168;4,20019669562995
1451;11,172;3,4414867958798
1452;11,176;2,83966309526336
1453;11,180;2,41295510836364
1454;11,184;1,99771340289683
1455;11,188;1,80609540029392
1456;11,193;1,52516110021363
1457;11,197;1,35089859437124
1458;11,201;1,23488313341216
1459;11,205;1,0465531026176
1460;11,209;0,929143375132195
1461;11,213;0,852937344991899
1462;11,217;0,758085601305533
1463;11,221;0,694157440576152
1464;11,226;0,656866013484014
1465;11,230;0,572273574237617
1466;11,234;0,523162096593953
1467;11,238;0,468078163830063
1468;11,242;0,41765565945269
1469;11,246;0,407375545064567
1470;11,250;0,406605576982865
1471;11,254;0,389083600637117
1472;11,259;0,369334959838881
1473;11,263;0,278770065472259
1474;11,267;0,319411894217207
1475;11,271;0,295563693632614
1476;11,275;0,258001737214472
1477;11,279;0,307591843665681
1478;11,283;0,235194034037584
1479;11,287;0,249865047486221
1480;11,292;0,239917892268563
1481;11,296;0,239793032579639
1482;11,300;0,207537612940791
1483;11,304;0,170433475382039
1484;11,308;0,208349200918801
1485;11,312;0,16697902398846
1486;11,316;0,155013303799855
1487;11,320;0,162130306068555
1488;11,324;0,19559270270034
1489;11,329;0,165335038084286
1490;11,333;0,150705644531957
1491;11,337;0,11555764209969
1492;11,341;0,174262505842393
1493;11,345;0,166583634973532
1494;11,349;0,310963055266644
1495;11,353;0,58199182002558
1496;11,357;1,13491214247989
1497;11,362;2,40868906899205
1498;11,366;4,57818859390094
1499;11,370;8,13442144390241
1500;11,374;13,74012203786
1501;11,378;21,2350953948833
1502;11,382;30,4343202659345
1503;11,386;41,6184812317159
1504;11,390;51,8399115660443
1505;11,395;62,0851692910092
1506;11,399;68,3882944874031
1507;11,403;69,7349062324546
1508;11,407;67,6553681134159
1509;11,411;61,1787503792613
1510;11,415;52,5000863612848
1511;11,419;43,6470557877252
1512;11,423;35,2443941121165
1513;11,428;27,7448425664992
1514;11,432;21,6504619600391
1515;11,436;17,2042500573314
1516;11,440;13,6462483617368
1517;11,444;11,0670841974664
1518;11,448;8,83815146062945
1519;11,452;7,37069634664712
1520;11,456;6,26941308038425
1521;11,461;5,2635018065116
1522;11,465;4,50656075235454
1523;11,469;3,7415454383137
1524;11,473;3,28239474224174
1525;11,477;2,88623575923223
1526;11,481;2,57242174106847
1527;11,485;2,20148441522173
1528;11,489;2,06782211822797
1529;11,493;1,83880863879216
1530;11,498;1,64465182251445
1531;11,502;1,54305765562616
1532;11,506;1,29221454057669
1533;11,510;1,25442367472886
1534;11,514;1,14084297770381
1535;11,518;1,08582147478438
1536;11,522;1,00104174600459
1537;11,526;0,937862743408761
1538;11,531;0,909831743245195
1539;11,535;0,824968774672795
1540;11,539;0,756483235297668
1541;11,543;0,698319430206972
1542;11,547;0,646689948836661
1543;11,551;0,677197332830565
1544;11,555;0,671204067762186
1545;11,559;0,645441351947416
1546;11,564;0,567695385643716
1547;11,568;0,535814545071642
1548;11,572;0,546490048474693
1549;11,576;0,464519662695712
1550;11,580;0,50251862802509
1551;11,584;0,428435212596511
1552;11,588;0,411412675006461
1553;11,592;0,384547031939525
1554;11,597;0,415678714378051
1555;11,601;0,3445295016392
1556;11,605;0,323407404262793
1557;11,609;0,371873773513681
1558;11,613;0,346131867647065
1559;11,617;0,359346184724915
1560;11,621;0,372498071958304
1561;11,625;0,429579759744987
1562;11,630;0,57416727951964
1563;11,634;1,07699805676704
1564;11,638;1,87368611189842
1565;11,642;3,3881300888127
1566;11,646;5,88164050648084
1567;11,650;9,44163995709821
1568;11,654;14,0707713040804
1569;11,658;19,5245384665649
1570;11,662;24,9781391494641
1571;11,667;29,1613549274003
1572;11,671;32,2278672674915
1573;11,675;33,0465098179254
1574;11,679;32,145563922542
1575;11,683;29,5923497636198
1576;11,687;25,8015263680772
1577;11,691;21,5792503174558
1578;11,695;17,6832742538905
1579;11,700;14,3689778611286
1580;11,704;11,3910534703294
1581;11,708;8,87889733911517
1582;11,712;7,17639386073234
1583;11,716;5,76298218210619
1584;11,720;4,70398473049244
1585;11,724;3,82880155092382
1586;11,728;3,23322083475361
1587;11,733;2,74891091136336
1588;11,737;2,39566204144759
1589;11,741;2,03858414107147
1590;11,745;1,80484680340467
1591;11,749;1,59362582964061
1592;11,753;1,4390911546483
1593;11,757;1,30295247382421
1594;11,761;1,26362167181297
1595;11,766;1,22285498337909
1596;11,770;1,34409374132485
1597;11,774;1,87768162194401
1598;11,778;2,97769548136948
1599;11,782;5,07974996431094
1600;11,786;8,45841152671352
1601;11,790;13,9920472702134
1602;11,794;21,4747843777222
1603;11,799;30,9613113929888
1604;11,803;40,9228879047171
1605;11,807;51,6673554759506
1606;11,811;60,2982190430171
1607;11,815;65,9731959543796
1608;11,819;67,6688113399234
1609;11,823;65,059118981711
1610;11,827;59,319797710656
1611;11,831;51,054710602294
1612;11,836;42,141539278569
1613;11,840;33,6746581029568
1614;11,844;27,0151209245277
1615;11,848;21,1159584417011
1616;11,852;16,6862696378278
1617;11,856;13,325400581097
1618;11,860;10,6801440214892
1619;11,864;8,7136455408235
1620;11,869;7,21722297901067
1621;11,873;6,14357532389644
1622;11,877;5,2902009699933
1623;11,881;4,47988239882099
1624;11,885;3,91830513793458
1625;11,889;3,44082087753887
1626;11,893;3,13918067904526
1627;11,897;2,7267691265274
1628;11,902;2,46520888817858
1629;11,906;2,2872214016166
1630;11,910;2,01292547499747
1631;11,914;1,81333726225154
1632;11,918;1,67825988878331
1633;11,922;1,56642722740321
1634;11,926;1,52772072383659
1635;11,930;1,35000376660062
1636;11,935;1,21740277696272
1637;11,939;1,18431495939771
1638;11,943;1,09347953570508
1639;11,947;1,04927920582579
1640;11,951;0,951430829605231
1641;11,955;0,911850308216142
1642;11,959;0,815146479144062
1643;11,963;0,811421498424479
1644;11,968;0,803534528074077
1645;11,972;0,782516480438441
1646;11,976;0,759687967313398
1647;11,980;0,708620354543249
1648;11,984;0,648999853081766
1649;11,988;0,60669322848449
1650;11,992;0,609065562574057
1651;11,996;0,613747800908729
1652;12,000;0,529717230262493
1653;12,005;0,524431503431352
1654;12,009;0,513423040857836
1655;12,013;0,470700217297479
1656;12,017;0,425792349180941
1657;12,021;0,436488662532146
1658;12,025;0,429538139848678
1659;12,029;0,412286692828933
1660;12,033;0,409498159776285
1661;12,038;0,405606699471469
1662;12,042;0,335289884658781
1663;12,046;0,36338331466681
1664;12,050;0,315978252771781
1665;12,054;0,333229699791526
1666;12,058;0,325758928404206
1667;12,062;0,330482786635185
1668;12,066;0,360490731873391
1669;12,071;0,401111750670184
1670;12,075;0,534961337197325
1671;12,079;0,953428584628024
1672;12,083;1,71725773162409
1673;12,087;3,1599698172512
1674;12,091;5,36792612634885
1675;12,095;8,82277290894358
1676;12,099;13,0979270378246
1677;12,104;18,4049216359782
1678;12,108;24,0052324533639
1679;12,112;29,4058926281591
1680;12,116;34,2143224884369
1681;12,120;38,5721129214379
1682;12,124;42,296698252006
1683;12,128;47,0156661451694
1684;12,132;52,6914338345617
1685;12,137;59,3041486296441
1686;12,141;66,0331077951152
1687;12,145;72,1938305162906
1688;12,149;76,4064299410204
1689;12,153;75,7728918794172
1690;12,157;71,4829002575023
1691;12,161;63,6756944383749
1692;12,165;54,4189092507295
1693;12,170;44,687157806415
1694;12,174;35,5278047960271
1695;12,178;28,2334601491574
1696;12,182;22,258299735672
1697;12,186;17,5535242271497
1698;12,190;14,1444801404422
1699;12,194;11,4671762606771
1700;12,198;9,48600676656274
1701;12,202;8,02152747516645
1702;12,207;6,80383335892957
1703;12,211;5,87935141218389
1704;12,215;5,20696117737692
1705;12,219;4,52196011398857
1706;12,223;4,00697632701918
1707;12,227;3,51498753276006
1708;12,231;3,19882199045489
1709;12,235;2,89162553580414
1710;12,240;2,62282343549769
1711;12,244;2,40500570816878
1712;12,248;2,18729203058063
1713;12,252;1,99201147710261
1714;12,256;1,91191398665749
1715;12,260;1,7107234079037
1716;12,264;1,64384023453644
1717;12,268;1,53154975429694
1718;12,273;1,46445848144814
1719;12,277;1,38109382914283
1720;12,281;1,30728094304026
1721;12,285;1,25850242456706
1722;12,289;1,14848022867636
1723;12,293;1,18021539961135
1724;12,297;1,10627765381985
1725;12,301;1,01413120339352
1726;12,306;0,992551287157723
1727;12,310;0,968141217972969
1728;12,314;0,888917745350329
1729;12,318;0,829505343370388
1730;12,322;0,79735397347231
1731;12,326;0,766680109893174
1732;12,330;0,757731832186913
1733;12,334;0,75710753374229
1734;12,339;0,717984831212591
1735;12,343;0,683232217795253
1736;12,347;0,615870415620447
1737;12,351;0,62717021746812
1738;12,355;0,657219782602634
1739;12,359;0,592750563221247
1740;12,363;0,585154932145002
1741;12,367;0,565135762020762
1742;12,371;0,521081101778543
1743;12,376;0,533567070671
1744;12,380;0,51069693764965
1745;12,384;0,501270031135844
1746;12,388;0,463687264769549
1747;12,392;0,470575357608554
1748;12,396;0,54805079458625
1749;12,400;0,781559222823352
1750;12,404;1,12463202809177
1751;12,409;1,90952084261977
1752;12,413;3,34538645530418
1753;12,417;5,5785644215646
1754;12,421;8,88430792563523
1755;12,425;13,0430303945941
1756;12,429;17,8801363634283
1757;12,433;22,5942347287236
1758;12,437;26,1547544280448
1759;12,442;29,0214704559085
1760;12,446;29,6038368550009
1761;12,450;28,307002505934
1762;12,454;25,9525233518833
1763;12,458;22,7608807935416
1764;12,462;18,8113607333759
1765;12,466;15,4758173835486
1766;12,470;12,5491478950529
1767;12,475;10,0571149837037
1768;12,479;7,9292977849475
1769;12,483;6,41997305527913
1770;12,487;5,19466249801785
1771;12,491;4,27771375250396
1772;12,495;3,48639466399633
1773;12,499;3,06253763999372
1774;12,503;2,62203265746784
1775;12,508;2,14402814836827
1776;12,512;1,93157938766311
1777;12,516;1,69222336399471
1778;12,520;1,57346098987929
1779;12,524;1,45284653037815
1780;12,528;1,25604685068488
1781;12,532;1,20539543687781
1782;12,536;1,09375006503109
1783;12,540;1,03566949973301
1784;12,545;1,00145794496768
1785;12,549;0,956362787317752
1786;12,553;0,875120749724164
1787;12,557;0,806427110867496
1788;12,561;0,758772329594618
1789;12,565;0,712262095470215
1790;12,569;0,728514664978564
1791;12,573;0,639219177449341
1792;12,578;0,615121257486899
1793;12,582;0,566009779843235
1794;12,586;0,507929214545155
1795;12,590;0,522142409134402
1796;12,594;0,519312256185445
1797;12,598;0,482166498730385
1798;12,602;0,493383060785442
1799;12,606;0,427249045551728
1800;12,611;0,434074708546271
1801;12,615;0,425501009906784
1802;12,619;0,407708504235033
1803;12,623;0,379864793604853
1804;12,627;0,376764111329893
1805;12,631;0,38213307795365
1806;12,635;0,366171847719459
1807;12,639;0,318725165928122
1808;12,644;0,297124439744171
1809;12,648;0,30748779392491
1810;12,652;0,271861162685099
1811;12,656;0,326404036796983
1812;12,660;0,309714458377398
1813;12,664;0,305344369265038
1814;12,668;0,312232462104044
1815;12,672;0,320285912039679
1816;12,677;0,29818574710003
1817;12,681;0,31404292759345
1818;12,685;0,302430976523465
1819;12,689;0,292275721824267
1820;12,693;0,230366126065834
1821;12,697;0,280851060287668
1822;12,701;0,242331846254438
1823;12,705;0,255025914628436
1824;12,709;0,22343641333052
1825;12,714;0,233758147614951
1826;12,718;0,250718255360539
1827;12,722;0,27252708102603
1828;12,726;0,259853822600186
1829;12,730;0,247097324381726
1830;12,734;0,222312676130199
1831;12,738;0,197028589122973
1832;12,742;0,220398160900022
1833;12,747;0,243497203351068
1834;12,751;0,258313886436783
1835;12,755;0,200399800723936
1836;12,759;0,223790182449139
1837;12,763;0,212864959668239
1838;12,767;0,211012874282525
1839;12,771;0,218733365047694
1840;12,775;0,218983084425543
1841;12,780;0,176842939413501
1842;12,784;0,195093263944642
1843;12,788;0,20641387574047
1844;12,792;0,168872729270482
1845;12,796;0,1903069758692
1846;12,800;0,163857531765345
1847;12,804;0,192325540840148
1848;12,808;0,173097148745764
1849;12,813;0,17409602625716
1850;12,817;0,169288928233564
1851;12,821;0,164481830209968
1852;12,825;0,152391250332439
1853;12,829;0,225787937471933
1854;12,833;0,294981015084299
1855;12,837;0,585716800745163
1856;12,841;1,12764947057411
1857;12,846;2,29275684782559
1858;12,850;4,62888162760431
1859;12,854;8,62187366946394
1860;12,858;15,5410773809598
1861;12,862;25,4141075632924
1862;12,866;37,9651699735755
1863;12,870;53,7228789148195
1864;12,874;69,7023178536453
1865;12,878;84,7235419197677
1866;12,883;94,8889934935616
1867;12,887;100
1868;12,891;97,7436605614441
1869;12,895;89,5531979271627
1870;12,899;78,4582700190661
1871;12,903;65,6964444538783
1872;12,907;52,773716369563
1873;12,911;41,7926188778693
1874;12,916;33,1690596026049
1875;12,920;26,2393260573431
1876;12,924;21,0285774694021
1877;12,928;17,252133748034
1878;12,932;14,1009457289038
1879;12,936;11,6922566599118
1880;12,940;9,84458298320595
1881;12,944;8,43799696757435
1882;12,949;7,26360835344615
1883;12,953;6,28400085404027
1884;12,957;5,51215987700488
1885;12,961;4,93145827376486
1886;12,965;4,43135359972564
1887;12,969;3,882574456954
1888;12,973;3,52489306808141
1889;12,977;3,29910513060948
1890;12,982;2,96629162978103
1891;12,986;2,69189165342113
1892;12,990;2,53873043500699
1893;12,994;2,37911813266508
1894;12,998;2,12342629969572
1895;13,002;2,08361686887693
1896;13,006;1,94036118578414
1897;13,010;1,79629391471334
1898;13,015;1,69261875300964
1899;13,019;1,59256452228475
1900;13,023;1,48116886981588
1901;13,027;1,45272167068923
1902;13,031;1,32646771523833
1903;13,035;1,27386016630478
1904;13,039;1,20298148289193
1905;13,043;1,13695151739899
1906;13,047;1,13204036963462
1907;13,052;1,04961216499625
1908;13,056;1,00763849956944
1909;13,060;0,992613717002185
1910;13,064;0,940255887446482
1911;13,068;0,969639534240064
1912;13,072;0,901944772894793
1913;13,076;0,814314081217898
1914;13,080;0,900716985953701
1915;13,085;0,844113926974562
1916;13,089;0,789071614106981
1917;13,093;0,887814818098162
1918;13,097;0,865131974610198
1919;13,101;0,920861015766865
1920;13,105;0,949162545256435
1921;13,109;1,00224872299753
1922;13,113;1,00840846765114
1923;13,118;1,13181146020493
1924;13,122;1,22474868866112
1925;13,126;1,52859474165906
1926;13,130;2,13589145864002
1927;13,134;3,27022092257159
1928;13,138;5,11587603430645
1929;13,142;7,69928542800028
1930;13,146;11,2214523928735
1931;13,151;15,2658658166219
1932;13,155;19,7109123622329
1933;13,159;23,2515377511188
1934;13,163;25,1981003014529
1935;13,167;26,0612969508848
1936;13,171;25,2245081256605
1937;13,175;23,1567484372769
1938;13,179;20,4760317260146
1939;13,184;17,3025770623595
1940;13,188;14,3113551146899
1941;13,192;11,4375428945056
1942;13,196;9,13460998203269
1943;13,200;7,45046087792177
1944;13,204;5,88055838917683
1945;13,208;4,93468381572874
1946;13,212;4,0825372487667
1947;13,216;3,4163275685615
1948;13,221;2,89811823962822
1949;13,225;2,4886825096964
1950;13,229;2,15295561612638
1951;13,233;2,09612364771754
1952;13,237;2,10996226324002
1953;13,241;2,45107893338195
1954;13,245;3,19601264745409
1955;13,249;4,68685814316162
1956;13,254;7,13591851157262
1957;13,258;10,825834468516
1958;13,262;15,751237047368
1959;13,266;21,3247446515312
1960;13,270;27,0036546430948
1961;13,274;31,6629396049523
1962;13,278;34,05645822174
1963;13,282;34,2447466326382
1964;13,287;32,402004913645
1965;13,291;29,3980680876532
1966;13,295;25,2321037567367
1967;13,299;20,998319804786
1968;13,303;17,4157623703696
1969;13,307;13,9878228507381
1970;13,311;11,2535829528234
1971;13,315;9,19645714794666
1972;13,320;7,59794098048984
1973;13,324;6,47938545725907
1974;13,328;5,44606748166748
1975;13,332;4,70525413732984
1976;13,336;4,00581096992255
1977;13,340;3,48679005301126
1978;13,344;3,13501868941444
1979;13,348;2,7536971994388
1980;13,353;2,53617081138404
1981;13,357;2,3685050591065
1982;13,361;2,09947404937035
1983;13,365;1,94071495490276
1984;13,369;1,78682538830323
1985;13,373;1,57156728459727
1986;13,377;1,50974092863145
1987;13,381;1,43476268543225
1988;13,385;1,35782830710656
1989;13,390;1,33733050817477
1990;13,394;1,13149931098262
1991;13,398;1,15894763259787
1992;13,402;1,03691809662225
1993;13,406;1,03377579445099
1994;13,410;0,998190783107483
1995;13,414;0,939173770142469
1996;13,418;0,902673121080186
1997;13,423;0,823324788768621
1998;13,427;0,822846159961077
1999;13,431;0,782849439608906
2000;13,435;0,764911264300076
2001;13,439;0,802119451599598
2002;13,443;0,744226175834905
2003;13,447;0,694386350005848
2004;13,451;0,669351982376471
2005;13,456;0,680027485779522
2006;13,460;0,653453181986742
2007;13,464;0,640259674857046
2008;13,468;0,644504904280481
2009;13,472;0,58219991950712
2010;13,476;0,550319078935047
2011;13,480;0,603967125276304
2012;13,484;0,541225131591707
2013;13,489;0,537957969731514
2014;13,493;0,549528300905191
2015;13,497;0,52081057245254
2016;13,501;0,515899424688173
2017;13,505;0,48229135841931
2018;13,509;0,471678284860721
2019;13,513;0,497253711142104
2020;13,517;0,522475368304867
2021;13,522;0,417822139037923
2022;13,526;0,484809362145955
2023;13,530;0,444999931327171
2024;13,534;0,456882411723159
2025;13,538;0,444937501482709
2026;13,542;0,496566982853019
2027;13,546;0,541370801228786
2028;13,550;0,695697376739556
2029;13,554;1,00306031097554
2030;13,559;1,73030556911671
2031;13,563;3,12688199968619
2032;13,567;5,38555215243537
2033;13,571;9,04186004310989
2034;13,575;13,7715866794689
2035;13,579;19,6461726135256
2036;13,583;26,1037076252228
2037;13,587;31,4959397710157
2038;13,592;35,4871005374377
2039;13,596;36,4300200982479
2040;13,600;35,0111978331017
2041;13,604;31,8879159544462
2042;13,608;27,5546812602671
2043;13,612;22,8427887494761
2044;13,616;18,780041761404
2045;13,620;15,0536667752946
2046;13,625;12,3579460914131
2047;13,629;9,95264904397017
2048;13,633;8,32281390454144
2049;13,637;6,9005579979498
2050;13,641;5,89404323558068
2051;13,645;5,09134110543277
2052;13,649;4,3196249880863
2053;13,653;3,87872461654549
2054;13,658;3,41457953291655
2055;13,662;3,09955853775986
2056;13,666;2,77871075712002
2057;13,670;2,54043685075563
2058;13,674;2,31079907287519
2059;13,678;2,08184802328383
2060;13,682;1,93703159407949
2061;13,686;1,78919772239279
2062;13,691;1,62690093673901
2063;13,695;1,64629580841862
2064;13,699;1,50932472966837
2065;13,703;1,41220470163321
2066;13,707;1,34742333302951
2067;13,711;1,28855198970157
2068;13,715;1,25184324115775
2069;13,719;1,21698657799964
2070;13,723;1,1873115919319
2071;13,728;1,16591896522949
2072;13,732;1,13253980839032
2073;13,736;1,08623767374746
2074;13,740;1,04952892520364
2075;13,744;1,01279936671166
2076;13,748;0,950536001834605
2077;13,752;0,919383509447925
2078;13,756;0,857307434104259
2079;13,761;0,782266761060591
2080;13,765;0,801952972014365
2081;13,769;0,833417613623357
2082;13,773;0,790965319389003
2083;13,777;0,760145786172788
2084;13,781;0,710638919514196
2085;13,785;0,75263339488916
2086;13,789;0,701024723467004
2087;13,794;0,736089486106654
2088;13,798;0,672723193977435
2089;13,802;0,670163570354481
2090;13,806;0,639614566464269
2091;13,810;0,608462074077589
2092;13,814;0,565323051554149
2093;13,818;0,638241109886099
2094;13,822;0,593291621873253
2095;13,827;0,609814720707605
2096;13,831;0,553294901521082
2097;13,835;0,59992999533441
2098;13,839;0,691764296538432
2099;13,843;0,979836408835571
2100;13,847;1,52378764363546
2101;13,851;2,57539756365451
2102;13,855;4,17974051659448
2103;13,860;6,9772634668458
2104;13,864;10,7731020598935
2105;13,868;15,2694035078081
2106;13,872;20,3679864751985
2107;13,876;24,8236669043163
2108;13,880;28,0857511371596
2109;13,884;29,7546257393254
2110;13,888;28,9666778624188
2111;13,892;27,0385529261492
2112;13,897;23,9880642461367
2113;13,901;20,3090943219224
2114;13,905;17,0056399121487
2115;13,909;13,9178181851478
2116;13,913;11,2459873217472
2117;13,917;9,14443227756142
2118;13,921;7,48100988181198
2119;13,925;6,31440418829341
2120;13,930;5,14136822079521
2121;13,934;4,52797418900511
2122;13,938;3,84276502613521
2123;13,942;3,35928750067112
2124;13,946;3,03567199692679
2125;13,950;2,60043193128389
2126;13,954;2,31812417462543
2127;13,958;2,15742975497951
2128;13,963;1,92283920943839
2129;13,967;1,79342214186808
2130;13,971;1,64442291308475
2131;13,975;1,50805532283097
2132;13,979;1,43472106553594
2133;13,983;1,39216472156081
2134;13,987;1,24695290334154
2135;13,991;1,20335606195871
2136;13,996;1,09999304947732
2137;14,000;1,07720615624858
2138;14,004;1,09599753943173
2139;14,008;1,00924086557731
2140;14,012;0,958194062755312
2141;14,016;0,948871205982277
2142;14,020;0,877805233036042
2143;14,024;0,869481253774404
2144;14,029;0,846715170493824
2145;14,033;0,82392827726509
2146;14,037;0,798019891813242
2147;14,041;0,752217195926078
2148;14,045;0,774879229465888
2149;14,049;0,766222291033784
2150;14,053;0,644983533088026
2151;14,057;0,709993811121419
2152;14,061;0,706976368639075
2153;14,066;0,687623116855767
2154;14,070;0,670496529524946
2155;14,074;0,649582531630081
2156;14,078;0,678903748579201
2157;14,082;0,651039228000867
2158;14,086;0,632393514454798
2159;14,090;0,627440746794123
2160;14,094;0,610980077804234
2161;14,099;0,592355174206319
2162;14,103;0,618513279036017
2163;14,107;0,59175168570985
2164;14,111;0,569089652170041
2165;14,115;0,552067114579991
2166;14,119;0,554626738202944
2167;14,123;0,614434529197814
2168;14,127;0,511321236094272
2169;14,132;0,517730700125734
2170;14,136;0,589691500842595
2171;14,140;0,542848307547727
2172;14,144;0,554168919343554
2173;14,148;0,483227806086244
2174;14,152;0,510863417234882
2175;14,156;0,48183353955992
2176;14,160;0,498772837357353
2177;14,165;0,504391523358959
2178;14,169;0,521747020119474
2179;14,173;0,508782422419473
2180;14,177;0,47548650537292
2181;14,181;0,486141198827817
2182;14,185;0,485662570020273
2183;14,189;0,494777327311767
2184;14,193;0,484185063701332
2185;14,198;0,501727849995234
2186;14,202;0,455758674522838
2187;14,206;0,451950454010639
2188;14,210;0,484018584116099
2189;14,214;0,465081531295873
2190;14,218;0,466975236577896
2191;14,222;0,45571705462653
2192;14,226;0,476173233662006
2193;14,230;0,508928092056551
2194;14,235;0,506555757966985
2195;14,239;0,588422094005195
2196;14,243;0,839806267706665
2197;14,247;1,26720098289547
2198;14,251;2,16244495248465
2199;14,255;3,79764905853714
2200;14,259;6,47503617809487
2201;14,263;10,959392715769
2202;14,268;17,5878398316558
2203;14,272;26,476184887233
2204;14,276;37,5976038593297
2205;14,280;50,6195745863919
2206;14,284;64,0345619942922
2207;14,288;75,9799508635504
2208;14,292;84,0423282669434
2209;14,296;88,2568630168515
2210;14,301;86,4853121304934
2211;14,305;82,0106114087627
2212;14,309;75,626889283168
2213;14,313;67,3132941856589
2214;14,317;58,8950874787791
2215;14,321;50,4197366542681
2216;14,325;42,5700577309582
2217;14,329;35,4477281155302
2218;14,334;29,3064418859307
2219;14,338;24,4951402528076
2220;14,342;20,0404170813049
2221;14,346;16,8619264101965
2222;14,350;14,190782275085
2223;14,354;12,0515612247404
2224;14,358;10,3975865454529
2225;14,362;9,04608446258517
2226;14,367;8,03432559328122
2227;14,371;7,13423290577214
2228;14,375;6,44638087948668
2229;14,379;5,86996612556639
2230;14,383;5,31931408746088
2231;14,387;4,9322074318984
2232;14,391;4,52510241615984
2233;14,395;4,13701769303412
2234;14,399;3,98466806259799
2235;14,404;3,60114071811801
2236;14,408;3,43609701930789
2237;14,412;3,23028663206388
2238;14,416;3,06715744848393
2239;14,420;2,90473580314122
2240;14,424;2,70554297941022
2241;14,428;2,62282343549769
2242;14,432;2,52091711938709
2243;14,437;2,37364511630056
2244;14,441;2,21446982286988
2245;14,445;2,15994775870615
2246;14,449;2,03369380325526
2247;14,453;2,03691934521914
2248;14,457;1,94976728234979
2249;14,461;1,92215248114931
2250;14,465;1,85741273244192
2251;14,470;1,78828208467401
2252;14,474;1,79727198227658
2253;14,478;1,72358395586293
2254;14,482;1,67066425770707
2255;14,486;1,56988167879679
2256;14,490;1,59250209244029
2257;14,494;1,48112724991957
2258;14,498;1,46647704641909
2259;14,503;1,46150346881026
2260;14,507;1,45138983400737
2261;14,511;1,43411757703947
2262;14,515;1,4083548612247
2263;14,519;1,40644034599452
2264;14,523;1,47858843624477
2265;14,527;1,56549077973627
2266;14,531;1,8469037086241
2267;14,536;2,45894509378419
2268;14,540;3,65901318393455
2269;14,544;5,48477398523409
2270;14,548;8,30437629047691
2271;14,552;11,8370730891161
2272;14,556;16,0192067497483
2273;14,560;20,6583684917407
2274;14,564;24,1242653568053
2275;14,568;26,7939736054942
2276;14,573;27,4845101150915
2277;14,577;26,6441627887328
2278;14,581;24,5494125975935
2279;14,585;21,6868377494124
2280;14,589;18,6858143161622
2281;14,593;16,1977144850141
2282;14,597;14,2329432300452
2283;14,601;13,6637079082381
2284;14,606;13,8852298063385
2285;14,610;15,5903553381887
2286;14,614;17,8511689155978
2287;14,618;21,046390785022
2288;14,622;24,249416385004
2289;14,626;27,2348115471905
2290;14,630;29,4788106864911
2291;14,634;30,5455702487663
2292;14,639;30,813997770006
2293;14,643;31,5426789145698
2294;14,647;33,1164728636195
2295;14,651;35,0142777054285
2296;14,655;37,3560211712089
2297;14,659;39,4384102531447
2298;14,663;40,9924555613962
2299;14,667;40,9096319677429
2300;14,672;39,3816823344766
2301;14,676;35,9106662221662
2302;14,680;31,6420047971092
2303;14,684;27,4369801935075
2304;14,688;22,9234689184695
2305;14,692;19,2065000289258
2306;14,696;16,013900212969
2307;14,700;13,5790738490954
2308;14,705;11,5920567595498
2309;14,709;9,97019183026407
2310;14,713;8,62661833764307
2311;14,717;7,52962192069995
2312;14,721;6,82882610666264
2313;14,725;6,16515524013223
2314;14,729;5,51642591637647
2315;14,733;5,05307161077739
2316;14,737;4,73218221024124
2317;14,742;4,31021889152065
2318;14,746;3,93928156567391
2319;14,750;3,71763480788464
2320;14,754;3,50193969526744
2321;14,758;3,29252918699278
2322;14,762;3,0603734053857
2323;14,766;2,84611417919113
2324;14,770;2,73051491719514
2325;14,775;2,61256413105772
2326;14,779;2,42096693840297
2327;14,783;2,3939348157508
2328;14,787;2,26108410673506
2329;14,791;2,17857266230407
2330;14,795;2,07993350805366
2331;14,799;2,00945021365574
2332;14,803;1,8748306590469
2333;14,808;1,85308426322587
2334;14,812;1,86361409699184
2335;14,816;1,80224555988541
2336;14,820;1,62875302212472
2337;14,824;1,60615341842937
2338;14,828;1,58994246881733
2339;14,832;1,517107650278
2340;14,836;1,54305765562616
2341;14,841;1,50154180905874
2342;14,845;1,48668350607671
2343;14,849;1,45330434923754
2344;14,853;1,42279696524364
2345;14,857;1,35541435312068
2346;14,861;1,39337169855375
2347;14,865;1,28274601416658
2348;14,869;1,26503674828745
2349;14,874;1,24210418542163
2350;14,878;1,22137747706015
2351;14,882;1,16034189912419
2352;14,886;1,2383583947539
2353;14,890;1,17218275962387
2354;14,894;1,16625192439996
2355;14,898;1,18614623483527
2356;14,902;1,14013543946657
2357;14,906;1,25687924861104
2358;14,911;1,3583069359141
2359;14,915;1,72712164704913
2360;14,919;2,29858363330874
2361;14,923;3,44602336457739
2362;14,927;5,31835682984579
2363;14,931;8,1859260655838
2364;14,935;12,2838626759845
2365;14,939;17,3047412969675
2366;14,944;23,1221623034448
2367;14,948;28,3539289390214
2368;14,952;32,3445902666878
2369;14,956;34,5673008290267
2370;14,960;34,0736472389153
2371;14,964;31,7204791115983
2372;14,968;28,105520587906
2373;14,972;24,4561424099668
2374;14,977;20,3423694290208
2375;14,981;17,2141972125491
2376;14,985;14,3432151453138
2377;14,989;11,9973304998508
2378;14,993;10,1756276384413
2379;14,997;8,93427261115322
2380;15,001;7,81588356750768
2381;15,005;6,87702194658752
2382;15,010;6,18723459512373
2383;15,014;5,5655998238646
2384;15,018;5,13044299801431
2385;15,022;4,65782826548666
2386;15,026;4,34588714265677
2387;15,030;4,00645607831533
2388;15,034;3,81042636670375
2389;15,038;3,56928068749409
2390;15,043;3,34035044785089
2391;15,047;3,1185788303727
2392;15,051;2,963315807195
2393;15,055;2,84630146872452
2394;15,059;2,67590961323879
2395;15,063;2,5867806052948
2396;15,067;2,48624774576237
2397;15,071;2,39037631461645
2398;15,075;2,3075735309113
2399;15,080;2,26574553512157
2400;15,084;2,13903376081129
2401;15,088;2,14009506816715
2402;15,092;2,00410205698014
2403;15,096;1,9340765814416
2404;15,100;1,98191865224787
2405;15,104;1,79258974394191
2406;15,108;1,8032028175005
2407;15,113;1,69944441600418
2408;15,117;1,65996794435586
2409;15,121;1,63083401694013
2410;15,125;1,53402613812728
2411;15,129;1,60964948971926
2412;15,133;1,54083099117367
2413;15,137;1,53236134227495
2414;15,141;1,49380050834541
2415;15,146;1,46395904269244
2416;15,150;1,49571502357559
2417;15,154;1,4530546298597
2418;15,158;1,44539656893899
2419;15,162;1,37337333837766
2420;15,166;1,29648057994828
2421;15,170;1,3890432293377
2422;15,174;1,30232817537958
2423;15,179;1,24274929381441
2424;15,183;1,26553618704314
2425;15,187;1,22678806358022
2426;15,191;1,26493269854667
2427;15,195;1,35539354317253
2428;15,199;1,47808899748907
2429;15,203;1,74185509034223
2430;15,207;2,46845524009061
2431;15,212;3,56965526656087
2432;15,216;5,43539197826443
2433;15,220;8,34456030036247
2434;15,224;12,0907879770108
2435;15,228;16,8204938034217
2436;15,232;21,5355910462285
2437;15,236;25,6576255765916
2438;15,240;28,3698485493593
2439;15,244;29,3177000678821
2440;15,249;28,5539957805749
2441;15,253;26,4278017577747
2442;15,257;23,1775375754829
2443;15,261;19,9751362739455
2444;15,265;16,7631207763609
2445;15,269;14,2264921461175
2446;15,273;11,8827301153662
2447;15,277;9,97273064393887
2448;15,282;8,62172799982686
2449;15,286;7,59792017054169
2450;15,290;6,75062232149955
2451;15,294;5,96825151069819
2452;15,298;5,66796395883459
2453;15,302;5,59063419149398
2454;15,306;6,15656073154459
2455;15,310;7,25168425315385
2456;15,315;9,01767888335483
2457;15,319;11,4645333972615
2458;15,323;14,4699269196241
2459;15,327;17,5694438374876
2460;15,331;20,7181346628393
2461;15,335;22,9193693586832
2462;15,339;23,6958509541569
2463;15,343;23,6359807333176
2464;15,348;22,2097501266285
2465;15,352;20,1941817882155
2466;15,356;17,7872407548684
2467;15,360;15,2179196960749
2468;15,364;12,861380357157
2469;15,368;10,8082292523776
2470;15,372;9,19011011375966
2471;15,376;7,72394521656289
2472;15,381;6,67231448659569
2473;15,385;5,72596128434006
2474;15,389;5,0876577446095
2475;15,393;4,48554270471891
2476;15,397;3,99118157637022
2477;15,401;3,69309987901096
2478;15,405;3,33679194671654
2479;15,409;3,10249274044959
2480;15,413;2,85803827948343
2481;15,418;2,74427029292499
2482;15,422;2,53367361760555
2483;15,426;2,37198032044823
2484;15,430;2,26293619212077
2485;15,434;2,20855979759412
2486;15,438;2,14567213427244
2487;15,442;1,97399006200116
2488;15,446;1,9111856384721
2489;15,451;1,83939131734047
2490;15,455;1,82276416876535
2491;15,459;1,67570026516036
2492;15,463;1,7231469469517
2493;15,467;1,64042740303917
2494;15,471;1,59785024911589
2495;15,475;1,56555320958073
2496;15,479;1,5097201186833
2497;15,484;1,48177235831235
2498;15,488;1,43688530014396
2499;15,492;1,47224140205777
2500;15,496;1,41141392360335
2501;15,500;1,34438508059901
2502;15,504;1,38895998954508
2503;15,508;1,3346876447592
2504;15,512;1,39156123306434
2505;15,517;1,32975568704668
2506;15,521;1,31639570033175
2507;15,525;1,27336072754908
2508;15,529;1,29279721912501
2509;15,533;1,28905142845727
2510;15,537;1,23367615641922
2511;15,541;1,25099003328343
2512;15,545;1,20325201221794
2513;15,550;1,16797915009675
2514;15,554;1,16250613373222
2515;15,558;1,15940545145726
2516;15,562;1,11068936282852
2517;15,566;1,18993364539932
2518;15,570;1,19802871523126
2519;15,574;1,24208337547348
2520;15,578;1,401508388282
2521;15,582;1,77244571412875
2522;15,587;2,42408843062608
2523;15,591;3,50533171681656
2524;15,595;5,25534430683519
2525;15,599;7,90157893400624
2526;15,603;12,2766416239751
2527;15,607;18,0372722819398
2528;15,611;25,5320375394817
2529;15,615;34,8408684074604
2530;15,620;44,3255641472895
2531;15,624;53,5496569063848
2532;15,628;60,0497066421609
2533;15,632;63,6396724181201
2534;15,636;62,9139046662979
2535;15,640;58,9068034795898
2536;15,644;52,4939058066831
2537;15,648;45,6055424383516
2538;15,653;38,6402863115907
2539;15,657;31,7244121917995
2540;15,661;26,9057438370298
2541;15,665;22,6857360707572
2542;15,669;19,4136422528517
2543;15,673;16,7778958395503
2544;15,677;14,5001013444475
2545;15,681;12,8060883249115
2546;15,686;11,4307380414592
2547;15,690;10,2711869203649
2548;15,694;9,22523730624378
2549;15,698;8,43385578789169
2550;15,702;7,79105729935984
2551;15,706;7,14355576254517
2552;15,710;6,72433935698093
2553;15,714;6,22487979133449
2554;15,719;5,72288141201325
2555;15,723;5,42644370055816
2556;15,727;5,1405566328172
2557;15,731;4,83275668966998
2558;15,735;4,51885943171361
2559;15,739;4,32347482849481
2560;15,743;4,07733476172817
2561;15,747;3,91249916239959
2562;15,751;3,76872323060294
2563;15,756;3,60216040557757
2564;15,760;3,45717749678798
2565;15,764;3,32478460663163
2566;15,768;3,21742608410465
2567;15,772;3,06605452123177
2568;15,776;2,89786852025037
2569;15,780;2,83631269361056
2570;15,784;2,74487378142146
2571;15,789;2,76682827672403
2572;15,793;2,59835093646848
2573;15,797;2,53669106008789
2574;15,801;2,50202168646317
2575;15,805;2,3830095929699
2576;15,809;2,38800398052688
2577;15,813;2,32940316652495
2578;15,817;2,27334116619782
2579;15,822;2,2750267719983
2580;15,826;2,16633641278946
2581;15,830;2,09252352668689
2582;15,834;2,12902417574917
2583;15,838;2,05539857917998
2584;15,842;2,00175053283872
2585;15,846;1,97594619712764
2586;15,850;1,97521784894225
2587;15,855;1,89686839414208
2588;15,859;1,87574629676568
2589;15,863;1,83870458905139
2590;15,867;1,87335315272796
2591;15,871;1,86084637388734
2592;15,875;1,7750053377517
2593;15,879;1,74741134649937
2594;15,883;1,73800524993372
2595;15,888;1,73126282673179
2596;15,892;1,68997588959407
2597;15,896;1,65357929027256
2598;15,900;1,68487745229632
2599;15,904;1,59468713699647
2600;15,908;1,5579991984008
2601;15,912;1,52137368964959
2602;15,916;1,58324166551171
2603;15,920;1,57872590676228
2604;15,925;1,46668514590063
2605;15,929;1,48603839768394
2606;15,933;1,42737515383754
2607;15,937;1,42566873808891
2608;15,941;1,49792087807992
2609;15,945;1,49846193673193
2610;15,949;1,44710298468762
2611;15,953;1,39757530808088
2612;15,958;1,47981622318586
2613;15,962;1,57148404480465
2614;15,966;1,6855641805854
2615;15,970;2,04869777587436
2616;15,974;2,61424973685821
2617;15,978;3,59015306549265
2618;15,982;5,1313586357331
2619;15,986;7,21004354689751
2620;15,991;10,1978318531217
2621;15,995;13,7877143892884
2622;15,999;17,6793619836376
2623;16,003;22,0011303963837
2624;16,007;25,1961233563783
2625;16,011;27,3809181931804
2626;16,015;28,3123090427132
2627;16,019;27,5874361186617
2628;16,024;26,0426720472869
2629;16,028;23,5857247085255
2630;16,032;21,166713905249
2631;16,036;18,3498168932662
2632;16,040;15,9738410627724
2633;16,044;14,0554343722908
2634;16,048;12,0939302791821
2635;16,052;10,7747668557459
2636;16,057;9,43065230447285
2637;16,061;8,32753776277242
2638;16,065;7,6094280718709
2639;16,069;6,7841887678721
2640;16,073;6,25609471356563
2641;16,077;5,78381294020844
2642;16,081;5,37194244634259
2643;16,085;4,84332814333226
2644;16,089;4,62990131506386
2645;16,094;4,32022847658277
2646;16,098;4,07019694951132
2647;16,102;3,87354293945512
2648;16,106;3,63302155869009
2649;16,110;3,49126419186439
2650;16,114;3,33389936392312
2651;16,118;3,26304149045843
2652;16,122;3,06907196371411
2653;16,127;2,85664401295711
2654;16,131;2,73879727656047
2655;16,135;2,8019762791563
2656;16,139;2,60319965438838
2657;16,143;2,45276453918243
2658;16,147;2,40130153739735
2659;16,151;2,39768060641854
2660;16,155;2,30416069941403
2661;16,160;2,30763596075577
2662;16,164;2,15684707643119
2663;16,168;2,10865123650631
2664;16,172;2,08542733436634
2665;16,176;2,05560667866152
2666;16,180;2,00329046900213
2667;16,184;1,90798090645637
2668;16,188;1,91491061919168
2669;16,193;1,87518442816552
2670;16,197;1,84063991422972
2671;16,201;1,87705732349938
2672;16,205;1,76753456636438
2673;16,209;1,72377124539632
2674;16,213;1,67753154059792
2675;16,217;1,70591630988011
2676;16,221;1,68421153395538
2677;16,226;1,63185370439968
2678;16,230;1,65580595472504
2679;16,234;1,57418933806468
2680;16,238;1,59250209244029
2681;16,242;1,51115600510593
2682;16,246;1,50048050170288
2683;16,250;1,5016042389032
2684;16,254;1,4906790161223
2685;16,258;1,52859474165906
2686;16,263;1,44991232768843
2687;16,267;1,45725823938682
2688;16,271;1,46810022237511
2689;16,275;1,36552798792357
2690;16,279;1,41291223987045
2691;16,283;1,37541271329677
2692;16,287;1,35179342214187
2693;16,291;1,3196836721401
2694;16,296;1,32965163730591
2695;16,300;1,38086491971314
2696;16,304;1,36762979268713
2697;16,308;1,3161459809539
2698;16,312;1,35728724845455
2699;16,316;1,34209598630206
2700;16,320;1,27546253231265
2701;16,324;1,31221290075278
2702;16,329;1,2627892738868
2703;16,333;1,33651892019676
2704;16,337;1,3484222105409
2705;16,341;1,26168634663464
2706;16,345;1,31264990966401
2707;16,349;1,23771328636112
2708;16,353;1,31373202696803
2709;16,357;1,25525607265502
2710;16,362;1,23140787207043
2711;16,366;1,21885947333351
2712;16,370;1,23604849050879
2713;16,374;1,21282458836882
2714;16,378;1,24408113049627
2715;16,382;1,18262935359723
2716;16,386;1,19686335813463
2717;16,390;1,15185144027732
2718;16,395;1,1832328420937
2719;16,399;1,08773599001455
2720;16,403;1,10452961817491
2721;16,407;1,12292561234313
2722;16,411;1,13043800362676
2723;16,415;1,12074056778695
2724;16,419;1,13582778019867
2725;16,423;1,26002155078231
2726;16,427;1,28001991095839
2727;16,432;1,34249137531699
2728;16,436;1,46306421492181
2729;16,440;1,6093581504451
2730;16,444;1,77619150479648
2731;16,448;1,94181788215493
2732;16,452;2,09223218741273
2733;16,456;2,27415275417583
2734;16,460;2,46475106931919
2735;16,465;2,51475737473348
2736;16,469;2,47363691718098
2737;16,473;2,54946836825451
2738;16,477;2,34382446059574
2739;16,481;2,32973612569542
2740;16,485;2,15580657902349
2741;16,489;2,04626301194033
2742;16,493;1,8761000658843
2743;16,498;1,77082253817273
2744;16,502;1,68086113230257
2745;16,506;1,61023216826758
2746;16,510;1,46073350072856
2747;16,514;1,4286653706231
2748;16,518;1,40256969563786
2749;16,522;1,2607498989677
2750;16,526;1,25173919141698
2751;16,531;1,16113267715405
2752;16,535;1,15676258804169
2753;16,539;1,18616704478342
2754;16,543;1,1542653942632
2755;16,547;1,09772476512852
2756;16,551;1,09545648077972
2757;16,555;1,1524965486701
2758;16,559;1,13287276756079
2759;16,564;1,06347159046688
2760;16,568;1,08725736120701
2761;16,572;1,06904865657218
2762;16,576;1,08201325427218
2763;16,580;1,01587923903846
2764;16,584;1,02705418119721
2765;16,588;1,03088321165757
2766;16,592;1,02187250410684
2767;16,596;1,05152668022643
2768;16,601;1,03691809662225
2769;16,605;1,02501480627811
2770;16,609;0,999252090463342
2771;16,613;1,00528697542803
2772;16,617;1,02790738907153
2773;16,621;0,975445509775057
2774;16,625;1,00509968589464
2775;16,629;1,04524207588389
2776;16,634;1,00624423304312
2777;16,638;0,962689011556597
2778;16,642;1,00942815511069
2779;16,646;0,962397672282439
2780;16,650;0,997941063729634
2781;16,654;0,940235077498328
2782;16,658;0,993508544772811
2783;16,662;1,00609856340604
2784;16,667;0,930620881451136
2785;16,671;0,984414597429472
2786;16,675;1,028510877568
2787;16,679;0,987203130482121
2788;16,683;1,00070878683413
2789;16,687;0,964624336734927
2790;16,691;0,975820088841831
2791;16,695;1,0084292775993
2792;16,700;0,962897111038137
2793;16,704;0,973177225426261
2794;16,708;1,00676448174697
2795;16,712;0,98653721214119
2796;16,716;0,974196912885811
2797;16,720;0,999585049633807
2798;16,724;0,923711978663976
2799;16,728;0,963313310001219
2800;16,733;0,978400522412938
2801;16,737;1,01438092277137
2802;16,741;1,01854291240219
2803;16,745;0,948996065671202
2804;16,749;0,980960146035892
2805;16,753;0,951451639553385
2806;16,757;0,932681066318391
2807;16,761;0,95686222607345
2808;16,765;1,00697258122851
2809;16,770;0,965935363468635
2810;16,774;0,905773803355146
2811;16,778;0,963105210519678
2812;16,782;0,996609227047772
2813;16,786;0,930912220725293
2814;16,790;0,944293017388376
2815;16,794;0,901195614761245
2816;16,798;0,928123687672645
2817;16,803;0,868107797196234
2818;16,807;0,972053488225939
2819;16,811;0,862718020624323
2820;16,815;0,943210900084363
2821;16,819;0,949370644737976
2822;16,823;0,879449218940216
2823;16,827;0,967163150409727
2824;16,831;0,950078182975215
2825;16,836;0,903130939939576
2826;16,840;0,936447666934283
2827;16,844;0,876410966509718
2828;16,848;0,957548954362535
2829;16,852;0,93455396165226
2830;16,856;0,842511560966697
2831;16,860;0,88856397623171
2832;16,864;0,863238269328176
2833;16,869;0,90625243216269
2834;16,873;0,937758693667991
2835;16,877;0,871041999885961
2836;16,881;0,889333944313411
2837;16,885;0,912765945934922
2838;16,889;0,911579778890139
2839;16,893;0,915908248106191
2840;16,897;0,930308732228824
2841;16,902;0,905087075066061
2842;16,906;0,906897540555467
2843;16,910;0,945416754588698
2844;16,914;0,917281704684361
2845;16,918;0,936343617193512
2846;16,922;0,959609139229791
2847;16,926;0,915179899920797
2848;16,930;0,928976895546962
2849;16,934;0,956425217162214
2850;16,939;0,876390156561564
2851;16,943;0,915596098883879
2852;16,947;0,932972405592549
2853;16,951;0,914472361683558
2854;16,955;0,860366496482911
2855;16,959;0,917323324580669
2856;16,963;0,906751870918389
2857;16,967;0,940463986928023
2858;16,972;0,903214179732193
2859;16,976;0,92535596456815
2860;16,980;0,882758000696717
2861;16,984;0,918675971210685
2862;16,988;0,884589276134277
2863;16,992;0,878013332517583
2864;16,996;0,866588670980985
2865;17,000;0,875412088998321
2866;17,005;0,905107885014215
2867;17,009;0,902673121080186
2868;17,013;0,8974082041972
2869;17,017;0,88348634888211
2870;17,021;0,858139832030422
2871;17,025;0,9217974634338
2872;17,029;0,840971624803294
2873;17,033;0,889167464728178
2874;17,038;0,915720958572804
2875;17,042;0,900592126264777
2876;17,046;0,841471063558992
2877;17,050;0,911517349045676
2878;17,054;0,878637630962206
2879;17,058;0,86671353066991
2880;17,062;0,911413299304906
2881;17,066;0,888147777268628
2882;17,071;0,961024215704269
2883;17,075;0,87636934661341
2884;17,079;0,916470116706351
2885;17,083;0,907334549466703
2886;17,087;0,918301392143912
2887;17,091;0,95513500037666
2888;17,095;0,967766638906196
2889;17,099;0,933451034400093
2890;17,104;1,0183556228688
2891;17,108;1,10638170356062
2892;17,112;1,30634449537332
2893;17,116;1,52857393171091
2894;17,120;1,90900059391592
2895;17,124;2,57337899868356
2896;17,128;3,55706524792764
2897;17,132;4,76079588895312
2898;17,136;6,22897935112084
2899;17,141;7,88274593092679
2900;17,145;9,61257287123595
2901;17,149;11,1589393086186
2902;17,153;12,6780239039712
2903;17,157;13,7800147084714
2904;17,161;14,2474685738568
2905;17,165;14,284094082608
2906;17,169;14,0805103598165
2907;17,174;13,195088685756
2908;17,178;12,3154105573861
2909;17,182;11,0239035550467
2910;17,186;9,97576889636937
2911;17,190;8,98167767304824
2912;17,194;7,93173254888153
2913;17,198;7,02878889847534
2914;17,202;6,20296691592823
2915;17,207;5,59361001408001
2916;17,211;5,06549514982538
2917;17,215;4,61287877747381
2918;17,219;4,08911319238339
2919;17,223;3,70598123691835
2920;17,227;3,45838447378092
2921;17,231;3,24314718002312
2922;17,235;2,87585159510334
2923;17,240;2,78849143275244
2924;17,244;2,6439455328741
2925;17,248;2,49552898263909
2926;17,252;2,3507333633829
2927;17,256;2,15674302669042
2928;17,260;2,12532000497774
2929;17,264;2,05065391100085
2930;17,268;1,93351471284144
2931;17,273;1,87557981718044
2932;17,277;1,81423209002217
2933;17,281;1,80723994744239
2934;17,285;1,74736972660306
2935;17,289;1,67996630453195
2936;17,293;1,63626541340835
2937;17,297;1,62773333466517
2938;17,301;1,53808407801733
2939;17,305;1,57941263505136
2940;17,310;1,45016204706628
2941;17,314;1,4665602862117
2942;17,318;1,45317948954862
2943;17,322;1,48868126109951
2944;17,326;1,32609313617156
2945;17,330;1,39522378393946
2946;17,334;1,28401542100398
2947;17,338;1,43228630160191
2948;17,343;1,36267702502646
2949;17,347;1,29448282492549
2950;17,351;1,26782528134009
2951;17,355;1,349649997482
2952;17,359;1,26686802372501
2953;17,363;1,18473115836079
2954;17,367;1,23577796118279
2955;17,371;1,20079643833575
2956;17,376;1,16175697559867
2957;17,380;1,21392751562099
2958;17,384;1,13724285667315
2959;17,388;1,19226435959257
2960;17,392;1,15950950119803
2961;17,396;1,14831374909113
2962;17,400;1,14177942537074
2963;17,404;1,12117757669819
2964;17,409;1,11360275557009
2965;17,413;1,15601342990814
2966;17,417;1,08813137902948
2967;17,421;1,09114882151183
2968;17,425;1,10600712449385
2969;17,429;1,10887889733912
2970;17,433;1,09343791580878
2971;17,437;1,0793287709603
2972;17,442;1,10463366791568
2973;17,446;1,01515089085307
2974;17,450;1,06363807005211
2975;17,454;1,11060612303591
2976;17,458;1,06929837595003
2977;17,462;1,0404349778603
2978;17,466;1,10136650605549
2979;17,470;1,00368460942016
2980;17,474;1,04253678262386
2981;17,479;1,03997715900091
2982;17,483;1,04255759257201
2983;17,487;1,0069309613322
2984;17,491;1,03646027776286
2985;17,495;0,958090013014542
2986;17,499;0,992884246328189
2987;17,503;0,993383685083887
2988;17,507;0,993487734824657
2989;17,512;0,998398882589024
2990;17,516;0,994424182491592
2991;17,520;1,01612895841631
2992;17,524;0,89969729849415
2993;17,528;0,955676059028666
2994;17,532;0,974966880967513
2995;17,536;1,01839724276511
2996;17,540;0,978795911427866
2997;17,545;0,998419692537178
2998;17,549;1,02595125394505
2999;17,553;1,01140510018533
3000;17,557;0,97215753796671
3001;17,561;0,972906696100257
3002;17,565;0,952929145872326
3003;17,569;0,935032590459804
3004;17,573;0,994673901869441
3005;17,578;0,983977588518236
3006;17,582;0,996130598240228
3007;17,586;0,96087854606719
3008;17,590;1,00555750475403
3009;17,594;0,975861708738139
3010;17,598;1,07814260391552
3011;17,602;0,988222817941671
3012;17,606;0,929642813887893
3013;17,611;0,947289649922566
3014;17,615;0,971991058381477
3015;17,619;0,936551716675053
3016;17,623;0,991448359905556
3017;17,627;1,04907110634425
3018;17,631;1,01945855012097
3019;17,635;0,99629707782546
3020;17,639;0,990074903327386
3021;17,643;1,01496360131968
3022;17,648;0,977047875782922
3023;17,652;0,982687371732682
3024;17,656;0,965893743572327
3025;17,660;1,01433930287506
3026;17,664;0,938944860712774
3027;17,668;0,949661984012133
3028;17,672;0,943439809514058
3029;17,676;0,949994943182598
3030;17,681;0,972303207603789
3031;17,685;0,916303637121118
3032;17,689;0,91717765494359
3033;17,693;0,955634439132358
3034;17,697;0,865485743728818
3035;17,701;0,92419060747152
3036;17,705;0,955530389391588
3037;17,709;0,913431864275853
3038;17,714;0,975029310811975
3039;17,718;0,929060135339579
3040;17,722;0,939444299468472
3041;17,726;0,877721993243426
3042;17,730;0,89120683964728
3043;17,734;0,953158055302021
3044;17,738;0,917968432973446
3045;17,742;0,937342494704909
3046;17,747;0,922546621567347
3047;17,751;0,970575981906999
3048;17,755;0,901133184916783
