#"+EI TIC Scan 110C_1ml-min_10C-min_1.d "
#Point;X(Minutes);Y(Counts)
0;5,591;0,538038856207445
1;5,595;0,514503266001468
2;5,599;0,575002727941985
3;5,603;0,6262405947883
4;5,607;0,773332876785513
5;5,612;1,02972848262275
6;5,616;1,47591459282913
7;5,620;2,08208496038657
8;5,624;2,76366822697385
9;5,628;3,43221512808332
10;5,632;3,86687065553323
11;5,636;4,31167474598167
12;5,640;4,51179945779446
13;5,645;4,60383784824062
14;5,649;4,41875033648056
15;5,653;4,30540408916956
16;5,657;4,12283309099857
17;5,661;4,03989127836209
18;5,665;3,86313713947075
19;5,669;3,61055755833825
20;5,673;3,42483060460064
21;5,677;3,2575855867303
22;5,682;3,09634307258471
23;5,686;2,98357438576957
24;5,690;2,81668002962885
25;5,694;2,60673678938658
26;5,698;2,53901782124791
27;5,702;2,40531256645813
28;5,706;2,30720979080553
29;5,710;2,15042274334222
30;5,715;1,95859015007703
31;5,719;1,83381645581239
32;5,723;1,71205432699041
33;5,727;1,64577926009137
34;5,731;1,48228838544407
35;5,735;1,37154116036442
36;5,739;1,2577823698421
37;5,743;1,20307914002067
38;5,748;1,08059506057888
39;5,752;1,01807413690288
40;5,756;0,995796803491436
41;5,760;0,881274808028173
42;5,764;0,832182165880737
43;5,768;0,795383311430727
44;5,772;0,72985082231207
45;5,776;0,693464511073382
46;5,781;0,684347306103144
47;5,785;0,655345518347137
48;5,789;0,642969222007448
49;5,793;0,624837947869802
50;5,797;0,567989493349494
51;5,801;0,579128160055215
52;5,805;0,513059364761838
53;5,809;0,523909251219632
54;5,814;0,519144377128852
55;5,818;0,500126135086862
56;5,822;0,498785369650062
57;5,826;0,473702742401624
58;5,830;0,453467497886232
59;5,834;0,448537606510922
60;5,838;0,453880041097555
61;5,842;0,43997733487597
62;5,846;0,443463325011649
63;5,851;0,428549887922323
64;5,855;0,435006189179528
65;5,859;0,432716574356685
66;5,863;0,402147122397652
67;5,867;0,437687720053127
68;5,871;0,428611769404022
69;5,875;0,427889818784206
70;5,879;0,411883142184874
71;5,884;0,430179433607049
72;5,888;0,394267547061383
73;5,892;0,438739705242001
74;5,896;0,399444964363486
75;5,900;0,402374021163879
76;5,904;0,386800514936436
77;5,908;0,387171803826627
78;5,912;0,393834376689493
79;5,917;0,389069502598713
80;5,921;0,389378910007205
81;5,925;0,416586134793956
82;5,929;0,416751152078486
83;5,933;0,401775833507461
84;5,937;0,401322035975006
85;5,941;0,385954801353224
86;5,945;0,418298189120947
87;5,950;0,412997008855446
88;5,954;0,363409314854423
89;5,958;0,352806954323422
90;5,962;0,383500169245852
91;5,966;0,394143784097986
92;5,970;0,3536732950672
93;5,974;0,340843201195055
94;5,978;0,386862396418135
95;5,983;0,370154396359554
96;5,987;0,38201501368509
97;5,991;0,346866332080371
98;5,995;0,383520796406419
99;5,999;0,365038860539149
100;6,003;0,37735327539714
101;6,007;0,37215523093447
102;6,011;0,384304628507932
103;6,015;0,368401087711431
104;6,020;0,387604974198516
105;6,024;0,379477872935453
106;6,028;0,398021690284422
107;6,032;0,353363887658708
108;6,036;0,375414322303922
109;6,040;0,37852902354941
110;6,044;0,364832588933487
111;6,048;0,356024791371741
112;6,053;0,370051260556723
113;6,057;0,370938228461067
114;6,061;0,381973759363957
115;6,065;0,38731619395059
116;6,069;0,335521393768989
117;6,073;0,351321798762659
118;6,077;0,36417251979537
119;6,081;0,376074391442039
120;6,086;0,377683309966198
121;6,090;0,364523181524995
122;6,094;0,334902578952004
123;6,098;0,356107300014006
124;6,102;0,319989141862678
125;6,106;0,360769038301956
126;6,110;0,350290440734352
127;6,114;0,370649448213141
128;6,119;0,392039813720238
129;6,123;0,374547981560144
130;6,127;0,397774164357628
131;6,131;0,402497784127276
132;6,135;0,400125660662169
133;6,139;0,419824599002842
134;6,143;0,400723848318587
135;6,147;0,400476322391793
136;6,152;0,403879803885208
137;6,156;0,41324453478224
138;6,160;0,401652070544064
139;6,164;0,351528070368321
140;6,168;0,389007621117014
141;6,172;0,371680806241449
142;6,176;0,354993433343434
143;6,180;0,372010840810507
144;6,184;0,386924277899833
145;6,189;0,321763077671367
146;6,193;0,347712045663583
147;6,197;0,374011675385424
148;6,201;0,363986875350275
149;6,205;0,363615586460084
150;6,209;0,344349818491301
151;6,213;0,341420761690907
152;6,217;0,356375453101366
153;6,222;0,326280425835354
154;6,226;0,329395127080842
155;6,230;0,323206978910997
156;6,234;0,312975907270187
157;6,238;0,343421596265824
158;6,242;0,325806001142332
159;6,246;0,338471077729948
160;6,250;0,312728381343393
161;6,255;0,307220929472231
162;6,259;0,296866094868024
163;6,263;0,290842963982709
164;6,267;0,306065808480527
165;6,271;0,315760573946617
166;6,275;0,28970847015157
167;6,279;0,314048519619627
168;6,283;0,305735773911469
169;6,288;0,289151536816284
170;6,292;0,302126020812392
171;6,296;0,298990692406338
172;6,300;0,325537848054972
173;6,304;0,306498978852416
174;6,308;0,305900791195998
175;6,312;0,349259082706044
176;6,316;0,350393576537182
177;6,321;0,370958855621633
178;6,325;0,366689033384441
179;6,329;0,419102648383027
180;6,333;0,372753418590889
181;6,337;0,374259201312217
182;6,341;0,388698213708522
183;6,345;0,38570727542643
184;6,349;0,398640505101406
185;6,353;0,385129714930578
186;6,358;0,337398465380508
187;6,362;0,358314406194584
188;6,366;0,342142712310723
189;6,370;0,347051976525466
190;6,374;0,335438885126724
191;6,378;0,296391670175003
192;6,382;0,294060801031028
193;6,386;0,305529502305807
194;6,391;0,299361981296528
195;6,395;0,299815778828984
196;6,399;0,258025151521965
197;6,403;0,275929526893383
198;6,407;0,283479067660593
199;6,411;0,280158094809443
200;6,415;0,259345289798198
201;6,419;0,262934415736708
202;6,424;0,265347793522948
203;6,428;0,261820549066136
204;6,432;0,261552395978776
205;6,436;0,257468218186679
206;6,440;0,289894114596666
207;6,444;0,271288415765999
208;6,448;0,288924638050057
209;6,452;0,261841176226702
210;6,457;0,251362578659098
211;6,461;0,249011082354557
212;6,465;0,233004405755225
213;6,469;0,244906277401894
214;6,473;0,280900672589825
215;6,477;0,248825437909462
216;6,481;0,27095838119694
217;6,485;0,244246208263777
218;6,490;0,253837837927036
219;6,494;0,254312262620058
220;6,498;0,240553946522436
221;6,502;0,242121610725463
222;6,506;0,233437576127114
223;6,510;0,226651240300851
224;6,514;0,223082741522907
225;6,518;0,232179319332579
226;6,522;0,237707398364307
227;6,527;0,225331102024618
228;6,531;0,236799803299397
229;6,535;0,238594366268652
230;6,539;0,230879808216912
231;6,543;0,217183373600989
232;6,547;0,229951585991435
233;6,551;0,235397156380899
234;6,555;0,223350894610267
235;6,560;0,228466430430672
236;6,564;0,2380168057728
237;6,568;0,221989502012901
238;6,572;0,211469650124165
239;6,576;0,225558000790845
240;6,580;0,224547269923104
241;6,584;0,227311309438968
242;6,588;0,224444134120273
243;6,593;0,21685333903193
244;6,597;0,227661971168593
245;6,601;0,218152850147598
246;6,605;0,251898884833818
247;6,609;0,246391432962656
248;6,613;0,240038267508282
249;6,617;0,250351847791357
250;6,621;0,245545719379444
251;6,626;0,278095378752828
252;6,630;0,247464045312096
253;6,634;0,268998800943156
254;6,638;0,264563961421434
255;6,642;0,300352085003704
256;6,646;0,389667690255131
257;6,650;0,608212456453486
258;6,654;1,06797123831239
259;6,659;1,94701831299942
260;6,663;3,4743976714411
261;6,667;6,01471500380468
262;6,671;9,17650805686578
263;6,675;12,9741127072179
264;6,679;16,6684371646153
265;6,683;19,8920910722142
266;6,687;22,424982626774
267;6,691;23,8195230711697
268;6,696;24,0825812498698
269;6,700;23,6581980483818
270;6,704;22,3309021474318
271;6,708;21,0513581231924
272;6,712;19,3523195345192
273;6,716;18,0221564582505
274;6,720;16,2795945607828
275;6,724;14,8826613657614
276;6,729;13,3356449504608
277;6,733;11,9401762838396
278;6,737;10,3988529648552
279;6,741;9,18799738530113
280;6,745;7,97002543535169
281;6,749;6,81166597943843
282;6,753;5,77135576344525
283;6,757;4,870258254113
284;6,762;4,21016848883565
285;6,766;3,55492610629135
286;6,770;2,96793899806043
287;6,774;2,58858488808837
288;6,778;2,16673882735005
289;6,782;1,83274384346295
290;6,786;1,58175255369405
291;6,790;1,36174325909549
292;6,795;1,20559565360974
293;6,799;1,04070213204394
294;6,803;0,92168341557726
295;6,807;0,810172985556656
296;6,811;0,711162614839138
297;6,815;0,638286856558932
298;6,819;0,586780836625256
299;6,823;0,542865611779924
300;6,828;0,493298544939466
301;6,832;0,474074031291815
302;6,836;0,407468929823718
303;6,840;0,418050663194153
304;6,844;0,382778218626037
305;6,848;0,375084287734863
306;6,852;0,34783580862698
307;6,856;0,322485028291182
308;6,860;0,335707038214084
309;6,865;0,327249902381963
310;6,869;0,280467502217935
311;6,873;0,280075586167179
312;6,877;0,279456771350194
313;6,881;0,292286865222339
314;6,885;0,251940139154951
315;6,889;0,26260438116765
316;6,893;0,25022808482796
317;6,898;0,2300340946337
318;6,902;0,257736371274039
319;6,906;0,225475492148581
320;6,910;0,239440079851864
321;6,914;0,214006790873802
322;6,918;0,229167753889921
323;6,922;0,229188381050488
324;6,926;0,237232973671286
325;6,931;0,208726237768867
326;6,935;0,20903564517736
327;6,939;0,233499457608813
328;6,943;0,212397872349642
329;6,947;0,220855008181763
330;6,951;0,212934178524362
331;6,955;0,194802904386716
332;6,959;0,244452479869438
333;6,964;0,226568731658587
334;6,968;0,229394652656149
335;6,972;0,241853457638103
336;6,976;0,210644563701519
337;6,980;0,219617378547794
338;6,984;0,23057040080842
339;6,988;0,233293186003151
340;6,992;0,205095857509225
341;6,997;0,199918440207121
342;7,001;0,198268267361829
343;7,005;0,178693091984554
344;7,009;0,19729879081522
345;7,013;0,190264929062163
346;7,017;0,215718845200792
347;7,021;0,193359003147086
348;7,025;0,203631329109028
349;7,029;0,195524855006532
350;7,034;0,199072726623909
351;7,038;0,198680810573152
352;7,042;0,193173358701991
353;7,046;0,176011561110954
354;7,050;0,208272440236412
355;7,054;0,217472153848915
356;7,058;0,194720395744452
357;7,062;0,183313575951371
358;7,067;0,184406815461377
359;7,071;0,209530697030947
360;7,075;0,214543097048521
361;7,079;0,194823531547282
362;7,083;0,205714672326209
363;7,087;0,180652672238338
364;7,091;0,175372119133403
365;7,095;0,153981753626306
366;7,100;0,173969472214905
367;7,104;0,175042084564345
368;7,108;0,165429827740519
369;7,112;0,165821743791276
370;7,116;0,169369615408654
371;7,120;0,165244183295424
372;7,124;0,170772262327152
373;7,128;0,180858943843999
374;7,133;0,163181467238809
375;7,137;0,155611299311032
376;7,141;0,161077496861062
377;7,145;0,13547919059847
378;7,149;0,159819240066527
379;7,153;0,157137709192927
380;7,157;0,168544528986008
381;7,161;0,172278045048481
382;7,166;0,160912479576533
383;7,170;0,17576403518416
384;7,174;0,173886963572641
385;7,178;0,150846425220252
386;7,182;0,163614637610698
387;7,186;0,172896859865466
388;7,190;0,165037911689763
389;7,194;0,191420050053868
390;7,198;0,177001664818129
391;7,203;0,175351491972837
392;7,207;0,160994988218797
393;7,211;0,163057704275412
394;7,215;0,171494212946967
395;7,219;0,170339091955263
396;7,223;0,180590790756639
397;7,227;0,16033491908068
398;7,231;0,163965299340323
399;7,236;0,159097289446711
400;7,240;0,168565156146574
401;7,244;0,151754020285162
402;7,248;0,139542741230002
403;7,252;0,157405862280287
404;7,256;0,146370331377397
405;7,260;0,150454509169495
406;7,264;0,143379393095306
407;7,269;0,152537852386676
408;7,273;0,143688800503798
409;7,277;0,167863832687325
410;7,281;0,183086677185143
411;7,285;0,351239290120395
412;7,289;0,622403942922997
413;7,293;1,22772859689722
414;7,297;2,26935895116664
415;7,302;3,93355826564359
416;7,306;6,03686857425272
417;7,310;8,70715764534361
418;7,314;11,4860074624941
419;7,318;13,909781337659
420;7,322;15,7618322034119
421;7,326;16,7539573723225
422;7,330;16,7484499204514
423;7,335;16,3941578105672
424;7,339;15,2912647894163
425;7,343;14,090021466686
426;7,347;12,9022476798054
427;7,351;11,3996621683642
428;7,355;9,84792213329395
429;7,359;8,58461168442012
430;7,363;7,19176266719087
431;7,367;6,04542884588768
432;7,372;4,9714138495294
433;7,376;4,02008920421858
434;7,380;3,27268466826472
435;7,384;2,69297894771365
436;7,388;2,15989061004209
437;7,392;1,7617245296337
438;7,396;1,47288240022591
439;7,400;1,2074520980607
440;7,405;1,00472836401658
441;7,409;0,864360536363931
442;7,413;0,703406802466266
443;7,417;0,670485854202691
444;7,421;0,594165360107938
445;7,425;0,467370204107816
446;7,429;0,440864302780314
447;7,433;0,398062944605554
448;7,438;0,369040529688982
449;7,442;0,328961956708953
450;7,446;0,342514001200913
451;7,450;0,293916410907065
452;7,454;0,298186233144258
453;7,458;0,278796702212077
454;7,462;0,259386544119331
455;7,466;0,238841892195446
456;7,471;0,223000232880643
457;7,475;0,190161793259333
458;7,479;0,21182031185379
459;7,483;0,189831758690274
460;7,487;0,2074267266532
461;7,491;0,160561817846908
462;7,495;0,18562381793478
463;7,499;0,167245017870341
464;7,504;0,170689753684888
465;7,508;0,165966133915239
466;7,512;0,162542025261258
467;7,516;0,163800282055794
468;7,520;0,174031353696604
469;7,524;0,15664265733934
470;7,528;0,159839867227093
471;7,532;0,151093951147045
472;7,536;0,158870390680484
473;7,541;0,190058657456502
474;7,545;0,197216282172956
475;7,549;0,245071294686423
476;7,553;0,260809818198395
477;7,557;0,268936919461458
478;7,561;0,290265403486856
479;7,565;0,301218425747482
480;7,569;0,301981630688429
481;7,574;0,294824005971976
482;7,578;0,281581368888507
483;7,582;0,278817329372643
484;7,586;0,236490395890905
485;7,590;0,238305586020726
486;7,594;0,233808865017305
487;7,598;0,219823650153456
488;7,602;0,191708830301794
489;7,607;0,153342311648756
490;7,611;0,16033491908068
491;7,615;0,162975195633148
492;7,619;0,171102296896211
493;7,623;0,131044351076748
494;7,627;0,139109570858113
495;7,631;0,136139259736587
496;7,635;0,128899126377869
497;7,640;0,13681995603527
498;7,644;0,140986642469632
499;7,648;0,117451052263656
500;7,652;0,127620242422767
501;7,656;0,106023605310009
502;7,660;0,100309881833185
503;7,664;0,100639916402244
504;7,668;0,113387501632124
505;7,673;0,0945136497140972
506;7,677;0,104950992960569
507;7,681;0,100186118869788
508;7,685;0,119534395480837
509;7,689;0,0949674472465525
510;7,693;0,107199353462279
511;7,697;0,104909738639437
512;7,701;0,100722425044508
513;7,706;0,10596172382831
514;7,710;0,0992166423231793
515;7,714;0,101815664554514
516;7,718;0,0978965040469458
517;7,722;0,0870672447497172
518;7,726;0,0852108002987638
519;7,730;0,104579704070378
520;7,734;0,109406459642857
521;7,738;0,10928269667946
522;7,743;0,089521876857089
523;7,747;0,103610227523769
524;7,751;0,0949468200859864
525;7,755;0,0894599953753906
526;7,759;0,0904913534036981
527;7,763;0,0948436842831556
528;7,767;0,103899007771695
529;7,771;0,0870878719102834
530;7,776;0,0778675311372145
531;7,780;0,0955450077424047
532;7,784;0,103672109005468
533;7,788;0,107632523834168
534;7,792;0,10649803000303
535;7,796;0,0909864052572857
536;7,800;0,0912133040235133
537;7,804;0,094761175640891
538;7,809;0,0832924743661119
539;7,813;0,119039343627249
540;7,817;0,08882055339784
541;7,821;0,0991341336809147
542;7,825;0,0927809682265407
543;7,829;0,105281027529627
544;7,833;0,119163106590646
545;7,837;0,105384163332458
546;7,842;0,0925128151391807
547;7,846;0,0908420151333226
548;7,850;0,113284365829293
549;7,854;0,107529388031338
550;7,858;0,118977462145551
551;7,862;0,10730248926511
552;7,866;0,103651481844901
553;7,870;0,0911926768629472
554;7,875;0,0955037534212724
555;7,879;0,115058301637982
556;7,883;0,107653150994734
557;7,887;0,110334681868334
558;7,891;0,107818168279264
559;7,895;0,10210444480244
560;7,899;0,104765348515474
561;7,903;0,093379155882959
562;7,907;0,0900375558712428
563;7,912;0,0848807657297054
564;7,916;0,0820548447321429
565;7,920;0,0868816003046219
566;7,924;0,085520207707256
567;7,928;0,0883873830259508
568;7,932;0,0936473089703189
569;7,936;0,091027659578418
570;7,940;0,0669145088765891
571;7,945;0,0654499804763925
572;7,949;0,0837875262196995
573;7,953;0,096823891697506
574;7,957;0,136263022699984
575;7,961;0,248124114450213
576;7,965;0,543113137706718
577;7,969;1,18414340662095
578;7,973;2,48441772722932
579;7,978;4,84003946388359
580;7,982;8,80713749260774
581;7,986;14,1592049632249
582;7,990;20,7203953319085
583;7,994;27,8940267249618
584;7,998;34,7565799095169
585;8,002;40,3029346055066
586;8,006;43,629456162849
587;8,011;44,3704869061879
588;8,015;42,7611764659775
589;8,019;39,4556121037703
590;8,023;34,8674508975599
591;8,027;29,4760680589037
592;8,031;24,4976203476213
593;8,035;19,9879454873651
594;8,039;15,5170703161339
595;8,044;12,1194263091595
596;8,048;9,34140157843158
597;8,052;7,08903940757145
598;8,056;5,51510454773197
599;8,060;4,25177347169758
600;8,064;3,22691299896844
601;8,068;2,58285053745098
602;8,072;2,13825271860819
603;8,076;1,74417081599191
604;8,081;1,41238293828539
605;8,085;1,21883829069321
606;8,089;1,05097445800589
607;8,093;0,905367331569436
608;8,097;0,804995568254552
609;8,101;0,697548688865479
610;8,105;0,696929874048495
611;8,109;0,64022580965215
612;8,114;0,606727300892723
613;8,118;0,604953365084034
614;8,122;0,562131379748708
615;8,126;0,480117789337697
616;8,130;0,45326122628057
617;8,134;0,409572900201465
618;8,138;0,374589235881276
619;8,142;0,30835542330337
620;8,147;0,279951823203782
621;8,151;0,268091205878246
622;8,155;0,261201734249152
623;8,159;0,250145576185696
624;8,163;0,255921181144217
625;8,167;0,208519966163206
626;8,171;0,200764153790334
627;8,175;0,224691660047067
628;8,180;0,203156904416007
629;8,184;0,174010726536038
630;8,188;0,177517343832283
631;8,192;0,176877901854732
632;8,196;0,15396112646574
633;8,200;0,152104682014787
634;8,204;0,143647546182665
635;8,208;0,147731723974763
636;8,213;0,148680573360806
637;8,217;0,122793486850288
638;8,221;0,118379274489132
639;8,225;0,144286988160216
640;8,229;0,117244780657994
641;8,233;0,115862760900062
642;8,237;0,118234884365169
643;8,241;0,110829733721922
644;8,245;0,125310000439359
645;8,250;0,117822341153846
646;8,254;0,0934616645252236
647;8,258;0,0969476546609029
648;8,262;0,0883048743836862
649;8,266;0,119390005356874
650;8,270;0,108519491738513
651;8,274;0,107529388031338
652;8,278;0,101258731219228
653;8,283;0,0877685682089663
654;8,287;0,0961844497199554
655;8,291;0,11260366953061
656;8,295;0,0886142817921785
657;8,299;0,0902232003163381
658;8,303;0,0858914965974467
659;8,307;0,075866696562298
660;8,311;0,0940804793422081
661;8,316;0,0780944299034422
662;8,320;0,0772280891596639
663;8,324;0,0908832694544549
664;8,328;0,098762844790724
665;8,332;0,0918114916799316
666;8,336;0,102166326284139
667;8,340;0,0878717040117971
668;8,344;0,100000474424693
669;8,349;0,0829211854759212
670;8,353;0,0861183953636744
671;8,357;0,074752829891726
672;8,361;0,0807759607770416
673;8,365;0,104229042340754
674;8,369;0,0701736002460408
675;8,373;0,0726694866745449
676;8,377;0,0804459262079832
677;8,382;0,0542906866101056
678;8,386;0,0720712990181265
679;8,390;0,0591380693431508
680;8,394;0,0643361138058204
681;8,398;0,0769393089117378
682;8,402;0,0799096200332634
683;8,406;0,0779087854583469
684;8,410;0,0582923557599386
685;8,414;0,0719475360547296
686;8,419;0,0527642767282105
687;8,423;0,0610770224363688
688;8,427;0,0705655162967976
689;8,431;0,08855240031048
690;8,435;0,0698229385164162
691;8,439;0,0913783213080425
692;8,443;0,0781356842245745
693;8,447;0,0746290669283291
694;8,452;0,101547511467154
695;8,456;0,0921621534095562
696;8,460;0,0800127558360941
697;8,464;0,081786691644783
698;8,468;0,0720712990181265
699;8,472;0,0903057089586027
700;8,476;0,0640885878790266
701;8,480;0,0701323459249085
702;8,485;0,092966612671636
703;8,489;0,0898312842655813
704;8,493;0,0573641335344619
705;8,497;0,0772487163202301
706;8,501;0,0628097039239254
707;8,505;0,077372479283627
708;8,509;0,0619433631801471
709;8,513;0,0621290076252424
710;8,518;0,0665019656652661
711;8,522;0,0643361138058204
712;8,526;0,0602519360137228
713;8,530;0,0502477631391403
714;8,534;0,0561471310610591
715;8,538;0,0580035755120125
716;8,542;0,0758048150805996
717;8,546;0,0785069731147652
718;8,551;0,107818168279264
719;8,555;0,0922446620518208
720;8,559;0,152723496831771
721;8,563;0,160458682044077
722;8,567;0,181065215449661
723;8,571;0,193627156234446
724;8,575;0,225619882272544
725;8,579;0,226465595855756
726;8,583;0,227641344008026
727;8,588;0,241007744054891
728;8,592;0,237026702065624
729;8,596;0,201011679717127
730;8,600;0,211263378518504
731;8,604;0,178858109269083
732;8,608;0,1768366475336
733;8,612;0,150825798059686
734;8,616;0,138201975793202
735;8,621;0,129146652304662
736;8,625;0,112253007800986
737;8,629;0,115677116454967
738;8,633;0,101155595416397
739;8,637;0,0808172150981739
740;8,641;0,0828386768336566
741;8,645;0,0684821730796165
742;8,649;0,0660275409722447
743;8,654;0,0508459507955586
744;8,658;0,0778262768160823
745;8,662;0,100165491709222
746;8,666;0,171865501837158
747;8,670;0,386573616170209
748;8,674;0,911307953812487
749;8,678;1,82857715702859
750;8,682;3,64345787944126
751;8,687;6,33202261479376
752;8,691;10,0702210427153
753;8,695;14,4606915420597
754;8,699;19,0686960767347
755;8,703;22,993755952225
756;8,707;25,361279560526
757;8,711;26,5164211793909
758;8,715;25,9182335229726
759;8,720;23,6588787446805
760;8,724;20,4136075728082
761;8,728;16,8446756244924
762;8,732;13,3974026691958
763;8,736;10,0500889340028
764;8,740;7,53813394741765
765;8,744;5,51875555515218
766;8,748;4,05032862160856
767;8,752;2,95884242025076
768;8,757;2,24734977084256
769;8,761;1,70920777883228
770;8,765;1,36386785663381
771;8,769;1,10637901128656
772;8,773;0,95029328728251
773;8,777;0,772280891596639
774;8,781;0,649693676352012
775;8,785;0,568402036560817
776;8,790;0,512791211674478
777;8,794;0,448681996634885
778;8,798;0,38292260875
779;8,802;0,348454623443964
780;8,806;0,362130430899322
781;8,810;0,300991526981254
782;8,814;0,285191121987584
783;8,818;0,250269339149092
784;8,823;0,22751758104463
785;8,827;0,205137111830357
786;8,831;0,168276375898648
787;8,835;0,183767373483826
788;8,839;0,168379511701479
789;8,843;0,158746627717087
790;8,847;0,179064380874744
791;8,851;0,14399820791229
792;8,856;0,127826514028429
793;8,860;0,123164775740479
794;8,864;0,120916415238769
795;8,868;0,119864430049895
796;8,872;0,122855368331987
797;8,876;0,0885730274710462
798;8,880;0,110602834955694
799;8,884;0,0991135065203486
800;8,889;0,0759698323651288
801;8,893;0,0773312249624947
802;8,897;0,0682346471528227
803;8,901;0,0915639657531379
804;8,905;0,0870672447497172
805;8,909;0,078341955830236
806;8,913;0,0675126965330075
807;8,917;0,0773312249624947
808;8,921;0,0530943112972689
809;8,926;0,0610770224363688
810;8,930;0,0768774274300394
811;8,934;0,0609945137941042
812;8,938;0,0610770224363688
813;8,942;0,0694103953050932
814;8,946;0,0624177878731685
815;8,950;0,0686678175247118
816;8,954;0,0527436495676444
817;8,959;0,0531974471000997
818;8,963;0,0666876101103615
819;8,967;0,0750209829790859
820;8,971;0,0512584940068816
821;8,975;0,0536099903114227
822;8,979;0,04441027669892
823;8,983;0,0503921532631033
824;8,987;0,0476693680683716
825;8,992;0,0382840100107736
826;8,996;0,0502271359785742
827;9,000;0,0345711211088666
828;9,004;0,0613451755237288
829;9,008;0,0342823408609405
830;9,012;0,0363450569175555
831;9,016;0,0612832940420303
832;9,020;0,0383252643319059
833;9,025;0,0447196841074122
834;9,029;0,055033264390487
835;9,033;0,0558170964920007
836;9,037;0,0665844743075307
837;9,041;0,0920590176067254
838;9,045;0,113985689288542
839;9,049;0,147009773354948
840;9,053;0,141069151111897
841;9,058;0,160685580810305
842;9,062;0,172793724062635
843;9,066;0,180013230260787
844;9,070;0,170524736400358
845;9,074;0,127145817729746
846;9,078;0,124237388089919
847;9,082;0,120998923881033
848;9,086;0,103238938633578
849;9,090;0,0871291262314157
850;9,095;0,0570340989654035
851;9,099;0,0524548693197183
852;9,103;0,0669763903582876
853;9,107;0,0574053878555942
854;9,111;0,0535274816691581
855;9,115;0,0342204593792421
856;9,119;0,0464729927555349
857;9,123;0,0433582915100464
858;9,128;0,0433789186706125
859;9,132;0,0297237383758215
860;9,136;0,0298887556603507
861;9,140;0,0225661136593676
862;9,144;0,0293111951644985
863;9,148;0,0563946569878529
864;9,152;0,0339935606130145
865;9,156;0,0284448544207202
866;9,161;0,0283004642967572
867;9,165;0,0193895309321806
868;9,169;0,0298062470180861
869;9,173;0,0203383803182235
870;9,177;0,0494639310376266
871;9,181;0,0288780247926094
872;9,185;0,0220091803240816
873;9,189;0,0367576001288785
874;9,194;0,0387790618643612
875;9,198;0,0277641581220373
876;9,202;0,0292699408433662
877;9,206;0,0297443655363877
878;9,210;0,0339110519707499
879;9,214;0,0281560741727941
880;9,218;0,0216791457550232
881;9,222;0,0371701433402015
882;9,227;0,0308788593675259
883;9,231;0,0619227360195809
884;9,235;0,0579004397091818
885;9,239;0,060829496509575
886;9,243;0,0949055657648541
887;9,247;0,117842968314412
888;9,251;0,12471181278294
889;9,255;0,131745674535997
890;9,259;0,145380227670222
891;9,264;0,181745911748344
892;9,268;0,167987595650722
893;9,272;0,174464524068493
894;9,276;0,144658277050407
895;9,280;0,134715985657523
896;9,284;0,124484914016713
897;9,288;0,082343624980069
898;9,292;0,0733089286520955
899;9,297;0,0384284001347366
900;9,301;0,0465348742372334
901;9,305;0,0373351606247307
902;9,309;0,0318070815930026
903;9,313;0,0345298667877343
904;9,317;0,0392947408785149
905;9,321;0,025515797620327
906;9,325;0,0295587210912923
907;9,330;0,0284861087418525
908;9,334;0,0332922371537654
909;9,338;0,0206477877267157
910;9,342;0,0235562173665428
911;9,346;0,0275785136769419
912;9,350;0,0238037432933366
913;9,354;0,0211840939014356
914;9,358;0,0116749728804406
915;9,363;0,0315389285056427
916;9,367;0,0450703458370368
917;9,371;0,090346963279735
918;9,375;0,189295452515554
919;9,379;0,492968510370408
920;9,383;1,22838866603534
921;9,387;2,83534760994122
922;9,391;5,68977534340613
923;9,396;10,3928710882911
924;9,400;17,3854166387341
925;9,404;25,9598797601556
926;9,408;36,0235001114898
927;9,412;46,2898648240287
928;9,416;55,2275103615384
929;9,420;60,4737398712906
930;9,424;61,8572860391046
931;9,428;58,1561339915598
932;9,433;50,2572516330007
933;9,437;40,4660335641031
934;9,441;30,4655529512619
935;9,445;21,8752481705256
936;9,449;15,3321478216584
937;9,453;10,8066725564086
938;9,457;7,5590086339106
939;9,461;5,54142480461438
940;9,466;4,15400073061403
941;9,470;3,14784909251838
942;9,474;2,5171530310478
943;9,478;2,00046328602632
944;9,482;1,70304025782301
945;9,486;1,41065025679784
946;9,490;1,21093808819638
947;9,494;1,07533513463451
948;9,499;0,935317968711485
949;9,503;0,806088807764558
950;9,507;0,751963138438982
951;9,511;0,718217103752761
952;9,515;0,666216031965498
953;9,519;0,642866086204617
954;9,523;0,660275409722447
955;9,527;0,63781243186591
956;9,532;0,603096920633081
957;9,536;0,60406639717969
958;9,540;0,526611409253798
959;9,544;0,483789423918472
960;9,548;0,453281853441136
961;9,552;0,396165245833468
962;9,556;0,380550485284893
963;9,560;0,349774761720198
964;9,565;0,367699764252182
965;9,569;0,368751749441055
966;9,573;0,38372706801208
967;9,577;0,351919986419077
968;9,581;0,323206978910997
969;9,585;0,244968158883592
970;9,589;0,214625605690786
971;9,593;0,184509951264208
972;9,597;0,176176578395483
973;9,602;0,129951111566742
974;9,606;0,140347200492082
975;9,610;0,117904849796111
976;9,614;0,123453555988405
977;9,618;0,113800044843447
978;9,622;0,116790983125539
979;9,626;0,0970095361426013
980;9,630;0,110004647299276
981;9,635;0,120627634990843
982;9,639;0,0936885632914513
983;9,643;0,0845301040000809
984;9,647;0,0928841040293714
985;9,651;0,0850457830142346
986;9,655;0,0951943460127802
987;9,659;0,0898312842655813
988;9,663;0,101361867022059
989;9,668;0,141667338768315
990;9,672;0,117719205351015
991;9,676;0,157632761046515
992;9,680;0,211696548890393
993;9,684;0,206457250106591
994;9,688;0,20024847477618
995;9,692;0,202166800708832
996;9,696;0,206189097019231
997;9,701;0,196824366122199
998;9,705;0,150702035096289
999;9,709;0,152475970904977
1000;9,713;0,131106232558447
1001;9,717;0,120751397954239
1002;9,721;0,107900676921528
1003;9,725;0,0718444002518989
1004;9,729;0,0690184792543364
1005;9,734;0,0630778570112853
1006;9,738;0,0675333236935736
1007;9,742;0,0786101089175959
1008;9,746;0,0760935953285257
1009;9,750;0,0801777731206233
1010;9,754;0,109468341124556
1011;9,758;0,138201975793202
1012;9,762;0,149278761017224
1013;9,766;0,116295931271951
1014;9,771;0,131910691820526
1015;9,775;0,128074039955223
1016;9,779;0,100495526278281
1017;9,783;0,11635781275365
1018;9,787;0,112211753479854
1019;9,791;0,0680902570288597
1020;9,795;0,0925953237814453
1021;9,799;0,0597156298390029
1022;9,804;0,0470092989302548
1023;9,808;0,0561883853821914
1024;9,812;0,04055299767305
1025;9,816;0,0479581483162977
1026;9,820;0,0360150223484971
1027;9,824;0,0241131507018288
1028;9,828;0,0413987112562621
1029;9,832;0,0189563605602914
1030;9,837;0,057240370571065
1031;9,841;0,0334366272777284
1032;9,845;0,000618814816984486
1033;9,849;0,0352724445681157
1034;9,853;0,031580182826775
1035;9,857;0,0226486223016322
1036;9,861;0,0155322519063106
1037;9,865;0,0220504346452139
1038;9,870;0,0306932149224305
1039;9,874;0,0116956000410068
1040;9,878;0,0332509828326331
1041;9,882;0,032549659373384
1042;9,886;0,0405117433519177
1043;9,890;0,0840556793070594
1044;9,894;0,234221408228628
1045;9,898;0,606500402126495
1046;9,903;1,29095084403247
1047;9,907;2,68881226127929
1048;9,911;5,07537473878279
1049;9,915;8,73209588246809
1050;9,919;13,2857272218907
1051;9,923;18,48302910678
1052;9,927;23,9393462468984
1053;9,931;27,5167765853675
1054;9,935;29,7207268103788
1055;9,940;29,2483235790929
1056;9,944;26,2271665067718
1057;9,948;22,2728366904381
1058;9,952;17,4224423919503
1059;9,956;13,2172656759716
1060;9,960;9,49979754441904
1061;9,964;6,7320451396531
1062;9,968;4,76990711795869
1063;9,973;3,52264460000532
1064;9,977;2,65374608831684
1065;9,981;1,98707625881888
1066;9,985;1,54963606469255
1067;9,989;1,33012182194759
1068;9,993;1,05518239876138
1069;9,997;0,89404302041862
1070;10,001;0,725374728469215
1071;10,006;0,610254545349534
1072;10,010;0,521145211703768
1073;10,014;0,4334385249765
1074;10,018;0,415554776765649
1075;10,022;0,362398583986681
1076;10,026;0,297278638079347
1077;10,030;0,293256341768948
1078;10,034;0,236779176138831
1079;10,039;0,211510904445297
1080;10,043;0,190161793259333
1081;10,047;0,177022291978695
1082;10,051;0,172257417887915
1083;10,055;0,167306899352039
1084;10,059;0,163532128968434
1085;10,063;0,131869437499394
1086;10,067;0,129538568355419
1087;10,072;0,153651719057248
1088;10,076;0,17073100800602
1089;10,080;0,265945981179366
1090;10,084;0,547712994512969
1091;10,088;1,09224940629875
1092;10,092;2,32975527730433
1093;10,096;4,51198510223955
1094;10,100;7,82837872374394
1095;10,104;12,4582686757796
1096;10,109;18,0503537867444
1097;10,113;23,852980325608
1098;10,117;28,9857398250858
1099;10,121;31,9309889465235
1100;10,125;32,6892433689351
1101;10,129;30,0496062584455
1102;10,133;25,6320316701172
1103;10,137;20,0478673888098
1104;10,142;15,2113964237042
1105;10,146;10,5939033951687
1106;10,150;7,41315398154735
1107;10,154;5,08614211659833
1108;10,158;3,67941102030806
1109;10,162;2,6816752637234
1110;10,166;2,05106171089508
1111;10,170;1,60879476119627
1112;10,175;1,25530711057416
1113;10,179;0,978655633060965
1114;10,183;0,832842235018854
1115;10,187;0,754252753261824
1116;10,191;0,638534382485725
1117;10,195;0,550477034028833
1118;10,199;0,502993310405557
1119;10,203;0,432819710159516
1120;10,208;0,374506727239011
1121;10,212;0,33626397154937
1122;10,216;0,279167991102268
1123;10,220;0,27176284045902
1124;10,224;0,277167156527352
1125;10,228;0,221329432874785
1126;10,232;0,214171808158331
1127;10,236;0,197360672296919
1128;10,241;0,175619645060197
1129;10,245;0,160190528956717
1130;10,249;0,154249906713666
1131;10,253;0,137913195545276
1132;10,257;0,116790983125539
1133;10,261;0,127207699211444
1134;10,265;0,134117798001104
1135;10,269;0,0792701780557127
1136;10,273;0,106745555929824
1137;10,278;0,0848395114085731
1138;10,282;0,0668526273948907
1139;10,286;0,0935029188463559
1140;10,290;0,0803840447262848
1141;10,294;0,065099318746768
1142;10,298;0,0564977927906836
1143;10,302;0,0561058767399268
1144;10,306;0,0526405137648136
1145;10,311;0,0530736841367028
1146;10,315;0,0490720149868698
1147;10,319;0,0572197434104989
1148;10,323;0,0442452594143908
1149;10,327;0,0607882421884427
1150;10,331;0,0659656594905463
1151;10,335;0,0544969582157671
1152;10,339;0,0544557038946348
1153;10,344;0,0262790025612745
1154;10,348;0,0537750075959519
1155;10,352;0,0521660890717922
1156;10,356;0,0439358520058985
1157;10,360;0,0213491111859648
1158;10,364;0,0354374618526449
1159;10,368;0,034199832218676
1160;10,372;0,0352518174075496
1161;10,377;0,0367782272894446
1162;10,381;0,0351486816047188
1163;10,385;0,0247319655188133
1164;10,389;0,0274134963924128
1165;10,393;0,0165017284529196
1166;10,397;0,0299506371420491
1167;10,401;0,0125825679453512
1168;10,405;0,0144596395568708
1169;10,410;0,00517741730210354
1170;10,414;0,0337460346862207
1171;10,418;0,0237624889722043
1172;10,422;0,0267946815754283
1173;10,426;0,0109323951000593
1174;10,430;0,0407180149575792
1175;10,434;0,039727911250404
1176;10,438;0,0419556445915482
1177;10,442;0,0342617137003744
1178;10,447;0,0364688198809524
1179;10,451;0,0374795507486937
1180;10,455;0,0358500050639679
1181;10,459;0,0201527358731281
1182;10,463;0,0260314766344807
1183;10,467;0,0307963507252613
1184;10,471;0,0351280544441527
1185;10,475;0,030486943316769
1186;10,480;0,0333334914748977
1187;10,484;0,0281973284939264
1188;10,488;0,0204827704421865
1189;10,492;0,0309201136886582
1190;10,496;0,0357468692611372
1191;10,500;0,0281560741727941
1192;10,504;0,0259695951527823
1193;10,508;0,00637379261494021
1194;10,513;0
1195;10,517;0,0138820790610186
1196;10,521;0,0101073086774133
1197;10,525;0,0183169185827408
1198;10,529;0,013242637083468
1199;10,533;0,0138408247398863
1200;10,537;0,0130157383172404
1201;10,541;0,0186882074729315
1202;10,546;0,023040538352389
1203;10,550;0,038201501368509
1204;10,554;0,0231643013157859
1205;10,558;0,025515797620327
1206;10,562;0,0300537729448799
1207;10,566;0,0190594963631222
1208;10,570;0,0396660297687056
1209;10,574;0,0276816494797727
1210;10,579;0,0383252643319059
1211;10,583;0,0341379507369775
1212;10,587;0,0482675557247899
1213;10,591;0,0792701780557127
1214;10,595;0,257055674975356
1215;10,599;0,66642230357116
1216;10,603;1,49596419289943
1217;10,607;3,14786971967895
1218;10,611;5,8209228302857
1219;10,616;9,96128900776551
1220;10,620;15,535325353235
1221;10,624;21,3314749636807
1222;10,628;26,5136365127145
1223;10,632;30,499546511875
1224;10,636;31,9364757712341
1225;10,640;30,4870051982507
1226;10,644;26,9454248648457
1227;10,649;21,9769400721167
1228;10,653;16,8725841727384
1229;10,657;12,2737380973548
1230;10,661;8,49923586683683
1231;10,665;5,98893105309699
1232;10,669;4,2774130322813
1233;10,673;3,03491538841872
1234;10,677;2,30180547473719
1235;10,682;1,77034668275035
1236;10,686;1,44109594579347
1237;10,690;1,15353270034078
1238;10,694;0,975437796012646
1239;10,698;0,772507790362867
1240;10,702;0,69299008638036
1241;10,706;0,582593523030328
1242;10,710;0,491545236291344
1243;10,715;0,412955754534314
1244;10,719;0,361099072871014
1245;10,723;0,328405023373667
1246;10,727;0,27840478616132
1247;10,731;0,271288415765999
1248;10,735;0,28028185777284
1249;10,739;0,230817926735213
1250;10,743;0,232364963777675
1251;10,748;0,195236074758605
1252;10,752;0,190326810543862
1253;10,756;0,124340523892749
1254;10,760;0,174402642586794
1255;10,764;0,245442583576613
1256;10,768;0,427085359522126
1257;10,772;0,858770575850504
1258;10,776;1,89320205108234
1259;10,780;3,92609123351864
1260;10,785;7,64677720211956
1261;10,789;13,4764046941642
1262;10,793;21,7591172565381
1263;10,797;33,1658132866554
1264;10,801;46,9170748953636
1265;10,805;61,7597401967872
1266;10,809;76,8812847090652
1267;10,813;90,73516644159
1268;10,818;99,0540177892758
1269;10,822;99,8985349971751
1270;10,826;91,0997308774361
1271;10,830;74,7934035165596
1272;10,834;55,9847746802429
1273;10,838;39,0457710504815
1274;10,842;25,9814763972684
1275;10,846;17,1008855858846
1276;10,851;11,6233430975436
1277;10,855;8,29383060191911
1278;10,859;6,1679541796506
1279;10,863;4,7479598191163
1280;10,867;3,79238597872886
1281;10,871;3,11915671217087
1282;10,875;2,58567645844854
1283;10,879;2,20188750895477
1284;10,884;1,92030614006626
1285;10,888;1,6565466379069
1286;10,892;1,4534516149726
1287;10,896;1,30633870581482
1288;10,900;1,13271989532954
1289;10,904;0,996518754111251
1290;10,908;0,960214951514828
1291;10,912;0,85841991412088
1292;10,917;0,725333474148083
1293;10,921;0,702808614809847
1294;10,925;0,616978999694099
1295;10,929;0,617865967598444
1296;10,933;0,566050540256276
1297;10,937;0,499610456072708
1298;10,941;0,527044579625687
1299;10,945;0,48878119677548
1300;10,949;0,439234757095589
1301;10,954;0,407427675502586
1302;10,958;0,372609028466925
1303;10,962;0,370319413644083
1304;10,966;0,318297714696254
1305;10,970;0,297835571414633
1306;10,974;0,329683907328768
1307;10,978;0,340905082676754
1308;10,982;0,38902824827758
1309;10,987;0,420979719994546
1310;10,991;0,384552154434726
1311;10,995;0,332839862895389
1312;10,999;0,23838809466299
1313;11,003;0,195071057474076
1314;11,007;0,193915936482372
1315;11,011;0,172834978383767
1316;11,015;0,156498267215377
1317;11,020;0,153734227699513
1318;11,024;0,120565753509144
1319;11,028;0,139150825179245
1320;11,032;0,119658158444234
1321;11,036;0,127537733780503
1322;11,040;0,106580538645295
1323;11,044;0,0921002719278577
1324;11,048;0,0998767114612961
1325;11,053;0,106621792966427
1326;11,057;0,113449383113823
1327;11,061;0,100082983066958
1328;11,065;0,104105279377357
1329;11,069;0,117595442387619
1330;11,073;0,116832237446671
1331;11,077;0,129352923910324
1332;11,081;0,10783879543983
1333;11,086;0,145813398042111
1334;11,090;0,111572311502303
1335;11,094;0,120276973261218
1336;11,098;0,11592464238176
1337;11,102;0,0988247262724225
1338;11,106;0,101361867022059
1339;11,110;0,0702973632094377
1340;11,114;0,0470918075725194
1341;11,118;0,0458129236174181
1342;11,123;0,0529292940127397
1343;11,127;0,0548476199453917
1344;11,131;0,0898312842655813
1345;11,135;0,0717000101279358
1346;11,139;0,0723600792660526
1347;11,143;0,0802602817628879
1348;11,147;0,0909657780967195
1349;11,151;0,0896043854993536
1350;11,156;0,122917249813685
1351;11,160;0,131580657251468
1352;11,164;0,106828064572089
1353;11,168;0,139728385675097
1354;11,172;0,117306662139692
1355;11,176;0,102125071963006
1356;11,180;0,109158933716063
1357;11,184;0,188635383377438
1358;11,189;0,33851233205108
1359;11,193;0,789401434866543
1360;11,197;1,65662914654917
1361;11,201;3,49498357768611
1362;11,205;6,59600901571934
1363;11,209;10,977671717502
1364;11,213;16,6887961720941
1365;11,217;22,8489739122112
1366;11,222;28,2956787955058
1367;11,226;31,864115691968
1368;11,230;32,6915742380791
1369;11,234;30,7019814656711
1370;11,238;26,2374388327337
1371;11,242;20,5366073312642
1372;11,246;15,1674399445377
1373;11,250;10,8282073120396
1374;11,255;7,497704712708
1375;11,259;5,25301584557848
1376;11,263;3,73141209209532
1377;11,267;2,80653146663031
1378;11,271;2,16314970141154
1379;11,275;1,64930650454819
1380;11,279;1,34920194547128
1381;11,283;1,11710513478096
1382;11,287;0,990640013349898
1383;11,292;0,888803721634818
1384;11,296;0,747033247063672
1385;11,300;0,688390229574109
1386;11,304;0,715040521025574
1387;11,308;0,687131972779574
1388;11,312;0,64193786397914
1389;11,316;0,60695419965895
1390;11,320;0,53742004139046
1391;11,325;0,491359591846248
1392;11,329;0,439564791664647
1393;11,333;0,381891250721693
1394;11,337;0,347443892576223
1395;11,341;0,283829729390218
1396;11,345;0,26672981328088
1397;11,349;0,245545719379444
1398;11,353;0,223454030413098
1399;11,358;0,21631703285721
1400;11,362;0,247938470005118
1401;11,366;0,251960766315517
1402;11,370;0,325001541880252
1403;11,374;0,344226055527904
1404;11,378;0,380467976642628
1405;11,382;0,40804649031957
1406;11,386;0,433768559545559
1407;11,391;0,386924277899833
1408;11,395;0,361140327192146
1409;11,399;0,33626397154937
1410;11,403;0,27588827257225
1411;11,407;0,215615709397961
1412;11,411;0,193585901913314
1413;11,415;0,156126978325186
1414;11,419;0,127290207853709
1415;11,424;0,120462617706313
1416;11,428;0,0958750423114631
1417;11,432;0,143028731365681
1418;11,436;0,199753422922592
1419;11,440;0,422176095307383
1420;11,444;0,933564660063362
1421;11,448;2,08524091595319
1422;11,452;4,07431800934699
1423;11,456;7,31232842070002
1424;11,461;11,6957238039702
1425;11,465;17,767534788222
1426;11,469;24,2164927762652
1427;11,473;29,9681496013698
1428;11,477;34,0052355858949
1429;11,481;35,3904731808752
1430;11,485;32,9126973993482
1431;11,489;27,9219559003683
1432;11,494;21,7291047379144
1433;11,498;16,0405257698211
1434;11,502;11,1138934858808
1435;11,506;7,71373296531729
1436;11,510;5,24604386530712
1437;11,514;3,71581795870731
1438;11,518;2,69830075513972
1439;11,522;2,10110320242856
1440;11,527;1,66562258855601
1441;11,531;1,34845936769089
1442;11,535;1,08259589515379
1443;11,539;0,89189779571974
1444;11,543;0,785606037322372
1445;11,547;0,700642762950402
1446;11,551;0,604499567551579
1447;11,555;0,542700594495395
1448;11,560;0,472217586840862
1449;11,564;0,429622500271763
1450;11,568;0,401445798938403
1451;11,572;0,348764030852457
1452;11,576;0,335665783892952
1453;11,580;0,312130193686975
1454;11,584;0,27883795653321
1455;11,588;0,258540830536118
1456;11,593;0,235025867490708
1457;11,597;0,211614040248128
1458;11,601;0,199423388353534
1459;11,605;0,166440558608261
1460;11,609;0,1569108104267
1461;11,613;0,139212706660943
1462;11,617;0,148556810397409
1463;11,621;0,153115412882528
1464;11,625;0,125866933774645
1465;11,630;0,112149871998155
1466;11,634;0,125186237475962
1467;11,638;0,119245615232911
1468;11,642;0,132240726389585
1469;11,646;0,130590553544293
1470;11,650;0,109880884335879
1471;11,654;0,126877664642386
1472;11,658;0,127867768349561
1473;11,663;0,131023723916182
1474;11,667;0,13708810912263
1475;11,671;0,124938711549168
1476;11,675;0,132838914046003
1477;11,679;0,131436267127505
1478;11,683;0,0838287805408318
1479;11,687;0,121040178202166
1480;11,691;0,075165373103049
1481;11,696;0,097648978120152
1482;11,700;0,0935648003280544
1483;11,704;0,0513410026491462
1484;11,708;0,0736183360605877
1485;11,712;0,0756191706355042
1486;11,716;0,0451322273187352
1487;11,720;0,0646455212143127
1488;11,724;0,0692660051811302
1489;11,729;0,0525786322831152
1490;11,733;0,0308376050463936
1491;11,737;0,067863358262632
1492;11,741;0,0696372940713209
1493;11,745;0,0446784297862799
1494;11,749;0,0384284001347366
1495;11,753;0,0529292940127397
1496;11,757;0,0456891606540213
1497;11,762;0,0422444248394743
1498;11,766;0,0798064842304326
1499;11,770;0,0466998915217626
1500;11,774;0,0492164051108328
1501;11,778;0,0594681039122091
1502;11,782;0,0588492890952247
1503;11,786;0,0539606520410472
1504;11,790;0,0678014767809336
1505;11,794;0,0609120051518396
1506;11,799;0,0545382125368994
1507;11,803;0,0453178717638306
1508;11,807;0,0553632989595454
1509;11,811;0,0601694273714582
1510;11,815;0,0587461532923939
1511;11,819;0,0580035755120125
1512;11,823;0,0550126372299208
1513;11,827;0,0642536051635558
1514;11,832;0,0410893038477699
1515;11,836;0,0773931064441931
1516;11,840;0,0956481435452355
1517;11,844;0,161902583283708
1518;11,848;0,436202564492364
1519;11,852;0,954707499643666
1520;11,856;2,12104966669603
1521;11,860;4,14110875526018
1522;11,865;7,40564569510128
1523;11,869;12,1478299092591
1524;11,873;18,0557581028128
1525;11,877;24,7277369508972
1526;11,881;30,5051983538701
1527;11,885;33,8440343260704
1528;11,889;34,2508019324349
1529;11,893;31,8599902598548
1530;11,898;26,8334606372926
1531;11,902;20,9390019795886
1532;11,906;15,3408937377384
1533;11,910;10,8666563393349
1534;11,914;7,51589786832734
1535;11,918;5,22780945536664
1536;11,922;3,7615896280036
1537;11,926;2,82965451362496
1538;11,931;2,16168517301134
1539;11,935;1,70893962574492
1540;11,939;1,32865729354739
1541;11,943;1,13373062619728
1542;11,947;0,945652176155126
1543;11,951;0,843857138761178
1544;11,955;0,795032649701102
1545;11,959;0,672032891245152
1546;11,963;0,576075340291425
1547;11,968;0,513348145009764
1548;11,972;0,473702742401624
1549;11,976;0,425971492851554
1550;11,980;0,389234519883242
1551;11,984;0,349052811100383
1552;11,988;0,316688796172094
1553;11,992;0,27974555159812
1554;11,996;0,254477279904587
1555;12,001;0,256313097194974
1556;12,005;0,227703225489725
1557;12,009;0,220194939043646
1558;12,013;0,200062830331084
1559;12,017;0,177269817905489
1560;12,021;0,168008222811288
1561;12,025;0,147339807924006
1562;12,029;0,178528074700024
1563;12,034;0,121493975734621
1564;12,038;0,17539274629397
1565;12,042;0,125124355994263
1566;12,046;0,128589718969376
1567;12,050;0,137273753567725
1568;12,054;0,129930484406176
1569;12,058;0,107735659636999
1570;12,062;0,100165491709222
1571;12,067;0,0846538669634778
1572;12,071;0,0542494322889733
1573;12,075;0,105652316419818
1574;12,079;0,12407237080539
1575;12,083;0,216523304462872
1576;12,087;0,396454026081394
1577;12,091;0,934018457595818
1578;12,095;1,99514147860025
1579;12,100;3,95102947064312
1580;12,104;7,25234463777365
1581;12,108;12,0938898843786
1582;12,112;18,2977559505748
1583;12,116;26,3918537567319
1584;12,120;35,6741585201415
1585;12,124;46,1387708728816
1586;12,128;56,2197386662519
1587;12,132;64,3714481318703
1588;12,137;69,2153655019403
1589;12,141;68,217897898443
1590;12,145;60,9326735667269
1591;12,149;49,7695636757353
1592;12,153;36,8290319859191
1593;12,157;26,2330246203726
1594;12,161;17,9618632679157
1595;12,165;12,3376204136282
1596;12,170;8,73692263804057
1597;12,174;6,50667278330735
1598;12,178;4,80761356747361
1599;12,182;3,82559570724036
1600;12,186;3,10242808495172
1601;12,190;2,51727679401119
1602;12,194;2,11444897531486
1603;12,198;1,77327573955074
1604;12,203;1,57187214378286
1605;12,207;1,33820766888952
1606;12,211;1,18038926339791
1607;12,215;1,08267840379606
1608;12,219;0,9453633959072
1609;12,223;0,920610803227821
1610;12,227;0,8057587731955
1611;12,231;0,741298896426283
1612;12,236;0,658295202308097
1613;12,240;0,615493844133336
1614;12,244;0,606129113236304
1615;12,248;0,563018347653052
1616;12,252;0,537399414229894
1617;12,256;0,487956110352834
1618;12,260;0,480179670819395
1619;12,264;0,447073078110725
1620;12,269;0,402353394003313
1621;12,273;0,365080114860281
1622;12,277;0,389440791488903
1623;12,281;0,361243462994977
1624;12,285;0,341482643172606
1625;12,289;0,336862159205788
1626;12,293;0,292245610901207
1627;12,297;0,289481571385343
1628;12,301;0,279993077524914
1629;12,306;0,255199230524402
1630;12,310;0,320546075197964
1631;12,314;0,436821379309349
1632;12,318;0,777128274329684
1633;12,322;1,51244529419178
1634;12,326;2,89417627187588
1635;12,330;4,96541134580465
1636;12,334;8,2704394018371
1637;12,339;12,6499362517603
1638;12,343;17,8030341315563
1639;12,347;23,3847850350775
1640;12,351;28,5644094433616
1641;12,355;32,4920064596016
1642;12,359;33,5533151250511
1643;12,363;32,0658080679838
1644;12,367;28,2370151508557
1645;12,372;23,1095568316434
1646;12,376;17,5643985109665
1647;12,380;12,8092810671338
1648;12,384;9,0614497552278
1649;12,388;6,45846710906426
1650;12,392;4,59092524572621
1651;12,396;3,35135665866402
1652;12,400;2,55358059660762
1653;12,405;1,9506280660985
1654;12,409;1,65031723541593
1655;12,413;1,37682171346935
1656;12,417;1,14542622623828
1657;12,421;1,0291509221269
1658;12,425;0,874715370968138
1659;12,429;0,867743390696779
1660;12,433;1,10029399891955
1661;12,438;1,37053042949667
1662;12,442;2,3482990946533
1663;12,446;4,34787541277527
1664;12,450;7,85319319790502
1665;12,454;13,227187340204
1666;12,458;20,9702521278463
1667;12,462;30,7261564978547
1668;12,466;42,0109047547049
1669;12,470;53,2610406361251
1670;12,475;62,9024023835097
1671;12,479;68,5381964477142
1672;12,483;68,2387725849359
1673;12,487;61,7098637225383
1674;12,491;50,1490002943496
1675;12,495;37,8934759797747
1676;12,499;26,8421859262121
1677;12,503;18,1979823749164
1678;12,508;12,50018306605
1679;12,512;8,7461636059742
1680;12,516;6,45089694113648
1681;12,520;4,93339799260599
1682;12,524;3,87353322839609
1683;12,528;3,13293565542906
1684;12,532;2,69413406870536
1685;12,536;2,27692911909442
1686;12,541;1,92218321167778
1687;12,545;1,75681526541896
1688;12,549;1,44775851865634
1689;12,553;1,28595907117546
1690;12,557;1,22199424625983
1691;12,561;1,07042587041976
1692;12,565;0,996209346702759
1693;12,569;0,949715726786658
1694;12,574;0,88830866978123
1695;12,578;0,852087375827072
1696;12,582;0,770300684182289
1697;12,586;0,646764619551619
1698;12,590;0,671434703588734
1699;12,594;0,618587918218259
1700;12,598;0,595031700851716
1701;12,602;0,57106294027385
1702;12,607;0,502518885712535
1703;12,611;0,480550959709586
1704;12,615;0,475786085618806
1705;12,619;0,436058174368401
1706;12,623;0,399940016217074
1707;12,627;0,380179196394702
1708;12,631;0,346247517263386
1709;12,635;0,319700361614752
1710;12,640;0,321556806065705
1711;12,644;0,282653981237947
1712;12,648;0,32003039618381
1713;12,652;0,268689393534664
1714;12,656;0,277662208380939
1715;12,660;0,25542612929063
1716;12,664;0,230116603275964
1717;12,668;0,212769161239833
1718;12,672;0,22762071684746
1719;12,677;0,266296642908991
1720;12,681;0,345896855533762
1721;12,685;0,593855952699446
1722;12,689;1,23119395987233
1723;12,693;2,46026332220636
1724;12,697;4,82551794284503
1725;12,701;8,66047838098242
1726;12,705;13,6376472083098
1727;12,710;19,9696904502641
1728;12,714;26,4258060630238
1729;12,718;31,5483551180214
1730;12,722;33,7869383456233
1731;12,726;32,8068388113227
1732;12,730;29,0744366155202
1733;12,734;23,7664906413541
1734;12,738;17,9588310753124
1735;12,743;12,6580014715416
1736;12,747;8,92297962634724
1737;12,751;6,41622268422478
1738;12,755;4,51930774424054
1739;12,759;3,32992503883579
1740;12,763;2,55952121885067
1741;12,767;2,06824413564668
1742;12,771;1,63971487488493
1743;12,776;1,42360411363338
1744;12,780;1,21964274995529
1745;12,784;0,96572240338599
1746;12,788;0,878448887030611
1747;12,792;0,819269563366328
1748;12,796;0,69899259010511
1749;12,800;0,635749715809295
1750;12,804;0,570340989654035
1751;12,809;0,528859769755508
1752;12,813;0,476446154756922
1753;12,817;0,46295599174666
1754;12,821;0,40499367055578
1755;12,825;0,378487769228278
1756;12,829;0,409036594026746
1757;12,833;0,366627151902742
1758;12,837;0,340410030823166
1759;12,841;0,293957665228197
1760;12,846;0,275929526893383
1761;12,850;0,309180509726016
1762;12,854;0,31338845048151
1763;12,858;0,265987235500498
1764;12,862;0,330075823379525
1765;12,866;0,344865497505454
1766;12,870;0,345278040716777
1767;12,874;0,362976144482534
1768;12,879;0,336057699943708
1769;12,883;0,333314287588411
1770;12,887;0,328466904855365
1771;12,891;0,314048519619627
1772;12,895;0,263862637962185
1773;12,899;0,298083097341427
1774;12,903;0,245607600861143
1775;12,907;0,290987354106672
1776;12,912;0,233499457608813
1777;12,916;0,27085524539411
1778;12,920;0,236325378606375
1779;12,924;0,218957309409677
1780;12,928;0,205467146399416
1781;12,932;0,164563486996741
1782;12,936;0,17217490924565
1783;12,940;0,167698815402796
1784;12,945;0,178198040130966
1785;12,949;0,220029921759117
1786;12,953;0,334469408580115
1787;12,957;0,612317261406149
1788;12,961;1,37042729369384
1789;12,965;2,73000470092989
1790;12,969;5,15592380079361
1791;12,973;8,97283547343562
1792;12,978;14,2055129386959
1793;12,982;20,2536645697783
1794;12,986;25,8602712017817
1795;12,990;30,6497328679571
1796;12,994;32,1466665374031
1797;12,998;31,1055518621479
1798;13,002;27,045157186183
1799;13,006;21,7554456219574
1800;13,010;16,2556258002049
1801;13,015;11,6074808110682
1802;13,019;8,17697773731187
1803;13,023;5,71329030645154
1804;13,027;4,11870765888535
1805;13,031;3,03625615385552
1806;13,035;2,35003177614085
1807;13,039;1,90031842147766
1808;13,043;1,52574981275695
1809;13,048;1,25037721919885
1810;13,052;1,135360171882
1811;13,056;1,01875483320156
1812;13,060;0,896580161168256
1813;13,064;0,818712630031042
1814;13,068;0,752581953255966
1815;13,072;0,696517330837172
1816;13,076;0,680758180164634
1817;13,081;0,612358515727282
1818;13,085;0,550992713042987
1819;13,089;0,549569438963922
1820;13,093;0,475352915246916
1821;13,097;0,455241433694921
1822;13,101;0,408974712545047
1823;13,105;0,363099907445931
1824;13,109;0,34129699872751
1825;13,114;0,32667234188611
1826;13,118;0,319205309761164
1827;13,122;0,28494359606079
1828;13,126;0,26314068734237
1829;13,130;0,266482287354086
1830;13,134;0,258375813251589
1831;13,138;0,239605097136393
1832;13,142;0,229270889692752
1833;13,147;0,229126499568789
1834;13,151;0,237686771203741
1835;13,155;0,223165250165172
1836;13,159;0,215966371127586
1837;13,163;0,244534988511703
1838;13,167;0,191131269805942
1839;13,171;0,208210558754714
1840;13,175;0,209180035301323
1841;13,179;0,215904489645887
1842;13,184;0,182880405579482
1843;13,188;0,223412776091966
1844;13,192;0,181745911748344
1845;13,196;0,19253391672444
1846;13,200;0,158169067221235
1847;13,204;0,166358049965996
1848;13,208;0,183127931506276
1849;13,212;0,134963511584316
1850;13,217;0,16939024256922
1851;13,221;0,166729338856187
1852;13,225;0,178404311736627
1853;13,229;0,199402761192968
1854;13,233;0,207282336529237
1855;13,237;0,228280785985577
1856;13,241;0,18894479078593
1857;13,245;0,171576721589232
1858;13,250;0,175702153702462
1859;13,254;0,172360553690746
1860;13,258;0,18374674632326
1861;13,262;0,149691304228547
1862;13,266;0,150021338797606
1863;13,270;0,144142598036253
1864;13,274;0,135376054795639
1865;13,278;0,137562533815651
1866;13,283;0,130198637493536
1867;13,287;0,106291758397369
1868;13,291;0,112562415209478
1869;13,295;0,115883388060628
1870;13,299;0,114418859660432
1871;13,303;0,153177294364227
1872;13,307;0,233334440324284
1873;13,311;0,411388090331287
1874;13,316;0,932945845246378
1875;13,320;1,96997634270955
1876;13,324;4,02101742644406
1877;13,328;7,50484171026389
1878;13,332;13,1768570684226
1879;13,336;21,4975648605594
1880;13,340;32,7450810925877
1881;13,344;46,7088849637694
1882;13,348;62,9631699985375
1883;13,353;78,6061897570884
1884;13,357;91,7160085536709
1885;13,361;98,7724570475479
1886;13,365;100
1887;13,369;91,6641312448471
1888;13,373;75,908775969853
1889;13,377;57,6735409429541
1890;13,381;40,9648189337532
1891;13,386;28,1168000590762
1892;13,390;19,1733789166079
1893;13,394;13,5114089856449
1894;13,398;9,9244282718338
1895;13,402;7,54126927582371
1896;13,406;5,96939713204085
1897;13,410;4,8903078541833
1898;13,414;4,16165340718407
1899;13,419;3,42811032313066
1900;13,423;2,98600839071637
1901;13,427;2,5860683744993
1902;13,431;2,39417389975241
1903;13,435;2,10522863454179
1904;13,439;1,89175814984271
1905;13,443;1,70508234671905
1906;13,447;1,55961961040657
1907;13,452;1,40813374320877
1908;13,456;1,30155320456347
1909;13,460;1,21368150055167
1910;13,464;1,15854510035836
1911;13,468;1,07587144080923
1912;13,472;0,970941075009225
1913;13,476;0,934162847719781
1914;13,480;0,920817074833482
1915;13,485;0,841216862208711
1916;13,489;0,717722051899174
1917;13,493;0,706191469142696
1918;13,497;0,714462960529722
1919;13,501;0,653880989946941
1920;13,505;0,635997241736089
1921;13,509;0,602931903348551
1922;13,513;0,562935839010787
1923;13,517;0,533995932736479
1924;13,522;0,506850589431427
1925;13,526;0,51561713267204
1926;13,530;0,462440312732507
1927;13,534;0,446227364527513
1928;13,538;0,478777023900897
1929;13,542;0,627395715780005
1930;13,546;0,798188605267723
1931;13,550;1,2540075994585
1932;13,555;2,17338077305235
1933;13,559;3,89515049266942
1934;13,563;6,69994927781217
1935;13,567;10,7072083881586
1936;13,571;15,888627359412
1937;13,575;21,3082281537227
1938;13,579;25,8916244858422
1939;13,583;28,6897606981221
1940;13,588;28,218409452025
1941;13,592;26,1021659137409
1942;13,596;21,8754131878101
1943;13,600;17,1995246677119
1944;13,604;12,727494375489
1945;13,608;9,16743210621667
1946;13,612;6,51993604755138
1947;13,616;4,70101240166775
1948;13,621;3,48106024430396
1949;13,625;2,6909987402993
1950;13,629;2,12498945436416
1951;13,633;1,83676613977335
1952;13,637;1,77313134942678
1953;13,641;1,99767861934989
1954;13,645;2,67913812297377
1955;13,649;4,08050615751684
1956;13,654;6,5802498650468
1957;13,658;10,5176654097163
1958;13,662;15,564801565684
1959;13,666;21,7724424022639
1960;13,670;27,6616823883447
1961;13,674;32,7895945050894
1962;13,678;35,2754148792373
1963;13,682;34,5950898694445
1964;13,686;31,0859973139311
1965;13,691;25,6332486725906
1966;13,695;19,7690294322766
1967;13,699;14,441611418536
1968;13,703;10,2301640457453
1969;13,707;7,38392529502512
1970;13,711;5,36316488300171
1971;13,715;4,05195816729328
1972;13,719;3,16210246046959
1973;13,724;2,6417617080279
1974;13,728;2,19805085708946
1975;13,732;1,8948109696065
1976;13,736;1,64546985268288
1977;13,740;1,45324534336693
1978;13,744;1,3442514269354
1979;13,748;1,11333036439736
1980;13,752;1,04668400860813
1981;13,757;0,959864289785203
1982;13,761;0,917083558771009
1983;13,765;0,863535449941285
1984;13,769;0,767392254542462
1985;13,773;0,745609972984608
1986;13,777;0,713328466698584
1987;13,781;0,638142466434969
1988;13,785;0,625229863920559
1989;13,790;0,553983651325078
1990;13,794;0,577477987209923
1991;13,798;0,531458791986843
1992;13,802;0,514668283285997
1993;13,806;0,495320006674949
1994;13,810;0,482923083174693
1995;13,814;0,466421354721774
1996;13,818;0,474321557218609
1997;13,823;0,471041838688591
1998;13,827;0,417741255785661
1999;13,831;0,417720628625095
2000;13,835;0,411449971812985
2001;13,839;0,425105152107776
2002;13,843;0,413987112562621
2003;13,847;0,385562885302467
2004;13,851;0,361779769169697
2005;13,855;0,373289724765608
2006;13,860;0,377477038360537
2007;13,864;0,36524513214481
2008;13,868;0,360645275338559
2009;13,872;0,324671507311194
2010;13,876;0,33985309748788
2011;13,880;0,289130909655718
2012;13,884;0,332757354253125
2013;13,888;0,465348742372334
2014;13,893;0,632717523206071
2015;13,897;1,1501704731685
2016;13,901;2,17862007183615
2017;13,905;4,03500264130791
2018;13,909;7,15849105719767
2019;13,913;11,5240439465781
2020;13,917;17,1797019664078
2021;13,921;23,8071261476694
2022;13,926;30,5812506948775
2023;13,930;35,95027369148
2024;13,934;38,6540818984909
2025;13,938;37,2337575033875
2026;13,942;32,1044014854031
2027;13,946;25,0764803545891
2028;13,950;18,6703856062023
2029;13,954;13,2606858489634
2030;13,959;9,24294814104935
2031;13,963;6,60153709475107
2032;13,967;4,94433038770605
2033;13,971;3,76841721815099
2034;13,975;3,02400362047922
2035;13,979;2,48456211735328
2036;13,983;2,16634691129929
2037;13,987;1,83860195706374
2038;13,992;1,61360088960818
2039;13,996;1,44944994582276
2040;14,000;1,29097147119304
2041;14,004;1,1606490707361
2042;14,008;1,0464571098419
2043;14,012;0,988350398527056
2044;14,016;0,934080339077516
2045;14,020;0,871188126511326
2046;14,024;0,829603770809969
2047;14,029;0,802066511454159
2048;14,033;0,793753765746001
2049;14,037;0,75031296559369
2050;14,041;0,742845933468744
2051;14,045;0,704747567903065
2052;14,049;0,720981143268625
2053;14,053;0,662688787508687
2054;14,057;0,603736362610631
2055;14,062;0,553488599471491
2056;14,066;0,518113019100544
2057;14,070;0,536141157435359
2058;14,074;0,510377833888238
2059;14,078;0,492947883209842
2060;14,082;0,49649575482722
2061;14,086;0,510872885741826
2062;14,090;0,502044461019514
2063;14,095;0,48187109798582
2064;14,099;0,451219137384521
2065;14,103;0,415884811334707
2066;14,107;0,402043986594821
2067;14,111;0,441359354633902
2068;14,115;0,419329547149254
2069;14,119;0,367679137091616
2070;14,123;0,391627270508915
2071;14,128;0,445072243535809
2072;14,132;0,548806234022975
2073;14,136;0,932368284750526
2074;14,140;1,67713254415192
2075;14,144;3,12874834183413
2076;14,148;5,63053413826014
2077;14,152;9,39080362798751
2078;14,156;14,4106294233657
2079;14,161;19,9911426972529
2080;14,165;25,5776584748649
2081;14,169;29,7599390426151
2082;14,173;31,5989329157296
2083;14,177;30,6380785222372
2084;14,181;27,0600293689512
2085;14,185;21,9241345410673
2086;14,189;16,6715724930213
2087;14,193;12,2170546601191
2088;14,198;8,69249173418108
2089;14,202;6,41869794349272
2090;14,206;4,69420543868092
2091;14,210;3,51332112342942
2092;14,214;2,85931637051908
2093;14,218;2,29728812657321
2094;14,222;1,91859408573927
2095;14,226;1,6687372898015
2096;14,231;1,41289861729955
2097;14,235;1,32576949106813
2098;14,239;1,16178356456724
2099;14,243;1,05231522344269
2100;14,247;0,961679479915024
2101;14,251;0,86999175119849
2102;14,255;0,843754002958347
2103;14,259;0,81347333124724
2104;14,264;0,696249177749812
2105;14,268;0,739793113704954
2106;14,272;0,654396668961094
2107;14,276;0,608851898431036
2108;14,280;0,621805755266578
2109;14,284;0,583748644022032
2110;14,288;0,525600678386057
2111;14,292;0,572279942747253
2112;14,297;0,51031595240654
2113;14,301;0,464977453482143
2114;14,305;0,470546786835004
2115;14,309;0,461656480630993
2116;14,313;0,438533433636339
2117;14,317;0,4228361644455
2118;14,321;0,383479542085286
2119;14,325;0,404973043395214
2120;14,330;0,410356732302979
2121;14,334;0,364853216094053
2122;14,338;0,358438169157981
2123;14,342;0,358108134588922
2124;14,346;0,342844035769972
2125;14,350;0,36524513214481
2126;14,354;0,354374618526449
2127;14,358;0,328673176461027
2128;14,362;0,337811008591831
2129;14,367;0,325290322128178
2130;14,371;0,288759620765528
2131;14,375;0,268668766374098
2132;14,379;0,316626914690396
2133;14,383;0,306251452925622
2134;14,387;0,273969946639598
2135;14,391;0,341957067865627
2136;14,395;0,319741615935884
2137;14,400;0,344411699972999
2138;14,404;0,325125304843649
2139;14,408;0,333025507340484
2140;14,412;0,310748173929043
2141;14,416;0,29024477632629
2142;14,420;0,306292707246755
2143;14,424;0,323021334465902
2144;14,428;0,304828178846558
2145;14,433;0,281519487406809
2146;14,437;0,30476629736486
2147;14,441;0,274031828121297
2148;14,445;0,296412297335569
2149;14,449;0,291544287441958
2150;14,453;0,354622144453243
2151;14,457;0,405633112533331
2152;14,461;0,660749834415469
2153;14,466;1,08377164330606
2154;14,470;1,8680575423522
2155;14,474;3,33231778946146
2156;14,478;5,56729126396433
2157;14,482;8,93688233256882
2158;14,486;13,5122753263887
2159;14,490;19,315293781303
2160;14,494;26,797259970499
2161;14,499;35,1877907011523
2162;14,503;44,846355500449
2163;14,507;55,567899765201
2164;14,511;67,5541571257454
2165;14,515;77,8728735718012
2166;14,519;86,0330608004122
2167;14,523;88,3791940432061
2168;14,527;83,8691272668992
2169;14,531;73,2387963061706
2170;14,536;60,8454206775321
2171;14,540;48,3075517891277
2172;14,544;37,5572945168676
2173;14,548;28,2727001386351
2174;14,552;21,4161700849653
2175;14,556;16,104428713255
2176;14,560;12,2841341862802
2177;14,564;9,46268928256054
2178;14,569;7,66294889600343
2179;14,573;6,38311609151611
2180;14,577;5,39495133743415
2181;14,581;4,58488148768032
2182;14,585;3,98694135718878
2183;14,589;3,53446396300973
2184;14,593;3,18134760127781
2185;14,597;2,89372247434342
2186;14,602;2,54867133239287
2187;14,606;2,37769279846006
2188;14,610;2,25128955851069
2189;14,614;2,00153589837576
2190;14,618;1,88177460412869
2191;14,622;1,72051146282253
2192;14,626;1,63476435634905
2193;14,630;1,52440904732015
2194;14,635;1,44225106678518
2195;14,639;1,36972597023459
2196;14,643;1,29404491811739
2197;14,647;1,23245221666687
2198;14,651;1,21242324375714
2199;14,655;1,13668031015824
2200;14,659;1,10095406805767
2201;14,663;1,04418812217962
2202;14,668;1,01246354922888
2203;14,672;0,945817193439655
2204;14,676;0,948065553941366
2205;14,680;0,888721212992553
2206;14,684;0,875189795661159
2207;14,688;0,856460333867095
2208;14,692;0,850891000514235
2209;14,696;0,890206368553316
2210;14,700;0,866526388223376
2211;14,705;0,917805509390824
2212;14,709;1,08715449763891
2213;14,713;1,36133071588417
2214;14,717;1,93847866852504
2215;14,721;3,0620401045632
2216;14,725;4,96107964208576
2217;14,729;7,80855602243988
2218;14,733;11,6796346187286
2219;14,738;16,3386501214837
2220;14,742;21,2992965931975
2221;14,746;25,3816385680048
2222;14,750;27,9051447645069
2223;14,754;27,8552476630974
2224;14,758;25,2745423503453
2225;14,762;21,601133833762
2226;14,766;17,4529087081065
2227;14,771;13,7118637320268
2228;14,775;11,1865217182342
2229;14,779;9,93614449903537
2230;14,783;10,1253574429087
2231;14,787;11,9463644320095
2232;14,791;15,5441950322784
2233;14,795;20,5487567288376
2234;14,799;25,7300931914487
2235;14,804;31,2829041886956
2236;14,808;36,4326398413194
2237;14,812;40,1699306741761
2238;14,816;42,5848142431369
2239;14,820;44,5567707932608
2240;14,824;45,434332712387
2241;14,828;44,99868708123
2242;14,832;41,6201231977792
2243;14,837;37,2724953109307
2244;14,841;31,8416939684326
2245;14,845;25,6331455367878
2246;14,849;20,0065305590352
2247;14,853;15,1995564335392
2248;14,857;11,7125761941527
2249;14,861;9,02444462917213
2250;14,865;7,26206003040031
2251;14,869;5,80248214873957
2252;14,874;5,11266864508639
2253;14,878;4,30455837558635
2254;14,882;3,8278853220632
2255;14,886;3,42573819966555
2256;14,890;3,07511772436214
2257;14,894;2,80913048886164
2258;14,898;2,55110533733968
2259;14,902;2,36940067991247
2260;14,907;2,11226249629485
2261;14,911;1,92511226847817
2262;14,915;1,80704240139753
2263;14,919;1,71205432699041
2264;14,923;1,59185986237146
2265;14,927;1,52139748187749
2266;14,931;1,37463523444934
2267;14,935;1,32201534784509
2268;14,940;1,25512146612907
2269;14,944;1,15373897194644
2270;14,948;1,17504682881128
2271;14,952;1,11927098664041
2272;14,956;1,04453878390925
2273;14,960;0,990268724459708
2274;14,964;0,949612590983827
2275;14,968;0,952211613215162
2276;14,973;0,866691405507906
2277;14,977;0,851633578294617
2278;14,981;0,823993183135976
2279;14,985;0,78459530645463
2280;14,989;0,712854042005562
2281;14,993;0,739896249507784
2282;14,997;0,71999103956145
2283;15,001;0,72636483217639
2284;15,006;0,692866323416963
2285;15,010;0,66893881716023
2286;15,014;0,642102881263669
2287;15,018;0,637399888654587
2288;15,022;0,668010594934753
2289;15,026;0,667824950489658
2290;15,030;0,775539982966091
2291;15,034;1,03397767769938
2292;15,038;1,53921934860665
2293;15,043;2,50007374209902
2294;15,047;4,05637237965444
2295;15,051;6,50927180553868
2296;15,055;9,6184655991561
2297;15,059;13,9740761971437
2298;15,063;18,5610204008806
2299;15,067;23,8860456639955
2300;15,071;28,7701241156878
2301;15,076;32,7101386825886
2302;15,080;34,196882534715
2303;15,084;33,0666172714928
2304;15,088;29,2541816926937
2305;15,092;24,1998260305278
2306;15,096;18,9362903330606
2307;15,100;14,2959011562967
2308;15,104;10,8159960329845
2309;15,109;8,19321131267743
2310;15,113;6,41327300026382
2311;15,117;5,14068032913522
2312;15,121;4,23686003460825
2313;15,125;3,61148578056373
2314;15,129;3,09729192197075
2315;15,133;2,78103629617055
2316;15,137;2,40749904547814
2317;15,142;2,25648760297336
2318;15,146;2,00093771071934
2319;15,150;1,89413027330781
2320;15,154;1,73284650484109
2321;15,158;1,58536230679312
2322;15,162;1,46780811872664
2323;15,166;1,39299340735321
2324;15,170;1,31128922435069
2325;15,175;1,29437495268645
2326;15,179;1,22797612282401
2327;15,183;1,17409797942523
2328;15,187;1,19072347084155
2329;15,191;1,12189063603231
2330;15,195;1,04544637897416
2331;15,199;1,034328339429
2332;15,203;0,980223297263993
2333;15,207;0,882842472231201
2334;15,212;0,864463672166761
2335;15,216;0,848518877049128
2336;15,220;0,823374368318992
2337;15,224;0,796414669459034
2338;15,228;0,71972288647409
2339;15,232;0,738431721107588
2340;15,236;0,707264081492136
2341;15,240;0,704417533334007
2342;15,245;0,682325844367661
2343;15,249;0,681603893747846
2344;15,253;0,663245720843973
2345;15,257;0,668856308517965
2346;15,261;0,620691888596006
2347;15,265;0,625456762686787
2348;15,269;0,597053162587199
2349;15,273;0,594681039122091
2350;15,278;0,626983172568682
2351;15,282;0,651075696109944
2352;15,286;0,632078081228521
2353;15,290;0,689524723405247
2354;15,294;0,741505168031944
2355;15,298;1,051634527144
2356;15,302;1,47591459282913
2357;15,306;2,42891003814581
2358;15,311;3,95653692251428
2359;15,315;6,17051194756081
2360;15,319;9,41784583548973
2361;15,323;13,430674279189
2362;15,327;17,9741570556131
2363;15,331;22,5385351456907
2364;15,335;26,0294551727452
2365;15,339;28,0715234416335
2366;15,344;27,756752971394
2367;15,348;25,6649319912203
2368;15,352;22,473621471389
2369;15,356;18,5493866823213
2370;15,360;14,7240797553289
2371;15,364;11,2875535506872
2372;15,368;8,66844046496095
2373;15,372;6,74415328290543
2374;15,376;5,32145676433696
2375;15,381;4,37900179806959
2376;15,385;3,65426651157792
2377;15,389;3,10739923064817
2378;15,393;2,87909781750202
2379;15,397;2,68031387112604
2380;15,401;2,91657736825072
2381;15,405;3,39454993288953
2382;15,409;4,5912965346164
2383;15,414;6,39514172612618
2384;15,418;8,97865233271527
2385;15,422;11,8434761551055
2386;15,426;15,4733819900548
2387;15,430;18,6175594479924
2388;15,434;20,9204787894002
2389;15,438;21,8111595826465
2390;15,442;21,2817016252346
2391;15,447;19,5977002366142
2392;15,451;16,9955839311944
2393;15,455;14,0369477825493
2394;15,459;11,3243936594584
2395;15,463;8,94368929555565
2396;15,467;7,0110068591497
2397;15,471;5,46215462655867
2398;15,475;4,49913438120684
2399;15,480;3,70521559817631
2400;15,484;3,04013406004195
2401;15,488;2,63196380675898
2402;15,492;2,28536562776597
2403;15,496;2,02612347377061
2404;15,500;1,84753351758888
2405;15,504;1,65502022802501
2406;15,508;1,55361710668182
2407;15,513;1,39185891352207
2408;15,517;1,36079440970945
2409;15,521;1,28963070575624
2410;15,525;1,1888670263906
2411;15,529;1,10316117423824
2412;15,533;1,03529781597561
2413;15,537;0,991031929400655
2414;15,541;0,949695099626091
2415;15,545;0,962112650286913
2416;15,550;0,842970170856834
2417;15,554;0,878717040117971
2418;15,558;0,828407395497132
2419;15,562;0,827149138702597
2420;15,566;0,759595187848457
2421;15,570;0,73049026428962
2422;15,574;0,73713220999192
2423;15,578;0,740783217412129
2424;15,583;0,70097279751946
2425;15,587;0,676962782620462
2426;15,591;0,642123508424235
2427;15,595;0,604210787303653
2428;15,599;0,655510535631667
2429;15,603;0,623290910827341
2430;15,607;0,656397503536011
2431;15,611;0,584058051430524
2432;15,616;0,64301047632858
2433;15,620;0,693423256752249
2434;15,624;0,856295316582566
2435;15,628;1,14920099662189
2436;15,632;1,68257811454138
2437;15,636;2,56661696208542
2438;15,640;3,8371469171574
2439;15,644;5,74466421767265
2440;15,649;8,35030776754923
2441;15,653;11,686462208876
2442;15,657;15,6356971165499
2443;15,661;20,43990720253
2444;15,665;25,8315169399525
2445;15,669;31,9127751637436
2446;15,673;38,2345048254148
2447;15,677;44,4810897411436
2448;15,682;50,9068421735499
2449;15,686;55,8587427291837
2450;15,690;58,4267623381877
2451;15,694;56,4851895955777
2452;15,698;50,6422782121285
2453;15,702;41,950900344618
2454;15,706;33,4009629171095
2455;15,710;25,4221296841961
2456;15,714;19,1924796672922
2457;15,719;14,7534115776539
2458;15,723;11,5973735023908
2459;15,727;9,50417050245907
2460;15,731;7,91979829937312
2461;15,735;6,67513480365109
2462;15,739;5,78763059313194
2463;15,743;5,00905841756262
2464;15,747;4,52240181832546
2465;15,752;4,15315501703081
2466;15,756;3,72017028958677
2467;15,760;3,43386530092861
2468;15,764;3,06921835644022
2469;15,768;2,95226235603015
2470;15,772;2,67391945135053
2471;15,776;2,52552765823765
2472;15,780;2,40644706028927
2473;15,785;2,21286115837596
2474;15,789;2,03497252565348
2475;15,793;1,94868911300528
2476;15,797;1,84967874228776
2477;15,801;1,73173263817052
2478;15,805;1,68177365527931
2479;15,809;1,59922375869357
2480;15,813;1,58177318085461
2481;15,818;1,47638901752215
2482;15,822;1,38577390115506
2483;15,826;1,38383494806184
2484;15,830;1,26291853282307
2485;15,834;1,34132237013501
2486;15,838;1,21788944130717
2487;15,842;1,16617714976783
2488;15,846;1,14361103610846
2489;15,851;1,06267005804689
2490;15,855;1,04979870985362
2491;15,859;1,01788849245778
2492;15,863;0,99866397881013
2493;15,867;1,02087943073987
2494;15,871;0,979315702199082
2495;15,875;0,91198865011117
2496;15,879;0,89125835374219
2497;15,883;0,88498769693008
2498;15,888;0,871930704291708
2499;15,892;0,826117780674289
2500;15,896;0,857677336340498
2501;15,900;0,821208516459546
2502;15,904;0,743918545818184
2503;15,908;0,780077958290644
2504;15,912;0,755304738450698
2505;15,916;0,774199217529291
2506;15,921;0,760337765628839
2507;15,925;0,709594950636111
2508;15,929;0,725684135877707
2509;15,933;0,720465464254471
2510;15,937;0,720981143268625
2511;15,941;0,674611286315921
2512;15,945;0,679273024603871
2513;15,949;0,767701661950954
2514;15,954;0,646661483748788
2515;15,958;0,65843959243206
2516;15,962;0,667845577650224
2517;15,966;0,671537839391565
2518;15,970;0,704170007407213
2519;15,974;0,861699632650897
2520;15,978;1,08989790999421
2521;15,982;1,52721434115715
2522;15,987;2,37616638857816
2523;15,991;3,54003329636259
2524;15,995;5,16438093662573
2525;15,999;7,53951596717559
2526;16,003;10,4727807083243
2527;16,007;13,8404534509962
2528;16,011;17,9519828580045
2529;16,015;21,5512161051919
2530;16,020;25,270561308356
2531;16,024;27,3876711873839
2532;16,028;28,1734009876697
2533;16,032;26,9771288106359
2534;16,036;24,8966527687734
2535;16,040;21,8365516173035
2536;16,044;18,2056144243259
2537;16,048;14,8372197310342
2538;16,052;11,7391852312831
2539;16,057;9,46303994429016
2540;16,061;7,58693780931716
2541;16,065;6,24474909843838
2542;16,069;5,28321400864732
2543;16,073;4,35874592639363
2544;16,077;3,94521261136346
2545;16,081;3,43759881699109
2546;16,085;3,05937920085017
2547;16,090;2,72076373299626
2548;16,094;2,46420310987449
2549;16,098;2,27981692157368
2550;16,102;2,14922636802939
2551;16,106;1,93493079690766
2552;16,110;1,88990170539175
2553;16,114;1,74338698389039
2554;16,118;1,66818035646621
2555;16,123;1,56586964005811
2556;16,127;1,50312181761588
2557;16,131;1,39928469132589
2558;16,135;1,36914840973874
2559;16,139;1,29996491319988
2560;16,143;1,25289373278792
2561;16,147;1,18094619673319
2562;16,151;1,21964274995529
2563;16,156;1,27543921928672
2564;16,160;1,31060852805201
2565;16,164;1,21852888328472
2566;16,168;1,18624737699869
2567;16,172;1,17257156954334
2568;16,176;1,14249716943789
2569;16,180;1,01351553441776
2570;16,184;0,96196826016295
2571;16,189;0,933234625494304
2572;16,193;0,865412521552804
2573;16,197;0,881790487042327
2574;16,201;0,789277671903146
2575;16,205;0,805036822575685
2576;16,209;0,79670344970696
2577;16,213;0,725519118593178
2578;16,217;0,733027405039257
2579;16,221;0,745238684094417
2580;16,226;0,661554293677548
2581;16,230;0,650291864008431
2582;16,234;0,660770461576035
2583;16,238;0,667969340613621
2584;16,242;0,667989967774187
2585;16,246;0,638555009646292
2586;16,250;0,642886713365183
2587;16,254;0,616690219446173
2588;16,259;0,615761997220696
2589;16,263;0,589895537870745
2590;16,267;0,587090244033748
2591;16,271;0,570382243975167
2592;16,275;0,611389039180673
2593;16,279;0,623229029345643
2594;16,283;0,587110871194315
2595;16,287;0,569639666194786
2596;16,292;0,559449848875108
2597;16,296;0,531211266060049
2598;16,300;0,563389636543243
2599;16,304;0,581087740308999
2600;16,308;0,537564431514423
2601;16,312;0,50977964623182
2602;16,316;0,538905196951223
2603;16,320;0,488616179490951
2604;16,325;0,570031582245543
2605;16,329;0,52306353763642
2606;16,333;0,531355656184012
2607;16,337;0,595196718136245
2608;16,341;0,568628935327045
2609;16,345;0,588946688484702
2610;16,349;0,561471310610591
2611;16,353;0,621640737982049
2612;16,358;0,62238331576243
2613;16,362;0,587977211938093
2614;16,366;0,586533310698462
2615;16,370;0,539771537695001
2616;16,374;0,506809335110294
2617;16,378;0,494494920252303
2618;16,382;0,499940490641767
2619;16,386;0,499177285700819
2620;16,390;0,408294016246364
2621;16,395;0,443339562048252
2622;16,399;0,435769394120475
2623;16,403;0,437089532396709
2624;16,407;0,423228080496256
2625;16,411;0,458562406546071
2626;16,415;0,423166199014558
2627;16,419;0,440802421298616
2628;16,423;0,395195769286859
2629;16,428;0,420134006411334
2630;16,432;0,360500885214596
2631;16,436;0,41431714713168
2632;16,440;0,377827700090161
2633;16,444;0,423599369386447
2634;16,448;0,401796460668027
2635;16,452;0,383665186530382
2636;16,456;0,446928687986762
2637;16,461;0,392803018661186
2638;16,465;0,398557996459142
2639;16,469;0,36524513214481
2640;16,473;0,40660258907994
2641;16,477;0,439152248453324
2642;16,481;0,405633112533331
2643;16,485;0,445092870696375
2644;16,489;0,419577073076048
2645;16,494;0,46151209050703
2646;16,498;0,465183725087805
2647;16,502;0,454787636162465
2648;16,506;0,453137463317173
2649;16,510;0,449156421327906
2650;16,514;0,470691176958967
2651;16,518;0,435026816340094
2652;16,522;0,416606761954522
2653;16,527;0,432634065714421
2654;16,531;0,410975547119964
2655;16,535;0,383417660603588
2656;16,539;0,426590307668539
2657;16,543;0,398599250780274
2658;16,547;0,397464756949136
2659;16,551;0,42535267803457
2660;16,555;0,407303912539189
2661;16,559;0,405138060679743
2662;16,564;0,373846658100894
2663;16,568;0,43397483115122
2664;16,572;0,418917003937931
2665;16,576;0,466875152254229
2666;16,580;0,437275176841804
2667;16,584;0,409180984150709
2668;16,588;0,39063716680174
2669;16,592;0,377456411199971
2670;16,597;0,429725636074594
2671;16,601;0,377662682805632
2672;16,605;0,389935843342491
2673;16,609;0,404704890307854
2674;16,613;0,396557161884225
2675;16,617;0,436862633630481
2676;16,621;0,385934174192658
2677;16,625;0,392411102610429
2678;16,630;0,342060203668458
2679;16,634;0,372526519824661
2680;16,638;0,362831754358571
2681;16,642;0,389317028525507
2682;16,646;0,358417541997415
2683;16,650;0,377518292681669
2684;16,654;0,406045655744654
2685;16,658;0,365925828443493
2686;16,663;0,396309635957431
2687;16,667;0,417947527391322
2688;16,671;0,390451522356645
2689;16,675;0,405447468088236
2690;16,679;0,378735295155072
2691;16,683;0,386676751973039
2692;16,687;0,419164529864725
2693;16,691;0,391792287793445
2694;16,696;0,377332648236574
2695;16,700;0,402270885361048
2696;16,704;0,344102292564507
2697;16,708;0,407551438465983
2698;16,712;0,367472865485954
2699;16,716;0,400311305107264
2700;16,720;0,381231181583576
2701;16,724;0,381726233437164
2702;16,728;0,359304509901759
2703;16,733;0,350269813573786
2704;16,737;0,322258129524954
2705;16,741;0,329539517204805
2706;16,745;0,314667334436611
2707;16,749;0,342493374040347
2708;16,753;0,350269813573786
2709;16,757;0,355075941985698
2710;16,761;0,351012391354167
2711;16,766;0,331643487582552
2712;16,770;0,34515427775338
2713;16,774;0,349692253077933
2714;16,778;0,39781541867876
2715;16,782;0,35672611483099
2716;16,786;0,383170134676794
2717;16,790;0,397464756949136
2718;16,794;0,394906989038933
2719;16,799;0,383314524800757
2720;16,803;0,405983774262955
2721;16,807;0,411862515024308
2722;16,811;0,374878016129202
2723;16,815;0,371144500066729
2724;16,819;0,358912593851002
2725;16,823;0,322258129524954
2726;16,827;0,355756638284381
2727;16,832;0,30540573934241
2728;16,836;0,364090011153106
2729;16,840;0,362151058059888
2730;16,844;0,33851233205108
2731;16,848;0,321989976437594
2732;16,852;0,323949556691379
2733;16,856;0,337233448095979
2734;16,860;0,335686411053518
2735;16,865;0,333417423391241
2736;16,869;0,378095853177521
2737;16,873;0,323021334465902
2738;16,877;0,342988425893935
2739;16,881;0,313697857890002
2740;16,885;0,341400134530341
2741;16,889;0,324650880150628
2742;16,893;0,31194454924188
2743;16,897;0,350496712340013
2744;16,902;0,343957902440544
2745;16,906;0,33492320611257
2746;16,910;0,347423265415657
2747;16,914;0,346185635781688
2748;16,918;0,32828126041027
2749;16,922;0,331045299926134
2750;16,926;0,322856317181373
2751;16,930;0,356478588904197
2752;16,935;0,349382845669441
2753;16,939;0,355756638284381
2754;16,943;0,325888509784597
2755;16,947;0,351734341973982
2756;16,951;0,328735057942725
2757;16,955;0,331292825852928
2758;16,959;0,361243462994977
2759;16,963;0,359098238296097
2760;16,968;0,333829966602564
2761;16,972;0,318957783834371
2762;16,976;0,325785373981766
2763;16,980;0,324630252990062
2764;16,984;0,363924993868577
2765;16,988;0,31553367518039
2766;16,992;0,326527951762147
2767;16,996;0,322691299896844
2768;17,001;0,355385349394191
2769;17,005;0,314667334436611
2770;17,009;0,32854941349763
2771;17,013;0,352621309878327
2772;17,017;0,338161670321456
2773;17,021;0,339399299955425
2774;17,025;0,328590667818762
2775;17,029;0,364729453130656
2776;17,034;0,322216875203822
2777;17,038;0,331849759188214
2778;17,042;0,449568964539229
2779;17,046;0,4507447126915
2780;17,050;0,675766407307625
2781;17,054;0,891031454975962
2782;17,058;1,37983327891201
2783;17,062;2,06607828378724
2784;17,066;3,01307122537916
2785;17,071;4,43271492418384
2786;17,075;6,20514495015137
2787;17,079;8,05104892205553
2788;17,083;10,3393229794613
2789;17,087;12,1453546499911
2790;17,091;14,127439135953
2791;17,095;14,9799184278308
2792;17,099;15,4832211456449
2793;17,104;15,2134178854396
2794;17,108;14,1583592496417
2795;17,112;12,8897888748235
2796;17,116;11,3193400051197
2797;17,120;9,71729032542852
2798;17,124;8,26330240428121
2799;17,128;6,85190956970299
2800;17,132;5,72337698796838
2801;17,137;4,75918099446429
2802;17,141;4,08784942667839
2803;17,145;3,43514418488372
2804;17,149;2,95677970419414
2805;17,153;2,62204214252667
2806;17,157;2,27010152894702
2807;17,161;2,06263354797269
2808;17,165;1,84637839659718
2809;17,170;1,72690588259804
2810;17,174;1,5224907213875
2811;17,178;1,398851520954
2812;17,182;1,3004393378929
2813;17,186;1,27345901187237
2814;17,190;1,14957228551208
2815;17,194;1,12288073973948
2816;17,198;1,05697696173064
2817;17,203;0,964237247825227
2818;17,207;0,96518609721127
2819;17,211;0,883750067296111
2820;17,215;0,9094721365221
2821;17,219;0,874674116647005
2822;17,223;0,813122669517615
2823;17,227;0,767557271826991
2824;17,231;0,731067824785472
2825;17,235;0,735791444555121
2826;17,240;0,715205538310103
2827;17,244;0,722177518581462
2828;17,248;0,688307720931844
2829;17,252;0,682573370294455
2830;17,256;0,664318333193412
2831;17,260;0,64274232324122
2832;17,264;0,617700950313914
2833;17,268;0,634718357780988
2834;17,273;0,594124105786806
2835;17,277;0,572383078550084
2836;17,281;0,592308915656984
2837;17,285;0,586615819340727
2838;17,289;0,548950624146938
2839;17,293;0,560068663692093
2840;17,297;0,550807068597891
2841;17,301;0,549775710569584
2842;17,306;0,532015725322129
2843;17,310;0,527704648763804
2844;17,314;0,517349814159597
2845;17,318;0,489565028876993
2846;17,322;0,501363764720831
2847;17,326;0,518443053669603
2848;17,330;0,518257409224507
2849;17,334;0,484263848611493
2850;17,339;0,48438761157489
2851;17,343;0,423083690372293
2852;17,347;0,529396075930228
2853;17,351;0,458851186793997
2854;17,355;0,432015250897436
2855;17,359;0,407200776736358
2856;17,363;0,461140801616839
2857;17,367;0,431850233612907
2858;17,372;0,443050781800326
2859;17,376;0,449795863305457
2860;17,380;0,486429700470939
2861;17,384;0,42347560642305
2862;17,388;0,407200776736358
2863;17,392;0,421907942220023
2864;17,396;0,390183369269285
2865;17,400;0,395773329782711
2866;17,404;0,388100026052104
2867;17,409;0,413347670585071
2868;17,413;0,399238692757825
2869;17,417;0,378920939600167
2870;17,421;0,401734579186329
2871;17,425;0,391194100137026
2872;17,429;0,388141280373236
2873;17,433;0,383479542085286
2874;17,437;0,393813749528927
2875;17,442;0,335046969075967
2876;17,446;0,350909255551336
2877;17,450;0,386965532220966
2878;17,454;0,370938228461067
2879;17,458;0,350125423449822
2880;17,462;0,364378791401032
2881;17,466;0,371680806241449
2882;17,470;0,374052929706556
2883;17,475;0,388883858153617
2884;17,479;0,333417423391241
2885;17,483;0,349382845669441
2886;17,487;0,36111970003158
2887;17,491;0,324877778916855
2888;17,495;0,372567774145793
2889;17,499;0,3456905839281
2890;17,503;0,338945502422969
2891;17,508;0,354910924701169
2892;17,512;0,365121369181413
2893;17,516;0,315781201107183
2894;17,520;0,354065211117957
2895;17,524;0,363945621029143
2896;17,528;0,333644322157469
2897;17,532;0,387295566790024
2898;17,536;0,342204593792421
2899;17,541;0,357695591377599
2900;17,545;0,342823408609406
2901;17,549;0,376342544529399
2902;17,553;0,349733507399066
2903;17,557;0,33985309748788
2904;17,561;0,321144262854382
2905;17,565;0,379085956884696
2906;17,569;0,327023003615735
2907;17,574;0,325331576449311
2908;17,578;0,330715265357076
2909;17,582;0,366915932150668
2910;17,586;0,328116243125741
2911;17,590;0,320092277665509
2912;17,594;0,325950391266295
2913;17,598;0,328920702387821
2914;17,602;0,354663398774375
2915;17,606;0,392060440880804
2916;17,611;0,322031230758727
2917;17,615;0,326197917193089
2918;17,619;0,332159166596706
2919;17,623;0,316193744318506
2920;17,627;0,353982702475692
2921;17,631;0,376528188974494
2922;17,635;0,379127211205829
2923;17,639;0,349300337027176
2924;17,644;0,34783580862698
2925;17,648;0,348268978998869
2926;17,652;0,333004880179918
2927;17,656;0,348413369122832
2928;17,660;0,352930717286819
2929;17,664;0,316276252960771
2930;17,668;0,320504820876832
2931;17,672;0,356251690137969
2932;17,677;0,342225220952987
2933;17,681;0,342493374040347
2934;17,685;0,323310114713828
2935;17,689;0,352291275309268
2936;17,693;0,32935387275971
2937;17,697;0,305900791195998
2938;17,701;0,331354707334626
2939;17,705;0,337790381431265
2940;17,710;0,340740065392224
2941;17,714;0,339296164152594
2942;17,718;0,378673413673373
2943;17,722;0,323062588787034
2944;17,726;0,357138658042313
2945;17,730;0,369824361790495
2946;17,734;0,376301290208266
2947;17,738;0,350042914807558
2948;17,743;0,330900909802171
2949;17,747;0,380839265532819
2950;17,751;0,390781556925703
2951;17,755;0,335232613521062
2952;17,759;0,353838312351729
2953;17,763;0,372485265503529
