#"+EI TIC Scan 140C_1ml-min_10C-min_1.d "
#Point;X(Minutes);Y(Counts)
0;5,041;5,48707782408584
1;5,046;5,13814098366549
2;5,050;5,01937491814771
3;5,055;4,80007498311596
4;5,059;4,70236582002511
5;5,064;4,4277273182494
6;5,068;4,33241487576
7;5,072;4,23937075812553
8;5,077;4,05807596405946
9;5,081;3,91671224715668
10;5,086;3,75026856110311
11;5,090;3,72030955358511
12;5,095;3,59345455603747
13;5,099;3,47366132454764
14;5,104;3,33448033533545
15;5,108;3,1908910921599
16;5,112;3,11860428687718
17;5,117;3,10418116468638
18;5,121;2,86823258119105
19;5,126;2,96422980099515
20;5,130;2,88526641689414
21;5,135;2,80540426256759
22;5,139;2,58246644805151
23;5,144;2,6654101002942
24;5,148;2,56628858399179
25;5,152;2,49062069071776
26;5,157;2,47084774575588
27;5,161;2,43998996801234
28;5,166;2,42813476075165
29;5,170;2,32370622026034
30;5,175;2,33817214103331
31;5,179;2,33325030408393
32;5,184;2,1871787431426
33;5,188;2,12144012093167
34;5,192;2,10633222142617
35;5,197;2,08737244952549
36;5,201;2,11176764136158
37;5,206;2,0650315896335
38;5,210;2,01286011797001
39;5,215;2,03173429270635
40;5,219;2,00190368093486
41;5,224;1,93256997782177
42;5,228;2,14253982194078
43;5,232;2,84833124048267
44;5,237;4,23842918931782
45;5,241;6,98541338722531
46;5,246;10,4918584257141
47;5,250;14,5849008314053
48;5,255;17,7532370707623
49;5,259;20,0422336408839
50;5,263;20,9409610678417
51;5,268;21,0697848001691
52;5,272;20,4762540626554
53;5,277;19,6404405514854
54;5,281;18,9782180895911
55;5,286;18,1136011326217
56;5,290;17,390091101062
57;5,295;16,580427523597
58;5,299;16,352953059371
59;5,303;15,4590190736161
60;5,308;15,2106161027097
61;5,312;14,5257103922661
62;5,317;13,6903676655
63;5,321;13,1041982841192
64;5,326;12,769256580068
65;5,330;12,0053874855234
66;5,335;11,4133546983856
67;5,339;11,1141070118629
68;5,343;10,4896328994413
69;5,348;9,85809702096189
70;5,352;9,3688236296108
71;5,357;8,98928580293992
72;5,361;8,5016815562934
73;5,366;8,04395072000055
74;5,370;7,74474583206008
75;5,375;7,31410649827993
76;5,379;6,63493579784689
77;5,383;6,40544980025902
78;5,388;5,80691162863157
79;5,392;5,61012374782048
80;5,397;5,0752270678777
81;5,401;4,56151568610835
82;5,406;4,20350554626826
83;5,410;3,91906616917595
84;5,415;3,56589226912091
85;5,419;3,35472406470118
86;5,423;3,13953279355762
87;5,428;2,87555113874188
88;5,432;2,62004360319551
89;5,437;2,48972192049222
90;5,441;2,31009627113073
91;5,446;2,10419229231774
92;5,450;2,08527531899923
93;5,455;1,97943442529636
94;5,459;1,81945332515024
95;5,463;1,79501533473199
96;5,468;1,66405167329617
97;5,472;1,6723117996547
98;5,477;1,56026511153739
99;5,481;1,4361920218307
100;5,486;1,36921224073689
101;5,490;1,43268253809288
102;5,494;1,36934063648339
103;5,499;1,29170400842961
104;5,503;1,16908607051666
105;5,508;1,28892210058865
106;5,512;1,19416603966744
107;5,517;1,21363939455414
108;5,521;1,15821523064584
109;5,526;1,22712094793724
110;5,530;1,25198692417718
111;5,534;1,169428459174
112;5,539;1,18560632323372
113;5,543;1,14944152130128
114;5,548;1,16891487618798
115;5,552;1,18248202673542
116;5,557;1,14293613681166
117;5,561;1,11092279734957
118;5,566;1,23610865019264
119;5,570;1,57070796558652
120;5,574;2,21974846417288
121;5,579;3,63899224746483
122;5,583;5,54618266606064
123;5,588;8,09800532927945
124;5,592;10,5760004382575
125;5,597;12,2111202700077
126;5,601;13,4048155252713
127;5,606;13,9900005392621
128;5,610;13,5503735032266
129;5,614;13,2438928563175
130;5,619;12,8611451359839
131;5,623;12,327489614924
132;5,628;11,7405498590643
133;5,632;11,3731240311471
134;5,637;10,707648877008
135;5,641;10,3796833418503
136;5,646;9,82471412687041
137;5,650;9,39955301160783
138;5,654;8,90124911941917
139;5,659;8,5869363319732
140;5,663;8,04407911574705
141;5,668;7,6133113862204
142;5,672;7,32240942322063
143;5,677;6,71407037627657
144;5,681;6,54955262642059
145;5,685;5,91300931382745
146;5,690;5,63464733540307
147;5,694;5,1968178398186
148;5,699;4,93664525881587
149;5,703;4,71499140176484
150;5,708;4,25734616263632
151;5,712;3,85191519375346
152;5,717;3,60813446972129
153;5,721;3,26557461804405
154;5,725;3,03985489568702
155;5,730;2,77625842811079
156;5,734;2,4833449317491
157;5,739;2,27376027486961
158;5,743;2,20802165265869
159;5,748;1,99518430353439
160;5,752;1,75606862495859
161;5,757;1,71682232511001
162;5,761;1,60896989804522
163;5,765;1,51173151935823
164;5,770;1,40071199721296
165;5,774;1,35050926032922
166;5,779;1,38115304516192
167;5,783;1,18098407635952
168;5,788;1,18920140413588
169;5,792;1,09328978149612
170;5,797;1,09243380985275
171;5,801;0,994253862358048
172;5,805;1,08627081402047
173;5,810;0,963610077525352
174;5,814;0,92714568551773
175;5,819;0,993526286461182
176;5,823;0,953509612133569
177;5,828;0,88344833312362
178;5,832;0,88494628349952
179;5,837;0,911994987430056
180;5,841;0,863546992415235
181;5,845;0,805126927755137
182;5,850;0,871036744294735
183;5,854;0,795069260945523
184;5,859;0,819164862706428
185;5,863;0,819849640021125
186;5,868;0,791345784296858
187;5,872;0,757877293041036
188;5,876;0,744481336822274
189;5,881;0,803671775961406
190;5,885;0,782272484877121
191;5,890;0,750216346832862
192;5,894;0,845657185068773
193;5,899;0,797594377293469
194;5,903;0,775510308894487
195;5,908;0,831490854370976
196;5,912;0,789805035338789
197;5,916;0,740629464427103
198;5,921;0,77812102240677
199;5,925;0,795154858109861
200;5,930;0,758176883116216
201;5,934;0,782272484877121
202;5,939;0,806967266788386
203;5,943;0,783642039506515
204;5,948;0,793400116240949
205;5,952;0,72693391813316
206;5,956;0,751543102880088
207;5,961;0,775553107476656
208;5,965;0,995452222658768
209;5,970;1,4947404822373
210;5,974;2,76568717831516
211;5,979;5,33749677940669
212;5,983;9,43879931145641
213;5,988;15,0681824212528
214;5,992;20,8492009076723
215;5,996;26,0958362971352
216;6,001;30,0655331890165
217;6,005;32,5569242542133
218;6,010;32,8582690712622
219;6,014;32,1367705730645
220;6,019;30,6862410262073
221;6,023;29,2794088317442
222;6,028;27,8252842039849
223;6,032;26,6015015454568
224;6,036;25,3206255783158
225;6,041;24,0941894076933
226;6,045;22,5355078436962
227;6,050;21,149218968674
228;6,054;19,7812050882378
229;6,059;18,7886631691665
230;6,063;17,156496439586
231;6,067;16,025672301528
232;6,072;14,6560748735516
233;6,076;13,345068704564
234;6,081;12,4657290353285
235;6,085;11,407619688375
236;6,090;10,3450592888759
237;6,094;9,15076485346193
238;6,099;8,01737280047387
239;6,103;7,0654895344627
240;6,107;6,21953275931875
241;6,112;5,31699625854795
242;6,116;4,58047545800903
243;6,121;3,87130295147582
244;6,125;3,38481146796569
245;6,130;2,98965215880328
246;6,134;2,66194341513854
247;6,139;2,23327281613815
248;6,143;2,04149236944079
249;6,147;1,71861986556109
250;6,152;1,5560280519027
251;6,156;1,42318125285146
252;6,161;1,34314790419623
253;6,165;1,10553017599633
254;6,170;1,00717903417296
255;6,174;0,904633631297062
256;6,179;0,904505235550557
257;6,183;0,772043623738833
258;6,187;0,721755289690763
259;6,192;0,747391640409737
260;6,196;0,697188903526004
261;6,201;0,631621475643755
262;6,205;0,663934405181025
263;6,210;0,551588126988529
264;6,214;0,52762092097413
265;6,219;0,589550469372051
266;6,223;0,55813631006032
267;6,227;0,543156806301321
268;6,232;0,564984083207292
269;6,236;0,462096291674049
270;6,241;0,464535810857658
271;6,245;0,476690608193532
272;6,250;0,518248031479213
273;6,254;0,446346413436016
274;6,258;0,419854091073671
275;6,263;0,431324111094848
276;6,267;0,422250811675111
277;6,272;0,468687273328009
278;6,276;0,425546302502091
279;6,281;0,415317441363802
280;6,285;0,403462234103109
281;6,290;0,414761059795611
282;6,294;0,464193422200309
283;6,298;0,360749249098876
284;6,303;0,40012394469396
285;6,307;0,396657259538306
286;6,312;0,368923778293073
287;6,316;0,341104699883502
288;6,321;0,40611574619756
289;6,325;0,365243100226576
290;6,330;0,39473132334072
291;6,334;0,370635721579816
292;6,338;0,355741814985153
293;6,343;0,321888136489814
294;6,347;0,332074199045934
295;6,352;0,375215169871852
296;6,356;0,341789477198199
297;6,361;0,376113940097392
298;6,365;0,337937604803028
299;6,370;0,387284370043389
300;6,374;0,340419922568805
301;6,378;0,393490164457832
302;6,383;0,360235666112853
303;6,387;0,369394562696927
304;6,392;0,288633638144836
305;6,396;0,341147498465671
306;6,401;0,300531643987698
307;6,405;0,351718748261308
308;6,410;0,378253869205821
309;6,414;0,334984502633397
310;6,418;0,383132907573038
311;6,423;0,378767452191844
312;6,427;0,641079962303009
313;6,432;1,24988979365092
314;6,436;2,32888484870273
315;6,441;4,4576863257674
316;6,445;7,39717854626912
317;6,450;10,7849431164044
318;6,454;14,3082079976855
319;6,458;17,2821102782507
320;6,463;18,9866066116962
321;6,467;19,4080870488922
322;6,472;19,6052601169428
323;6,476;19,0021424970234
324;6,481;17,8208588305887
325;6,485;17,0320381626398
326;6,489;15,9442265996612
327;6,494;14,9267331071856
328;6,498;13,7885048144125
329;6,503;12,968312785734
330;6,507;11,7655014324685
331;6,512;11,0615503529599
332;6,516;9,94664728746866
333;6,521;8,97798697724742
334;6,525;8,09787693353295
335;6,529;6,96833675294005
336;6,534;6,32135058629778
337;6,538;5,61834107559685
338;6,543;4,78539506943214
339;6,547;4,16074976268186
340;6,552;3,48521694173315
341;6,556;2,92772261040536
342;6,561;2,52742747138273
343;6,565;2,16201317682748
344;6,569;1,78350251612865
345;6,574;1,53775305731672
346;6,578;1,32560048550712
347;6,583;1,15376417810031
348;6,587;1,05156116388176
349;6,592;0,870394765562207
350;6,596;0,786980328915664
351;6,601;0,730742991946163
352;6,605;0,681653018198813
353;6,609;0,60423038305587
354;6,614;0,628154790488101
355;6,618;0,462823867570915
356;6,623;0,562202175366335
357;6,627;0,442066555219159
358;6,632;0,457217253306832
359;6,636;0,4070145164231
360;6,641;0,421223645703065
361;6,645;0,415659830021151
362;6,649;0,420068083984514
363;6,654;0,358780514319122
364;6,658;0,388653924672783
365;6,663;0,310075727811289
366;6,667;0,349921207810228
367;6,672;0,358866111483459
368;6,676;0,332630580614125
369;6,680;0,328650312472448
370;6,685;0,308192590195872
371;6,689;0,340890706972659
372;6,694;0,325098030152457
373;6,698;0,36571388463043
374;6,703;0,36661265485597
375;6,707;0,39323337296482
376;6,712;0,342217463019885
377;6,716;0,354286663191422
378;6,720;0,350819978035768
379;6,725;0,334513718229543
380;6,729;0,328479118143774
381;6,734;0,301858400034924
382;6,738;0,287991659412307
383;6,743;0,268518304525608
384;6,747;0,331560616059911
385;6,752;0,272498572667285
386;6,756;0,306138258251781
387;6,760;0,272241781174273
388;6,765;0,264580834966099
389;6,769;0,212409363302613
390;6,774;0,255464736964194
391;6,778;0,206160770306001
392;6,783;0,205133604333956
393;6,787;0,201281731938784
394;6,792;0,221054676900664
395;6,796;0,184376291982199
396;6,800;0,229657191916546
397;6,805;0,20111053761011
398;6,809;0,181423189812568
399;6,814;0,173163063454034
400;6,818;0,203122070972033
401;6,823;0,240998816191217
402;6,827;0,234793021776775
403;6,832;0,241255607684229
404;6,836;0,21279455054213
405;6,840;0,234108244462077
406;6,845;0,195846312003376
407;6,849;0,241726392088083
408;6,854;0,274082120207522
409;6,858;0,239030081411463
410;6,863;0,239886053054834
411;6,867;0,293041892108198
412;6,871;0,262654898768514
413;6,876;0,244850688586389
414;6,880;0,262740495932851
415;6,885;0,25379559225962
416;6,889;0,242197176491937
417;6,894;0,216560825772964
418;6,898;0,191694849533025
419;6,903;0,201880912089144
420;6,907;0,186858609747976
421;6,911;0,19721586663277
422;6,916;0,147612309899398
423;6,920;0,197001873721927
424;6,925;0,222381432947889
425;6,929;0,388354334597603
426;6,934;0,832389624596516
427;6,938;1,85052509580463
428;6,943;3,90057718167913
429;6,947;7,87468232752385
430;6,951;14,3671844439137
431;6,956;22,1189920420316
432;6,960;30,465785529457
433;6,965;38,2157099899595
434;6,969;43,8713286306251
435;6,974;46,8545610021031
436;6,978;47,511348044062
437;6,983;46,6478438502289
438;6,987;44,4903673231113
439;6,991;41,4749076192604
440;6,996;38,677164302901
441;7,000;35,4360276752752
442;7,005;32,1609089734075
443;7,009;28,9521708724833
444;7,014;25,6563804554283
445;7,018;22,5454799133414
446;7,023;19,5298490151618
447;7,027;16,6522007458937
448;7,031;14,0626297332022
449;7,036;11,4144674615219
450;7,040;9,4461606675894
451;7,045;7,56289465642582
452;7,049;5,8646041173948
453;7,054;4,75646322788619
454;7,058;3,8654823443009
455;7,062;3,0694287159655
456;7,067;2,52858303310128
457;7,071;1,96924836274024
458;7,076;1,58778459987178
459;7,080;1,3162275960122
460;7,085;1,16236669311619
461;7,089;0,996693381541656
462;7,094;0,743539768014565
463;7,098;0,691582289261921
464;7,102;0,649639678736723
465;7,107;0,542557626150961
466;7,111;0,491199327548677
467;7,116;0,417243377561388
468;7,120;0,437144718269773
469;7,125;0,412321540612003
470;7,129;0,303099558917812
471;7,134;0,433549637367613
472;7,138;0,319149027231026
473;7,142;0,295524209873975
474;7,147;0,205518791573473
475;7,151;0,278875561410402
476;7,156;0,24750420068084
477;7,160;0,271599802441745
478;7,165;0,225248937953183
479;7,169;0,260386573913579
480;7,174;0,240956017609049
481;7,178;0,25020051135746
482;7,182;0,250671295761314
483;7,187;0,376456328754741
484;7,191;0,385529628174478
485;7,196;0,433678033114119
486;7,200;0,380051409656901
487;7,205;0,340505519733142
488;7,209;0,355870210731659
489;7,214;0,429997355047622
490;7,218;0,425931489741608
491;7,222;0,39592968364144
492;7,227;0,452894596507807
493;7,231;0,343758211977954
494;7,236;0,390879450945549
495;7,240;0,388183140268929
496;7,245;0,337038834577488
497;7,249;0,329677478444494
498;7,254;0,313585211549112
499;7,258;0,346026536832888
500;7,262;0,282128253655213
501;7,267;0,248360172324211
502;7,271;0,273696932968005
503;7,276;0,208429095160936
504;7,280;0,224949347878003
505;7,285;0,157883969619854
506;7,289;0,176244561370171
507;7,293;0,162848605151409
508;7,298;0,205048007169618
509;7,302;0,12210435492693
510;7,307;0,149067461693129
511;7,311;0,181380391230399
512;7,316;0,145044394969283
513;7,320;0,0760102819313802
514;7,325;0,13408795793413
515;7,329;0,108109218557808
516;7,333;0,179754045107994
517;7,338;0,207829915010576
518;7,342;0,256962687340094
519;7,347;0,221996245708372
520;7,351;0,430853326690993
521;7,356;0,807694842685252
522;7,360;1,59869823832476
523;7,365;3,27280757843054
524;7,369;5,92400854944477
525;7,373;9,62317560343861
526;7,378;14,025523362462
527;7,382;17,9730933873623
528;7,387;21,3200709086909
529;7,391;23,0222989172815
530;7,396;23,7849696515254
531;7,400;23,4824692727579
532;7,405;22,7931981069331
533;7,409;21,5895307820243
534;7,413;19,5596368283512
535;7,418;17,6510768551259
536;7,422;15,6858087605274
537;7,427;13,7496009032213
538;7,431;11,8651793303391
539;7,436;10,0194904743196
540;7,440;8,24989749739571
541;7,445;6,89258326250168
542;7,449;5,6186834642542
543;7,453;4,50840264563716
544;7,458;3,53871516944387
545;7,462;2,88552320838715
546;7,467;2,17613670894311
547;7,471;1,80199150362547
548;7,476;1,52962132670469
549;7,480;1,64594787303886
550;7,484;2,08822842116886
551;7,489;3,72518859195233
552;7,493;6,26216014715864
553;7,498;10,2678078480616
554;7,502;14,6749062497058
555;7,507;19,5472680381044
556;7,511;23,8922228984398
557;7,516;26,339531424003
558;7,520;27,480284833124
559;7,524;26,9914822261768
560;7,529;26,1602481632988
561;7,533;24,2883237764099
562;7,538;21,9494668580619
563;7,542;19,2915037110651
564;7,547;17,4180813738002
565;7,551;14,7714170524959
566;7,556;12,4882410895492
567;7,560;10,073930270838
568;7,564;8,19759762998572
569;7,569;6,622524209018
570;7,573;5,10253256330124
571;7,578;3,8348385594682
572;7,582;2,91522542441214
573;7,587;2,36898712019468
574;7,591;1,85155226177667
575;7,596;1,4398726998972
576;7,600;1,13595996791818
577;7,604;0,93912928852493
578;7,609;0,809021598732477
579;7,613;0,624773702496784
580;7,618;0,548421031908055
581;7,622;0,470270820868246
582;7,627;0,453750568151178
583;7,631;0,371448894641018
584;7,636;0,355485023492142
585;7,640;0,241255607684229
586;7,644;0,266934756985371
587;7,649;0,236590562227855
588;7,653;0,219642323689101
589;7,658;0,200639753206256
590;7,662;0,230470364977749
591;7,667;0,172349890392831
592;7,671;0,237104145213877
593;7,675;0,167941636429468
594;7,680;0,21549086121875
595;7,684;0,179411656450645
596;7,689;0,144188423325912
597;7,693;0,11701132364887
598;7,698;0,163618979630443
599;7,702;0,166871671875254
600;7,707;0,116283747752004
601;7,711;0,0930013190523024
602;7,715;0,0701896747564547
603;7,720;0,0802045429839
604;7,724;0,13468713808449
605;7,729;0,097323975851328
606;7,733;0,114785797376105
607;7,738;0,102459805711556
608;7,742;0,0923593403197739
609;7,747;0,033939275659676
610;7,751;0,0636414916846635
611;7,755;0,167727643518626
612;7,760;0,0438257481406156
613;7,764;0,0653962335535748
614;7,769;0,104514137655648
615;7,773;0,0877370934455683
616;7,778;0,0878654891920741
617;7,782;0,0987363290628908
618;7,787;0,0928301247236282
619;7,791;0,0756250946918631
620;7,795;0,0969815871939794
621;7,800;0,0965963999544623
622;7,804;0,0219556726524764
623;7,809;0,0949700538320567
624;7,813;0,0593188348856379
625;7,818;0,0497747510620468
626;7,822;0,0826868607496771
627;7,827;0,0781930096219772
628;7,831;0,111404709384788
629;7,835;0,0519146801704753
630;7,840;0,0712596393106689
631;7,844;0,0403162644027929
632;7,849;0,0603460008576836
633;7,853;0,0805897302234172
634;7,858;0
635;7,862;0,0313285621473932
636;7,866;0,0277762798274019
637;7,871;0,0209285066804307
638;7,875;0,0387755154447244
639;7,880;0,0379195438013529
640;7,884;0,0468644474745841
641;7,889;0,0382619324587015
642;7,893;0,0347096501387102
643;7,898;0,102673798622399
644;7,902;0,0494751609868668
645;7,906;0,0383475296230387
646;7,911;0,0693337031130833
647;7,915;0,146970331166869
648;7,920;0,35103397094661
649;7,924;0,97473770888918
650;7,929;2,22441350962925
651;7,933;4,47099668482183
652;7,938;7,98180717869178
653;7,942;12,4641882863704
654;7,946;17,7804997676037
655;7,951;22,4625362610987
656;7,955;26,1790367408708
657;7,960;28,1426356907648
658;7,964;28,4284446224865
659;7,969;27,4927820191173
660;7,973;25,4533011830384
661;7,978;22,7234792165805
662;7,982;20,057726727629
663;7,986;17,250952910432
664;7,991;13,9961635350944
665;7,995;11,487096655462
666;8,000;9,04124328169256
667;8,004;7,02136419624691
668;8,009;5,52688050550261
669;8,013;4,0918012468083
670;8,018;3,21276116764804
671;8,022;2,31591687830566
672;8,026;1,77537078551662
673;8,031;1,42082733083218
674;8,035;1,18834543249251
675;8,040;0,983254626740725
676;8,044;1,33099310686036
677;8,049;2,19214337867415
678;8,053;4,61612667695545
679;8,057;9,48146949787848
680;8,062;17,9680431546664
681;8,066;29,6998193043861
682;8,071;44,8268497761206
683;8,075;62,2276405227248
684;8,080;78,8829227665346
685;8,084;91,9877630293864
686;8,089;99,007800469586
687;8,093;99,7139342767853
688;8,097;94,2039592112393
689;8,102;85,4371404384116
690;8,106;74,0968857183699
691;8,111;62,0722388708707
692;8,115;49,8011577872448
693;8,120;39,3698165567171
694;8,124;29,7372252652014
695;8,129;22,5450947261019
696;8,133;16,4513897983588
697;8,137;12,2074823905234
698;8,142;8,71704402176565
699;8,146;6,76423031457814
700;8,151;5,08438596446177
701;8,155;3,85739341227104
702;8,160;3,08427982397799
703;8,164;2,45154558519785
704;8,169;1,96646645489928
705;8,173;1,69589381842958
706;8,177;1,48827789632985
707;8,182;1,18564912181589
708;8,186;1,10801249376211
709;8,191;0,966135193873297
710;8,195;0,847155135444673
711;8,200;0,801018263866955
712;8,204;0,699885214202624
713;8,209;0,625158889736301
714;8,213;0,599608136181665
715;8,217;0,528348496870996
716;8,222;0,509517120716825
717;8,226;0,497319524798782
718;8,231;0,37050732583331
719;8,235;0,376969911740764
720;8,240;0,388397133179772
721;8,244;0,397213641106497
722;8,249;0,384545260784601
723;8,253;0,327237959260886
724;8,257;0,329377888369314
725;8,262;0,272883759906802
726;8,266;0,316538313718743
727;8,271;0,298306117714932
728;8,275;0,3163243208079
729;8,280;0,222124641454878
730;8,284;0,23372305722256
731;8,288;0,239372470068812
732;8,293;0,203635653958056
733;8,297;0,228758421691006
734;8,302;0,248659762399391
735;8,306;0,200126170220233
736;8,311;0,177186130177879
737;8,315;0,234664626030269
738;8,320;0,133831166441118
739;8,324;0,15831195544154
740;8,328;0,128481343670047
741;8,333;0,10982116184455
742;8,337;0,108408808632988
743;8,342;0,146157158105666
744;8,346;0,124287082617527
745;8,351;0,121248383283559
746;8,355;0,143375250264709
747;8,360;0,132504410393892
748;8,364;0,138881399137009
749;8,368;0,100790661006982
750;8,373;0,121119987537053
751;8,377;0,110163550501899
752;8,382;0,154032097224683
753;8,386;0,150736606397703
754;8,391;0,150351419158186
755;8,395;0,140764536752426
756;8,400;0,178598483389442
757;8,404;0,153176125581312
758;8,408;0,136613074282075
759;8,413;0,173548250693551
760;8,417;0,226875284075589
761;8,422;0,301130824138058
762;8,426;0,65122322627696
763;8,431;1,44864640924175
764;8,435;3,0604410137101
765;8,440;5,78384319284271
766;8,444;10,1293544347463
767;8,448;15,5930214343859
768;8,453;21,5738237023684
769;8,457;26,9970460418587
770;8,462;30,7800127197386
771;8,466;32,3098480393542
772;8,471;31,7957942689275
773;8,475;29,3583722158452
774;8,479;25,9071373483539
775;8,484;21,7400105969289
776;8,488;17,7517819189686
777;8,493;14,0158080843098
778;8,497;10,8131473820535
779;8,502;8,0587162308487
780;8,506;5,8885713234092
781;8,511;4,43966812267443
782;8,515;3,27768661679776
783;8,519;2,40729185123555
784;8,524;1,87590465503059
785;8,528;1,59257804107466
786;8,533;1,22040157053677
787;8,537;1,11229235197896
788;8,542;0,930697967837722
789;8,546;0,772856796800036
790;8,551;0,717304237145232
791;8,555;0,621478211669804
792;8,559;0,526978942241601
793;8,564;0,446774399257701
794;8,568;0,398369202825049
795;8,573;0,266891958403202
796;8,577;0,24540707015458
797;8,582;0,246990617694817
798;8,586;0,172563883303674
799;8,591;0,151977765280592
800;8,595;0,11611255342333
801;8,599;0,152063362444929
802;8,604;0,119921627236333
803;8,608;0,152534146848783
804;8,613;0,143118458771698
805;8,617;0,0600892093646722
806;8,622;0,161479050522014
807;8,626;0,372818449270413
808;8,631;0,94032764882565
809;8,635;2,1437381822415
810;8,639;4,54392546883707
811;8,644;8,80255558893845
812;8,648;14,22659110149
813;8,653;20,7201203838519
814;8,657;26,7461179546044
815;8,662;32,5064647258366
816;8,666;35,9640337834888
817;8,670;36,1285515333448
818;8,675;34,2871853341243
819;8,679;30,4866712375552
820;8,684;25,7862741523099
821;8,688;20,7612926198981
822;8,693;15,815445665916
823;8,697;11,7347720504715
824;8,702;8,65036383074701
825;8,706;6,22864885732066
826;8,710;4,42276268271785
827;8,715;3,40120332493625
828;8,719;2,71830914785455
829;8,724;1,95234292278365
830;8,728;1,64363674960176
831;8,733;1,30694030368162
832;8,737;1,1176849733322
833;8,742;0,937460143820356
834;8,746;0,8035433802149
835;8,750;0,626742437276538
836;8,755;0,623018960627872
837;8,759;0,466590142801749
838;8,764;0,448571939708781
839;8,768;0,363659552686339
840;8,773;0,325483217391974
841;8,777;0,315040363342843
842;8,782;0,282855829552079
843;8,786;0,245364271572411
844;8,790;0,120178418729344
845;8,795;0,117738899545736
846;8,799;0,229186407512692
847;8,804;0,193192799908925
848;8,808;0,164346555527309
849;8,813;0,192465224012059
850;8,817;0,149966231918669
851;8,822;0,138282218986649
852;8,826;0,171065932927774
853;8,830;0,0525566589030039
854;8,835;0,115470574690802
855;8,839;0,0811889103737771
856;8,844;0,0356084203642502
857;8,848;0,103914957505288
858;8,853;0,0590620433926265
859;8,857;0,0257647464654791
860;8,861;0,0447245183661556
861;8,866;0,0409154445531528
862;8,870;0,0183605917503165
863;8,875;0,0112560271103339
864;8,879;0,0343244628991931
865;8,884;0,0516578886774639
866;8,888;0,0678357527371833
867;8,893;0,0826440621675085
868;8,897;0,0582488703314237
869;8,901;0,0297022160249875
870;8,906;0,0977519616730137
871;8,910;0,0436973523941099
872;8,915;0,126683803218967
873;8,919;0,0673221697511605
874;8,924;0,0425417906755585
875;8,928;0,113587437075385
876;8,933;0,0582488703314237
877;8,937;0,0596184249608179
878;8,941;0,0732711726725917
879;8,946;0,0903478069578511
880;8,950;0,055424163908298
881;8,955;0,048362397850484
882;8,959;0,0525994574851724
883;8,964;0,0487475850900011
884;8,968;0,0300018061001675
885;8,973;0,0299590075179989
886;8,977;0,015921072566708
887;8,981;0,0865387331448484
888;8,986;0,084783991275937
889;8,990;0,0720300137897032
890;8,995;0,0726719925222317
891;8,999;0,0920597502445939
892;9,004;0,140721738170258
893;9,008;0,345341759518191
894;9,013;0,837140267217228
895;9,017;1,97254385356722
896;9,021;4,08405470343579
897;9,026;7,68482781702408
898;9,030;13,4369572604799
899;9,035;19,6129638617332
900;9,039;26,5744100429441
901;9,044;32,2596453024704
902;9,048;35,8479640286477
903;9,052;36,5370640001438
904;9,057;34,840870591639
905;9,061;30,7136749173773
906;9,066;25,5406102906623
907;9,070;20,3143042277295
908;9,075;15,1378585130232
909;9,079;11,2341142362636
910;9,084;8,07895996021444
911;9,088;5,73475321909536
912;9,092;4,1944750454307
913;9,097;2,98528670342209
914;9,101;2,35704631576965
915;9,106;1,84046742899501
916;9,110;1,45776250724366
917;9,115;1,11973930527629
918;9,119;0,926632102531707
919;9,124;0,856485226357421
920;9,128;0,741999019056497
921;9,132;0,61052177463465
922;9,137;0,548121441832875
923;9,141;0,516150900952953
924;9,146;0,43633154520857
925;9,150;0,391735422588921
926;9,155;0,331774608970754
927;9,159;0,261713329960805
928;9,164;0,309091360421412
929;9,168;0,226875284075589
930;9,172;0,241127211937723
931;9,177;0,19002570482845
932;9,181;0,137212254432435
933;9,186;0,182792744441962
934;9,190;0,165972901649714
935;9,195;0,136955462939424
936;9,199;0,113245048418036
937;9,204;0,180182030929679
938;9,208;0,39712804394216
939;9,212;1,03773722184132
940;9,217;2,43943358644415
941;9,221;5,65737338253458
942;9,226;11,4011571024675
943;9,230;20,5996423750474
944;9,235;33,5591386528547
945;9,239;48,4488937850467
946;9,244;63,7520832209871
947;9,248;76,1689790740612
948;9,252;84,0915530150317
949;9,257;84,4818760844091
950;9,261;77,4084688122452
951;9,266;64,8506800266721
952;9,270;50,1040005546696
953;9,275;36,8805654206287
954;9,279;26,0361750735922
955;9,283;18,0345521513563
956;9,288;12,7606540650521
957;9,292;9,02313948143526
958;9,297;6,4544969754242
959;9,301;4,83730974960262
960;9,306;3,73075240763424
961;9,310;2,92601066711862
962;9,315;2,40378236749773
963;9,319;1,99193161128958
964;9,323;1,68305424377901
965;9,328;1,41025608103655
966;9,332;1,21560812933389
967;9,337;1,08742637573902
968;9,341;0,907244344809345
969;9,346;0,841377326851916
970;9,350;0,718117410206435
971;9,355;0,794341685048658
972;9,359;0,726591529475812
973;9,363;0,758733264684408
974;9,368;0,72244006700546
975;9,372;0,839280196325656
976;9,377;0,84544319215793
977;9,381;0,826611816003759
978;9,386;0,728517465673397
979;9,390;0,857341198000793
980;9,395;0,778891396885804
981;9,399;0,782358082041458
982;9,403;0,706904181678269
983;9,408;0,766822196714267
984;9,412;0,594301111992762
985;9,417;0,504124499363585
986;9,421;0,48332438842966
987;9,426;0,532799549416527
988;9,430;0,777992626660264
989;9,435;1,52748139759626
990;9,439;3,09005763257075
991;9,443;5,95871819958348
992;9,448;10,6856504057734
993;9,452;17,3398883641783
994;9,457;24,6438515984842
995;9,461;32,3566696882466
996;9,466;38,0670277155058
997;9,470;40,7434798499995
998;9,474;39,0119348126235
999;9,479;34,9788104219683
1000;9,483;28,6803570771308
1001;9,488;21,973348466912
1002;9,492;16,50095055651
1003;9,497;11,7777846255509
1004;9,501;8,4033732130522
1005;9,506;6,03815236808835
1006;9,510;4,17945274308953
1007;9,514;3,21678423437188
1008;9,519;2,47829469905321
1009;9,523;1,9142949832358
1010;9,528;1,53659749559817
1011;9,532;1,255496407915
1012;9,537;1,09144944246287
1013;9,541;1,08721238282818
1014;9,546;1,48677994595395
1015;9,550;2,7223322145784
1016;9,554;5,37862621687069
1017;9,559;10,3586692380055
1018;9,563;18,919027650452
1019;9,568;30,8584197222714
1020;9,572;45,9506121481208
1021;9,577;61,7359704107722
1022;9,581;73,7690913775408
1023;9,586;80,7982021171603
1024;9,590;80,868220597588
1025;9,594;73,5948155509504
1026;9,599;61,2643728338568
1027;9,603;46,832434135122
1028;9,608;34,0328761588786
1029;9,612;23,7965252687109
1030;9,617;16,4958147266497
1031;9,621;11,7975575705128
1032;9,626;8,42079223599481
1033;9,630;6,3105653435913
1034;9,634;4,87989433886034
1035;9,639;3,73922652690362
1036;9,643;3,00839793779312
1037;9,648;2,42398329828129
1038;9,652;2,12738912385311
1039;9,657;1,92512302452444
1040;9,661;1,6085847108057
1041;9,665;1,36283525199377
1042;9,670;1,17062681947472
1043;9,674;1,1633082619239
1044;9,679;0,881436799761698
1045;9,683;0,856656420686096
1046;9,688;0,842918075809985
1047;9,692;0,742469803460351
1048;9,697;0,588566101982174
1049;9,701;0,624859299661121
1050;9,705;0,56862196269162
1051;9,710;0,566482033583191
1052;9,714;0,512855410125973
1053;9,719;0,509645516463331
1054;9,723;0,417542967636568
1055;9,728;0,517049671178493
1056;9,732;0,456874864649484
1057;9,737;0,383218504737375
1058;9,741;0,323600079776557
1059;9,745;0,309861734900446
1060;9,750;0,302286385856609
1061;9,754;0,263254078918874
1062;9,759;0,23102674654594
1063;9,763;0,263596467576222
1064;9,768;0,32201653223632
1065;9,772;0,471212389675955
1066;9,777;0,718331403117278
1067;9,781;1,61697323291074
1068;9,785;3,44734019651397
1069;9,790;6,6081010868272
1070;9,794;11,8314968461725
1071;9,799;18,7548522892534
1072;9,803;26,2253020081951
1073;9,808;33,4850543071209
1074;9,812;38,2413035420963
1075;9,817;38,3875462973663
1076;9,821;35,5580464330378
1077;9,825;30,0411379971804
1078;9,830;23,765581893803
1079;9,834;17,4448732862378
1080;9,839;12,5569328139297
1081;9,843;8,9776017900079
1082;9,848;6,2573239073736
1083;9,852;4,37927932323458
1084;9,856;3,38583863393774
1085;9,861;2,50427343842953
1086;9,865;1,97108870177349
1087;9,870;1,64569108154585
1088;9,874;1,26854997547641
1089;9,879;1,13690153672589
1090;9,883;0,974052931574483
1091;9,888;0,793828102062635
1092;9,892;0,831362458624471
1093;9,896;0,653106363892377
1094;9,901;0,605043556117073
1095;9,905;0,469885633628729
1096;9,910;0,538748552337958
1097;9,914;0,431409708259185
1098;9,919;0,445276448881801
1099;9,923;0,397342036853003
1100;9,928;0,364986308733564
1101;9,932;0,361904810817427
1102;9,936;0,403248241192266
1103;9,941;0,344870975114336
1104;9,945;0,370378930086804
1105;9,950;0,392548595650123
1106;9,954;0,386899182803872
1107;9,959;0,291458344567961
1108;9,963;0,352745914233353
1109;9,968;0,315511147746697
1110;9,972;0,244936285750726
1111;9,976;0,28940401262387
1112;9,981;0,319277422977532
1113;9,985;0,246434236126626
1114;9,990;0,220840683989821
1115;9,994;0,257176680250937
1116;9,999;0,25079969150782
1117;10,003;0,25619231286106
1118;10,008;0,218829150627898
1119;10,012;0,275580070583422
1120;10,016;0,17149391874946
1121;10,021;0,224478563474149
1122;10,025;0,221311468393675
1123;10,030;0,246263041797951
1124;10,034;0,250114914193123
1125;10,039;0,395501697819755
1126;10,043;0,907971920706211
1127;10,048;1,87393592025083
1128;10,052;4,03029968423206
1129;10,056;7,94722592429958
1130;10,061;13,6051128898202
1131;10,065;20,5868028003968
1132;10,070;27,9617688825205
1133;10,074;33,733628472356
1134;10,079;37,1764320191601
1135;10,083;36,5540978358469
1136;10,087;32,3729759480528
1137;10,092;27,127881307548
1138;10,096;20,5763171477655
1139;10,101;15,3004075280994
1140;10,105;10,6496995967518
1141;10,110;7,59824628529706
1142;10,114;5,52696610266695
1143;10,119;4,01887246279305
1144;10,123;3,00655759875987
1145;10,127;2,34001248006656
1146;10,132;1,85904201365617
1147;10,136;1,47556671742579
1148;10,141;1,33086471111385
1149;10,145;1,0554558348591
1150;10,150;0,984495785623614
1151;10,154;1,03011907421531
1152;10,159;0,755822961096945
1153;10,163;0,701896747564547
1154;10,167;0,65002486597624
1155;10,172;0,548207038997212
1156;10,176;0,548292636161549
1157;10,181;0,55573958945888
1158;10,185;0,530402828815087
1159;10,190;0,385401232427972
1160;10,194;0,429483772061599
1161;10,199;0,416430204500185
1162;10,203;0,369266166950421
1163;10,207;0,386642391310861
1164;10,212;0,37769748763763
1165;10,216;0,256320708607565
1166;10,221;0,316153126479226
1167;10,225;0,246434236126626
1168;10,230;0,280844296190156
1169;10,234;0,327922736575583
1170;10,239;0,311744872515863
1171;10,243;0,265394008027302
1172;10,247;0,208771483818284
1173;10,252;0,224264570563306
1174;10,256;0,180781211080039
1175;10,261;0,165074131424174
1176;10,265;0,230641559306423
1177;10,270;0,176544151445351
1178;10,274;0,176372957116677
1179;10,278;0,189255330349416
1180;10,283;0,158868337009732
1181;10,287;0,164046965452129
1182;10,292;0,172135897481988
1183;10,296;0,145557977955306
1184;10,301;0,228544428780163
1185;10,305;0,155358853271909
1186;10,310;0,167556449189951
1187;10,314;0,168840406655008
1188;10,318;0,218529560552718
1189;10,323;0,174061833679574
1190;10,327;0,17329145920054
1191;10,332;0,190496489232305
1192;10,336;0,201581322013964
1193;10,341;0,210868614344544
1194;10,345;0,176715345774025
1195;10,350;0,188484955870382
1196;10,354;0,229314803259198
1197;10,358;0,455590907184427
1198;10,363;0,990187997052034
1199;10,367;2,42355531245961
1200;10,372;5,20533475767015
1201;10,376;10,8673303870789
1202;10,381;19,4163899738329
1203;10,385;32,264609938002
1204;10,390;48,2359708387581
1205;10,394;66,2040995905888
1206;10,398;83,5819502971506
1207;10,403;95,5356798939965
1208;10,407;100
1209;10,412;95,113343485157
1210;10,416;83,8282133389485
1211;10,421;72,9616961249308
1212;10,425;63,4856620469877
1213;10,430;56,5503230008996
1214;10,434;50,4134343037484
1215;10,438;43,8476182161037
1216;10,443;36,9640226558575
1217;10,447;30,0039888278581
1218;10,452;22,8898801040519
1219;10,456;17,3106997311393
1220;10,461;12,713661221831
1221;10,465;9,49520784275458
1222;10,469;7,29433355331805
1223;10,474;5,43114007719152
1224;10,478;4,45588878531632
1225;10,483;3,60188587672468
1226;10,487;3,07328058836067
1227;10,492;2,6392601665892
1228;10,496;2,22539787701913
1229;10,501;1,97048952162313
1230;10,505;1,86969886061615
1231;10,509;1,64402193684128
1232;10,514;1,52127560318182
1233;10,518;1,38068226075807
1234;10,523;1,22558019897917
1235;10,527;1,12727185573796
1236;10,532;1,06401555129282
1237;10,536;0,992670314817811
1238;10,541;0,905104415700917
1239;10,545;0,84903827306009
1240;10,549;0,853746117098633
1241;10,554;0,756122551172125
1242;10,558;0,75744930721935
1243;10,563;0,717432632891738
1244;10,567;0,686018473580007
1245;10,572;0,623446946449558
1246;10,576;0,56922114284198
1247;10,581;0,664148398091868
1248;10,585;0,600378510660699
1249;10,589;0,626571242947864
1250;10,594;0,672023337210885
1251;10,598;0,819892438603294
1252;10,603;0,860337098752593
1253;10,607;0,895303540384314
1254;10,612;1,27235904928942
1255;10,616;1,92285469966951
1256;10,621;3,37466820399174
1257;10,625;6,02300167000068
1258;10,629;10,6743515800809
1259;10,634;16,9817070300095
1260;10,638;24,1282142805173
1261;10,643;29,9261382068935
1262;10,647;33,0917353369918
1263;10,652;33,6764067679966
1264;10,656;30,5056310094559
1265;10,660;25,5071417994065
1266;10,665;19,8391115699119
1267;10,669;14,7782220270607
1268;10,674;10,682012526289
1269;10,678;7,99092327669369
1270;10,683;6,13209525594836
1271;10,687;5,21256771805664
1272;10,692;5,36338992161868
1273;10,696;6,97124705652751
1274;10,700;10,7040109975237
1275;10,705;16,8007546246008
1276;10,709;24,6640097306856
1277;10,714;33,4502590598179
1278;10,718;40,6947322649095
1279;10,723;44,8122554596011
1280;10,727;43,1642960532004
1281;10,732;38,6270043645994
1282;10,736;30,8872659666531
1283;10,740;23,2838410529136
1284;10,745;17,0534802523062
1285;10,749;12,0431358349961
1286;10,754;8,66863882533299
1287;10,758;6,41717661177321
1288;10,763;4,90998174212485
1289;10,767;3,72805609695762
1290;10,772;3,28812947084689
1291;10,776;2,6219695393931
1292;10,780;2,30774234911146
1293;10,785;1,91493696196832
1294;10,789;1,73642407574322
1295;10,794;1,55059263196729
1296;10,798;1,37135216984532
1297;10,803;1,19112734033347
1298;10,807;1,13441921896011
1299;10,812;1,01727949956474
1300;10,816;1,00812060298066
1301;10,820;0,838980606250476
1302;10,825;0,844929609171907
1303;10,829;0,790917798475172
1304;10,834;0,728817055748577
1305;10,838;0,752399074523459
1306;10,843;0,706989778842606
1307;10,847;0,643519481486617
1308;10,851;0,609451810080436
1309;10,856;0,591476405569636
1310;10,860;0,619723469800892
1311;10,865;0,577780859275694
1312;10,869;0,555867985205386
1313;10,874;0,605642736267433
1314;10,878;0,512855410125973
1315;10,883;0,503225729138045
1316;10,887;0,523341062757273
1317;10,891;0,504381290856597
1318;10,896;0,524710617386667
1319;10,900;0,440012223275067
1320;10,905;0,519317996033427
1321;10,909;0,543456396376501
1322;10,914;0,549448197880101
1323;10,918;0,678229131625328
1324;10,923;0,966991165516669
1325;10,927;1,84727240355981
1326;10,931;3,77949999272424
1327;10,936;7,47442998708339
1328;10,940;13,9368447002088
1329;10,945;22,2602273631879
1330;10,949;31,8275508168965
1331;10,954;41,2280025987299
1332;10,958;48,2542886319262
1333;10,963;48,8103278114603
1334;10,967;43,875351697349
1335;10,971;35,8685501466707
1336;10,976;27,2517404043439
1337;10,980;19,6781033037938
1338;10,985;13,6732054340504
1339;10,989;9,85497272446358
1340;10,994;7,13867510997096
1341;10,998;5,39326333197234
1342;11,003;4,1879268623589
1343;11,007;3,59538049223505
1344;11,011;2,89896196318808
1345;11,016;2,45231595967689
1346;11,020;2,08061027354286
1347;11,025;1,89824551492258
1348;11,029;1,62647451815216
1349;11,034;1,52966412528686
1350;11,038;1,39219507936141
1351;11,043;1,25763633702343
1352;11,047;1,15457735116151
1353;11,051;1,12115165848786
1354;11,056;1,08374569767253
1355;11,060;1,05742456963886
1356;11,065;0,9684463173104
1357;11,069;0,968788705967749
1358;11,074;0,982184662186511
1359;11,078;0,90292168801032
1360;11,082;0,886230240964577
1361;11,087;0,882677958644586
1362;11,091;0,785781968614944
1363;11,096;0,767592571193302
1364;11,100;0,698686853901904
1365;11,105;0,718459798863783
1366;11,109;0,623061759210041
1367;11,114;0,612233717921393
1368;11,118;0,60153407237925
1369;11,122;0,61801152651415
1370;11,127;0,60602792350695
1371;11,131;0,581290343013517
1372;11,136;0,527235733734613
1373;11,140;0,538448962262778
1374;11,145;0,616684770466924
1375;11,149;0,557879518567309
1376;11,154;0,586169381380734
1377;11,158;0,568793157020294
1378;11,162;0,556253172444903
1379;11,167;0,865943713016675
1380;11,171;1,45870407605137
1381;11,176;2,6916884297457
1382;11,180;5,20781707543593
1383;11,185;9,58606923269846
1384;11,189;15,7327160065841
1385;11,194;23,7367356494214
1386;11,198;30,5598996116457
1387;11,202;36,2919137214822
1388;11,207;39,1250086667129
1389;11,211;36,3783668574628
1390;11,216;31,6537885732921
1391;11,220;25,1730988655808
1392;11,225;18,8871855053186
1393;11,229;13,7962085592029
1394;11,234;9,95657655853177
1395;11,238;7,13503723048663
1396;11,242;5,36968131319746
1397;11,247;4,0035505703767
1398;11,251;3,22975220476896
1399;11,256;2,59081217157438
1400;11,260;2,13641962469067
1401;11,265;1,86683135561085
1402;11,269;1,77888026925444
1403;11,273;1,28237391751686
1404;11,278;1,3139164725751
1405;11,282;1,21359659597197
1406;11,287;1,12919779193555
1407;11,291;1,06932257548172
1408;11,296;0,93882969844975
1409;11,300;0,862177437785841
1410;11,305;1,0411611084148
1411;11,309;0,833117200493382
1412;11,313;0,828580550783514
1413;11,318;0,72723350820834
1414;11,322;0,771444443588473
1415;11,327;0,652164795084669
1416;11,331;0,685804480669164
1417;11,336;0,723167642902326
1418;11,340;0,672066135793054
1419;11,345;0,699200436887927
1420;11,349;0,599008956031305
1421;11,353;0,647200159553114
1422;11,358;0,621435413087635
1423;11,362;0,522313896785227
1424;11,367;0,56682442224054
1425;11,371;0,506007636979002
1426;11,376;0,524667818804499
1427;11,380;0,499930238311065
1428;11,385;0,541830050254095
1429;11,389;0,481912035218097
1430;11,393;0,451182653221064
1431;11,398;0,475149859235463
1432;11,402;0,482554013950626
1433;11,407;0,459742369654778
1434;11,411;0,464065026453804
1435;11,416;0,447630370901073
1436;11,420;0,45280899934347
1437;11,425;0,413733893823565
1438;11,429;0,449599105680827
1439;11,433;0,508361558998274
1440;11,438;0,45101145889239
1441;11,442;0,51773444849319
1442;11,447;0,519061204540416
1443;11,451;0,446175219107341
1444;11,456;0,493082465164094
1445;11,460;0,4100104171749
1446;11,464;0,459785168236947
1447;11,469;0,521671918052699
1448;11,473;0,744866524061791
1449;11,478;1,1565032873591
1450;11,482;2,21786532655746
1451;11,487;4,48032677573457
1452;11,491;8,21565863166085
1453;11,496;14,342874849242
1454;11,500;23,3340437897973
1455;11,504;35,4703521381744
1456;11,509;50,6382124572977
1457;11,513;66,0483983486595
1458;11,518;80,7863469098996
1459;11,522;91,2454216216725
1460;11,527;94,4200492526084
1461;11,531;87,5544718954551
1462;11,536;75,5994583411441
1463;11,540;61,8766921489425
1464;11,544;52,9637162180091
1465;11,549;47,7095910766668
1466;11,553;46,0105301631568
1467;11,558;45,274308952693
1468;11,562;44,1270929576645
1469;11,567;40,972366667437
1470;11,571;35,9151578026523
1471;11,576;29,919162038
1472;11,580;23,739175168605
1473;11,584;18,1399222606554
1474;11,589;13,7867072739614
1475;11,593;10,6229076843142
1476;11,598;8,33844776390248
1477;11,602;6,71372798761923
1478;11,607;5,54070444754306
1479;11,611;4,76930280253676
1480;11,616;4,1301915750135
1481;11,620;3,55883050306309
1482;11,624;3,05196689444072
1483;11,629;2,84019950987064
1484;11,633;2,76076534136577
1485;11,638;2,48501407645368
1486;11,642;2,26387380238867
1487;11,647;2,11104006546471
1488;11,651;1,94194286731669
1489;11,655;1,77083413580675
1490;11,660;1,76411475840628
1491;11,664;1,75029081636584
1492;11,669;1,60323488803463
1493;11,673;1,52940733379385
1494;11,678;1,44582170281863
1495;11,682;1,43358130831842
1496;11,687;1,29799540000839
1497;11,691;1,32324656348784
1498;11,695;1,30300283412211
1499;11,700;1,27167427197472
1500;11,704;1,17182517977544
1501;11,709;1,19438003257828
1502;11,713;1,11794176482522
1503;11,718;1,21971679322207
1504;11,722;1,21903201590738
1505;11,727;1,25575319940801
1506;11,731;1,16818730029112
1507;11,735;1,29161841126527
1508;11,740;1,70282718874089
1509;11,744;2,68004721539585
1510;11,749;4,51028578325257
1511;11,753;7,60890313225704
1512;11,758;12,0582865330837
1513;11,762;18,5368791102688
1514;11,767;24,7364249317149
1515;11,771;30,2614650981842
1516;11,775;33,6628824160313
1517;11,780;33,2874532532486
1518;11,784;30,437110479404
1519;11,789;26,1759552429547
1520;11,793;20,7242290477401
1521;11,798;16,4723183050392
1522;11,802;13,3528152479365
1523;11,807;12,6647852409945
1524;11,811;14,5197185907625
1525;11,815;19,4740824625962
1526;11,820;27,3483368042983
1527;11,824;37,6987031173631
1528;11,829;49,5144928838797
1529;11,833;60,4019386045779
1530;11,838;67,5291008959455
1531;11,842;70,230376208097
1532;11,846;66,9929202585377
1533;11,851;59,950541958446
1534;11,855;49,584382968561
1535;11,860;38,9786375156964
1536;11,864;29,6312131771699
1537;11,869;22,5216411030735
1538;11,873;17,0313105867429
1539;11,878;12,8740275092167
1540;11,882;10,2902771037001
1541;11,886;8,23851307453887
1542;11,891;6,78374646804701
1543;11,895;5,67890106936537
1544;11,900;4,99703405825572
1545;11,904;4,41266221732606
1546;11,909;3,79353792767553
1547;11,913;3,40496960016709
1548;11,918;3,19414378440471
1549;11,922;2,83476408993523
1550;11,926;2,65560922497759
1551;11,931;2,38991562687511
1552;11,935;2,36209654846554
1553;11,940;2,29670031491197
1554;11,944;2,05270559796895
1555;11,949;1,97485497700432
1556;11,953;1,81671421589146
1557;11,958;1,60306369370596
1558;11,962;1,61633125417821
1559;11,966;1,55144860361066
1560;11,971;1,43875993676082
1561;11,975;1,25690876112656
1562;11,980;1,40293752348572
1563;11,984;1,30736828950331
1564;11,989;1,16159631863716
1565;11,993;1,17212476985062
1566;11,998;1,12795663305266
1567;12,002;1,09804042411683
1568;12,006;1,09067906798384
1569;12,011;1,06718264637329
1570;12,015;0,97024385776148
1571;12,020;1,00388354334598
1572;12,024;0,952225654668512
1573;12,029;0,939814065839627
1574;12,033;0,94242477935191
1575;12,038;1,06919417973521
1576;12,042;1,54648396807911
1577;12,046;2,24149014391451
1578;12,051;3,75548998812767
1579;12,055;6,51343062307032
1580;12,060;10,7618318820334
1581;12,064;16,1541108466159
1582;12,069;23,7083173908615
1583;12,073;32,0462515717779
1584;12,077;39,4334580484018
1585;12,082;43,8536956147717
1586;12,086;44,3937709231569
1587;12,091;40,3255516951234
1588;12,095;33,6706289594038
1589;12,100;26,7403829445938
1590;12,104;20,5753327803757
1591;12,109;15,3400818137697
1592;12,113;11,6685626438567
1593;12,117;9,14494424628701
1594;12,122;7,27734251619712
1595;12,126;5,90389321582555
1596;12,131;5,07265915294758
1597;12,135;4,31705018476148
1598;12,140;3,70926751938562
1599;12,144;3,32630580614125
1600;12,149;2,92626745861163
1601;12,153;2,68933450772643
1602;12,157;2,46875061522962
1603;12,162;2,25826718812459
1604;12,166;2,13355211968538
1605;12,171;1,98307230478069
1606;12,175;1,89542080849946
1607;12,180;1,63550501898973
1608;12,184;1,77703993022119
1609;12,189;1,55050703480295
1610;12,193;1,59056650771273
1611;12,197;1,49328533044357
1612;12,202;1,42703312524663
1613;12,206;1,33261945298276
1614;12,211;1,39557616735273
1615;12,215;1,29183240417611
1616;12,220;1,27591133160941
1617;12,224;1,16716013431907
1618;12,229;1,23589465728179
1619;12,233;1,15637489161259
1620;12,237;1,10381823270959
1621;12,242;1,10223468516935
1622;12,246;0,9669483669345
1623;12,251;1,05990688740463
1624;12,255;0,908827892349582
1625;12,260;0,975080097546529
1626;12,264;0,896287907774191
1627;12,268;0,916103651318239
1628;12,273;0,924962957827133
1629;12,277;0,843003672974322
1630;12,282;0,808807605821634
1631;12,286;0,906131581672962
1632;12,291;0,847925509923707
1633;12,295;0,863204603757887
1634;12,300;0,839622584983005
1635;12,304;1,03457012676084
1636;12,308;1,176789815307
1637;12,313;1,70055886388596
1638;12,317;2,82564799193332
1639;12,322;5,02365477636457
1640;12,326;8,44180633983957
1641;12,331;13,1160534913799
1642;12,335;19,5939612912503
1643;12,340;25,9693236882449
1644;12,344;31,4558451307625
1645;12,348;34,7405079164537
1646;12,353;34,911188662142
1647;12,357;32,9312406538596
1648;12,362;28,1285121586492
1649;12,366;22,7302413925631
1650;12,371;17,9242174065258
1651;12,375;13,7811434582795
1652;12,380;10,5673123260773
1653;12,384;8,21792695651578
1654;12,388;6,33898360215123
1655;12,393;5,32602675938552
1656;12,397;4,34225854965877
1657;12,402;3,81793311951162
1658;12,406;3,19080549499556
1659;12,411;2,81148166123553
1660;12,415;2,77185017414743
1661;12,420;2,85697655408072
1662;12,424;3,38695139707412
1663;12,428;4,53630732121106
1664;12,433;6,61704599050043
1665;12,437;9,48408021139076
1666;12,442;13,494863742154
1667;12,446;17,7759631178938
1668;12,451;22,2229069995369
1669;12,455;24,9864542487436
1670;12,459;26,3459084127461
1671;12,464;25,3478882751572
1672;12,468;23,2977933907006
1673;12,473;20,0364986308734
1674;12,477;16,2918366840343
1675;12,482;13,1486232124102
1676;12,486;10,4585183302048
1677;12,491;7,94607036258103
1678;12,495;6,22869165590282
1679;12,499;5,06615376845796
1680;12,504;4,25250992285128
1681;12,508;3,53195299346123
1682;12,513;3,00903991652565
1683;12,517;2,68077479129271
1684;12,522;2,40626468526351
1685;12,526;2,12405083444396
1686;12,531;1,82420396777096
1687;12,535;1,6685027258417
1688;12,539;1,65116930006343
1689;12,544;1,61740121873243
1690;12,548;1,41569150097196
1691;12,553;1,41496392507509
1692;12,557;1,31109176615197
1693;12,562;1,22960326570301
1694;12,566;1,20769039163271
1695;12,571;1,18072728486651
1696;12,575;1,05768136113187
1697;12,579;1,09697045956262
1698;12,584;1,08190535863928
1699;12,588;0,951540877353815
1700;12,593;1,00443992491417
1701;12,597;0,966905568352332
1702;12,602;0,926204116710022
1703;12,606;0,894062381501426
1704;12,611;0,989931205559022
1705;12,615;0,944949895699855
1706;12,619;1,04723850708274
1707;12,624;1,27248744503592
1708;12,628;1,69717777589464
1709;12,633;2,42013142588612
1710;12,637;4,10926306833307
1711;12,642;6,787298750367
1712;12,646;10,8208083282617
1713;12,650;16,7584696254183
1714;12,655;24,3705398527558
1715;12,659;34,1798464900455
1716;12,664;45,1381238642326
1717;12,668;56,8811988396448
1718;12,673;67,9715526384042
1719;12,677;75,7851185905913
1720;12,682;77,936517719041
1721;12,686;75,320154793912
1722;12,690;65,5421767187697
1723;12,695;53,6321872729
1724;12,699;41,4095969828712
1725;12,704;31,8433006951346
1726;12,708;24,1783742188189
1727;12,713;18,8202057242248
1728;12,717;14,6481999344326
1729;12,722;12,4997539081525
1730;12,726;9,97258322826282
1731;12,730;8,45802700248146
1732;12,735;7,52240719769436
1733;12,739;6,46609539119188
1734;12,744;5,82129195224021
1735;12,748;5,32718232110407
1736;12,753;4,67411875579386
1737;12,757;4,28482285238855
1738;12,762;4,10331406541164
1739;12,766;3,52176693090511
1740;12,770;3,34838987454024
1741;12,775;3,05179570011205
1742;12,779;3,00398968382975
1743;12,784;2,75494473419085
1744;12,788;2,55854204061928
1745;12,793;2,4751704025549
1746;12,797;2,34917137665063
1747;12,802;2,2502210546769
1748;12,806;2,15495141076966
1749;12,810;2,06083732858098
1750;12,815;1,85655969589039
1751;12,819;1,91438058040013
1752;12,824;1,94913302912101
1753;12,828;1,80550098736329
1754;12,833;1,74113191978176
1755;12,837;1,69585101984741
1756;12,842;1,48211490049758
1757;12,846;1,55761159944293
1758;12,850;1,53719667574853
1759;12,855;1,51506980876738
1760;12,859;1,47137245637327
1761;12,864;1,44911719364561
1762;12,868;1,36232166900775
1763;12,873;1,29568427657129
1764;12,877;1,2466371014061
1765;12,881;1,21269782574643
1766;12,886;1,31524322862232
1767;12,890;1,17143999253593
1768;12,895;1,1588144107962
1769;12,899;1,1071993207009
1770;12,904;1,08417368349421
1771;12,908;1,17601944082796
1772;12,913;0,993954272282868
1773;12,917;1,09431694746816
1774;12,921;1,02733716637435
1775;12,926;1,0914066438807
1776;12,930;1,030547060037
1777;12,935;1,06208961509523
1778;12,939;1,06217521225957
1779;12,944;0,998662116321411
1780;12,948;0,997677748931533
1781;12,953;0,997335360274185
1782;12,957;0,92504855499147
1783;12,961;0,970800239329672
1784;12,966;0,947389414883464
1785;12,970;1,08926671477227
1786;12,975;1,21269782574643
1787;12,979;1,40276632915705
1788;12,984;1,98897850911995
1789;12,988;3,07456454582573
1790;12,993;4,63979429289467
1791;12,997;7,35142686193092
1792;13,001;11,1272889751708
1793;13,006;16,1044644913003
1794;13,010;21,6338701131509
1795;13,015;27,1788544189108
1796;13,019;32,3426745518774
1797;13,024;35,2274273857856
1798;13,028;36,0491173648399
1799;13,033;33,8028337797225
1800;13,037;29,6757665012073
1801;13,041;25,8874500005564
1802;13,046;20,5111349071228
1803;13,050;16,9312047030506
1804;13,055;13,6417484761565
1805;13,059;10,8125482019032
1806;13,064;8,93728552560511
1807;13,068;7,34132639653914
1808;13,072;6,2303608006074
1809;13,077;5,21231092656363
1810;13,081;4,71623256064773
1811;13,086;4,17761240405628
1812;13,090;3,59383974327698
1813;13,095;3,36773483368043
1814;13,099;3,02085232520417
1815;13,104;2,79089554321244
1816;13,108;2,58867224246595
1817;13,112;2,34715984328871
1818;13,117;2,19034583822307
1819;13,121;2,06314845201808
1820;13,126;1,87286595569662
1821;13,130;1,87440670465469
1822;13,135;1,7045819306098
1823;13,139;1,67539329757084
1824;13,144;1,77297406491518
1825;13,148;1,5335587962642
1826;13,152;1,62925642599312
1827;13,157;1,58003805649926
1828;13,161;1,55692682212824
1829;13,166;1,4099136923792
1830;13,170;1,44573610565429
1831;13,175;1,38055386501156
1832;13,179;1,33891084456154
1833;13,184;1,27548334578772
1834;13,188;1,28494183244697
1835;13,192;1,25361327029958
1836;13,197;1,26846437831208
1837;13,201;1,2750981585482
1838;13,206;1,11023802003487
1839;13,210;1,2097447235768
1840;13,215;1,18475035159035
1841;13,219;1,07655553586821
1842;13,224;1,05900811717909
1843;13,228;1,0225009265893
1844;13,232;1,00696504126211
1845;13,237;1,04920724186249
1846;13,241;1,01860625561196
1847;13,246;0,931254349405913
1848;13,250;0,931896328138441
1849;13,255;0,904162846893208
1850;13,259;0,892008049557334
1851;13,263;0,888926551641197
1852;13,268;0,936689769341321
1853;13,272;0,926032922381347
1854;13,277;0,937417345238187
1855;13,281;0,840093369386859
1856;13,286;0,804570546186946
1857;13,290;0,858154371061996
1858;13,295;0,917815594604982
1859;13,299;0,772899595382204
1860;13,303;0,800076695059246
1861;13,308;0,763655101633793
1862;13,312;0,84035016087987
1863;13,317;0,843560054542513
1864;13,321;0,807480849774409
1865;13,326;0,747562834738411
1866;13,330;0,760359610806813
1867;13,335;0,900439370244543
1868;13,339;0,771401645006304
1869;13,343;0,797337585800458
1870;13,348;0,793999296391309
1871;13,352;0,835428323930485
1872;13,357;0,831918840192662
1873;13,361;0,833117200493382
1874;13,366;0,804014164618755
1875;13,370;0,859395529944884
1876;13,375;0,856142837700073
1877;13,379;0,822973936519431
1878;13,383;0,730871387692669
1879;13,388;0,751842692955268
1880;13,392;0,670140199595468
1881;13,397;0,716619459830535
1882;13,401;0,69911483972359
1883;13,406;0,742170213385171
1884;13,410;0,820705611664497
1885;13,415;0,660724511518382
1886;13,419;0,662564850551631
1887;13,423;0,677587152892799
1888;13,428;0,707460563246461
1889;13,432;0,678186333043159
1890;13,437;0,658028200841763
1891;13,441;0,714736322215118
1892;13,446;0,657043833451885
1893;13,450;0,739687895619394
1894;13,454;0,647713742539137
1895;13,459;0,634446182066881
1896;13,463;0,735536433149043
1897;13,468;0,675190432291359
1898;13,472;0,630722705418215
1899;13,477;0,746107682944679
1900;13,481;0,711697622881149
1901;13,486;0,632263454376284
1902;13,490;0,660168129950191
1903;13,494;0,694278599938541
1904;13,499;0,680711449391105
1905;13,503;0,731213776350017
1906;13,508;0,670482588252816
1907;13,512;0,714522329304275
1908;13,517;0,660253727114528
1909;13,521;0,713452364750061
1910;13,526;0,675490022366539
1911;13,530;0,664490786749217
1912;13,534;0,837397058710239
1913;13,539;0,706433397274415
1914;13,543;0,687345229627233
1915;13,548;0,728560264255566
1916;13,552;0,710927248402115
1917;13,557;0,703394697940447
1918;13,561;0,739730694201563
1919;13,566;0,66081010868272
1920;13,570;0,736563599121088
1921;13,574;0,70211074047539
1922;13,579;0,678485923118339
1923;13,583;0,736991584942774
1924;13,588;0,628796769220629
1925;13,592;0,642791905589752
1926;13,597;0,657643013602245
1927;13,601;0,716705056994872
1928;13,606;0,671809344300042
1929;13,610;0,694406995685047
1930;13,614;0,696247334718295
1931;13,619;0,690212734632527
1932;13,623;0,753854226317191
1933;13,628;0,572773425161971
1934;13,632;0,662094066147777
1935;13,637;0,715421099529815
1936;13,641;0,666673514439814
1937;13,645;0,636928499832658
1938;13,650;0,68653205656603
1939;13,654;0,632691440197969
1940;13,659;0,635815736696275
1941;13,663;0,631407482732912
1942;13,668;0,671680948553536
1943;13,672;0,645188626191192
1944;13,677;0,683065371410376
1945;13,681;0,611035357620673
1946;13,685;0,641978732528549
1947;13,690;0,723467232977506
1948;13,694;0,68413533596459
1949;13,699;0,710798852655609
1950;13,703;0,681524622452307
1951;13,708;0,570761891800048
1952;13,712;0,737162779271448
1953;13,717;0,617155554870778
1954;13,721;0,579578399726774
1955;13,725;0,695091772999744
1956;13,730;0,651266024859129
1957;13,734;0,713067177510543
1958;13,739;0,639753206255783
1959;13,743;0,60662710365731
1960;13,748;0,623489745031727
1961;13,752;0,664020002345362
1962;13,757;0,572730626579803
1963;13,761;0,551459731242023
1964;13,765;0,59823858155227
1965;13,770;0,603502807159005
1966;13,774;0,637912867222535
1967;13,779;0,755994155425619
1968;13,783;0,586725762948925
1969;13,788;0,626956430187381
1970;13,792;0,678913908940025
1971;13,797;0,65601666747984
1972;13,801;0,648355721271666
1973;13,805;0,653534349714063
1974;13,810;0,683407760067725
1975;13,814;0,633119426019655
1976;13,819;0,693337031130833
1977;13,823;0,728175077016049
1978;13,828;0,666245528618128
1979;13,832;0,65931215830682
1980;13,837;0,601106086557565
1981;13,841;0,647670943956969
1982;13,845;0,631749871390261
1983;13,850;0,676174799681236
1984;13,854;0,682081004020499
1985;13,859;0,669327026534265
1986;13,863;0,630594309671709
1987;13,868;0,666930305932825
1988;13,872;0,609109421423087
1989;13,876;0,615101222926687
1990;13,881;0,607440276718513
1991;13,885;0,619766268383061
1992;13,890;0,673435690422448
1993;13,894;0,597896192894922
1994;13,899;0,619980261293904
1995;13,903;0,624474112421604
1996;13,908;0,565240874700303
1997;13,912;0,683621752978567
1998;13,916;0,677672750057136
1999;13,921;0,637827270058198
2000;13,925;0,66140928883308
2001;13,930;0,612190919339224
2002;13,934;0,645145827609023
2003;13,939;0,638554845955063
2004;13,943;0,559505864689715
2005;13,948;0,592246780048671
2006;13,952;0,692395462323124
2007;13,956;0,628325984816775
2008;13,961;0,620921830101612
2009;13,965;0,655545883075985
2010;13,970;0,599008956031305
2011;13,974;0,674077669154976
2012;13,979;0,605257549027916
2013;13,983;0,648184526942991
2014;13,988;0,592246780048671
2015;13,992;0,588480504817836
2016;13,996;0,661366490250911
2017;14,001;0,600164517749856
2018;14,005;0,583772660779294
2019;14,010;0,574442569866546
2020;14,014;0,610735767545493
2021;14,019;0,657685812184414
2022;14,023;0,58000638554846
2023;14,028;0,705962612870561
2024;14,032;0,608381845526221
2025;14,036;0,633419016094835
2026;14,041;0,719957749239683
2027;14,045;0,689998741721684
2028;14,050;0,869923981158352
2029;14,054;0,907329941973682
2030;14,059;1,39651773616044
2031;14,063;1,95285650576968
2032;14,067;2,86463750028889
2033;14,072;4,24951402209948
2034;14,076;6,33149385027173
2035;14,081;8,83414094257886
2036;14,085;11,4437416917252
2037;14,090;14,3054688884267
2038;14,094;16,8555368097766
2039;14,099;18,2607426581172
2040;14,103;18,8469548380801
2041;14,107;18,7510860140225
2042;14,112;17,6329302562865
2043;14,116;16,3444361415195
2044;14,121;13,9091112189635
2045;14,125;11,9418743895852
2046;14,130;10,175491306324
2047;14,134;8,62019083031817
2048;14,139;6,94873500230684
2049;14,143;5,81825325290624
2050;14,147;4,92791434805348
2051;14,152;4,27365242244255
2052;14,156;3,64977749017131
2053;14,161;3,20848130943118
2054;14,165;2,82299447983887
2055;14,170;2,51651383292974
2056;14,174;2,33209474236538
2057;14,179;2,06627274851639
2058;14,183;1,88784545945562
2059;14,187;1,83092334517142
2060;14,192;1,65472158238342
2061;14,196;1,58864057151515
2062;14,201;1,6064019831151
2063;14,205;1,37952669903951
2064;14,210;1,41881579747026
2065;14,214;1,28536981826866
2066;14,219;1,16138232572631
2067;14,223;1,18269601964626
2068;14,227;1,19236849921636
2069;14,232;1,02245812800714
2070;14,236;1,07599915430002
2071;14,241;1,05310191283983
2072;14,245;1,04240226729769
2073;14,250;1,01783588113293
2074;14,254;1,01103090656813
2075;14,258;0,981970669275668
2076;14,263;0,962796904464149
2077;14,267;0,966135193873297
2078;14,272;0,925390943648819
2079;14,276;0,964722840661735
2080;14,281;0,886829421114937
2081;14,285;0,94841658085551
2082;14,290;0,882677958644586
2083;14,294;0,890510099181434
2084;14,298;0,867655656303418
2085;14,303;0,82091960457534
2086;14,307;0,794512879377332
2087;14,312;0,828922939440862
2088;14,316;0,800675875209606
2089;14,321;0,878569294756403
2090;14,325;0,86311900659355
2091;14,330;0,826697413168097
2092;14,334;0,82391550532714
2093;14,338;0,795754038260221
2094;14,343;0,758390876027059
2095;14,347;0,788777869366744
2096;14,352;0,781758901891098
2097;14,356;0,765495440667042
2098;14,361;0,785739170032775
2099;14,365;0,781159721740738
2100;14,370;0,811846305155603
2101;14,374;0,754924190871405
2102;14,378;0,768191751343662
2103;14,383;0,693465426877338
2104;14,387;0,680069470658576
2105;14,392;0,712767587435364
2106;14,396;0,822759943608588
2107;14,401;0,678400325954002
2108;14,405;0,765795030742222
2109;14,410;0,643819071561797
2110;14,414;0,631321885568575
2111;14,418;0,736734793449763
2112;14,423;0,727062313879666
2113;14,427;0,712596393106689
2114;14,432;0,729758624556286
2115;14,436;0,789933431085295
2116;14,441;0,670696581163659
2117;14,445;0,740329874351923
2118;14,449;0,690084338886021
2119;14,454;0,714950315125961
2120;14,458;0,688372395599279
2121;14,463;0,661024101593562
2122;14,467;0,665004369735239
2123;14,472;0,667657881829691
2124;14,476;0,690897511947224
2125;14,481;0,708830117875855
2126;14,485;0,713751954825241
2127;14,489;0,642706308425415
2128;14,494;0,666545118693308
2129;14,498;0,726077946489789
2130;14,503;0,752142283030448
2131;14,507;0,68293697566387
2132;14,512;0,690084338886021
