#"+EI TIC Scan 140C_1ml-min_9C-min_3.d "
#Point;X(Minutes);Y(Counts)
0;4,841;64,0906707307813
1;4,845;59,7170604373271
2;4,849;57,5006588403873
3;4,853;54,1900908619062
4;4,857;51,4898190176623
5;4,862;48,596996045171
6;4,866;46,071569272935
7;4,870;44,0389819106997
8;4,874;41,8472723114622
9;4,878;39,6474690255684
10;4,882;37,5999985706514
11;4,886;35,8685570993513
12;4,890;34,6070318592878
13;4,895;32,4629017028009
14;4,899;30,7958881213088
15;4,903;29,2889794540067
16;4,907;27,8159642162569
17;4,911;26,159456347246
18;4,915;25,2593240431628
19;4,919;24,3026967342064
20;4,923;22,8162277524118
21;4,928;21,6373009967027
22;4,932;20,9598612102474
23;4,936;19,5667286944419
24;4,940;19,0361366135693
25;4,944;17,8253175163995
26;4,948;16,9255782831915
27;4,952;16,4200534040384
28;4,956;15,5351079292222
29;4,961;14,4115148326188
30;4,965;13,8476189285067
31;4,969;13,1601201010192
32;4,973;12,4322064408236
33;4,977;11,827127429111
34;4,981;11,1469004128138
35;4,985;10,6710881184501
36;4,989;10,1853061173442
37;4,993;9,5663088232798
38;4,998;9,23682609561806
39;5,002;8,69544243253698
40;5,006;8,28689885839711
41;5,010;7,99320344723158
42;5,014;7,56807942890375
43;5,018;7,29882587942908
44;5,022;6,88029473168893
45;5,026;6,62313704505396
46;5,031;6,30398136129378
47;5,035;6,02557998054299
48;5,039;5,73036588645076
49;5,043;5,49382655390297
50;5,047;5,27141990600246
51;5,051;5,08941022395213
52;5,055;4,84545614535046
53;5,059;4,74911804722389
54;5,064;4,48179411840903
55;5,068;4,28436533793822
56;5,072;4,12029398128089
57;5,076;3,95840238129483
58;5,080;3,77801858331897
59;5,084;3,66342055635609
60;5,088;3,52738229983982
61;5,092;3,45085854719218
62;5,097;3,37544253973813
63;5,101;3,19086003014139
64;5,105;3,14429899829461
65;5,109;2,94331471308953
66;5,113;2,96911445598544
67;5,117;2,83227219086092
68;5,121;2,69208882329767
69;5,125;2,71838883821649
70;5,130;2,58740690250324
71;5,134;2,52474783163345
72;5,138;2,4663053392425
73;5,142;2,35429800668399
74;5,146;2,41143621844378
75;5,150;2,26994857024936
76;5,154;2,22385207670957
77;5,158;2,17041230454774
78;5,162;2,10298278260233
79;5,167;2,05379532263525
80;5,171;2,00852070456168
81;5,175;1,93623139725083
82;5,179;1,89277919868929
83;5,183;1,92127683713734
84;5,187;1,88227348620813
85;5,191;1,84754031433163
86;5,195;1,81909627645747
87;5,200;1,78539938234272
88;5,204;1,77934251749389
89;5,208;1,72016748392653
90;5,212;1,74464507933332
91;5,216;1,63444229942889
92;5,220;1,67748356025732
93;5,224;1,61241246356278
94;5,228;1,6448765444782
95;5,233;1,62879637231316
96;5,237;1,5951530787723
97;5,241;1,60233555567268
98;5,245;1,50208461565262
99;5,249;1,56678050832998
100;5,253;1,52897423688416
101;5,257;1,47515926070515
102;5,261;1,47730328366049
103;5,266;1,44158743459613
104;5,270;1,41986133531536
105;5,274;1,41716343976323
106;5,278;1,38839779844576
107;5,282;1,39988618811479
108;5,286;1,44607201594438
109;5,290;1,6938674690077
110;5,294;2,36321356880661
111;5,299;3,73960483870247
112;5,303;6,25366828927515
113;5,307;9,75798447548712
114;5,311;13,7649311098624
115;5,315;17,7669286245825
116;5,319;20,9187674369367
117;5,323;22,7906424118114
118;5,327;23,5867360019868
119;5,331;23,8294036668153
120;5,336;23,3665805781894
121;5,340;22,3846180646441
122;5,344;21,5298318460663
123;5,348;20,7099932016605
124;5,352;19,7965858221122
125;5,356;18,9254871622159
126;5,360;18,0532271565521
127;5,364;17,2140029712585
128;5,369;16,5014726757674
129;5,373;15,6531185260557
130;5,377;15,0373730001403
131;5,381;14,1952543838569
132;5,385;13,4022517601088
133;5,389;12,9535613561303
134;5,393;12,3522522514474
135;5,397;11,8880355479006
136;5,402;11,1675545006169
137;5,406;10,6497908237604
138;5,410;10,0045649822091
139;5,414;9,59026827980572
140;5,418;9,10611216277422
141;5,422;8,65988738519427
142;5,426;8,26068817776809
143;5,430;7,86981492615181
144;5,435;7,42092798673565
145;5,439;7,08111821517236
146;5,443;6,7275866966949
147;5,447;6,35790353862055
148;5,451;6,04482258656716
149;5,455;5,67094071687194
150;5,459;5,37542288619437
151;5,463;5,010349377474
152;5,468;4,67198682140557
153;5,472;4,35485009259499
154;5,476;4,02660017813257
155;5,480;3,6774460398556
156;5,484;3,38257141606463
157;5,488;3,2561276622735
158;5,492;2,95342735469554
159;5,496;2,79096401525472
160;5,500;2,54817128242053
161;5,505;2,4616599561726
162;5,509;2,32317394011565
163;5,513;2,16919735820638
164;5,517;2,01261221503478
165;5,521;1,90650094560346
166;5,525;1,76821146498409
167;5,529;1,73101266670895
168;5,533;1,66924693873722
169;5,538;1,51703917576611
170;5,542;1,47137148681739
171;5,546;1,43349374793973
172;5,550;1,3686013198248
173;5,554;1,28986207678997
174;5,558;1,28480575598696
175;5,562;1,22214668511718
176;5,566;1,19527493074359
177;5,571;1,15700412099079
178;5,575;1,09579226561586
179;5,579;1,04453225012529
180;5,583;1,05680678154461
181;5,587;1,02868434711374
182;5,591;1,00170539159239
183;5,595;0,945960794753576
184;5,599;0,964024188152308
185;5,604;0,954125948841826
186;5,608;0,901204315560872
187;5,612;0,889322855016701
188;5,616;0,904581151715531
189;5,620;0,906367837511647
190;5,624;0,898613621156504
191;5,628;0,897023470797961
192;5,632;0,860307077687778
193;5,637;0,865452732780592
194;5,641;0,888822582993789
195;5,645;0,894164773524175
196;5,649;0,949909370362992
197;5,653;1,00906653707239
198;5,657;1,3347436239884
199;5,661;1,99011784086168
200;5,665;3,12050034349034
201;5,669;4,75874828366496
202;5,674;6,81929727860953
203;5,678;9,04245254785861
204;5,682;11,0235833591658
205;5,686;12,4396390537355
206;5,690;13,4163487110402
207;5,694;13,7876934869049
208;5,698;13,4595507735903
209;5,702;13,2247802599807
210;5,707;12,53047415961
211;5,711;12,1846253900558
212;5,715;11,7288597103246
213;5,719;11,1380741849809
214;5,723;10,6819333012325
215;5,727;10,0348314395953
216;5,731;9,62083847377726
217;5,735;9,08036602045219
218;5,740;8,50785829080277
219;5,744;8,19561708107355
220;5,748;7,71394445729866
221;5,752;7,31767541457811
222;5,756;6,95839076783715
223;5,760;6,54268258365486
224;5,764;6,20360535326798
225;5,768;5,78884411255763
226;5,773;5,49811459981365
227;5,777;5,23238082135733
228;5,781;4,89476867332326
229;5,785;4,64089848855315
230;5,789;4,37284201856188
231;5,793;4,1740196231701
232;5,797;3,86238588661156
233;5,801;3,70714075778705
234;5,806;3,4274350964051
235;5,810;3,19305765367061
236;5,814;3,03088018395717
237;5,818;2,74459951884552
238;5,822;2,55376360896237
239;5,826;2,39791100696718
240;5,830;2,21411463912074
241;5,834;2,04328961015409
242;5,838;1,9192221484718
243;5,843;1,70876842854731
244;5,847;1,63672925724791
245;5,851;1,50022646242466
246;5,855;1,46540395625836
247;5,859;1,32491685210976
248;5,863;1,28898660074987
249;5,867;1,18902153045719
250;5,871;1,12679126417847
251;5,876;1,09707867938906
252;5,880;1,0054752986222
253;5,884;0,968473035784637
254;5,888;0,947372276532507
255;5,892;0,877602196194181
256;5,896;0,889733792749808
257;5,900;0,825556038953324
258;5,904;0,822965344548956
259;5,909;0,776297111554408
260;5,913;0,755464355171696
261;5,917;0,849408294331471
262;5,921;0,747334934799369
263;5,925;0,702739257328315
264;5,929;0,700452299509287
265;5,933;0,717747418015689
266;5,937;0,674652556613373
267;5,942;0,713977510985884
268;5,946;0,664361246427745
269;5,950;0,643403422039305
270;5,954;0,682853444417545
271;5,958;0,634041188467658
272;5,962;0,655749420890466
273;5,966;0,636614016014065
274;5,970;0,632129434665814
275;5,975;0,642617280289014
276;5,979;0,637257222900667
277;5,983;0,596520786749223
278;5,987;0,609402791339219
279;5,991;0,631807831222513
280;5,995;0,61742501056378
281;5,999;0,622374130219021
282;6,003;0,63591720855358
283;6,007;0,597753599948543
284;6,012;0,649817624047362
285;6,016;0,612672426346111
286;6,020;0,616906871682906
287;6,024;0,605132612286502
288;6,028;0,588623635530391
289;6,032;0,593304752316215
290;6,036;0,610045998225821
291;6,040;0,621713056474458
292;6,045;0,598021602817961
293;6,049;0,573240270825833
294;6,053;0,592322075128351
295;6,057;0,584317722761752
296;6,061;0,565325252749039
297;6,065;0,581762762073306
298;6,069;0,576885109849909
299;6,073;0,538006826926427
300;6,078;0,606597694639317
301;6,082;0,677743523040653
302;6,086;0,999311232625597
303;6,090;1,62114935710578
304;6,094;3,00365109242436
305;6,098;5,32534208332924
306;6,102;8,81874161932694
307;6,106;13,2680180562467
308;6,111;18,2411329017296
309;6,115;22,9449048634481
310;6,119;26,8033064407343
311;6,123;29,2442408416719
312;6,127;30,4376754860455
313;6,131;30,8698211795521
314;6,135;30,2233803916594
315;6,139;29,0488310161507
316;6,144;27,5710274604673
317;6,148;26,124490906216
318;6,152;24,5687878498219
319;6,156;23,2449787429057
320;6,160;21,6534169025836
321;6,164;20,2919801928013
322;6,168;19,0697977739682
323;6,172;17,8888163295935
324;6,177;16,7149101609715
325;6,181;15,6533865289251
326;6,185;14,394845054141
327;6,189;13,3736290536551
328;6,193;12,364401714861
329;6,197;11,649548727835
330;6,201;10,9449334504208
331;6,205;10,0108898499273
332;6,209;9,41735282845762
333;6,214;8,60827003254448
334;6,218;7,8089604079361
335;6,222;7,04656371187548
336;6,226;6,41189718337918
337;6,230;5,76436651715084
338;6,234;5,1912691811887
339;6,238;4,5731652300224
340;6,242;4,07616284211683
341;6,247;3,65850717041677
342;6,251;3,30531512224058
343;6,255;2,95969862183991
344;6,259;2,61533280149653
345;6,263;2,31354370367459
346;6,267;2,05586787815875
347;6,271;1,91572024431142
348;6,275;1,71255620243507
349;6,280;1,58223534046638
350;6,284;1,42834809284691
351;6,288;1,26885065182765
352;6,292;1,26093563375085
353;6,296;1,10327847910158
354;6,300;0,986536429183368
355;6,304;0,967704760892307
356;6,308;0,856447836368168
357;6,313;0,821661063917791
358;6,317;0,775814706389456
359;6,321;0,753552601369852
360;6,325;0,686819886884922
361;6,329;0,681960101519487
362;6,333;0,688838841834533
363;6,337;0,60123763725097
364;6,341;0,575062690337871
365;6,346;0,586497479433013
366;6,350;0,547369060498074
367;6,354;0,54729759306623
368;6,358;0,542795144860018
369;6,362;0,517263404833521
370;6,366;0,480153940848193
371;6,370;0,494250891779548
372;6,374;0,468326080877906
373;6,378;0,418388212876466
374;6,383;0,453764591639561
375;6,387;0,464145236114995
376;6,391;0,44449169235772
377;6,395;0,424516545157143
378;6,399;0,40180776868851
379;6,403;0,412974554914235
380;6,407;0,397716258215405
381;6,411;0,398270130812201
382;6,416;0,394625291788124
383;6,420;0,3754541531958
384;6,424;0,356211547171632
385;6,428;0,371862914745607
386;6,432;0,333467036987076
387;6,436;0,333467036987076
388;6,440;0,376829901258809
389;6,444;0,337665748607948
390;6,449;0,338702026369696
391;6,453;0,364787638992988
392;6,457;0,322639721062614
393;6,461;0,360892663957455
394;6,465;0,320442097533391
395;6,469;0,346259707287266
396;6,473;0,318369542009896
397;6,477;0,336951074289502
398;6,482;0,321728511306594
399;6,486;0,305809140863202
400;6,490;0,303754452197668
401;6,494;0,317529799685722
402;6,498;0,304576327663882
403;6,502;0,296178904422137
404;6,506;0,335896929669794
405;6,510;0,334556915322707
406;6,515;0,326909900115331
407;6,519;0,309382512455433
408;6,523;0,276453893233017
409;6,527;0,311580135984656
410;6,531;0,300145346889514
411;6,535;0,288621223504566
412;6,539;0,335200122209308
413;6,543;0,291336985914663
414;6,547;0,261213463392148
415;6,552;0,270879433549135
416;6,556;0,298751731968544
417;6,560;0,27881231848389
418;6,564;0,3341459775896
419;6,568;0,294427952341943
420;6,572;0,297233049041845
421;6,576;0,324069069699506
422;6,580;0,375579221201528
423;6,585;0,585407601097382
424;6,589;0,991074611105503
425;6,593;1,72877930946381
426;6,597;3,10125773746618
427;6,601;5,0716684339967
428;6,605;7,70545769976711
429;6,609;10,6031225907659
430;6,613;13,4650180321264
431;6,618;15,3821497582167
432;6,622;17,1080167698329
433;6,626;17,7678219674805
434;6,630;18,0051653086366
435;6,634;17,5676774245996
436;6,638;16,9659931158996
437;6,642;16,1304137696301
438;6,646;15,071087761113
439;6,651;14,0855876096913
440;6,655;13,0963354180979
441;6,659;12,1872518181761
442;6,663;11,3097568231297
443;6,667;10,4423566028314
444;6,671;9,71799844737004
445;6,675;8,79680111775063
446;6,679;8,08830873215883
447;6,684;7,28388918617355
448;6,688;6,60291176184193
449;6,692;6,128618150405
450;6,696;5,49062838632792
451;6,700;5,00516798866527
452;6,704;4,43521521970429
453;6,708;3,98875817297084
454;6,712;3,45559326455189
455;6,716;3,10708233316151
456;6,721;2,78115511023405
457;6,725;2,42817746435339
458;6,729;2,08300763540175
459;6,733;1,84643256913804
460;6,737;1,65990257202354
461;6,741;1,49822537433301
462;6,745;1,25820200448279
463;6,749;1,20922894681126
464;6,754;1,06990318843014
465;6,758;0,982230516414729
466;6,762;0,894790113552816
467;6,766;0,8208749221675
468;6,770;0,775493102946156
469;6,774;0,684586529639777
470;6,778;0,661716951449493
471;6,782;0,593644222617477
472;6,787;0,576009633809813
473;6,791;0,549816820038753
474;6,795;0,487550820044113
475;6,799;0,495430104404985
476;6,803;0,484763590202172
477;6,807;0,43755935146879
478;6,811;0,418709816319767
479;6,815;0,407900367253265
480;6,820;0,412956688056273
481;6,824;0,381850488345895
482;6,828;0,387442814887738
483;6,832;0,361482270270174
484;6,836;0,36066039480396
485;6,840;0,329036056212709
486;6,844;0,344044216900082
487;6,848;0,331358747747659
488;6,853;0,286709469702722
489;6,857;0,314581768122131
490;6,861;0,32628456008669
491;6,865;0,29776905478068
492;6,869;0,314242297820869
493;6,873;0,310043586199996
494;6,877;0,331501682611348
495;6,881;0,316743657935431
496;6,885;0,330000866542611
497;6,890;0,3464741095828
498;6,894;0,312991617763588
499;6,898;0,324605075438341
500;6,902;0,273666663391076
501;6,906;0,289889770419809
502;6,910;0,269271416332631
503;6,914;0,270146892372728
504;6,918;0,300985089213689
505;6,923;0,295249827808156
506;6,927;0,256764615759819
507;6,931;0,23073260371041
508;6,935;0,242560463680698
509;6,939;0,227194965834101
510;6,943;0,207577155792748
511;6,947;0,200805616625469
512;6,951;0,210060649049349
513;6,956;0,192515394531491
514;6,960;0,163410282912762
515;6,964;0,1772392309747
516;6,968;0,175077341161399
517;6,972;0,192229524804112
518;6,976;0,194302080327607
519;6,980;0,186976668563531
520;6,984;0,201770426955371
521;6,989;0,135680919357043
522;6,993;0,183224628391688
523;6,997;0,162659874878394
524;7,001;0,182420619783436
525;7,005;0,171593303858973
526;7,009;0,161248393099462
527;7,013;0,161301993673346
528;7,017;0,196839174158091
529;7,022;0,156495808881794
530;7,026;0,153762179613736
531;7,030;0,118475135140447
532;7,034;0,158407562683638
533;7,038;0,137556939442965
534;7,042;0,124746402284814
535;7,046;0,157335551205968
536;7,050;0,156084871148687
537;7,054;0,156067004290726
538;7,059;0,162552673730627
539;7,063;0,122280775886174
540;7,067;0,133501162685782
541;7,071;0,122977583346659
542;7,075;0,198232789079062
543;7,079;0,127354963547143
544;7,083;0,169288479181984
545;7,087;0,154226717920727
546;7,092;0,138235880045489
547;7,096;0,121315965556271
548;7,100;0,153922981335387
549;7,104;0,163571084634413
550;7,108;0,154798457375484
551;7,112;0,138914820648013
552;7,116;0,154816324233445
553;7,120;0,128105371581512
554;7,125;0,153297641306746
555;7,129;0,223264257082646
556;7,133;0,3113299999732
557;7,137;0,629806743130863
558;7,141;1,32005706674433
559;7,145;2,75900020636221
560;7,149;5,18978623197792
561;7,153;9,01479465173474
562;7,158;14,4039214179853
563;7,162;20,9941298438169
564;7,166;27,6197503821274
565;7,170;33,4869585337027
566;7,174;38,6349899186254
567;7,178;41,6548105175046
568;7,182;42,9035788209839
569;7,186;42,5305366936129
570;7,191;41,1280598110937
571;7,195;39,1293122778368
572;7,199;36,329629235897
573;7,203;33,448651990234
574;7,207;30,4371573471647
575;7,211;27,8157676808193
576;7,215;25,7185737601964
577;7,219;23,0033116221231
578;7,223;20,8057774271903
579;7,228;18,3601619094668
580;7,232;16,3026324135177
581;7,236;14,2423156877266
582;7,240;12,4518957182968
583;7,244;10,570872912146
584;7,248;9,01207888932464
585;7,252;7,66656154998566
586;7,256;6,50460830933963
587;7,261;5,4998834187518
588;7,265;4,69669668596585
589;7,269;3,97173105733385
590;7,273;3,35948743557881
591;7,277;2,81897924853782
592;7,281;2,50952526865054
593;7,285;2,07845158662165
594;7,289;1,86912347874871
595;7,294;1,61577143285947
596;7,298;1,38450282341023
597;7,302;1,24267570491455
598;7,306;1,10542250205692
599;7,310;1,0262187207151
600;7,314;0,924699233779796
601;7,318;0,844155438090891
602;7,322;0,794717842112363
603;7,327;0,741581806535875
604;7,331;0,67291947139114
605;7,335;0,625054158913195
606;7,339;0,613404967522519
607;7,343;0,551532038403025
608;7,347;0,511939081161096
609;7,351;0,463091091495286
610;7,355;0,460553997664802
611;7,360;0,459982258210045
612;7,364;0,434647053621121
613;7,368;0,397144518760648
614;7,372;0,381636086050361
615;7,376;0,353924589352603
616;7,380;0,343990616326199
617;7,384;0,358730774144155
618;7,388;0,365323644731823
619;7,392;0,353477917903574
620;7,397;0,365841783612697
621;7,401;0,386871075432981
622;7,405;0,394375155776668
623;7,409;0,397448255345987
624;7,413;0,400646422921035
625;7,417;0,425034684038017
626;7,421;0,428340052760832
627;7,425;0,418602615172
628;7,430;0,400789357784724
629;7,434;0,408329171844333
630;7,438;0,371737846739879
631;7,442;0,409454783895886
632;7,446;0,360767595951727
633;7,450;0,346223973571344
634;7,454;0,347903458219693
635;7,458;0,337397745738531
636;7,463;0,339488168119987
637;7,467;0,352316572136099
638;7,471;0,318512476873586
639;7,475;0,295428496387768
640;7,479;0,285351588497674
641;7,483;0,307577959801356
642;7,487;0,246187435846813
643;7,491;0,249260535416133
644;7,496;0,219083412319735
645;7,500;0,211740133697698
646;7,504;0,237647077741379
647;7,508;0,225193877742451
648;7,512;0,206112073439933
649;7,516;0,199787205721683
650;7,520;0,154423253358299
651;7,524;0,197303712465081
652;7,529;0,154530454506066
653;7,533;0,173826661104118
654;7,537;0,175452545178584
655;7,541;0,174112530831497
656;7,545;0,189245759524599
657;7,549;0,16214173599752
658;7,553;0,19882239539178
659;7,557;0,289854036703886
660;7,561;0,333449170129115
661;7,566;0,359856386195708
662;7,570;0,395036229521231
663;7,574;0,393571147168416
664;7,578;0,429662200249957
665;7,582;0,436130002831897
666;7,586;0,447636259358884
667;7,590;0,515137248736143
668;7,594;0,720677582721319
669;7,599;1,09831149258838
670;7,603;1,834032969713
671;7,607;3,00504470734533
672;7,611;4,97836770172353
673;7,615;7,57158133306414
674;7,619;10,5454126395513
675;7,623;13,8986824085597
676;7,627;17,0888456312406
677;7,632;19,6132897262887
678;7,636;20,9059926334945
679;7,640;21,4276691522444
680;7,644;21,0163740819785
681;7,648;20,5022909778621
682;7,652;19,3017810577359
683;7,656;17,8986431014721
684;7,660;16,3005598579942
685;7,665;14,8023166168032
686;7,669;13,2666244413257
687;7,673;11,8257159473321
688;7,677;10,3981182625195
689;7,681;9,22894681125719
690;7,685;7,76109509545816
691;7,689;6,65002666628551
692;7,693;5,69441776823291
693;7,698;4,77204122598806
694;7,702;4,0750729637812
695;7,706;3,43799440946014
696;7,710;2,78581836016191
697;7,714;2,37334407727059
698;7,718;2,05027555161691
699;7,722;1,76469169396574
700;7,726;1,5212736211029
701;7,730;1,37699874306654
702;7,735;1,44773363373477
703;7,739;1,81643411462125
704;7,743;2,69759181554971
705;7,747;4,12013317955924
706;7,751;6,45190107835421
707;7,755;9,63807999170978
708;7,759;13,5041821847773
709;7,763;16,992042994807
710;7,768;20,4738826737038
711;7,772;22,8876594505405
712;7,776;24,2075735824212
713;7,780;24,9251959324311
714;7,784;24,7911051634326
715;7,788;23,7886850975218
716;7,792;21,8946730856332
717;7,796;20,4349150564905
718;7,801;18,3151731611206
719;7,805;16,5393146809292
720;7,809;14,6171623677518
721;7,813;12,6618134324825
722;7,817;11,0323381195668
723;7,821;9,48798051797808
724;7,825;8,00244061279749
725;7,829;6,61034437475377
726;7,834;5,47928293152259
727;7,838;4,53373307450212
728;7,842;3,82804578561021
729;7,846;3,09021601924618
730;7,850;2,56669921412625
731;7,854;2,19365708675521
732;7,858;1,81998961935552
733;7,862;1,57006801019483
734;7,867;1,35119900017063
735;7,871;1,22414777320883
736;7,875;1,01696368829122
737;7,879;0,939421524739792
738;7,883;0,856001164919139
739;7,887;0,781782236948484
740;7,891;0,667720215724443
741;7,895;0,633719585024357
742;7,899;0,577367515014861
743;7,904;0,562895360066322
744;7,908;0,521640785034005
745;7,912;0,447189587909855
746;7,916;0,415261512733263
747;7,920;0,405524075144431
748;7,924;0,388318290927835
749;7,928;0,365806049896774
750;7,932;0,36250068117396
751;7,937;0,31025798849553
752;7,941;0,304361925368348
753;7,945;0,276400292659133
754;7,949;0,262231874295934
755;7,953;0,267306061956903
756;7,957;0,24706291188691
757;7,961;0,235842525087302
758;7,965;0,247581050767784
759;7,970;0,226051486924587
760;7,974;0,191568451059549
761;7,978;0,207845158662165
762;7,982;0,154977125955095
763;7,986;0,153101105869174
764;7,990;0,149277598265485
765;7,994;0,16676925220946
766;7,998;0,164518028106354
767;8,003;0,145329022656069
768;8,007;0,151242952641213
769;8,011;0,161998801133831
770;8,015;0,133840632987044
771;8,019;0,13671719711879
772;8,023;0,149063195969952
773;8,027;0,0937116700062802
774;8,031;0,131803811179472
775;8,036;0,10310963729385
776;8,040;0,0888876183567672
777;8,044;0,104699787652393
778;8,048;0,124317597693746
779;8,052;0,0974101096042402
780;8,056;0,108148091238897
781;8,060;0,123120518210348
782;8,064;0,0807224642685174
783;8,068;0,0933185991311347
784;8,073;0,111685729115206
785;8,077;0,0973029084564732
786;8,081;0,0673580545135703
787;8,085;0,087744139447253
788;8,089;0,0654641675696875
789;8,093;0,0703239529351228
790;8,097;0,0759698800508491
791;8,101;0,0635524137678434
792;8,106;0,0527429647013421
793;8,110;0,0550656562362928
794;8,114;0,0934079334209405
795;8,118;0,0726466444700735
796;8,122;0,0531003018605653
797;8,126;0,0364841239566872
798;8,130;0,056441404299302
799;8,134;0,0518853555192064
800;8,139;0,0249600005717395
801;8,143;0,0681799299797837
802;8,147;0,022440773599216
803;8,151;0,0352155770414449
804;8,155;0,0424873882316367
805;8,159;0,0362875885191144
806;8,163;0,0487229216600812
807;8,167;0,0177953905293146
808;8,172;0,0315886048753295
809;8,176;0,0296947179314467
810;8,180;0
811;8,184;0,0531181687185264
812;8,188;0,000160801721650433
813;8,192;0,0431841956921219
814;8,196;0,0200108809164983
815;8,200;0,00812942037232745
816;8,205;0,0190639374445569
817;8,209;0,0540115116165844
818;8,213;0,12113729697666
819;8,217;0,325141081177176
820;8,221;0,721017053022581
821;8,225;1,44691175826856
822;8,229;2,86557601410052
823;8,233;4,89973565983647
824;8,237;7,84883923490541
825;8,242;11,3210129436453
826;8,246;15,1468432388683
827;8,250;18,7918430646664
828;8,254;22,1016427682552
829;8,258;24,0743404226048
830;8,262;25,0724009751731
831;8,266;24,9941798710192
832;8,270;24,075162298071
833;8,275;22,2475435303661
834;8,279;20,4651993807347
835;8,283;18,1638051404737
836;8,287;15,9675394924562
837;8,291;13,5702716923756
838;8,295;11,5834592202367
839;8,299;9,82882656730311
840;8,303;8,17151468968394
841;8,308;6,67857790530744
842;8,312;5,48632247355928
843;8,316;4,52453164265212
844;8,320;3,68991710671249
845;8,324;3,00541991136252
846;8,328;2,48980025746142
847;8,332;2,09914140814068
848;8,336;1,77205283944573
849;8,341;1,47015654047603
850;8,345;1,30905108224025
851;8,349;1,19934857435874
852;8,353;1,19398851697039
853;8,357;1,52834889685552
854;8,361;2,34813394068739
855;8,365;4,16885610121932
856;8,369;7,72723739962176
857;8,374;13,4553699288274
858;8,378;21,5667090408981
859;8,382;31,9793530589401
860;8,386;44,6361101706196
861;8,390;57,9185289143829
862;8,394;70,1394776266738
863;8,398;79,4854344907186
864;8,402;85,9162526766787
865;8,406;88,791566128368
866;8,411;87,1349689250673
867;8,415;82,4801164204465
868;8,419;75,6128108944953
869;8,423;67,5924319563048
870;8,427;58,3470833694393
871;8,431;49,4501385128163
872;8,435;41,2023859402121
873;8,439;33,8539616630829
874;8,444;27,4910911379491
875;8,448;22,0241542052777
876;8,452;17,6504903112496
877;8,456;14,0414028699534
878;8,460;11,2720577528317
879;8,464;9,1569076399578
880;8,468;7,57499390293472
881;8,472;6,32738694522289
882;8,477;5,33316776711623
883;8,481;4,55958641797192
884;8,485;3,88659547914893
885;8,489;3,47231664360353
886;8,493;3,03709785052765
887;8,497;2,70770445715572
888;8,501;2,40745190911844
889;8,505;2,08981490828495
890;8,510;1,99394134846537
891;8,514;1,81918561074727
892;8,518;1,64323279354578
893;8,522;1,52416805209261
894;8,526;1,3950978701812
895;8,530;1,3325817341751
896;8,534;1,23311693590533
897;8,538;1,15680758555322
898;8,543;1,07090373247596
899;8,547;1,01110335887996
900;8,551;0,937831374381248
901;8,555;0,929255282559892
902;8,559;0,871974135936415
903;8,563;0,844262639238658
904;8,567;0,74844267999296
905;8,571;0,732451842117723
906;8,575;0,731772901515199
907;8,580;0,674134417732499
908;8,584;0,637596693201929
909;8,588;0,613905239545431
910;8,592;0,564431909850981
911;8,596;0,577778452747967
912;8,600;0,542098337399532
913;8,604;0,512117749740707
914;8,608;0,476616302971884
915;8,613;0,457320096373832
916;8,617;0,457552365527327
917;8,621;0,432395829518015
918;8,625;0,379027524788032
919;8,629;0,404755800252101
920;8,633;0,379867267112207
921;8,637;0,369307954057161
922;8,641;0,331626750617077
923;8,646;0,325569885768244
924;8,650;0,339255898966492
925;8,654;0,288478288640877
926;8,658;0,306112877448541
927;8,662;0,305666205999512
928;8,666;0,313152419485238
929;8,670;0,305183800834561
930;8,674;0,284547579889422
931;8,679;0,276007221783988
932;8,683;0,28297529638884
933;8,687;0,258033162675062
934;8,691;0,245419160954483
935;8,695;0,218493806007016
936;8,699;0,235270785632545
937;8,703;0,217064457370124
938;8,707;0,178311242452369
939;8,712;0,18742334001256
940;8,716;0,186565730830425
941;8,720;0,175148808593244
942;8,724;0,220173290655365
943;8,728;0,191282581332171
944;8,732;0,212562009163911
945;8,736;0,177364298980428
946;8,740;0,198768794817897
947;8,744;0,177596568133923
948;8,749;0,187584141734211
949;8,753;0,212526275447989
950;8,757;0,192747663684986
951;8,761;0,201681092665565
952;8,765;0,241399117913222
953;8,769;0,272505317623601
954;8,773;0,481422487763436
955;8,777;0,924985103507175
956;8,782;1,71202019669624
957;8,786;3,25360843530098
958;8,790;5,48973504342987
959;8,794;8,725333685906
960;8,798;12,7557573716423
961;8,802;17,257026365229
962;8,806;21,3947941335959
963;8,810;24,8267674119231
964;8,815;27,2123145531812
965;8,819;28,1289558340205
966;8,823;27,8516621984633
967;8,827;26,5265845446319
968;8,831;24,1978718785482
969;8,835;21,5938130644252
970;8,839;18,5546069246581
971;8,843;15,7082199160079
972;8,848;12,905392307067
973;8,852;10,4992625454377
974;8,856;8,52853024546383
975;8,860;6,79206818707672
976;8,864;5,5583973785746
977;8,868;4,44541719560011
978;8,872;3,56418802723981
979;8,876;3,02099981150465
980;8,881;2,52732065917986
981;8,885;2,16724987068862
982;8,889;1,86535357171891
983;8,893;1,62733128996034
984;8,897;1,43651324693516
985;8,901;1,30163633618637
986;8,905;1,20181420075738
987;8,909;1,06686582257674
988;8,913;1,00442115400249
989;8,918;0,881532904945636
990;8,922;0,783408121022949
991;8,926;0,747460002805097
992;8,930;0,650907502382992
993;8,934;0,597646398800777
994;8,938;0,540472453325067
995;8,942;0,476437634392272
996;8,946;0,46144734056286
997;8,951;0,427589644726463
998;8,955;0,430752078585588
999;8,959;0,381761154056089
1000;8,963;0,338791360659501
1001;8,967;0,330644073429213
1002;8,971;0,302360837276698
1003;8,975;0,316011116759023
1004;8,979;0,303665117907862
1005;8,984;0,292980736847089
1006;8,988;0,302271502986892
1007;8,992;0,318298074578052
1008;8,996;0,403683788774432
1009;9,000;0,65733957124901
1010;9,004;1,17363816575263
1011;9,008;2,27277153380722
1012;9,012;4,14814841284234
1013;9,017;6,97754403957152
1014;9,021;11,0548324937399
1015;9,025;15,9029865346425
1016;9,029;21,2583449393465
1017;9,033;26,2269752034812
1018;9,037;30,0232179819205
1019;9,041;32,5037632069581
1020;9,045;33,4505101434619
1021;9,050;32,541033472665
1022;9,054;30,478876460504
1023;9,058;27,072524256493
1024;9,062;23,0818185960044
1025;9,066;19,6420553676061
1026;9,070;16,1556775067872
1027;9,074;13,0385897331674
1028;9,078;10,5058018154514
1029;9,082;8,40496305580445
1030;9,087;6,69712370387112
1031;9,091;5,40424212808572
1032;9,095;4,4514025930171
1033;9,099;3,65940051331483
1034;9,103;2,98985787807835
1035;9,107;2,60380867811158
1036;9,111;2,19512216910802
1037;9,115;1,87687769510386
1038;9,120;1,65540012381733
1039;9,124;1,52379284807543
1040;9,128;1,33820979443287
1041;9,132;1,21080123031184
1042;9,136;1,06422152759849
1043;9,140;0,981819578681623
1044;9,144;0,931327838083386
1045;9,148;0,853767807673994
1046;9,153;0,756857970092667
1047;9,157;0,696217854172492
1048;9,161;0,688856708692494
1049;9,165;0,575169891485638
1050;9,169;0,567397808272534
1051;9,173;0,564288974987292
1052;9,177;0,487532953186152
1053;9,181;0,459088915311987
1054;9,186;0,454622200821697
1055;9,190;0,414493237840933
1056;9,194;0,363179621776484
1057;9,198;0,355693408290758
1058;9,202;0,363769228089202
1059;9,206;0,335736127948143
1060;9,210;0,341721525365132
1061;9,214;0,30069921948631
1062;9,219;0,280992075155151
1063;9,223;0,280223800262822
1064;9,227;0,250243212603996
1065;9,231;0,216010312750415
1066;9,235;0,225569081759635
1067;9,239;0,233787836421769
1068;9,243;0,203003240154691
1069;9,247;0,19080017616722
1070;9,251;0,200001608017217
1071;9,256;0,192318859093918
1072;9,260;0,193373003713626
1073;9,264;0,155262995682474
1074;9,268;0,143327934564419
1075;9,272;0,167198056800528
1076;9,276;0,15535232997228
1077;9,280;0,199697871431877
1078;9,284;0,171879173586352
1079;9,289;0,137217469141703
1080;9,293;0,155959803142959
1081;9,297;0,147437311895486
1082;9,301;0,125746946330639
1083;9,305;0,127069093819765
1084;9,309;0,143256467132575
1085;9,313;0,109720374739479
1086;9,317;0,122566645613552
1087;9,322;0,107629952358023
1088;9,326;0,0905849698630773
1089;9,330;0,0952124860750176
1090;9,334;0,0985357216557932
1091;9,338;0,0812763368653134
1092;9,342;0,0660359070244445
1093;9,346;0,0573704809132823
1094;9,350;0,0578707529361948
1095;9,355;0,0721642393051222
1096;9,359;0,0307309956931939
1097;9,363;0,0609795862214365
1098;9,367;0,0594251695788156
1099;9,371;0,0704311540828897
1100;9,375;0,0906385704369608
1101;9,379;0,0791680476258966
1102;9,383;0,044095405448141
1103;9,388;0,044434875749403
1104;9,392;0,0606579827781356
1105;9,396;0,0604257136246405
1106;9,400;0,0671615190759976
1107;9,404;0,0854214479123023
1108;9,408;0,0567987414585252
1109;9,412;0,106182736863169
1110;9,416;0,194873819782364
1111;9,420;0,501594170401584
1112;9,425;1,00770865586734
1113;9,429;2,05838710513127
1114;9,433;3,89974548660834
1115;9,437;6,6258349406061
1116;9,441;10,5731241362491
1117;9,445;15,2998192767317
1118;9,449;20,5978786679543
1119;9,453;25,5275591817336
1120;9,458;29,5038462878476
1121;9,462;31,9510876896455
1122;9,466;32,8760191925788
1123;9,470;32,0201609625234
1124;9,474;29,3691837793943
1125;9,478;25,8021727885967
1126;9,482;21,8726968503409
1127;9,486;17,9998588518221
1128;9,491;14,7709781479394
1129;9,495;11,6152622274076
1130;9,499;9,10325346550044
1131;9,503;7,38496200165983
1132;9,507;5,93856838227215
1133;9,511;4,7152603513875
1134;9,515;3,89717265906194
1135;9,519;3,1315599285683
1136;9,524;2,61099115501197
1137;9,528;2,24618564916102
1138;9,532;1,95686761819597
1139;9,536;1,69745870745789
1140;9,540;1,49038182368806
1141;9,544;1,30310141853919
1142;9,548;1,24128208999358
1143;9,552;1,01774983004151
1144;9,557;0,948069083992993
1145;9,561;0,870884257600785
1146;9,565;0,820767721019733
1147;9,569;0,762432429776548
1148;9,573;0,707849178705207
1149;9,577;0,627358983590184
1150;9,581;0,585050263938159
1151;9,585;0,527554715019149
1152;9,589;0,517281271691482
1153;9,594;0,477366711006253
1154;9,598;0,502791249884982
1155;9,602;0,396822915317347
1156;9,606;0,379599264242789
1157;9,610;0,379599264242789
1158;9,614;0,325105347461254
1159;9,618;0,305308868840289
1160;9,622;0,282707293519423
1161;9,627;0,284815582758839
1162;9,631;0,252601637854869
1163;9,635;0,293320207148351
1164;9,639;0,410705463953167
1165;9,643;0,689875119596281
1166;9,647;1,30983722399054
1167;9,651;2,71597681239174
1168;9,655;5,19752258147511
1169;9,660;9,56907818626378
1170;9,664;16,0495305036399
1171;9,668;25,0787437097493
1172;9,672;36,1563207136738
1173;9,676;47,8521446036282
1174;9,680;59,3042824178504
1175;9,684;69,3019865266024
1176;9,688;75,3393943671157
1177;9,693;76,8092293041484
1178;9,697;74,0387228412592
1179;9,701;67,543583966639
1180;9,705;58,9694574996583
1181;9,709;48,8957656439975
1182;9,713;39,144409772814
1183;9,717;30,7398397878847
1184;9,721;23,9468961247678
1185;9,726;18,4673094566599
1186;9,730;14,5729776280138
1187;9,734;11,5005569992969
1188;9,738;9,24022079863068
1189;9,742;7,65396541512304
1190;9,746;6,34402098998473
1191;9,750;5,44512149910085
1192;9,754;4,65181513876742
1193;9,758;3,95793784298784
1194;9,763;3,50533459711575
1195;9,767;3,10283002096676
1196;9,771;2,74660060693716
1197;9,775;2,52530170423025
1198;9,779;2,30866605145119
1199;9,783;2,10114249623233
1200;9,787;2,02508328189167
1201;9,791;1,85890363599493
1202;9,796;1,78852608248592
1203;9,800;1,74532401993584
1204;9,804;1,70344410487488
1205;9,808;1,70294383285197
1206;9,812;1,65547159124917
1207;9,816;1,62406165495345
1208;9,820;1,59717203372191
1209;9,824;1,47349764291476
1210;9,829;1,40285208653634
1211;9,833;1,24760695771183
1212;9,837;1,20779959817436
1213;9,841;1,12557631783711
1214;9,845;1,05219713219063
1215;9,849;0,938867652142996
1216;9,853;0,866560477974184
1217;9,857;0,842475953442542
1218;9,862;0,689607116726863
1219;9,866;0,687677496067058
1220;9,870;0,688427904101427
1221;9,874;0,624500286316399
1222;9,878;0,609742261640481
1223;9,882;0,714906587599865
1224;9,886;0,952642999631049
1225;9,890;1,49663522397446
1226;9,895;2,63416446978759
1227;9,899;4,65560291265519
1228;9,903;7,68730497207857
1229;9,907;11,8056514658417
1230;9,911;17,2931531520264
1231;9,915;23,1374917254114
1232;9,919;28,8100583263578
1233;9,923;33,5196191500557
1234;9,927;36,1414376209921
1235;9,932;36,8970985116014
1236;9,936;35,6113458121425
1237;9,940;32,1545554681072
1238;9,944;27,8235397640324
1239;9,948;23,2110495796375
1240;9,952;18,8459260437148
1241;9,956;14,9213634913984
1242;9,960;11,9721348483238
1243;9,965;9,44318830506945
1244;9,969;7,51624767395843
1245;9,973;6,00526536304115
1246;9,977;4,92862636915966
1247;9,981;4,17407322374398
1248;9,985;3,4487323910948
1249;9,989;2,99491419888136
1250;9,993;2,61804856390662
1251;9,998;2,30260918660236
1252;10,002;2,04480829308079
1253;10,006;1,90532173297802
1254;10,010;2,01032525721575
1255;10,014;2,37280807153175
1256;10,018;3,56274081174496
1257;10,022;5,79431137109375
1258;10,026;9,85911089154728
1259;10,031;16,026035585421
1260;10,035;25,0142800862255
1261;10,039;36,0166733518494
1262;10,043;48,1508606018808
1263;10,047;60,2330910289613
1264;10,051;70,1526633678491
1265;10,055;75,7848866035192
1266;10,059;75,7802412204493
1267;10,064;71,2137760621624
1268;10,068;63,704424995377
1269;10,072;54,5001523149641
1270;10,076;44,480882908653
1271;10,080;35,3672130649612
1272;10,084;27,8553249043453
1273;10,088;21,7599212428901
1274;10,092;17,2028897856066
1275;10,096;13,6102934542086
1276;10,101;10,9984268231565
1277;10,105;8,9205112422737
1278;10,109;7,40005949663701
1279;10,113;6,36128037477521
1280;10,117;5,37804931431466
1281;10,121;4,67327323517877
1282;10,125;4,17260814139117
1283;10,129;3,73344077270587
1284;10,134;3,26525762669166
1285;10,138;2,99796943159271
1286;10,142;2,71706669072737
1287;10,146;2,4361282161461
1288;10,150;2,24418456106937
1289;10,154;2,11806241072154
1290;10,158;1,93776794703549
1291;10,162;1,76492396311923
1292;10,167;1,65447104720335
1293;10,171;1,54053409398503
1294;10,175;1,43458362627536
1295;10,179;1,38369881480198
1296;10,183;1,23720844637843
1297;10,187;1,21496420821679
1298;10,191;1,17404910348573
1299;10,195;1,08223132042334
1300;10,200;0,984017202210845
1301;10,204;0,946532534208333
1302;10,208;0,980140094033274
1303;10,212;0,89423624095602
1304;10,216;0,842029281993513
1305;10,220;0,788803912127219
1306;10,224;0,757536910695191
1307;10,228;0,772366402802953
1308;10,233;0,662378025194056
1309;10,237;0,692858884875794
1310;10,241;0,661127345136775
1311;10,245;0,650585898939691
1312;10,249;0,607312368957764
1313;10,253;0,600237093205145
1314;10,257;0,576152568673502
1315;10,261;0,599022146863786
1316;10,265;0,708170782148508
1317;10,270;0,862558301790885
1318;10,274;1,37467605153159
1319;10,278;2,36573279577913
1320;10,282;4,30634157323044
1321;10,286;7,56723968657958
1322;10,290;12,4871648959122
1323;10,294;19,1740687570295
1324;10,298;28,3527918305579
1325;10,303;38,844460961362
1326;10,307;50,9993558997705
1327;10,311;62,763234651699
1328;10,315;74,3271475293262
1329;10,319;85,6614891490105
1330;10,323;93,7484042662483
1331;10,327;99,2518967903083
1332;10,331;100
1333;10,336;95,7340911263357
1334;10,340;87,1609473365428
1335;10,344;74,3247355035015
1336;10,348;60,7723842696609
1337;10,352;47,780016098039
1338;10,356;37,3635843061093
1339;10,360;28,8795425369688
1340;10,364;22,5272849254639
1341;10,369;17,8698059927228
1342;10,373;14,4632751201323
1343;10,377;12,0726359243553
1344;10,381;10,0842154349999
1345;10,385;8,53101373872043
1346;10,389;7,43909858128214
1347;10,393;6,4582080792145
1348;10,397;5,68189310080213
1349;10,402;5,06257420329447
1350;10,406;4,50718292357184
1351;10,410;4,11720301485361
1352;10,414;3,77864392334761
1353;10,418;3,50254736727381
1354;10,422;3,12555666429335
1355;10,426;2,94717395440914
1356;10,430;2,7230342212864
1357;10,434;2,50927513263909
1358;10,439;2,32772998889575
1359;10,443;2,17734464543667
1360;10,447;2,10609161588757
1361;10,451;1,93310469710762
1362;10,455;1,83558738635562
1363;10,459;1,78802581046301
1364;10,463;1,66942560731684
1365;10,467;1,59618935653404
1366;10,472;1,5271160836562
1367;10,476;1,43912180819749
1368;10,480;1,35416489859218
1369;10,484;1,27658700132483
1370;10,488;1,27304936344852
1371;10,492;1,21973465929242
1372;10,496;1,15282327622788
1373;10,500;1,09445225126877
1374;10,505;1,0707965313282
1375;10,509;1,0640785927348
1376;10,513;1,00854839819152
1377;10,517;0,984052935926767
1378;10,521;0,92721846075232
1379;10,525;0,928165404224261
1380;10,529;0,88730390006709
1381;10,533;0,844441307818269
1382;10,538;0,840832202510115
1383;10,542;0,806706503804301
1384;10,546;0,755589423177424
1385;10,550;0,735221205101703
1386;10,554;0,795700519300227
1387;10,558;0,902955267641066
1388;10,562;1,2076923970266
1389;10,566;1,92774463971928
1390;10,571;3,30174175064834
1391;10,575;5,64817833982943
1392;10,579;9,0036814660829
1393;10,583;13,6640905635296
1394;10,587;18,8548594726954
1395;10,591;24,3063058395145
1396;10,595;28,7669277312396
1397;10,599;31,6711318922521
1398;10,603;32,6923657595961
1399;10,608;32,1421558686822
1400;10,612;29,6042401627313
1401;10,616;25,7013143754059
1402;10,620;21,5372287252622
1403;10,624;17,2619218843103
1404;10,628;13,7527816464488
1405;10,632;10,9253871078113
1406;10,636;8,65324091403272
1407;10,641;6,94216766080842
1408;10,645;5,68943291486174
1409;10,649;4,68994301365653
1410;10,653;3,98958004843705
1411;10,657;3,32018034806426
1412;10,661;2,90883167722449
1413;10,665;2,56607387409761
1414;10,669;2,34793740524982
1415;10,674;2,05740442794341
1416;10,678;1,93269375937452
1417;10,682;1,73245988220381
1418;10,686;1,58532630689366
1419;10,690;1,4648322168036
1420;10,694;1,3532358219782
1421;10,698;1,26211484637629
1422;10,702;1,16254284695875
1423;10,707;1,09375544380829
1424;10,711;1,00063338011472
1425;10,715;0,950624044681438
1426;10,719;0,918213564339896
1427;10,723;0,810190541106727
1428;10,727;0,813799646414881
1429;10,731;0,72423308745559
1430;10,735;0,681567030644341
1431;10,740;0,70234618645317
1432;10,744;0,659161990761048
1433;10,748;0,664986586456386
1434;10,752;0,611546814294558
1435;10,756;0,559053985604673
1436;10,760;0,51601272477624
1437;10,764;0,491463661937607
1438;10,768;0,491713797949063
1439;10,772;0,477009373847029
1440;10,777;0,473989874851593
1441;10,781;0,457177161510143
1442;10,785;0,431323818040345
1443;10,789;0,389711905848805
1444;10,793;0,405238205417053
1445;10,797;0,380599808288614
1446;10,801;0,374918147456965
1447;10,805;0,344365820343383
1448;10,810;0,334217445021445
1449;10,814;0,336736671993968
1450;10,818;0,276025088641949
1451;10,822;0,381385950038905
1452;10,826;0,293838346029225
1453;10,830;0,325301882898826
1454;10,834;0,275310414323503
1455;10,838;0,304451259658153
1456;10,843;0,283725704423209
1457;10,847;0,290747379601944
1458;10,851;0,26741326310467
1459;10,855;0,318709012311159
1460;10,859;0,283993707292626
1461;10,863;0,264304429819429
1462;10,867;0,276060822357871
1463;10,871;0,2721837141803
1464;10,876;0,252065632116035
1465;10,880;0,243578874584484
1466;10,884;0,220226891229249
1467;10,888;0,230142997397692
1468;10,892;0,285673191940975
1469;10,896;0,225854951487014
1470;10,900;0,227248566407984
1471;10,904;0,224657872003616
1472;10,909;0,255531802560499
1473;10,913;0,358820108433961
1474;10,917;0,548369604543899
1475;10,921;1,08693030406712
1476;10,925;2,17688010712968
1477;10,929;4,36944731554926
1478;10,933;8,12979557634464
1479;10,937;14,4398516693452
1480;10,941;23,0592884881154
1481;10,946;34,5815537198352
1482;10,950;48,3599564406003
1483;10,954;63,4634546820548
1484;10,958;77,6996241706428
1485;10,962;89,5422064318902
1486;10,966;95,2209013651173
1487;10,970;96,7301148570964
1488;10,974;91,4350034974374
1489;10,979;84,4550474320412
1490;10,983;76,7626504054437
1491;10,987;68,7314620181867
1492;10,991;61,5521475516598
1493;10,995;54,4389940601631
1494;10,999;47,6771029961827
1495;11,003;40,7268773824338
1496;11,007;34,460648692012
1497;11,012;28,5314961438854
1498;11,016;23,2291487067522
1499;11,020;19,137030760476
1500;11,024;15,6540654695276
1501;11,028;12,704801092737
1502;11,032;10,5868280163053
1503;11,036;9,08940665058054
1504;11,040;7,79589973476649
1505;11,045;6,72801550128597
1506;11,049;5,9260794485573
1507;11,053;5,18531951748763
1508;11,057;4,76007043115408
1509;11,061;4,32688845988578
1510;11,065;3,87866259421418
1511;11,069;3,61725259538445
1512;11,073;3,25845035380845
1513;11,078;2,90874234293469
1514;11,082;2,80345294896957
1515;11,086;2,55126224884781
1516;11,090;2,45361987009008
1517;11,094;2,31759948043177
1518;11,098;2,14023518145134
1519;11,102;2,033212702264
1520;11,106;1,95910097544111
1521;11,111;1,8001752738766
1522;11,115;1,69885232237886
1523;11,119;1,68189667417372
1524;11,123;1,57346271320745
1525;11,127;1,44217704090885
1526;11,131;1,4367276492307
1527;11,135;1,34356985182121
1528;11,139;1,30433423173851
1529;11,143;1,3085686770753
1530;11,148;1,1553425032004
1531;11,152;1,12186001138119
1532;11,156;1,0686346415149
1533;11,160;1,0431029014884
1534;11,164;1,04698000966597
1535;11,168;1,00865559933928
1536;11,172;0,965489270505123
1537;11,176;1,02487870636802
1538;11,181;0,955340895183184
1539;11,185;1,0138905887219
1540;11,189;1,14147782142254
1541;11,193;1,41825331809886
1542;11,197;2,08675967557359
1543;11,201;3,23399062525963
1544;11,205;5,37145644372699
1545;11,209;8,46117219095026
1546;11,214;12,7282245435241
1547;11,218;17,7270676644711
1548;11,222;22,4164568055309
1549;11,226;26,8008586811936
1550;11,230;29,3659677449613
1551;11,234;30,1923099256649
1552;11,238;28,899660619033
1553;11,242;26,0027997366425
1554;11,247;22,3873695607701
1555;11,251;18,3317178715927
1556;11,255;14,9043006420455
1557;11,259;11,8667739869268
1558;11,263;9,48022630162294
1559;11,267;7,67297575199372
1560;11,271;6,44496873746528
1561;11,275;5,57599623366634
1562;11,280;5,40227677370999
1563;11,284;5,82112952489345
1564;11,288;7,38673082059799
1565;11,292;10,3929547405688
1566;11,296;14,6404250168172
1567;11,300;20,5884092332349
1568;11,304;27,5939327723736
1569;11,308;34,584859088558
1570;11,312;39,9414681733192
1571;11,317;42,9307543119428
1572;11,321;42,6029868026454
1573;11,325;39,2309210990619
1574;11,329;34,4485706960303
1575;11,333;29,0873876956309
1576;11,337;23,6894883021214
1577;11,341;18,8438177544754
1578;11,345;15,0369977961231
1579;11,350;12,1040994612249
1580;11,354;9,80066839915633
1581;11,358;8,15225421680181
1582;11,362;6,82723016354428
1583;11,366;5,84285562417422
1584;11,370;5,06325314389699
1585;11,374;4,42349456088177
1586;11,378;3,99749506651385
1587;11,383;3,60606794230077
1588;11,387;3,24203071134215
1589;11,391;2,96132450591438
1590;11,395;2,67216727667098
1591;11,399;2,48862104483599
1592;11,403;2,32531796307099
1593;11,407;2,11720480153941
1594;11,411;1,93758927845587
1595;11,416;1,91711385923239
1596;11,420;1,75802735594622
1597;11,424;1,64964699555383
1598;11,428;1,55191528250629
1599;11,432;1,48777326242573
1600;11,436;1,38162625927848
1601;11,440;1,33158119012928
1602;11,444;1,33050917865161
1603;11,449;1,22330803088465
1604;11,453;1,1284350151109
1605;11,457;1,11097909488284
1606;11,461;1,09141488541537
1607;11,465;1,02003678786054
1608;11,469;1,01187163377229
1609;11,473;0,939921796762704
1610;11,477;0,935151345687074
1611;11,481;0,904902755158832
1612;11,486;0,865399132206709
1613;11,490;0,821285859900607
1614;11,494;0,828843540818177
1615;11,498;0,823572817719635
1616;11,502;0,788339373820229
1617;11,506;0,750801105243833
1618;11,510;0,731701434083354
1619;11,514;0,69448476895026
1620;11,519;0,706276895204625
1621;11,523;0,717515148862194
1622;11,527;0,679315806541235
1623;11,531;0,734988935948208
1624;11,535;0,769418371239361
1625;11,539;0,985089213688515
1626;11,543;1,42911636773924
1627;11,547;2,40118064197407
1628;11,552;4,14684413221118
1629;11,556;7,35342699735839
1630;11,560;12,1660438577762
1631;11,564;18,8649363805855
1632;11,568;26,7447924809115
1633;11,572;35,1025691648405
1634;11,576;41,6308867946946
1635;11,580;45,9049786893052
1636;11,585;46,2195783242853
1637;11,589;42,9559108479521
1638;11,593;37,680202896039
1639;11,597;31,3403984845331
1640;11,601;25,3402787765848
1641;11,605;20,1261757509217
1642;11,609;15,993839507375
1643;11,613;12,8877755851173
1644;11,618;10,4808596817377
1645;11,622;8,745112297669
1646;11,626;7,39382396320857
1647;11,630;6,39953331767005
1648;11,634;5,47195751975851
1649;11,638;4,77334550661922
1650;11,642;4,27796900278812
1651;11,646;3,75902611330625
1652;11,650;3,42153903327792
1653;11,655;3,14097576271383
1654;11,659;2,88456848411324
1655;11,663;2,64184721871089
1656;11,667;2,47259447324483
1657;11,671;2,27271793323334
1658;11,675;2,15359959120629
1659;11,679;2,00332144889498
1660;11,683;1,90934177601928
1661;11,688;1,76946214504137
1662;11,692;1,66224313041645
1663;11,696;1,58537990746754
1664;11,700;1,59045409512851
1665;11,704;1,55229048652348
1666;11,708;1,47925077117826
1667;11,712;1,39148876487304
1668;11,716;1,30433423173851
1669;11,721;1,30896174795045
1670;11,725;1,24185382944833
1671;11,729;1,14658774279943
1672;11,733;1,13842258871118
1673;11,737;1,05991561482985
1674;11,741;0,998310688579772
1675;11,745;1,03465187767277
1676;11,749;0,923930958887467
1677;11,754;0,983231060460554
1678;11,758;0,928219004798145
1679;11,762;0,950320308096099
1680;11,766;0,864130585291467
1681;11,770;0,887625503510391
1682;11,774;0,808832659901679
1683;11,778;0,834310799354292
1684;11,782;0,821696797633713
1685;11,787;0,704793945993848
1686;11,791;0,745101577554224
1687;11,795;0,705848090613557
1688;11,799;0,707384640398217
1689;11,803;0,78866097726353
1690;11,807;0,865023928189525
1691;11,811;1,22605952701067
1692;11,815;2,06526584544632
1693;11,819;3,45198415924373
1694;11,824;6,06033101927745
1695;11,828;9,99498834634189
1696;11,832;15,5065924239162
1697;11,836;21,8447709513477
1698;11,840;28,0224872274299
1699;11,844;32,991403361292
1700;11,848;35,6602116686663
1701;11,852;35,9936429719374
1702;11,857;33,9152807196056
1703;11,861;30,1697976846339
1704;11,865;25,4876982216223
1705;11,869;20,9099769428198
1706;11,873;16,9738724002605
1707;11,877;13,6162073841937
1708;11,881;11,1184742417975
1709;11,885;8,94384535877098
1710;11,890;7,25732116838531
1711;11,894;6,10823206547131
1712;11,898;5,2020786302552
1713;11,902;4,37209161052751
1714;11,906;3,85775837039962
1715;11,910;3,49429287889576
1716;11,914;3,05403563187483
1717;11,918;2,79921850363278
1718;11,923;2,5378799722349
1719;11,927;2,2917818706779
1720;11,931;2,09260213812689
1721;11,935;2,01668585864993
1722;11,939;1,84450294847824
1723;11,943;1,7435016004238
1724;11,947;1,62050615021918
1725;11,951;1,51721784434572
1726;11,956;1,46860212383341
1727;11,960;1,40721159987886
1728;11,964;1,33779885669976
1729;11,968;1,24289010721008
1730;11,972;1,18149958325554
1731;11,976;1,11557087737886
1732;11,980;1,10694118498362
1733;11,984;1,08682310291936
1734;11,988;1,02939902143219
1735;11,993;0,948247752572604
1736;11,997;0,968848239801821
1737;12,001;0,845906390171084
1738;12,005;0,83582948228099
1739;12,009;0,870777056453018
1740;12,013;0,792609552872946
1741;12,017;0,756000360910531
1742;12,021;0,795003711839742
1743;12,026;0,722839472534619
1744;12,030;0,72516216406957
1745;12,034;0,67722538415978
1746;12,038;0,65226538358804
1747;12,042;0,67291947139114
1748;12,046;0,632951310132027
1749;12,050;0,646011983301635
1750;12,054;0,635899341695618
1751;12,059;0,62775205446533
1752;12,063;0,596020514726311
1753;12,067;0,611368145714947
1754;12,071;0,608973986748152
1755;12,075;0,606526227207473
1756;12,079;0,603131524194852
1757;12,083;0,54683305475924
1758;12,087;0,55978652678108
1759;12,092;0,585800671972528
1760;12,096;0,537935359494582
1761;12,100;0,549566684027297
1762;12,104;0,581423291772044
1763;12,108;0,545850377571376
1764;12,112;0,533504378720215
1765;12,116;0,526554170973324
1766;12,120;0,542241272263222
1767;12,125;0,504435000817409
1768;12,129;0,473578937118487
1769;12,133;0,556945696365256
1770;12,137;0,588391366376896
1771;12,141;0,707241705534527
1772;12,145;0,99981150464851
1773;12,149;1,68459456972586
1774;12,153;2,95117613059244
1775;12,157;5,32443087357322
1776;12,162;9,51576348210768
1777;12,166;15,7322151062497
1778;12,170;24,6705932064846
1779;12,174;36,2575721977397
1780;12,178;50,0323658131966
1781;12,182;64,3282284742329
1782;12,186;78,4170321183572
1783;12,190;88,415754638013
1784;12,195;94,1090289273364
1785;12,199;93,8583033095674
1786;12,203;88,1327793416242
1787;12,207;79,4787522858411
1788;12,211;70,3743910751471
1789;12,215;63,5878794808963
1790;12,219;58,8632747627951
1791;12,223;56,2390621328919
1792;12,228;53,7768125704066
1793;12,232;50,5668350022468
1794;12,236;46,1635121240031
1795;12,240;40,8635231121208
1796;12,244;34,9573473433322
1797;12,248;29,417638698185
1798;12,252;24,483670138495
1799;12,256;20,2653764412971
1800;12,261;16,6876453357227
1801;12,265;14,1105118765472
1802;12,269;11,943047603563
1803;12,273;10,255290599978
1804;12,277;9,14711660179508
1805;12,281;7,89395305125734
1806;12,285;7,16509244758981
1807;12,289;6,45681446429353
1808;12,294;5,96083048729175
1809;12,298;5,46986709737706
1810;12,302;5,02058708708575
1811;12,306;4,60178793647617
1812;12,310;4,24078807137095
1813;12,314;4,06290563350965
1814;12,318;3,76697686509897
1815;12,322;3,58212635263282
1816;12,326;3,34930332654095
1817;12,331;3,18505330130401
1818;12,335;3,04706755726998
1819;12,339;2,83084284222403
1820;12,343;2,71770989761397
1821;12,347;2,59884169159838
1822;12,351;2,5236222195819
1823;12,355;2,36019406981117
1824;12,359;2,23076655074054
1825;12,364;2,16884002104716
1826;12,368;2,09626484400893
1827;12,372;1,99744325262576
1828;12,376;2,03644660355497
1829;12,380;1,89554856167327
1830;12,384;1,87301845378425
1831;12,388;1,84961286985513
1832;12,392;1,79022343399223
1833;12,397;1,78591752122359
1834;12,401;1,70244356082906
1835;12,405;1,71973867933546
1836;12,409;1,7450202833505
1837;12,413;1,83301455880921
1838;12,417;1,94684431087976
1839;12,421;2,42626571055154
1840;12,425;3,37254810874842
1841;12,430;4,85179887992667
1842;12,434;7,5043483465563
1843;12,438;11,4277495531052
1844;12,442;16,4334178137934
1845;12,446;21,9009264859196
1846;12,450;27,0466709130232
1847;12,454;30,8257436409619
1848;12,458;32,5642782548725
1849;12,463;32,3927028178715
1850;12,467;30,3069972869176
1851;12,471;26,6860641187932
1852;12,475;23,111906384811
1853;12,479;19,6868297136568
1854;12,483;16,7890397546523
1855;12,487;15,5990176801493
1856;12,491;15,7629461019429
1857;12,495;17,7981241585827
1858;12,500;21,9551702666897
1859;12,504;27,4550179517255
1860;12,508;35,0222576383051
1861;12,512;43,4041724473397
1862;12,516;51,8086352311212
1863;12,520;59,3486100924521
1864;12,524;65,198040720356
1865;12,528;67,2525685841676
1866;12,533;66,2823088625869
1867;12,537;62,35704950281
1868;12,541;56,3289145615786
1869;12,545;48,5653181060059
1870;12,549;40,5586787815875
1871;12,553;33,2820792734621
1872;12,557;27,3813350294937
1873;12,561;22,2562804239091
1874;12,566;18,5751180775976
1875;12,570;15,485545265238
1876;12,574;13,2705908837931
1877;12,578;11,5514954113442
1878;12,582;10,2194675497659
1879;12,586;9,03961171744279
1880;12,590;8,12143388681882
1881;12,594;7,27986914313229
1882;12,599;6,65229575724657
1883;12,603;6,25881394436796
1884;12,607;5,67169112490631
1885;12,611;5,23575765751199
1886;12,615;4,87361431349725
1887;12,619;4,58547549515763
1888;12,623;4,21690008227688
1889;12,627;3,92602763466921
1890;12,632;3,73059994229005
1891;12,636;3,5701734246568
1892;12,640;3,30358203701834
1893;12,644;3,14867637849509
1894;12,648;3,01462134321251
1895;12,652;2,78365647034861
1896;12,656;2,68872985400097
1897;12,660;2,55903433206092
1898;12,664;2,51174075903773
1899;12,669;2,38828077052612
1900;12,673;2,28191936508334
1901;12,677;2,15297425117765
1902;12,681;2,09935581043621
1903;12,685;2,02485101273818
1904;12,689;1,95543826955907
1905;12,693;1,97555635162334
1906;12,697;1,83967889682872
1907;12,702;1,81196740013096
1908;12,706;1,75959963944681
1909;12,710;1,73728393385332
1910;12,714;1,68307588679916
1911;12,718;1,58748819670696
1912;12,722;1,56803118838726
1913;12,726;1,56020550460027
1914;12,730;1,48080518782088
1915;12,735;1,43074225181371
1916;12,739;1,5471269645727
1917;12,743;1,68777487044295
1918;12,747;2,09179812951864
1919;12,751;2,80189853232695
1920;12,755;4,0950838446977
1921;12,759;6,44507593861305
1922;12,763;9,89325445711105
1923;12,768;14,9787339723117
1924;12,772;21,1128372481108
1925;12,776;28,18530790403
1926;12,780;35,2832209656858
1927;12,784;41,0745307046421
1928;12,788;44,2686782366483
1929;12,792;43,865869923914
1930;12,796;40,5824059689599
1931;12,801;35,9520667934618
1932;12,805;30,3187358125981
1933;12,809;25,3020615674059
1934;12,813;21,003277675093
1935;12,817;17,1809492840303
1936;12,821;14,5050121003296
1937;12,825;12,2934345550393
1938;12,829;10,5658880587748
1939;12,833;9,18824610882167
1940;12,838;8,07017387132825
1941;12,842;7,12900139450826
1942;12,846;6,43033578079509
1943;12,850;5,87397969074256
1944;12,854;5,3502484833271
1945;12,858;4,91833505897403
1946;12,862;4,48904806274126
1947;12,866;4,22556550838804
1948;12,871;3,91621872964853
1949;12,875;3,65900744243968
1950;12,879;3,45548606340412
1951;12,883;3,2613269179402
1952;12,887;3,12791508954423
1953;12,891;2,90926048181556
1954;12,895;2,77559851740813
1955;12,899;2,7396861329062
1956;12,904;2,64218668901215
1957;12,908;2,56359038084101
1958;12,912;2,50873912690025
1959;12,916;2,46648400782211
1960;12,920;2,34039759119021
1961;12,924;2,38417139319505
1962;12,928;2,24089705920451
1963;12,932;2,20035715849064
1964;12,937;2,08643807213029
1965;12,941;2,06751706954942
1966;12,945;1,92627955736646
1967;12,949;1,84048290543697
1968;12,953;1,80283743571281
1969;12,957;1,69956699669731
1970;12,961;1,71318154246371
1971;12,965;1,63211960789394
1972;12,970;1,58093105983521
1973;12,974;1,51909386443164
1974;12,978;1,47916143688845
1975;12,982;1,43676338294662
1976;12,986;1,4182354512409
1977;12,990;1,3837345485179
1978;12,994;1,33536896401704
1979;12,998;1,34930511322675
1980;13,002;1,23597563317911
1981;13,007;1,27072667191357
1982;13,011;1,23250946273465
1983;13,015;1,26538448138318
1984;13,019;1,36656449801723
1985;13,023;1,4808409215368
1986;13,027;1,86597891174755
1987;13,031;2,64375897251273
1988;13,035;3,8509153638005
1989;13,040;6,1329419300316
1990;13,044;9,27795560264465
1991;13,048;13,9690599620687
1992;13,052;19,333923535208
1993;13,056;25,1959502979745
1994;13,060;30,339479234691
1995;13,064;33,8309848837448
1996;13,068;34,9920447814928
1997;13,073;33,9770464475773
1998;13,077;31,5946438733204
1999;13,081;27,7425314300365
2000;13,085;23,9286183290736
2001;13,089;20,0064678025819
2002;13,093;16,7665989810531
2003;13,097;14,0547494128504
2004;13,101;11,9166761212123
2005;13,106;10,1544857873612
2006;13,110;8,68025560326999
2007;13,114;7,52787899849114
2008;13,118;6,75885369812693
2009;13,122;5,94171294927331
2010;13,126;5,37025936424359
2011;13,130;5,11054671692018
2012;13,134;5,05126448220506
2013;13,139;5,30479519667391
2014;13,143;6,11468200119529
2015;13,147;7,69434451411527
2016;13,151;9,88766213056921
2017;13,155;12,978038951537
2018;13,159;16,348478771046
2019;13,163;20,1096846410236
2020;13,167;23,0729923681716
2021;13,171;25,1203913556568
2022;13,176;25,9405337366479
2023;13,180;25,4785682572041
2024;13,184;23,8237577396995
2025;13,188;21,7110553863663
2026;13,192;18,8462476471581
2027;13,196;16,1969678155354
2028;13,200;13,8961453147292
2029;13,204;11,6798151852212
2030;13,209;9,70631352226344
2031;13,213;8,40737508162921
2032;13,217;7,21978289980891
2033;13,221;6,23580143131399
2034;13,225;5,49972261703015
2035;13,229;4,86634250230706
2036;13,233;4,39097687939246
2037;13,237;3,99567264700181
2038;13,242;3,72075530355345
2039;13,246;3,34260325480551
2040;13,250;3,091216563292
2041;13,254;2,91946245771138
2042;13,258;2,76087622644813
2043;13,262;2,571416064628
2044;13,266;2,50950740179258
2045;13,270;2,38143776392699
2046;13,275;2,20271558374152
2047;13,279;2,09338827987718
2048;13,283;2,00135609451925
2049;13,287;1,92342086009268
2050;13,291;1,90673321475695
2051;13,295;1,82852997746096
2052;13,299;1,73340682567575
2053;13,303;1,7073926804843
2054;13,308;1,59624295710793
2055;13,312;1,56494022195998
2056;13,316;1,529510242623
2057;13,320;1,51250099384397
2058;13,324;1,43215373359264
2059;13,328;1,42470325382284
2060;13,332;1,39697389026712
2061;13,336;1,35350382484762
2062;13,340;1,33686978008578
2063;13,345;1,37533712527615
2064;13,349;1,34348051753141
2065;13,353;1,3467501525383
2066;13,357;1,45559505123768
2067;13,361;1,58786340072414
2068;13,365;2,04886406983797
2069;13,369;2,7524252026325
2070;13,373;3,88084235088544
2071;13,378;5,90387094411158
2072;13,382;8,80278651516762
2073;13,386;13,1648726852369
2074;13,390;19,0056914876035
2075;13,394;26,8531728413039
2076;13,398;36,2692571228463
2077;13,402;46,9787947196288
2078;13,406;57,7634267204221
2079;13,411;68,4807006667018
2080;13,415;75,6127036933475
2081;13,419;78,8298280046918
2082;13,423;76,8087111652675
2083;13,427;71,352422879941
2084;13,431;62,8368639733569
2085;13,435;53,5528693727214
2086;13,439;44,4986425654664
2087;13,444;37,0349949213456
2088;13,448;30,7060535594801
2089;13,452;25,8579352522934
2090;13,456;21,8307633347061
2091;13,460;18,7776031788714
2092;13,464;16,3617359796532
2093;13,468;14,4124796429487
2094;13,472;12,8660316189785
2095;13,477;11,5617509878139
2096;13,481;10,4601698602186
2097;13,485;9,65110493116346
2098;13,489;8,74775659264725
2099;13,493;8,05527291178864
2100;13,497;7,40147097841594
2101;13,501;6,92337172623328
2102;13,505;6,53589317762962
2103;13,509;6,16619215269731
2104;13,514;5,7128206319329
2105;13,518;5,41774947270435
2106;13,522;5,09734310888689
2107;13,526;4,8050949132162
2108;13,530;4,58401041280482
2109;13,534;4,34689934080228
2110;13,538;4,14705853450671
2111;13,542;3,94151820052153
2112;13,547;3,75838290641965
2113;13,551;3,59354327487
2114;13,555;3,4237545236651
2115;13,559;3,29572061951543
2116;13,563;3,19164617189168
2117;13,567;3,10315162441006
2118;13,571;2,94059895067943
2119;13,575;2,85489163303975
2120;13,580;2,74476032056717
2121;13,584;2,67095233032962
2122;13,588;2,57116592861654
2123;13,592;2,50534442388763
2124;13,596;2,47423822417725
2125;13,600;2,34061199348574
2126;13,604;2,27763131917266
2127;13,608;2,23260683711054
2128;13,613;2,18497379378609
2129;13,617;2,1059844147398
2130;13,621;2,04096691861914
2131;13,625;2,01940162106002
2132;13,629;1,98306043196703
2133;13,633;1,91037805378103
2134;13,637;1,89569149653696
2135;13,641;1,79792404977349
2136;13,646;1,75893856570224
2137;13,650;1,79454721361883
2138;13,654;1,76451302538613
2139;13,658;1,73315668966429
2140;13,662;1,64780670918383
2141;13,666;1,59633229139773
2142;13,670;1,59202637862909
2143;13,674;1,57471339326473
2144;13,678;1,48532550288505
2145;13,683;1,5641004796358
2146;13,687;1,48902394248301
2147;13,691;1,49023888882437
2148;13,695;1,39727762685246
2149;13,699;1,433368679934
2150;13,703;1,41762797807022
2151;13,707;1,37126348166101
2152;13,711;1,35212807678461
2153;13,716;1,35253901451772
2154;13,720;1,35666625870674
2155;13,724;1,43038491465449
2156;13,728;1,6463058931151
2157;13,732;1,92912038778229
2158;13,736;2,40069823680912
2159;13,740;3,1802292496545
2160;13,744;4,50759386130494
2161;13,749;6,52690614807516
2162;13,753;9,50968875040089
2163;13,757;13,4241207942533
2164;13,761;17,8451675955944
2165;13,765;22,7744550384986
2166;13,769;27,7788726191295
2167;13,773;31,9385630222148
2168;13,777;34,348873628607
2169;13,782;35,0006030064562
2170;13,786;33,7971807884823
2171;13,790;31,5264996770565
2172;13,794;28,5560809404399
2173;13,798;24,9310026612685
2174;13,802;21,6150388916831
2175;13,806;18,6477289883517
2176;13,810;15,9787062786819
2177;13,815;13,8583926438572
2178;13,819;12,1582360408472
2179;13,823;10,654132470245
2180;13,827;9,38949839689617
2181;13,831;8,45938550515414
2182;13,835;7,55316060250618
2183;13,839;6,95973078218424
2184;13,843;6,30800140433504
2185;13,847;5,85634510193489
2186;13,852;5,39302174128611
2187;13,856;5,0152270296974
2188;13,860;4,67096841050178
2189;13,864;4,47202094710427
2190;13,868;4,07732418788431
2191;13,872;3,97282093566948
2192;13,876;3,77253345792489
2193;13,880;3,51662645134721
2194;13,885;3,4079780880854
2195;13,889;3,23784986657924
2196;13,893;3,09234217534356
2197;13,897;2,90097025972158
2198;13,901;2,78390660636007
2199;13,905;2,7064716439564
2200;13,909;2,61372478428002
2201;13,913;2,52648091685568
2202;13,918;2,47204060064803
2203;13,922;2,37019951026942
2204;13,926;2,31198928703197
2205;13,930;2,22908706609219
2206;13,934;2,14657791602755
2207;13,938;2,03889436309565
2208;13,942;2,01765066897983
2209;13,946;1,94014423914432
2210;13,951;1,94997101102296
2211;13,955;1,92277765320607
2212;13,959;1,76962294676302
2213;13,963;1,78589965436563
2214;13,967;1,73812367617749
2215;13,971;1,66799625867994
2216;13,975;1,5905076957024
2217;13,979;1,57591047274813
2218;13,984;1,59627869082385
2219;13,988;1,54212424434358
2220;13,992;1,51107164520708
2221;13,996;1,44617921709215
2222;14,000;1,4493773846672
2223;14,004;1,39254290949275
2224;14,008;1,41201778467041
2225;14,012;1,35965002398626
2226;14,016;1,34976965153374
2227;14,021;1,35218167735849
2228;14,025;1,34653575024277
2229;14,029;1,3282579545485
2230;14,033;1,2943109244223
2231;14,037;1,30774680160909
2232;14,041;1,26447327162716
2233;14,045;1,18065984093136
2234;14,049;1,23238439472892
2235;14,054;1,2280248813864
2236;14,058;1,17569285441816
2237;14,062;1,14087034825186
2238;14,066;1,16945732098972
2239;14,070;1,09416638154139
2240;14,074;1,12973929574206
2241;14,078;1,07896168541645
2242;14,082;1,0779254076547
2243;14,087;1,11017508627459
2244;14,091;1,04744454797296
2245;14,095;1,00493929288336
2246;14,099;1,0332582627518
2247;14,103;1,09061087680712
2248;14,107;1,05766439072674
2249;14,111;1,07054639531674
2250;14,115;1,02923821971054
2251;14,120;1,0594332096649
2252;14,124;1,08014089804188
2253;14,128;0,995166121578608
2254;14,132;1,01029935027171
2255;14,136;0,960843887435222
2256;14,140;0,943227165485519
2257;14,144;0,903991545402813
2258;14,148;0,917141552862226
2259;14,153;0,936223357164744
2260;14,157;0,925699777825621
2261;14,161;0,853035266497587
2262;14,165;0,869490642679814
2263;14,169;0,838848981276426
2264;14,173;0,84922962575186
2265;14,177;0,838027105810213
2266;14,181;0,840188995623513
2267;14,185;0,838116440100019
2268;14,190;0,828486203658954
2269;14,194;0,822643741105655
2270;14,198;0,792681020304791
2271;14,202;0,838777513844582
2272;14,206;0,763272172100723
2273;14,210;0,84183274655594
2274;14,214;0,771919731353924
2275;14,218;0,764415651010237
2276;14,223;0,836061751434485
2277;14,227;0,848264815421957
2278;14,231;0,95666304267231
2279;14,235;1,00268806878026
2280;14,239;1,14760615370322
2281;14,243;1,31814531294248
2282;14,247;1,52248856744426
2283;14,251;1,75640147187176
2284;14,256;1,94421788275946
2285;14,260;2,03442764860536
2286;14,264;2,14386215361746
2287;14,268;2,2644098442814
2288;14,272;2,26596426092402
2289;14,276;2,17420007843551
2290;14,280;2,05141903052642
2291;14,284;1,95433052436548
2292;14,289;1,82794037114824
2293;14,293;1,650951276185
2294;14,297;1,49793950460563
2295;14,301;1,34689308740199
2296;14,305;1,26618848999143
2297;14,309;1,10175979617488
2298;14,313;1,11755409861255
2299;14,317;1,05562756891917
2300;14,322;0,973708025167256
2301;14,326;0,948408554294255
2302;14,330;0,911013220581548
2303;14,334;0,876762453870006
2304;14,338;0,869865846696999
2305;14,342;0,836490556025553
2306;14,346;0,818087692325559
2307;14,350;0,825252302367984
2308;14,354;0,79745147138042
2309;14,359;0,793610096918771
2310;14,363;0,752426989318299
2311;14,367;0,76337937324849
2312;14,371;0,810065473100999
2313;14,375;0,727824325905783
2314;14,379;0,790608464781296
2315;14,383;0,732076638100539
2316;14,387;0,693645026626085
2317;14,392;0,664468447575512
2318;14,396;0,657160902669398
2319;14,400;0,622999470247661
2320;14,404;0,667613014576676
2321;14,408;0,640205254464258
2322;14,412;0,654963279140175
2323;14,416;0,641563135669306
2324;14,420;0,652033114434545
2325;14,425;0,616227931080382
2326;14,429;0,62158798846873
2327;14,433;0,640723393345131
2328;14,437;0,653265927633865
2329;14,441;0,636631882872026
2330;14,445;0,598146670823689
2331;14,449;0,63237957067727
2332;14,453;0,671025584447257
2333;14,458;0,612136420607277
2334;14,462;0,632308103245425
2335;14,466;0,675260029784052
2336;14,470;0,636506814866298
2337;14,474;0,608848918742423
2338;14,478;0,637185755468822
2339;14,482;0,631772097506591
2340;14,486;0,585997207410101
2341;14,491;0,615048718454946
2342;14,495;0,625197093776884
2343;14,499;0,586211609705635
2344;14,503;0,564378309277098
2345;14,507;0,567969547727291
2346;14,511;0,585818538830489
2347;14,515;0,547940799952832
2348;14,519;0,558875317025061
2349;14,523;0,59200047168505
2350;14,528;0,568505553466126
2351;14,532;0,605829419746987
2352;14,536;0,582673971829325
2353;14,540;0,580172611714763
2354;14,544;0,611403879430869
2355;14,548;0,578510993924375
2356;14,552;0,521390649022549
2357;14,556;0,57997607627719
2358;14,561;0,512600154905659
2359;14,565;0,552103777857782
2360;14,569;0,528305123053518
2361;14,573;0,618086084308343
2362;14,577;0,583531581011461
2363;14,581;0,576188302389424
2364;14,585;0,572918667382532
2365;14,589;0,564324708703214
2366;14,594;0,521354915306627
2367;14,598;0,582423835817869
2368;14,602;0,551532038403025
2369;14,606;0,557499568962052
2370;14,610;0,566075660783408
2371;14,614;0,515726855048861
2372;14,618;0,498235201104887
2373;14,622;0,494608228938771
2374;14,627;0,505810748880418
2375;14,631;0,533557979294098
2376;14,635;0,55192510927817
2377;14,639;0,537542288619437
2378;14,643;0,516137792781968
2379;14,647;0,550263491487782
2380;14,651;0,535648401675554
2381;14,655;0,533307843282642
2382;14,660;0,561144407986128
2383;14,664;0,54683305475924
2384;14,668;0,504041929942263
2385;14,672;0,498878407991488
2386;14,676;0,555123276853217
2387;14,680;0,510402531376436
2388;14,684;0,517763676856434
2389;14,688;0,554730205978072
2390;14,692;0,53697054916468
2391;14,697;0,530270477429245
2392;14,701;0,519889832953812
2393;14,705;0,531860627787788
2394;14,709;0,518514084890802
2395;14,713;0,539668444716815
2396;14,717;0,498789073701682
2397;14,721;0,559250521042245
2398;14,725;0,529555803110799
2399;14,730;0,519193025493326
2400;14,734;0,448636803404708
2401;14,738;0,486407341134599
2402;14,742;0,511974814877018
2403;14,746;0,518424750600996
2404;14,750;0,524463748591868
2405;14,754;0,497842130229741
2406;14,758;0,466217791638489
2407;14,763;0,47670563726169
2408;14,767;0,507561700960612
2409;14,771;0,483316374707319
2410;14,775;0,476026696659166
2411;14,779;0,55022775777186
2412;14,783;0,474954685181496
2413;14,787;0,493303948307607
2414;14,791;0,537006282880602
2415;14,796;0,488104692640909
2416;14,800;0,480761414018873
2417;14,804;0,510438265092358
2418;14,808;0,507150763227505
2419;14,812;0,478581657347611
2420;14,816;0,528412324201284
2421;14,820;0,520193569539151
2422;14,824;0,578368059060686
2423;14,829;0,582263034096218
2424;14,833;0,610278267379316
2425;14,837;0,777386989890038
2426;14,841;1,00517156203686
2427;14,845;1,42552512928905
2428;14,849;2,01843681073012
2429;14,853;2,85515963590917
2430;14,857;4,04398463092878
2431;14,861;5,46956336079172
2432;14,866;7,36264629606634
2433;14,870;9,51054635958302
2434;14,874;11,3804381132241
2435;14,878;13,2152393578294
2436;14,882;14,5841980148134
2437;14,886;15,4358932669639
2438;14,890;15,844347506814
2439;14,894;15,5356975355349
2440;14,899;14,9642975510791
2441;14,903;13,7300014025483
2442;14,907;12,5412657418185
2443;14,911;11,3063263864012
2444;14,915;10,0919160507812
2445;14,919;8,87652303797333
2446;14,923;7,8746032440854
2447;14,927;6,94032737443842
2448;14,932;6,19676234666886
2449;14,936;5,59255881099634
2450;14,940;5,06500409597719
2451;14,944;4,50084018899562
2452;14,948;4,05329326392655
2453;14,952;3,65543407084745
2454;14,956;3,38682372825938
2455;14,960;3,1229123693151
2456;14,965;2,94352911538506
2457;14,969;2,64127547925613
2458;14,973;2,46593013522531
2459;14,977;2,32242353208128
2460;14,981;2,228711862075
2461;14,985;2,13040840957271
2462;14,989;1,91661358720947
2463;14,993;1,89317226956443
2464;14,998;1,79379680558447
2465;15,002;1,76660344776758
2466;15,006;1,61033990803928
2467;15,010;1,55379130259221
2468;15,014;1,57022881191648
2469;15,018;1,45507691235681
2470;15,022;1,41730637462692
2471;15,026;1,37855315970916
2472;15,030;1,33813832700102
2473;15,035;1,2813395855425
2474;15,039;1,24842883317804
2475;15,043;1,19684721424417
2476;15,047;1,1371719086539
2477;15,051;1,14360397751992
2478;15,055;1,15802253189457
2479;15,059;1,12677339732051
2480;15,063;1,09293356834207
2481;15,068;0,976137917849974
2482;15,072;1,03031023118821
2483;15,076;0,939350057307947
2484;15,080;0,970706393029781
2485;15,084;0,984642542239486
2486;15,088;0,921393865056982
2487;15,092;0,927397129331931
2488;15,096;0,891127407670778
2489;15,101;0,891198875102623
2490;15,105;0,913478846980188
2491;15,109;0,904384616277958
2492;15,113;0,865291931058942
2493;15,117;0,813424442397697
2494;15,121;0,827878730488274
2495;15,125;0,786749223461686
2496;15,129;0,824966432640606
2497;15,134;0,792931156316247
2498;15,138;0,754856882001017
2499;15,142;0,729700345991704
2500;15,146;0,784265730205085
2501;15,150;0,737258026909275
2502;15,154;0,782693446704503
2503;15,158;0,762503897208393
2504;15,162;0,763486574396257
2505;15,167;0,74628079017966
2506;15,171;0,725287232075298
2507;15,175;0,713888176696079
2508;15,179;0,755249952876162
2509;15,183;0,694788505535599
2510;15,187;0,728288864212773
2511;15,191;0,677189650443857
2512;15,195;0,675349364073858
2513;15,199;0,641795404822801
2514;15,204;0,657553973544543
2515;15,208;0,671722391907743
2516;15,212;0,641545268811345
2517;15,216;0,613994573835237
2518;15,220;0,65826864786299
2519;15,224;0,59877201085233
2520;15,228;0,618175418598149
2521;15,232;0,574365882877386
2522;15,237;0,631128890619989
2523;15,241;0,591571667093982
2524;15,245;0,592232740838545
2525;15,249;0,616460200233877
2526;15,253;0,571078381012533
2527;15,257;0,623624810276302
2528;15,261;0,585461201671266
2529;15,265;0,556302489478654
2530;15,270;0,613851638971548
2531;15,274;0,589141774411265
2532;15,278;0,565057249879622
2533;15,282;0,604811008843201
