#"+EI TIC Scan 90C_1ml-min_10C-min_1.d "
#Point;X(Minutes);Y(Counts)
0;6,091;0,521758433483828
1;6,095;0,528555167185619
2;6,099;0,51748709166206
3;6,103;0,523940870911009
4;6,107;0,519233041603805
5;6,112;0,506761970591344
6;6,116;0,5007135011503
7;6,120;0,546575864798625
8;6,124;0,537066673151624
9;6,128;0,562382947306919
10;6,132;0,525686820852753
11;6,136;0,556521543931062
12;6,140;0,53101820371058
13;6,145;0,55402732972857
14;6,149;0,566030735578064
15;6,153;0,559109291166148
16;6,157;0,560668175042706
17;6,161;0,530955848355518
18;6,165;0,552842577982386
19;6,169;0,539529709676585
20;6,173;0,530425827837488
21;6,178;0,524034403943602
22;6,182;0,576787034326311
23;6,186;0,52425264768632
24;6,190;0,565064227574598
25;6,194;0,537160206184217
26;6,198;0,574978729029504
27;6,202;0,545921133570471
28;6,206;0,539311465933866
29;6,211;0,534167149141226
30;6,215;0,544954625567005
31;6,219;0,588042175915057
32;6,223;0,567651974809684
33;6,227;0,591939385606451
34;6,231;0,60138622189839
35;6,235;0,576101125420626
36;6,239;0,55212549139917
37;6,244;0,603506303970508
38;6,248;0,653764720150725
39;6,252;0,554058507406101
40;6,256;0,593654157870664
41;6,260;0,541556258716109
42;6,264;0,563411810665447
43;6,268;0,569366747073897
44;6,272;0,584706164419224
45;6,276;0,55673978767378
46;6,281;0,552904933337449
47;6,285;0,576599968261124
48;6,289;0,534198326818758
49;6,293;0,563349455310385
50;6,297;0,546045844280595
51;6,301;0,489770136336866
52;6,305;0,542273345299326
53;6,309;0,547448839769497
54;6,314;0,529428142156491
55;6,318;0,476051958223159
56;6,322;0,515335831912411
57;6,326;0,492700838024794
58;6,330;0,499185794951274
59;6,334;0,463674420243292
60;6,338;0,453759918788386
61;6,342;0,466043923735659
62;6,347;0,503394781417979
63;6,351;0,451328059940956
64;6,355;0,483503423153105
65;6,359;0,486590013228689
66;6,363;0,44845971360809
67;6,367;0,497907510172497
68;6,371;0,499497571726585
69;6,375;0,504361289421445
70;6,380;0,507260813431842
71;6,384;0,459371900743993
72;6,388;0,508227321435308
73;6,392;0,510316225829895
74;6,396;0,466511588898627
75;6,400;0,4969098244915
76;6,404;0,468195183485309
77;6,408;0,48066625449777
78;6,413;0,49313732551023
79;6,417;0,548352992417901
80;6,421;0,521976677226546
81;6,425;0,499185794951274
82;6,429;0,518204178245277
83;6,433;0,480759787530363
84;6,437;0,484376398123977
85;6,441;0,485311728449911
86;6,445;0,490206623822302
87;6,450;0,511158023123236
88;6,454;0,481913361599016
89;6,458;0,520324260317395
90;6,462;0,506263127750845
91;6,466;0,480479188432583
92;6,470;0,484282865091383
93;6,474;0,489396004206492
94;6,478;0,494135011191227
95;6,483;0,503363603740448
96;6,487;0,439106410348744
97;6,491;0,497595733397185
98;6,495;0,471001174463113
99;6,499;0,477267887646874
100;6,503;0,499653460114241
101;6,507;0,493511457640604
102;6,511;0,500557612762645
103;6,516;0,491640796988735
104;6,520;0,51396401410104
105;6,524;0,480510366110114
106;6,528;0,49338674693048
107;6,532;0,482911047280013
108;6,536;0,462926155982544
109;6,540;0,448833845738464
110;6,544;0,458654814160776
111;6,549;0,469722889684335
112;6,553;0,462614379207233
113;6,557;0,46713514244925
114;6,561;0,454632893759258
115;6,565;0,48637176948597
116;6,569;0,44874031270587
117;6,573;0,414382512066541
118;6,577;0,449706820709336
119;6,582;0,476394912676002
120;6,586;0,434648002461789
121;6,590;0,467166320126781
122;6,594;0,494166188868758
123;6,598;0,405652762357818
124;6,602;0,481414518758517
125;6,606;0,437329282729468
126;6,610;0,436487485436127
127;6,614;0,440540583515177
128;6,619;0,495538006680129
129;6,623;0,539217932901273
130;6,627;0,656383645063342
131;6,631;0,872663194096943
132;6,635;1,26235298555881
133;6,639;1,80104089794205
134;6,643;2,51282727597825
135;6,647;3,1347907650472
136;6,652;3,93346933036272
137;6,656;4,39960678713098
138;6,660;4,89651661162248
139;6,664;5,07775245111106
140;6,668;5,14930522104506
141;6,672;4,8614105467224
142;6,676;4,58994650845866
143;6,680;4,3058555107948
144;6,685;3,98307301531479
145;6,689;3,56345265342301
146;6,693;3,33127248884852
147;6,697;3,05775072386773
148;6,701;2,81350479808868
149;6,705;2,64137284043919
150;6,709;2,35104630726911
151;6,713;2,11110290098936
152;6,718;1,9643183951727
153;6,722;1,83489985574089
154;6,726;1,67951031092562
155;6,730;1,52742559992867
156;6,734;1,43632442618264
157;6,738;1,30079506195472
158;6,742;1,23734848817883
159;6,746;1,05932394947595
160;6,751;0,967692755211894
161;6,755;0,910107584811857
162;6,759;0,86499348542428
163;6,763;0,745801224222686
164;6,767;0,752067937406447
165;6,771;0,708793320993209
166;6,775;0,66823116252518
167;6,779;0,642977243724947
168;6,783;0,64578323470275
169;6,788;0,566560756096093
170;6,792;0,541119771230673
171;6,796;0,521290768320861
172;6,800;0,487244744456843
173;6,804;0,467041609416656
174;6,808;0,456004711570628
175;6,812;0,4768937555165
176;6,816;0,456004711570628
177;6,821;0,483690489218291
178;6,825;0,458717169515839
179;6,829;0,426042963463191
180;6,833;0,451764547426392
181;6,837;0,43439858104154
182;6,841;0,430937858835582
183;6,845;0,462427313142046
184;6,849;0,419277407438931
185;6,854;0,45740770705953
186;6,858;0,374880394634571
187;6,862;0,380492376590178
188;6,866;0,405185097194851
189;6,870;0,358449758575654
190;6,874;0,469068158456181
191;6,878;0,385356094285038
192;6,882;0,359915109419618
193;6,887;0,372167936689361
194;6,891;0,386603201386284
195;6,895;0,385044317509727
196;6,899;0,414133090646291
197;6,903;0,419932138667086
198;6,907;0,393898777928574
199;6,911;0,392526960117203
200;6,915;0,350655339192866
201;6,920;0,408801707788464
202;6,924;0,381178285495864
203;6,928;0,370297276037492
204;6,932;0,397421855489594
205;6,936;0,401880263376549
206;6,940;0,333819393326044
207;6,944;0,373789175920981
208;6,948;0,395675905547849
209;6,952;0,366057111893255
210;6,957;0,357389717539595
211;6,961;0,373695642888387
212;6,965;0,382456570274641
213;6,969;0,393649356508325
214;6,973;0,388910349523589
215;6,977;0,375503948185194
216;6,981;0,356267321148473
217;6,985;0,361286927230989
218;6,990;0,363344653948045
219;6,994;0,368925458226121
220;6,998;0,355020214047227
221;7,002;0,368676036805872
222;7,006;0,357077940764283
223;7,010;0,36265874504236
224;7,014;0,359634510321838
225;7,018;0,34535513401257
226;7,023;0,354209594431417
227;7,027;0,319602372371839
228;7,031;0,364186451241386
229;7,035;0,323031916900265
230;7,039;0,38460783002429
231;7,043;0,317170513524409
232;7,047;0,343765072458481
233;7,051;0,351247715065958
234;7,056;0,369143701968839
235;7,060;0,349034099961246
236;7,064;0,354427838174135
237;7,068;0,384826073767009
238;7,072;0,349501765124213
239;7,076;0,371076717975771
240;7,080;0,34859761247581
241;7,084;0,358668002318372
242;7,089;0,338059557470281
243;7,093;0,370359631392554
244;7,097;0,350468273127679
245;7,101;0,355394346177601
246;7,105;0,351684202551394
247;7,109;0,388816816490996
248;7,113;0,349252343703964
249;7,117;0,378029340065217
250;7,122;0,335191211137415
251;7,126;0,356828519344034
252;7,130;0,385730226415412
253;7,134;0,369268412678964
254;7,138;0,331075757703303
255;7,142;0,348410546410623
256;7,146;0,335970653075693
257;7,150;0,393961133283636
258;7,154;0,320194748244931
259;7,159;0,380648264977834
260;7,163;0,362004013814205
261;7,167;0,296780312419035
262;7,171;0,350281207062492
263;7,175;0,389876857527055
264;7,179;0,354864325659572
265;7,183;0,346508708081223
266;7,187;0,348285835700498
267;7,192;0,358823890706028
268;7,196;0,392308716374485
269;7,200;0,321597743733832
270;7,204;0,387164399581845
271;7,208;0,345978687563193
272;7,212;0,356142610438349
273;7,216;0,385854937125537
274;7,220;0,322377185672111
275;7,225;0,301955806889207
276;7,229;0,332322864804549
277;7,233;0,316422249263661
278;7,237;0,312618572604861
279;7,241;0,309157850398903
280;7,245;0,338153090502874
281;7,249;0,32939216311662
282;7,253;0,309781403949526
283;7,258;0,280162610294931
284;7,262;0,298401551650655
285;7,266;0,300895765853148
286;7,270;0,271370505231147
287;7,274;0,263731974236014
288;7,278;0,316204005520943
289;7,282;0,31773171171997
290;7,286;0,29690502312916
291;7,291;0,298432729328186
292;7,295;0,33478590132951
293;7,299;0,304262955026512
294;7,303;0,285681059217945
295;7,307;0,305167107674915
296;7,311;0,311122044083365
297;7,315;0,262048379649332
298;7,319;0,278603726418374
299;7,323;0,264916725982198
300;7,328;0,304792975544541
301;7,332;0,321566566056301
302;7,336;0,255656955755446
303;7,340;0,289453558199215
304;7,344;0,308191342395437
305;7,348;0,287645252902408
306;7,352;0,310997333373241
307;7,356;0,273677653368452
308;7,361;0,321348322313583
309;7,365;0,278697259450967
310;7,369;0,305198285352446
311;7,373;0,334162347778887
312;7,377;0,30095812120821
313;7,381;0,293631366988389
314;7,385;0,292415437564674
315;7,389;0,317108158169347
316;7,394;0,273989430143763
317;7,398;0,303857645218607
318;7,402;0,283716865533483
319;7,406;0,305416529095165
320;7,410;0,303015847925266
321;7,414;0,276296578281069
322;7,418;0,328862142598591
323;7,422;0,262703110877486
324;7,427;0,290731842977992
325;7,431;0,280973229910741
326;7,435;0,269250423159028
327;7,439;0,289110603746372
328;7,443;0,210044013527371
329;7,447;0,292789569695048
330;7,451;0,279289635324059
331;7,455;0,286959343996723
332;7,460;0,284090997663857
333;7,464;0,254721625429511
334;7,468;0,24140875712371
335;7,472;0,286055191348319
336;7,476;0,295782626738039
337;7,480;0,305447706772696
338;7,484;0,262204268036988
339;7,488;0,278666081773436
340;7,492;0,305853016580601
341;7,497;0,255064579882354
342;7,501;0,294130209828888
343;7,505;0,254004538846295
344;7,509;0,265477924177759
345;7,513;0,242188199061988
346;7,517;0,29257132595233
347;7,521;0,27769957376997
348;7,525;0,29123068581849
349;7,530;0,307598966522345
350;7,534;0,300989298885741
351;7,538;0,352432466812142
352;7,542;0,348659967830872
353;7,546;0,314645121644386
354;7,550;0,331200468413427
355;7,554;0,340460238640179
356;7,558;0,370079032294774
357;7,563;0,338246623535468
358;7,567;0,323749003483482
359;7,571;0,278728437128498
360;7,575;0,29961748107437
361;7,579;0,282189159334456
362;7,583;0,269749265999527
363;7,587;0,235391465360197
364;7,591;0,275891268473164
365;7,596;0,259647698479433
366;7,600;0,223699836286015
367;7,604;0,24683367301413
368;7,608;0,252944497810236
369;7,612;0,221267977438585
370;7,616;0,223637480930953
371;7,620;0,27498711582476
372;7,624;0,254285137944075
373;7,629;0,253100386197892
374;7,633;0,262890176942673
375;7,637;0,236451506396256
376;7,641;0,244713590942012
377;7,645;0,230184793212495
378;7,649;0,265540279532821
379;7,653;0,217838432910159
380;7,657;0,252196233549488
381;7,661;0,237293303689598
382;7,666;0,204962052089793
383;7,670;0,224666344289481
384;7,674;0,203309635180642
385;7,678;0,235672064457978
386;7,682;0,198290029098126
387;7,686;0,228781797723593
388;7,690;0,188562593708407
389;7,694;0,206583291321413
390;7,699;0,20895279481378
391;7,703;0,213037070570361
392;7,707;0,190994452555837
393;7,711;0,218836118591156
394;7,715;0,227940000430252
395;7,719;0,222858038992674
396;7,723;0,227846467397658
397;7,727;0,214377710704201
398;7,732;0,205554427962885
399;7,736;0,215500107095322
400;7,740;0,205772671705603
401;7,744;0,187502552672348
402;7,748;0,20324727982558
403;7,752;0,22005204801487
404;7,756;0,187097242864443
405;7,760;0,208890439458718
406;7,765;0,234612023421918
407;7,769;0,22167328724649
408;7,773;0,201127197753461
409;7,777;0,165553467690417
410;7,781;0,210324612625151
411;7,785;0,228625909335937
412;7,789;0,208204530553033
413;7,793;0,174906770949762
414;7,798;0,20243666020977
415;7,802;0,213910045541234
416;7,806;0,218929651623749
417;7,810;0,214751842834575
418;7,814;0,172506089779864
419;7,818;0,208485129650813
420;7,822;0,187409019639754
421;7,826;0,20352787892336
422;7,830;0,220800312275618
423;7,835;0,207019778806849
424;7,839;0,226381116553694
425;7,843;0,198508272840844
426;7,847;0,186785466089131
427;7,851;0,172880221910238
428;7,855;0,198539450518376
429;7,859;0,157010784046881
430;7,863;0,189279680291624
431;7,868;0,180144620774996
432;7,872;0,165865244465728
433;7,876;0,199786557619622
434;7,880;0,205211473510042
435;7,884;0,168141214925502
436;7,888;0,180955240390806
437;7,892;0,196388190768726
438;7,896;0,162155100839521
439;7,901;0,180830529680681
440;7,905;0,202904325372737
441;7,909;0,168858301508719
442;7,913;0,188593771385938
443;7,917;0,189653812421997
444;7,921;0,169263611316624
445;7,925;0,197136455029474
446;7,929;0,17456381649692
447;7,934;0,204276143184108
448;7,938;0,207768043067597
449;7,942;0,217308412392129
450;7,946;0,214876553544699
451;7,950;0,213255314313079
452;7,954;0,180643463615494
453;7,958;0,200597177235432
454;7,962;0,208734551071062
455;7,967;0,213286491990611
456;7,971;0,203902011053734
457;7,975;0,217121346326942
458;7,979;0,219397316786716
459;7,983;0,257278194987066
460;7,987;0,241128158025929
461;7,991;0,223388059510704
462;7,995;0,229561239661872
463;7,999;0,209856947462184
464;8,004;0,192303915012145
465;8,008;0,180487575227839
466;8,012;0,192678047142519
467;8,016;0,180581108260432
468;8,020;0,208516307328344
469;8,024;0,205679138673009
470;8,028;0,187720796415066
471;8,032;0,162498055292364
472;8,037;0,166925285501788
473;8,041;0,185008338469856
474;8,045;0,181703504651554
475;8,049;0,158289068825658
476;8,053;0,157571982242442
477;8,057;0,178523381543376
478;8,061;0,176528010181382
479;8,065;0,165522290012886
480;8,070;0,176278588761133
481;8,074;0,17699567534435
482;8,078;0,162404522259771
483;8,082;0,212444694697269
484;8,086;0,163246319553112
485;8,090;0,187533730349879
486;8,094;0,172007246939365
487;8,098;0,21029343494762
488;8,103;0,332915240677641
489;8,107;0,506138417040721
490;8,111;1,03696955468611
491;8,115;1,93791090230381
492;8,119;3,5698440773169
493;8,123;6,00740843973495
494;8,127;9,36306187241284
495;8,131;13,3461037100501
496;8,136;17,8322597300075
497;8,140;21,468761681886
498;8,144;24,3349567550024
499;8,148;26,023976257575
500;8,152;26,0355743536166
501;8,156;25,2152584800945
502;8,160;22,9464588861525
503;8,164;20,3210801942868
504;8,168;17,330299121756
505;8,173;14,852764976743
506;8,177;11,9816750082543
507;8,181;9,83368891474558
508;8,185;7,9314452755374
509;8,189;6,40944459149916
510;8,193;5,01570887282407
511;8,197;3,91270499712698
512;8,201;3,13553902930795
513;8,206;2,46129057501926
514;8,210;2,05376715200957
515;8,214;1,68583937946445
516;8,218;1,37786628081173
517;8,222;1,22752751975651
518;8,226;1,0161428660953
519;8,230;0,928533592232768
520;8,234;0,778849562405707
521;8,239;0,705800263950218
522;8,243;0,651613460401076
523;8,247;0,607185269919184
524;8,251;0,561478794658516
525;8,255;0,508071433047652
526;8,259;0,472435347629546
527;8,263;0,456940041896563
528;8,267;0,399074272398745
529;8,272;0,398731317945902
530;8,276;0,362346968267048
531;8,280;0,357358539862064
532;8,284;0,32939216311662
533;8,288;0,363282298592983
534;8,292;0,27199405878177
535;8,296;0,309282561109027
536;8,300;0,255126935237416
537;8,305;0,262484867134768
538;8,309;0,262328978747113
539;8,313;0,249951440767245
540;8,317;0,255750488788039
541;8,321;0,223481592543297
542;8,325;0,244588880231887
543;8,329;0,242063488351864
544;8,333;0,2205820685329
545;8,337;0,194891662247231
546;8,342;0,221735642601553
547;8,346;0,204712630669544
548;8,350;0,216716036519037
549;8,354;0,237418014399722
550;8,358;0,195328149732667
551;8,362;0,208204530553033
552;8,366;0,211758785791584
553;8,370;0,220270291757589
554;8,375;0,250263217542557
555;8,379;0,275018293502291
556;8,383;0,297933886487688
557;8,387;0,309500804851745
558;8,391;0,282438580754706
559;8,395;0,286772277931536
560;8,399;0,255906377175695
561;8,403;0,224354567514169
562;8,408;0,20137661917371
563;8,412;0,173316709395674
564;8,416;0,161157415158524
565;8,420;0,183698876013547
566;8,424;0,168110037247971
567;8,428;0,164244005234108
568;8,432;0,16050268393037
569;8,436;0,196637612188975
570;8,441;0,163994583813859
571;8,445;0,18594366879579
572;8,449;0,163495740973361
573;8,453;0,175842101275697
574;8,457;0,173129643330487
575;8,461;0,174096151333953
576;8,465;0,175997989663353
577;8,469;0,162872187422738
578;8,474;0,156917251014288
579;8,478;0,154703635909576
580;8,482;0,161999212451866
581;8,486;0,173722019203579
582;8,490;0,174376750431733
583;8,494;0,175623857532979
584;8,498;0,172599622812457
585;8,502;0,151429979768805
586;8,506;0,190495609715338
587;8,511;0,170386007707745
588;8,515;0,123432425345831
589;8,519;0,139863061404748
590;8,523;0,151866467254241
591;8,527;0,126519015421415
592;8,531;0,148187501305565
593;8,535;0,153643594873517
594;8,539;0,156886073336757
595;8,544;0,132910439315301
596;8,548;0,144633246067014
597;8,552;0,154048904681422
598;8,556;0,148125145950503
599;8,560;0,128732630526126
600;8,564;0,0980226181579417
601;8,568;0,114453254216859
602;8,572;0,13964481766203
603;8,577;0,162404522259771
604;8,581;0,155826032300697
605;8,585;0,13964481766203
606;8,589;0,143479671998361
607;8,593;0,12449246638189
608;8,597;0,127080213616975
609;8,601;0,126363127033759
610;8,605;0,115201518477606
611;8,610;0,115669183640574
612;8,614;0,120377012947778
613;8,618;0,138460065915846
614;8,622;0,124274222639172
615;8,626;0,151118202993494
616;8,630;0,115482117575387
617;8,634;0,147875724530254
618;8,638;0,123744202121142
619;8,643;0,123058293215457
620;8,647;0,130790357243182
621;8,651;0,120626434368027
622;8,655;0,125895461870792
623;8,659;0,136527049908914
624;8,663;0,101670406429087
625;8,667;0,147252170979631
626;8,671;0,149715207504592
627;8,675;0,130852712598245
628;8,680;0,133315749123206
629;8,684;0,121374698628775
630;8,688;0,138896553401282
631;8,692;0,149995806602372
632;8,696;0,137431202557318
633;8,700;0,135342298162731
634;8,704;0,134718744612108
635;8,708;0,13802357843041
636;8,713;0,113798522988705
637;8,717;0,122715338762614
638;8,721;0,138054756107941
639;8,725;0,124585999414483
640;8,729;0,131694509891586
641;8,733;0,0990203038389386
642;8,737;0,130353869757746
643;8,741;0,155389544815261
644;8,746;0,131600976858992
645;8,750;0,111959040014367
646;8,754;0,112987903372895
647;8,758;0,11043133381534
648;8,762;0,146722150461601
649;8,766;0,147096282591975
650;8,770;0,124991309222388
651;8,774;0,13344045983333
652;8,779;0,126643726131539
653;8,783;0,112644948920052
654;8,787;0,152521198482395
655;8,791;0,15535836713773
656;8,795;0,124866598512264
657;8,799;0,126269594001165
658;8,803;0,124305400316703
659;8,807;0,136246450811134
660;8,812;0,112208461434616
661;8,816;0,133658703576048
662;8,820;0,12667490380907
663;8,824;0,131445088471337
664;8,828;0,119005195136407
665;8,832;0,133908124996298
666;8,836;0,109714247232124
667;8,840;0,099300902936719
668;8,844;0,102356315334772
669;8,849;0,114546787249452
670;8,853;0,111023709688432
671;8,857;0,118038687132941
672;8,861;0,0991138368715321
673;8,865;0,111740796271649
674;8,869;0,113268502470675
675;8,873;0,119597571009499
676;8,877;0,121967074501866
677;8,882;0,116448625578853
678;8,886;0,125396619030293
679;8,890;0,119815814752217
680;8,894;0,103509889403424
681;8,898;0,127360812714756
682;8,902;0,144726779099607
683;8,906;0,240629315185431
684;8,910;0,401817908021486
685;8,915;0,880644679544918
686;8,919;1,60767694189385
687;8,923;2,87498717818012
688;8,927;4,94602676354195
689;8,931;7,58883377714757
690;8,935;10,7905006604991
691;8,939;13,4049671652289
692;8,943;16,0258874492077
693;8,948;17,5615439560046
694;8,952;17,7964054008467
695;8,956;16,9722546729883
696;8,960;15,5744035008791
697;8,964;13,1533633075525
698;8,968;10,774350623538
699;8,972;8,59646513727687
700;8,976;6,67822734949522
701;8,981;5,09306069077886
702;8,985;3,85683459899115
703;8,989;2,93827786356835
704;8,993;2,37237183870041
705;8,997;1,81525791889626
706;9,001;1,36364925985752
707;9,005;1,12436058480593
708;9,009;0,917184917611428
709;9,013;0,747204219711588
710;9,018;0,681637563863575
711;9,022;0,593217670385228
712;9,026;0,492887904089981
713;9,030;0,46551390321763
714;9,034;0,381365351561051
715;9,038;0,38432723092651
716;9,042;0,32125478928099
717;9,046;0,302080517599331
718;9,051;0,285930480638195
719;9,055;0,270528707937805
720;9,059;0,257496438729784
721;9,063;0,272679967687455
722;9,067;0,230215970890026
723;9,071;0,252383299614675
724;9,075;0,265197325079979
725;9,079;0,276203045248475
726;9,084;0,250450283607744
727;9,088;0,253786295103577
728;9,092;0,27660835505638
729;9,096;0,253162741552954
730;9,100;0,218742585558562
731;9,104;0,210168724237495
732;9,108;0,229467706629278
733;9,112;0,239008075953811
734;9,117;0,212226450954551
735;9,121;0,210979343853305
736;9,125;0,170635429127995
737;9,129;0,165615823045479
738;9,133;0,171633114808992
739;9,137;0,165428756980292
740;9,141;0,147127460269506
741;9,145;0,118755773716158
742;9,150;0,144290291614171
743;9,154;0,148499278080877
744;9,158;0,149060476276437
745;9,162;0,138335355205721
746;9,166;0,135435831195324
747;9,170;0,123307714635706
748;9,174;0,0935330325934559
749;9,178;0,0961207798285415
750;9,182;0,134375790159265
751;9,187;0,116729224676633
752;9,191;0,10095331984587
753;9,195;0,119940525462342
754;9,199;0,133409282155799
755;9,203;0,109090693681501
756;9,207;0,110867821300776
757;9,211;0,124055978896454
758;9,215;0,101265096621182
759;9,220;0,136277628488665
760;9,224;0,10771887587013
761;9,228;0,108747739228658
762;9,232;0,128794985881189
763;9,236;0,143479671998361
764;9,240;0,141920788121804
765;9,244;0,168951834541312
766;9,248;0,155576610880448
767;9,253;0,160596216962964
768;9,257;0,177213919087068
769;9,261;0,167143529244506
770;9,265;0,12396244586386
771;9,269;0,135747607970636
772;9,273;0,136339983843728
773;9,277;0,0951230941475446
774;9,281;0,118755773716158
775;9,286;0,109121871359032
776;9,290;0,0860815676635105
777;9,294;0,109932490974842
778;9,298;0,131413910793805
779;9,302;0,104663463472077
780;9,306;0,101826294816742
781;9,310;0,094593073629515
782;9,314;0,0918806156843048
783;9,319;0,0910699960684949
784;9,323;0,0968690440892891
785;9,327;0,107812408902723
786;9,331;0,10934011510175
787;9,335;0,077351817954788
788;9,339;0,0681544030830982
789;9,343;0,0967755110566957
790;9,347;0,0841485516565791
791;9,351;0,091911793361836
792;9,356;0,0875780961850058
793;9,360;0,0863309890837598
794;9,364;0,0882016497356289
795;9,368;0,0694950432169377
796;9,372;0,0858945015983236
797;9,376;0,0670631843695079
798;9,380;0,0844915061094218
799;9,384;0,0875469185074747
800;9,389;0,0815296267439624
801;9,393;0,0896046452245307
802;9,397;0,0796277884145621
803;9,401;0,098490283320909
804;9,405;0,0745458269769843
805;9,409;0,104351686696766
806;9,413;0,0743587609117974
807;9,417;0,0767594420816961
808;9,422;0,0930965451080197
809;9,426;0,0838367748812676
810;9,430;0,0906023309055276
811;9,434;0,0869233649568516
812;9,438;0,0544050472918602
813;9,442;0,0936889209811116
814;9,446;0,0568057284617589
815;9,450;0,0856762578556056
816;9,455;0,0658472549457929
817;9,459;0,082683200812615
818;9,463;0,0792536562841883
819;9,467;0,0861439230185728
820;9,471;0,0795654330594998
821;9,475;0,0661590317211044
822;9,479;0,0814984490664312
823;9,483;0,0903840871628095
824;9,488;0,0729557654228956
825;9,492;0,0671255397245702
826;9,496;0,0827455561676773
827;9,500;0,08227789100471
828;9,504;0,084335617721766
829;9,508;0,0756994010456369
830;9,512;0,104788174182202
831;9,516;0,0757305787231681
832;9,520;0,090695863938121
833;9,525;0,0732363645206759
834;9,529;0,0630100862904581
835;9,533;0,0685908905685343
836;9,537;0,092940656720364
837;9,541;0,0821220026170542
838;9,545;0,0689650226989081
839;9,549;0,0926288799450525
840;9,553;0,0944995405969216
841;9,558;0,111023709688432
842;9,562;0,079191300929126
843;9,566;0,0978355520927548
844;9,570;0,0803448749977786
845;9,574;0,0596428971170937
846;9,578;0,0653172344277633
847;9,582;0,0930653674304886
848;9,586;0,106658834834071
849;9,591;0,0863621667612909
850;9,595;0,0821843579721166
851;9,599;0,0985838163535025
852;9,603;0,104133442954048
853;9,607;0,0969002217668203
854;9,611;0,105941748250854
855;9,615;0,0917870826517114
856;9,619;0,0756994010456369
857;9,624;0,091101173746026
858;9,628;0,0599546738924052
859;9,632;0,0722075011621479
860;9,636;0,0823090686822412
861;9,640;0,0840238409464545
862;9,644;0,0771959295671322
863;9,648;0,0696509316045935
864;9,652;0,0900099550324357
865;9,657;0,0547480017447028
866;9,661;0,0696197539270623
867;9,665;0,0823090686822412
868;9,669;0,105380550055294
869;9,673;0,0736728520061121
870;9,677;0,105349372377762
871;9,681;0,0616070908015563
872;9,685;0,0989891261614075
873;9,689;0,101701584106618
874;9,694;0,0949048504048265
875;9,698;0,0817166928091493
876;9,702;0,117103356807007
877;9,706;0,181828215361678
878;9,710;0,272617612332393
879;9,714;0,585360895647378
880;9,718;1,2744499244409
881;9,722;2,72259069040784
882;9,727;5,30485065424797
883;9,731;9,59443141737152
884;9,735;15,2550505499275
885;9,739;22,6125459597939
886;9,743;30,0964356743716
887;9,747;37,4721700255938
888;9,751;42,3371660052322
889;9,755;43,8513410922102
890;9,760;41,6574614573756
891;9,764;37,1617027127385
892;9,768;30,8654019129999
893;9,772;24,5552582244375
894;9,776;18,6469324438965
895;9,780;13,7359182122221
896;9,784;9,89557660464491
897;9,788;7,17638428108796
898;9,793;5,31510811015572
899;9,797;3,94357089788282
900;9,801;3,19091058460328
901;9,805;2,4902546374457
902;9,809;1,88949196909793
903;9,813;1,60540097143408
904;9,817;1,36361808217999
905;9,821;1,09047044932957
906;9,826;0,969844014961544
907;9,830;0,876934535918711
908;9,834;0,771928117993791
909;9,838;0,664552196576504
910;9,842;0,617255659761746
911;9,846;0,543271030980323
912;9,850;0,490456045242551
913;9,854;0,505234264392317
914;9,858;0,431124924900769
915;9,863;0,363064054850264
916;9,867;0,34750639376222
917;9,871;0,304044711283794
918;9,875;0,266413254503693
919;9,879;0,277356619317128
920;9,883;0,26578970095307
921;9,887;0,208547485005875
922;9,891;0,242842930290143
923;9,896;0,222265663119582
924;9,900;0,236794460849099
925;9,904;0,228064711140377
926;9,908;0,168359458668221
927;9,912;0,184384784919233
928;9,916;0,164649315042013
929;9,920;0,194205753341546
930;9,924;0,173129643330487
931;9,929;0,146223307621103
932;9,933;0,187751974092597
933;9,937;0,146940394204319
934;9,941;0,122278851277178
935;9,945;0,13181922060171
936;9,949;0,144072047871453
937;9,953;0,112114928402022
938;9,957;0,111179598076088
939;9,962;0,116542158611446
940;9,966;0,12368184676608
941;9,970;0,123370069990768
942;9,974;0,117134534484538
943;9,978;0,114297365829203
944;9,982;0,117945154100348
945;9,986;0,12043936830284
946;9,990;0,0940630531114854
947;9,995;0,096837866411758
948;9,999;0,0930965451080197
949;10,003;0,0948113173722331
950;10,007;0,118038687132941
951;10,011;0,124367755671765
952;10,015;0,13425107944914
953;10,019;0,167143529244506
954;10,023;0,157727870630098
955;10,027;0,196918211286756
956;10,032;0,199131826391468
957;10,036;0,163339852585705
958;10,040;0,114920919379826
959;10,044;0,113736167633642
960;10,048;0,0753252689152631
961;10,052;0,0683102914707539
962;10,056;0,0972743538971941
963;10,060;0,0899787773549045
964;10,065;0,0717086583216495
965;10,069;0,0703056628327477
966;10,073;0,0839926632689234
967;10,077;0,0658160772682618
968;10,081;0,0745770046545155
969;10,085;0,0736728520061121
970;10,089;0,0683102914707539
971;10,093;0,0689650226989081
972;10,098;0,0863933444388221
973;10,102;0,0747640707197024
974;10,106;0,0798460321572802
975;10,110;0,0642883710692353
976;10,114;0,0773206402772569
977;10,118;0,0600793846025298
978;10,122;0,071802191354243
979;10,126;0,0595181864069691
980;10,131;0,0923171031697409
981;10,135;0,0649119246198584
982;10,139;0,0675308495324751
983;10,143;0,0856762578556056
984;10,147;0,0809372508708705
985;10,151;0,0933459665282689
986;10,155;0,068123225405567
987;10,159;0,0708980387058396
988;10,164;0,0993632582917813
989;10,168;0,083306754363238
990;10,172;0,0827143784901461
991;10,176;0,080625474095559
992;10,180;0,0668137629492586
993;10,184;0,0752317358826697
994;10,188;0,0628541979028023
995;10,192;0,074888781429827
996;10,196;0,0909452853583703
997;10,201;0,0847721052072022
998;10,205;0,0948736727272954
999;10,209;0,0940318754339543
1000;10,213;0,0752317358826697
1001;10,217;0,0685908905685343
1002;10,221;0,0665643415290094
1003;10,225;0,0595493640845002
1004;10,229;0,0466106279090722
1005;10,234;0,0744522939443909
1006;10,238;0,0438046369312685
1007;10,242;0,0467353386191968
1008;10,246;0,0560886418785424
1009;10,250;0,0428069512502716
1010;10,254;0,0625112434499597
1011;10,258;0,0790977678965325
1012;10,262;0,0797836768022178
1013;10,267;0,129137940334031
1014;10,271;0,164618137364482
1015;10,275;0,191836249849178
1016;10,279;0,231712499411521
1017;10,283;0,238789832211093
1018;10,287;0,267972138380251
1019;10,291;0,278385482675656
1020;10,295;0,24711427211191
1021;10,300;0,228594731658406
1022;10,304;0,231743677089052
1023;10,308;0,213691801798515
1024;10,312;0,193145712305486
1025;10,316;0,15994148573481
1026;10,320;0,150681715508057
1027;10,324;0,110368978460278
1028;10,328;0,102231604624647
1029;10,333;0,101327451976244
1030;10,337;0,0931900781406132
1031;10,341;0,0760423554984796
1032;10,345;0,083306754363238
1033;10,349;0,060328806022779
1034;10,353;0,0455194091954818
1035;10,357;0,0933147888507378
1036;10,361;0,0628230202252712
1037;10,365;0,0645689701670157
1038;10,370;0,0637895282287369
1039;10,374;0,0450205663549834
1040;10,378;0,04411641370658
1041;10,382;0,0512249241836827
1042;10,386;0,0605470497654971
1043;10,390;0,0586140337585657
1044;10,394;0,0440852360290489
1045;10,398;0,0462676734562295
1046;10,403;0,0485748215935347
1047;10,407;0,0453323431302949
1048;10,411;0,0683414691482851
1049;10,415;0,0369767255519462
1050;10,419;0,048637176948597
1051;10,423;0,0397515388522187
1052;10,427;0,0459870743584491
1053;10,431;0,0443346574492981
1054;10,436;0,0517549447017122
1055;10,440;0,0346383997371098
1056;10,444;0,0216684858841506
1057;10,448;0,0337342470887064
1058;10,452;0,0332977596032703
1059;10,456;0,0208266885908095
1060;10,460;0,0562757079437293
1061;10,464;0,0415598441490256
1062;10,469;0,0430563726705208
1063;10,473;0,0626359541600843
1064;10,477;0,0400633156275303
1065;10,481;0,04492703332239
1066;10,485;0,0423392860873044
1067;10,489;0,0475771359125379
1068;10,493;0,0478889126878494
1069;10,497;0,0935330325934559
1070;10,502;0,140829569408213
1071;10,506;0,266569142891349
1072;10,510;0,681450497798388
1073;10,514;1,43280134862162
1074;10,518;2,96933083038938
1075;10,522;5,31585637441647
1076;10,526;8,88021318048789
1077;10,530;13,0709918835152
1078;10,534;17,6091522695946
1079;10,539;21,7161565530957
1080;10,543;23,8563170495441
1081;10,547;24,2193187490393
1082;10,551;22,2982126149248
1083;10,555;19,0905596174873
1084;10,559;15,4448914284146
1085;10,563;11,8775727429778
1086;10,567;8,76011676663789
1087;10,572;6,22858288414094
1088;10,576;4,51390415296018
1089;10,580;3,21828458547563
1090;10,584;2,3302196186783
1091;10,588;1,81388610108489
1092;10,592;1,47978610866107
1093;10,596;1,10393920602303
1094;10,600;0,915532500702277
1095;10,605;0,700811835545234
1096;10,609;0,641137760750609
1097;10,613;0,540433862324988
1098;10,617;0,453354608980481
1099;10,621;0,399791358981961
1100;10,625;0,36078808439049
1101;10,629;0,342954452842672
1102;10,633;0,267753894637533
1103;10,638;0,301550497081302
1104;10,642;0,242624686547425
1105;10,646;0,222515084539831
1106;10,650;0,181672326974022
1107;10,654;0,180612285937963
1108;10,658;0,169668921124529
1109;10,662;0,149808740537185
1110;10,666;0,158694378633563
1111;10,671;0,124149511929047
1112;10,675;0,117134534484538
1113;10,679;0,12801554394291
1114;10,683;0,10123391894365
1115;10,687;0,0953413378902627
1116;10,691;0,109870135619779
1117;10,695;0,108311251743222
1118;10,699;0,090695863938121
1119;10,703;0,0876716292175993
1120;10,708;0,0917870826517114
1121;10,712;0,0801578089325917
1122;10,716;0,0714592369014003
1123;10,720;0,0863309890837598
1124;10,724;0,0745458269769843
1125;10,728;0,0745770046545155
1126;10,732;0,0656913665581372
1127;10,736;0,0865180551489467
1128;10,741;0,0644754371344222
1129;10,745;0,0668449406267898
1130;10,749;0,0708356833507772
1131;10,753;0,0591752319541264
1132;10,757;0,0846473944970776
1133;10,761;0,0524096759298664
1134;10,765;0,0556209767155751
1135;10,769;0,0445529011920161
1136;10,774;0,0530332294804895
1137;10,778;0,0418404432468059
1138;10,782;0,0676243825650686
1139;10,786;0,0407804022107468
1140;10,790;0,041029823630996
1141;10,794;0,0419963316344617
1142;10,798;0,0679361593403801
1143;10,802;0,0380055889104742
1144;10,807;0,0491983751441578
1145;10,811;0,0425263521524913
1146;10,815;0,0474524252024133
1147;10,819;0,0443034797717669
1148;10,823;0,0450517440325146
1149;10,827;0,0469224046843837
1150;10,831;0,0487618876587217
1151;10,835;0,0373196800047889
1152;10,840;0,0475771359125379
1153;10,844;0,0432434387357078
1154;10,848;0,0320194748244931
1155;10,852;0,0530332294804895
1156;10,856;0,0509131474083711
1157;10,860;0,053750316063706
1158;10,864;0,0518173000567745
1159;10,868;0,0291199508140959
1160;10,872;0,0485748215935347
1161;10,877;0,0392526960117203
1162;10,881;0,0536567830311125
1163;10,885;0,0382550103307234
1164;10,889;0,0305229463029978
1165;10,893;0,0478577350103183
1166;10,897;0,0504454822454039
1167;10,901;0,0461117850685737
1168;10,905;0,0628853755803335
1169;10,910;0,0578345918202869
1170;10,914;0,0521914321871484
1171;10,918;0,0678738039853178
1172;10,922;0,10229395997971
1173;10,926;0,119691104042092
1174;10,930;0,13344045983333
1175;10,934;0,145475043360355
1176;10,938;0,119535215654437
1177;10,943;0,08227789100471
1178;10,947;0,103572244758487
1179;10,951;0,077975371505411
1180;10,955;0,0552780222627324
1181;10,959;0,0781312598930668
1182;10,963;0,0503519492128104
1183;10,967;0,0428693066053339
1184;10,971;0,0289640624264402
1185;10,976;0,0192054493591896
1186;10,980;0,0287146410061909
1187;10,984;0,0368208371642905
1188;10,988;0,0333601149583326
1189;10,992;0,0299305704299059
1190;10,996;0,0150899959250775
1191;11,000;0,0172724333522582
1192;11,004;0,0136246450811134
1193;11,009;0,00922859254922098
1194;11,013;0,0344201559943918
1195;11,017;0,0206708002031537
1196;11,021;0,0228532376303344
1197;11,025;0,0428693066053339
1198;11,029;0,0102262782302178
1199;11,033;0,0295564382995321
1200;11,037;0,0265945589340726
1201;11,041;0,0449893886774523
1202;11,046;0,0292446615242205
1203;11,050;0,0282781535207548
1204;11,054;0,0505078376004662
1205;11,058;0,0463300288112918
1206;11,062;0,0756994010456369
1207;11,066;0,0836808864936118
1208;11,070;0,119316971911719
1209;11,074;0,124367755671765
1210;11,079;0,120345835270247
1211;11,083;0,118132220165535
1212;11,087;0,12287122715027
1213;11,091;0,115107985445013
1214;11,095;0,0942501191766724
1215;11,099;0,0775388840199749
1216;11,103;0,0600482069249987
1217;11,107;0,0666578745616029
1218;11,112;0,0576163480775688
1219;11,116;0,0313335659188077
1220;11,120;0,0610770702835267
1221;11,124;0,0286522856511286
1222;11,128;0,0201719573626553
1223;11,132;0,0323936069548669
1224;11,136;0,048418933205879
1225;11,140;0,0355113747079821
1226;11,145;0,0510690357960269
1227;11,149;0,0374132130373823
1228;11,153;0,0476706689451313
1229;11,157;0,0359790398709494
1230;11,161;0,0344825113494541
1231;11,165;0,0381926549756611
1232;11,169;0,018051875290537
1233;11,173;0,0399386049174057
1234;11,178;0,0240379893765182
1235;11,182;0,0276545999701318
1236;11,186;0,0316453426941192
1237;11,190;0,0122528272697427
1238;11,194;0,0217931965942752
1239;11,198;0,0397515388522187
1240;11,202;0,048013623397974
1241;11,206;0,0361661059361363
1242;11,210;0,00573669266573196
1243;11,215;0,032830094440303
1244;11,219;0,0187689618737535
1245;11,223;0,024006811698987
1246;11,227;0,0421522200221174
1247;11,231;0,0152458843127333
1248;11,235;0,0249733197024527
1249;11,239;0,033640714056113
1250;11,243;0,0391591629791269
1251;11,248;0,0315518096615258
1252;11,252;0,0263763151913546
1253;11,256;0,0272181124846957
1254;11,260;0,0328924497953653
1255;11,264;0,0307100123681847
1256;11,268;0,121156454886056
1257;11,272;0,259959475254745
1258;11,276;0,684412377163848
1259;11,281;1,5054453372692
1260;11,285;3,34916847575141
1261;11,289;6,72857929870803
1262;11,293;12,3847088456995
1263;11,297;20,049553800668
1264;11,301;29,2580991032365
1265;11,305;39,5145573253045
1266;11,309;48,5382190001132
1267;11,314;53,2146212083657
1268;11,318;52,808033115682
1269;11,322;48,3181357744208
1270;11,326;40,7157085298696
1271;11,330;32,3620551452054
1272;11,334;23,8458725275712
1273;11,338;17,0687184072696
1274;11,342;12,0333675976009
1275;11,347;8,28054173085371
1276;11,351;6,09557891179305
1277;11,355;4,46782354556914
1278;11,359;3,46748776198213
1279;11,363;2,76860894244382
1280;11,367;2,23759073873324
1281;11,371;1,92833935530175
1282;11,375;1,55489313383361
1283;11,379;1,3725348979539
1284;11,384;1,19697339577599
1285;11,388;0,952914536062128
1286;11,392;0,861875717671165
1287;11,396;0,743556431440443
1288;11,400;0,671380107955826
1289;11,404;0,541712147103765
1290;11,408;0,493043792477637
1291;11,412;0,462832622949951
1292;11,417;0,396923012649096
1293;11,421;0,36646242170116
1294;11,425;0,373103267015295
1295;11,429;0,341083792190802
1296;11,433;0,262235445714519
1297;11,437;0,262765466232549
1298;11,441;0,248080780115376
1299;11,445;0,220114403369933
1300;11,450;0,226848781716662
1301;11,454;0,17456381649692
1302;11,458;0,176777431601632
1303;11,462;0,171477226421336
1304;11,466;0,131320377761212
1305;11,470;0,142700230060083
1306;11,474;0,157291383144662
1307;11,478;0,145225621940106
1308;11,483;0,140299548890184
1309;11,487;0,121811186114211
1310;11,491;0,160939171415806
1311;11,495;0,156854895659225
1312;11,499;0,146316840653696
1313;11,503;0,192553336432394
1314;11,507;0,195608748830447
1315;11,511;0,192397448044739
1316;11,516;0,258057636925345
1317;11,520;0,253225096908016
1318;11,524;0,254004538846295
1319;11,528;0,282095626301863
1320;11,532;0,234175535936482
1321;11,536;0,240722848218024
1322;11,540;0,266226188438507
1323;11,544;0,24792489172772
1324;11,548;0,240036939312339
1325;11,553;0,168733590798594
1326;11,557;0,154454214489327
1327;11,561;0,0892305130941569
1328;11,565;0,0709292163833707
1329;11,569;0,0790354125414702
1330;11,573;0,0546856463896405
1331;11,577;0,0629477309353958
1332;11,581;0,0632283300331762
1333;11,586;0,0483565778508167
1334;11,590;0,0531891178681452
1335;11,594;0,0592375873091887
1336;11,598;0,0513496348938073
1337;11,602;0,0580216578854738
1338;11,606;0,0466418055866033
1339;11,610;0,0496660403071251
1340;11,614;0,0319571194694308
1341;11,619;0,0341707345741425
1342;11,623;0,0406868691781533
1343;11,627;0,0575228150449754
1344;11,631;0,0421522200221174
1345;11,635;0,0407804022107468
1346;11,639;0,0317076980491815
1347;11,643;0,0340148461864868
1348;11,647;0,0578345918202869
1349;11,652;0,0432746164132389
1350;11,656;0,0727375216801775
1351;11,660;0,0474212475248821
1352;11,664;0,0800019205449359
1353;11,668;0,0925977022675213
1354;11,672;0,0679361593403801
1355;11,676;0,125770751160667
1356;11,680;0,119285794234187
1357;11,685;0,104382864374297
1358;11,689;0,0913505951662752
1359;11,693;0,0780065491829422
1360;11,697;0,0684973575359408
1361;11,701;0,0929094790428328
1362;11,705;0,084740927529671
1363;11,709;0,0593934756968445
1364;11,713;0,0438981699638619
1365;11,717;0,0577410587876934
1366;11,722;0,0354801970304509
1367;11,726;0,0160253262510121
1368;11,730;0,0356360854181067
1369;11,734;0,0515367009589942
1370;11,738;0,0372573246497266
1371;11,742;0,0475459582350067
1372;11,746;0,0207955109132784
1373;11,750;0,0183324743883173
1374;11,755;0,034669577414641
1375;11,759;0,0079814854479749
1376;11,763;0,0266257366116038
1377;11,767;0,0106315880381228
1378;11,771;0,0307411900457158
1379;11,775;0,0101327451976244
1380;11,779;0,0303047025602797
1381;11,783;0,0369143701968839
1382;11,788;0,00102886335852801
1383;11,792;0,0225102831774917
1384;11,796;0,017023011932009
1385;11,800;0,0143105539867987
1386;11,804;0,0212008207211833
1387;11,808;0,0815919820990247
1388;11,812;0,217589011489909
1389;11,816;0,559919910781958
1390;11,821;1,31909635866551
1391;11,825;2,72383779750909
1392;11,829;5,17109841763933
1393;11,833;8,61607589644397
1394;11,837;13,167829749927
1395;11,841;17,9527614536654
1396;11,845;22,1924267550616
1397;11,849;24,3408805137333
1398;11,854;24,5377051919875
1399;11,858;22,8249906544912
1400;11,862;19,6451169677339
1401;11,866;15,5763053392085
1402;11,870;11,9937407694588
1403;11,874;8,72681900703462
1404;11,878;6,26138180090372
1405;11,882;4,53245487109122
1406;11,886;3,27356260773836
1407;11,891;2,41960602016011
1408;11,895;1,87122185006468
1409;11,899;1,42276213645659
1410;11,903;1,1277277739793
1411;11,907;0,911915890108663
1412;11,911;0,80301226249235
1413;11,915;0,649399845296364
1414;11,919;0,501991785929078
1415;11,924;0,460026631972147
1416;11,928;0,390999253918177
1417;11,932;0,318386442948124
1418;11,936;0,291074797430835
1419;11,940;0,276483644346256
1420;11,944;0,263669618880952
1421;11,948;0,203465523568298
1422;11,952;0,214440066059263
1423;11,957;0,180175798452527
1424;11,961;0,159006155408875
1425;11,965;0,18432242956417
1426;11,969;0,132473951829865
1427;11,973;0,163277497230643
1428;11,977;0,148717521823595
1429;11,981;0,112987903372895
1430;11,985;0,125833106515729
1431;11,990;0,0784118589908472
1432;11,994;0,0744211162668597
1433;11,998;0,091724727296649
1434;12,002;0,0670631843695079
1435;12,006;0,0809060731933393
1436;12,010;0,116168026481072
1437;12,014;0,17565503521051
1438;12,018;0,407180468556845
1439;12,023;0,980662669064854
1440;12,027;2,18206329505026
1441;12,031;4,21322663084975
1442;12,035;7,7104578971966
1443;12,039;12,3234447093508
1444;12,043;17,4906459172987
1445;12,047;22,2589599189131
1446;12,051;26,0076079768711
1447;12,056;27,7764423339235
1448;12,060;26,6395483227501
1449;12,064;23,555483639046
1450;12,068;19,0978863717071
1451;12,072;14,5707317057962
1452;12,076;10,5131752188595
1453;12,080;7,52105350619485
1454;12,084;5,28084384254899
1455;12,088;3,74930278918621
1456;12,093;2,62070204023604
1457;12,097;1,94511294581351
1458;12,101;1,50921783625047
1459;12,105;1,18559354347712
1460;12,109;0,994723801631403
1461;12,113;0,814360937113689
1462;12,117;0,662962135022415
1463;12,121;0,583490234995509
1464;12,126;0,475740181447848
1465;12,130;0,425388232235037
1466;12,134;0,392464604762141
1467;12,138;0,311901486021644
1468;12,142;0,273272343560547
1469;12,146;0,250044973799839
1470;12,150;0,24655307391635
1471;12,154;0,232554296704862
1472;12,159;0,21001283584984
1473;12,163;0,163059253487925
1474;12,167;0,182015281426865
1475;12,171;0,155171301072543
1476;12,175;0,144664423744545
1477;12,179;0,172599622812457
1478;12,183;0,096027246795948
1479;12,187;0,0822155356496477
1480;12,192;0,112925548017832
1481;12,196;0,102449848367365
1482;12,200;0,103478711725893
1483;12,204;0,0909452853583703
1484;12,208;0,129512072464405
1485;12,212;0,0813425606787754
1486;12,216;0,0772582849221945
1487;12,220;0,0653172344277633
1488;12,225;0,0766970867266338
1489;12,229;0,0763853099513223
1490;12,233;0,073859918071299
1491;12,237;0,0618876898993366
1492;12,241;0,0802825196427163
1493;12,245;0,0759488224658862
1494;12,249;0,0513496348938073
1495;12,253;0,0686844236011278
1496;12,257;0,0643819041018288
1497;12,262;0,055808042780762
1498;12,266;0,0733610752308005
1499;12,270;0,0442723020942358
1500;12,274;0,0627294871926777
1501;12,278;0,0294940829444697
1502;12,282;0,0531267625130829
1503;12,286;0,0630412639679892
1504;12,290;0,0564627740089162
1505;12,295;0,042682240540147
1506;12,299;0,041029823630996
1507;12,303;0,0539373821288929
1508;12,307;0,0388162085262842
1509;12,311;0,0608276488632775
1510;12,315;0,0521290768320861
1511;12,319;0,0462676734562295
1512;12,323;0,0512561018612138
1513;12,328;0,0410921789860583
1514;12,332;0,0771023965345388
1515;12,336;0,0365090603889789
1516;12,340;0,0371949692946643
1517;12,344;0,0206084448480914
1518;12,348;0,0251292080901085
1519;12,352;0,00676555602425997
1520;12,356;0,0490736644340332
1521;12,361;0,0427134182176782
1522;12,365;0,0377873451677562
1523;12,369;0,0522537875422107
1524;12,373;0,0250980304125773
1525;12,377;0,0357919738057624
1526;12,381;0,0157759048307629
1527;12,385;0,0306788346906535
1528;12,389;0,0275922446150695
1529;12,394;0,0398762495623433
1530;12,398;0,045550586873013
1531;12,402;0,0501337054700923
1532;12,406;0,0560886418785424
1533;12,410;0,0447087895796719
1534;12,414;0,0491048421115643
1535;12,418;0,0167424128342286
1536;12,422;0,0593311203417822
1537;12,426;0,0337342470887064
1538;12,431;0,043711103898675
1539;12,435;0,0369767255519462
1540;12,439;0,0200160689749996
1541;12,443;0,0452076324201703
1542;12,447;0,0583957900158476
1543;12,451;0,0540620928390175
1544;12,455;0,0473588921698198
1545;12,459;0,0850215266274514
1546;12,464;0,0444905458369538
1547;12,468;0,0555586213605128
1548;12,472;0,0507260813431842
1549;12,476;0,0294317275894074
1550;12,480;0,0343889783168606
1551;12,484;0,0450829217100457
1552;12,488;0,038566787106035
1553;12,492;0,0240691670540493
1554;12,497;0,0280910874555679
1555;12,501;0,0140299548890184
1556;12,505;0,00819972919069296
1557;12,509;0
1558;12,513;0,0288081740387844
1559;12,517;0,0166488798016351
1560;12,521;0,0125022486899919
1561;12,525;0,0227285269202098
1562;12,530;0,0108498317808409
1563;12,534;0,0394085843993761
1564;12,538;0,102418670689834
1565;12,542;0,225352253195166
1566;12,546;0,538469668640525
1567;12,550;1,26868205409764
1568;12,554;2,60813743619099
1569;12,558;5,10213339494042
1570;12,563;8,78387415691663
1571;12,567;13,352495133944
1572;12,571;18,5305149959952
1573;12,575;23,0854801502639
1574;12,579;26,163558719882
1575;12,583;26,4258565209516
1576;12,587;24,6616676378513
1577;12,591;21,2838468764488
1578;12,595;17,2167811978651
1579;12,600;12,9487753875931
1580;12,604;9,25244347253231
1581;12,608;6,76181470295624
1582;12,612;4,63393821145512
1583;12,616;3,33828746629303
1584;12,620;2,42263025488063
1585;12,624;1,89008434497102
1586;12,628;1,45945826291075
1587;12,633;1,13895173789051
1588;12,637;0,902375520784131
1589;12,641;0,788265221020115
1590;12,645;0,676181470295624
1591;12,649;0,535694855340253
1592;12,653;0,478203217972809
1593;12,657;0,411358277346019
1594;12,661;0,378808782003496
1595;12,666;0,3239672472262
1596;12,670;0,32858154350081
1597;12,674;0,289890045684651
1598;12,678;0,276421288991193
1599;12,682;0,1867542884116
1600;12,686;0,193145712305486
1601;12,690;0,209046327846374
1602;12,694;0,177650406572504
1603;12,699;0,142669052382551
1604;12,703;0,103884021533798
1605;12,707;0,129293828721687
1606;12,711;0,122684161085083
1607;12,715;0,103198112628113
1608;12,719;0,149278720019156
1609;12,723;0,184260074209108
1610;12,727;0,365495913697694
1611;12,732;0,784586255071439
1612;12,736;1,85765956033863
1613;12,740;4,12789332744699
1614;12,744;8,15445920291773
1615;12,748;15,0264869959466
1616;12,752;24,6462658651509
1617;12,756;37,7671108550385
1618;12,760;52,8422038502561
1619;12,764;68,171239028965
1620;12,769;81,2717873507797
1621;12,773;88,9039269220181
1622;12,777;88,0446701292595
1623;12,781;78,8625011418824
1624;12,785;64,5836548531329
1625;12,789;48,2253821837656
1626;12,793;34,2075554113068
1627;12,797;23,272670926161
1628;12,802;15,9930261770898
1629;12,806;11,0654254209688
1630;12,810;8,02438593225776
1631;12,814;5,85582257157849
1632;12,818;4,55440395607315
1633;12,822;3,68036894416483
1634;12,826;2,9347236083298
1635;12,830;2,45723747694021
1636;12,835;2,08023700023352
1637;12,839;1,72325259250183
1638;12,843;1,47772838194401
1639;12,847;1,36430399108568
1640;12,851;1,24084038806232
1641;12,855;1,01339923047256
1642;12,859;0,957372943949083
1643;12,863;0,871665508415946
1644;12,868;0,797182036794024
1645;12,872;0,72993178635933
1646;12,876;0,655697736157657
1647;12,880;0,613545516135539
1648;12,884;0,574542241544068
1649;12,888;0,537471982959529
1650;12,892;0,486340591808439
1651;12,896;0,418279721757935
1652;12,901;0,415754329877911
1653;12,905;0,428817776763464
1654;12,909;0,354396660496604
1655;12,913;0,353430152493139
1656;12,917;0,297590932034845
1657;12,921;0,27932081300159
1658;12,925;0,255189290592479
1659;12,929;0,286678744898942
1660;12,933;0,230808346763118
1661;12,938;0,235640886780446
1662;12,942;0,215936594580758
1663;12,946;0,17727627444213
1664;12,950;0,161469191933836
1665;12,954;0,204525564604357
1666;12,958;0,179552244901904
1667;12,962;0,164368715944233
1668;12,966;0,196294657736133
1669;12,971;0,236295618008601
1670;12,975;0,250668527350462
1671;12,979;0,284963972634729
1672;12,983;0,279071391581341
1673;12,987;0,233676693095984
1674;12,991;0,202904325372737
1675;12,995;0,140268371212653
1676;12,999;0,12153058701643
1677;13,004;0,12287122715027
1678;13,008;0,103915199211329
1679;13,012;0,0893864014818126
1680;13,016;0,0849591712723891
1681;13,020;0,131725687569117
1682;13,024;0,111647263239055
1683;13,028;0,0907582192931833
1684;13,032;0,106440591091353
1685;13,037;0,116791580031695
1686;13,041;0,118599885328502
1687;13,045;0,106752367866664
1688;13,049;0,162466877614833
1689;13,053;0,132224530409615
1690;13,057;0,147345704012224
1691;13,061;0,119285794234187
1692;13,065;0,0776012393750372
1693;13,070;0,0659096103008552
1694;13,074;0,0758864671108238
1695;13,078;0,0534385392883944
1696;13,082;0,0471406484271018
1697;13,086;0,041653377181619
1698;13,090;0,0841797293341103
1699;13,094;0,0784430366683783
1700;13,098;0,0582087239506607
1701;13,102;0,0857386132106679
1702;13,107;0,0897917112897176
1703;13,111;0,0799707428674048
1704;13,115;0,0988020600962205
1705;13,119;0,132037464344429
1706;13,123;0,133409282155799
1707;13,127;0,0983967502883156
1708;13,131;0,108061830322973
1709;13,135;0,121748830759148
1710;13,140;0,0960896021510103
1711;13,144;0,0819972919069296
1712;13,148;0,141515478313899
1713;13,152;0,239132786663935
1714;13,156;0,612423119744418
1715;13,160;1,40879453692263
1716;13,164;2,91838650530348
1717;13,168;5,65469537382503
1718;13,173;9,5961150119582
1719;13,177;14,3185666499243
1720;13,181;19,5238358021377
1721;13,185;24,3347073335821
1722;13,189;26,9095470101698
1723;13,193;27,1442213889468
1724;13,197;25,4572907907688
1725;13,201;21,5501354202424
1726;13,206;17,0966847840151
1727;13,210;12,6770307502316
1728;13,214;9,27676206100661
1729;13,218;6,49480907257945
1730;13,222;4,54333588054959
1731;13,226;3,30068718719046
1732;13,230;2,53221979140263
1733;13,234;1,92793404549384
1734;13,239;1,46235778692115
1735;13,243;1,22447210735846
1736;13,247;0,982658040426847
1737;13,251;0,848188717234989
1738;13,255;0,793160116392506
1739;13,259;0,647310940901777
1740;13,263;0,640264785779737
1741;13,267;0,578782405688305
1742;13,271;0,605906985140407
1743;13,276;0,595088331037097
1744;13,280;0,541899213168952
1745;13,284;0,499154617273743
1746;13,288;0,457532417769655
1747;13,292;0,454539360726664
1748;13,296;0,42573118668788
1749;13,300;0,398700140268371
1750;13,304;0,408334042625497
1751;13,309;0,414413689744072
1752;13,313;0,466885721029
1753;13,317;0,465389192507505
1754;13,321;0,454009340208635
1755;13,325;0,455162914277287
1756;13,329;0,401599664278768
1757;13,333;0,36674302079894
1758;13,337;0,310685556597929
1759;13,342;0,29771564274497
1760;13,346;0,229436528951747
1761;13,350;0,191929782881771
1762;13,354;0,145100911229981
1763;13,358;0,13802357843041
1764;13,362;0,120065236172466
1765;13,366;0,118412819263315
1766;13,370;0,133471637510862
1767;13,375;0,109932490974842
1768;13,379;0,0898228889672488
1769;13,383;0,0920053263944294
1770;13,387;0,0688091343112524
1771;13,391;0,0787548134436898
1772;13,395;0,0981473288680663
1773;13,399;0,073049298455489
1774;13,403;0,0755746903355123
1775;13,408;0,15750962688738
1776;13,412;0,201688395949022
1777;13,416;0,516582939013657
1778;13,420;1,16093200054997
1779;13,424;2,48679391523974
1780;13,428;4,92975201587068
1781;13,432;8,8333843088361
1782;13,436;13,9320881592481
1783;13,440;19,9909085892319
1784;13,445;25,6620345991159
1785;13,449;30,3346643083871
1786;13,453;31,8575379673963
1787;13,457;29,5099835600106
1788;13,461;25,5718999333733
1789;13,465;20,1788476293897
1790;13,469;14,9302103277304
1791;13,473;10,5119281117583
1792;13,478;7,51166902525797
1793;13,482;5,24424124912741
1794;13,486;3,80458081144894
1795;13,490;2,67788190082817
1796;13,494;2,18873531804193
1797;13,498;1,71580112757189
1798;13,502;1,30219805744362
1799;13,506;1,07491278824153
1800;13,511;0,950015012051731
1801;13,515;0,765630227132499
1802;13,519;0,715402988629813
1803;13,523;0,581214264535735
1804;13,527;0,534198326818758
1805;13,531;0,499746993146835
1806;13,535;0,443034797717669
1807;13,539;0,393711711863387
1808;13,544;0,369330768034026
1809;13,548;0,348472901765685
1810;13,552;0,325619664135351
1811;13,556;0,27498711582476
1812;13,560;0,273272343560547
1813;13,564;0,202810792340143
1814;13,568;0,231837210121646
1815;13,572;0,168577702410939
1816;13,577;0,173316709395674
1817;13,581;0,195920525605759
1818;13,585;0,153674772551048
1819;13,589;0,147813369175191
1820;13,593;0,16427518291164
1821;13,597;0,139894239082279
1822;13,601;0,124554821736952
1823;13,605;0,119410504944312
1824;13,609;0,0990514815164698
1825;13,614;0,172724333522582
1826;13,618;0,142294920252178
1827;13,622;0,147065104914444
1828;13,626;0,148468100403346
1829;13,630;0,171290160356149
1830;13,634;0,191181518621024
1831;13,638;0,162809832067675
1832;13,642;0,135186409775075
1833;13,647;0,160097374122465
1834;13,651;0,114546787249452
1835;13,655;0,129418539431812
1836;13,659;0,0990514815164698
1837;13,663;0,0800642758999982
1838;13,667;0,107344743739756
1839;13,671;0,0984279279658467
1840;13,675;0,0740469841364859
1841;13,680;0,0983967502883156
1842;13,684;0,0787236357661587
1843;13,688;0,0746705376871089
1844;13,692;0,0470471153945083
1845;13,696;0,0536567830311125
1846;13,700;0,0925977022675213
1847;13,704;0,0809372508708705
1848;13,708;0,109090693681501
1849;13,713;0,0760423554984796
1850;13,717;0,0644442594568911
1851;13,721;0,0589881658889395
1852;13,725;0,109371292779281
1853;13,729;0,0795030777044375
1854;13,733;0,0607964711857463
1855;13,737;0,077351817954788
1856;13,741;0,100797431458214
1857;13,746;0,0834002873958315
1858;13,750;0,0639765942939238
1859;13,754;0,0906335085830587
1860;13,758;0,110181912395091
1861;13,762;0,0936577433035805
1862;13,766;0,0702744851552165
1863;13,770;0,0776635947300995
1864;13,774;0,102387493012303
1865;13,778;0,0802825196427163
1866;13,783;0,0667514075941963
1867;13,787;0,0668761183043209
1868;13,791;0,0683414691482851
1869;13,795;0,0742340502016728
1870;13,799;0,0687467789561901
1871;13,803;0,0591128765990641
1872;13,807;0,0723322118722725
1873;13,811;0,0597364301496871
1874;13,816;0,07632295459626
1875;13,820;0,13559171958298
1876;13,824;0,303795289863545
1877;13,828;0,644317883858786
1878;13,832;1,40879453692263
1879;13,836;3,00440571761193
1880;13,840;5,73220308016747
1881;13,844;9,89133644050067
1882;13,849;15,4544317977392
1883;13,853;21,2907994985382
1884;13,857;26,6413878057244
1885;13,861;29,5750513730182
1886;13,865;30,0364498228017
1887;13,869;27,8713471843284
1888;13,873;23,3666092685623
1889;13,877;18,6568157676739
1890;13,882;13,8570746671081
1891;13,886;9,94075305938755
1892;13,890;6,9638460533581
1893;13,894;4,97972983295312
1894;13,898;3,58499642859704
1895;13,902;2,7608768784161
1896;13,906;2,04912167805743
1897;13,910;1,67910500111772
1898;13,915;1,37936280933322
1899;13,919;1,11824976000983
1900;13,923;0,945868380940088
1901;13,927;0,800424515257264
1902;13,931;0,673032524864977
1903;13,935;0,630662061100142
1904;13,939;0,546544687121094
1905;13,943;0,508788519630869
1906;13,947;0,435801576530442
1907;13,952;0,400040780402211
1908;13,956;0,380710620332896
1909;13,960;0,328269766725499
1910;13,964;0,291854239369113
1911;13,968;0,232304875284613
1912;13,972;0,243092351710392
1913;13,976;0,238135100982939
1914;13,980;0,198788871938625
1915;13,985;0,210511678690338
1916;13,989;0,185413648277761
1917;13,993;0,17051071841787
1918;13,997;0,177775117282628
1919;14,001;0,134999343709888
1920;14,005;0,149528141439405
1921;14,009;0,124648354769546
1922;14,013;0,151585868156461
1923;14,018;0,147595125432473
1924;14,022;0,124585999414483
1925;14,026;0,150151694990028
1926;14,030;0,124149511929047
1927;14,034;0,0965884449915088
1928;14,038;0,100454477005372
1929;14,042;0,107656520515068
1930;14,046;0,117789265712692
1931;14,051;0,080438408030372
1932;14,055;0,0935330325934559
1933;14,059;0,0968690440892891
1934;14,063;0,103696955468611
1935;14,067;0,194579885471919
1936;14,071;0,352962487330171
1937;14,075;0,798927986735769
1938;14,079;1,80687112364038
1939;14,084;3,84302288784485
1940;14,088;7,52055466335435
1941;14,092;13,1301359377918
1942;14,096;21,1993865480169
1943;14,100;31,4555953486646
1944;14,104;43,7786971035626
1945;14,108;55,4299822630192
1946;14,112;63,5330606533656
1947;14,116;67,7251799965268
1948;14,121;65,3851082317487
1949;14,125;56,9608997628314
1950;14,129;46,3671302475539
1951;14,133;33,8250364856771
1952;14,137;23,9070119532098
1953;14,141;16,5911075651699
1954;14,145;11,465996221889
1955;14,149;8,18180202611255
1956;14,154;6,02829748368082
1957;14,158;4,58670402999542
1958;14,162;3,65000188624949
1959;14,166;2,96350060469106
1960;14,170;2,46992679169539
1961;14,174;1,9948413414757
1962;14,178;1,76861611330966
1963;14,182;1,52128359745503
1964;14,187;1,32704666643595
1965;14,191;1,17611552950765
1966;14,195;1,06066458960979
1967;14,199;0,999088676485764
1968;14,203;0,885165442786935
1969;14,207;0,790073526316922
1970;14,211;0,746549488483433
1971;14,215;0,693360370615288
1972;14,220;0,643943751728412
1973;14,224;0,567963751584995
1974;14,228;0,536817251731374
1975;14,232;0,501305877023392
1976;14,236;0,468538137938152
1977;14,240;0,438794633573433
1978;14,244;0,430314305284959
1979;14,248;0,397920698330092
1980;14,253;0,376189857090879
1981;14,257;0,37269795720739
1982;14,261;0,332665819257391
1983;14,265;0,328862142598591
1984;14,269;0,278915503193685
1985;14,273;0,285369282442634
1986;14,277;0,247238982822035
1987;14,281;0,246334830173632
1988;14,285;0,243279417775579
1989;14,290;0,261237760033522
1990;14,294;0,327895634595125
1991;14,298;0,388816816490996
1992;14,302;0,695075142879502
1993;14,306;1,41574715901208
1994;14,310;2,74457095306731
1995;14,314;5,27270646871336
1996;14,318;9,06169844139672
1997;14,323;13,8615954303502
1998;14,327;19,5740942183179
1999;14,331;25,3316447503182
2000;14,335;29,6221920214453
2001;14,339;31,4607084877798
2002;14,343;30,8312311784258
2003;14,347;27,3203752669978
2004;14,351;22,7239126239352
2005;14,356;17,7136286670015
2006;14,360;13,1284835208827
2007;14,364;9,49478755998195
2008;14,368;6,77497168287438
2009;14,372;4,91481790833326
2010;14,376;3,65739099582437
2011;14,380;2,70756304983783
2012;14,384;2,16507146079579
2013;14,389;1,77622346662726
2014;14,393;1,41933259192816
2015;14,397;1,24635883698533
2016;14,401;1,02799038355714
2017;14,405;0,905368577827122
2018;14,409;0,891432155970697
2019;14,413;0,765224917324594
2020;14,417;1,01726526248643
2021;14,422;1,55589081951461
2022;14,426;2,85462815475227
2023;14,430;5,2702434321884
2024;14,434;9,60328587779036
2025;14,438;16,4346579793186
2026;14,442;25,8386249646523
2027;14,446;37,1344534225763
2028;14,450;48,783213190153
2029;14,454;58,3277915011522
2030;14,459;63,0134223019539
2031;14,463;62,6160004464643
2032;14,467;56,6320064425553
2033;14,471;46,3085162137953
2034;14,475;35,7785985821016
2035;14,479;26,206583914875
2036;14,483;18,5181062803378
2037;14,487;12,9867186211485
2038;14,492;9,19753958239995
2039;14,496;6,86392159687076
2040;14,500;5,15594606635919
2041;14,504;3,98993210437164
2042;14,508;3,32210625165437
2043;14,512;2,7613757212566
2044;14,516;2,38502997577806
2045;14,520;2,04369676216701
2046;14,525;1,74579405335685
2047;14,529;1,55610906325733
2048;14,533;1,41677602237061
2049;14,537;1,22322500025722
2050;14,541;1,15217107316372
2051;14,545;1,00819255832486
2052;14,549;0,962766682161972
2053;14,553;0,852865368864662
2054;14,558;0,82630198760812
2055;14,562;0,75537277122475
2056;14,566;0,694295700941223
2057;14,570;0,669260025883708
2058;14,574;0,661933271663887
2059;14,578;0,567309020356841
2060;14,582;0,504267756388852
2061;14,586;0,541119771230673
2062;14,591;0,524564424461632
2063;14,595;0,443346574492981
2064;14,599;0,441912401326548
2065;14,603;0,419651539569305
2066;14,607;0,377468141869657
2067;14,611;0,328706254210935
2068;14,615;0,36103750581074
2069;14,619;0,330327493442555
2070;14,623;0,335939475398162
2071;14,628;0,312026196731769
2072;14,632;0,273677653368452
2073;14,636;0,307443078134689
2074;14,640;0,271869348071645
2075;14,644;0,250793238060586
2076;14,648;0,219334961431654
2077;14,652;0,267878605347658
2078;14,656;0,236638572461443
2079;14,661;0,248891399731186
2080;14,665;0,298432729328186
2081;14,669;0,504704243874288
2082;14,673;0,920801528205042
2083;14,677;1,80646581383248
2084;14,681;3,6641253741711
2085;14,685;6,60153026276858
2086;14,689;11,4212250769543
2087;14,694;17,0086702003446
2088;14,698;22,7020882496634
2089;14,702;27,4947831951071
2090;14,706;29,9749362650327
2091;14,710;29,5242317586424
2092;14,714;26,3733221343116
2093;14,718;21,7102327943648
2094;14,722;16,995544398104
2095;14,727;12,7978130729873
2096;14,731;9,25075987794563
2097;14,735;6,46141777994359
2098;14,739;4,76949875336056
2099;14,743;3,45607673200573
2100;14,747;2,731756927602
2101;14,751;2,13941223218765
2102;14,755;1,75817159133672
2103;14,760;1,46800094655429
2104;14,764;1,27276632985422
2105;14,768;1,10163205788572
2106;14,772;0,964138499973343
2107;14,776;0,886131950790401
2108;14,780;0,756245746195622
2109;14,784;0,682759960254697
2110;14,788;0,627793714767276
2111;14,792;0,556708609996249
2112;14,797;0,511937465061515
2113;14,801;0,514930522104506
2114;14,805;0,447711449347342
2115;14,809;0,429753107089399
2116;14,813;0,436612196146252
2117;14,817;0,386852622806533
2118;14,821;0,390469233400147
2119;14,825;0,322782495480016
2120;14,830;0,342330899292048
2121;14,834;0,397421855489594
2122;14,838;0,386946155839127
2123;14,842;0,360538662970241
2124;14,846;0,378528182905716
2125;14,850;0,373726820565918
2126;14,854;0,402129684796798
2127;14,858;0,411825942508986
2128;14,863;0,401599664278768
2129;14,867;0,326118506975849
2130;14,871;0,32939216311662
2131;14,875;0,315518096615258
2132;14,879;0,335253566492477
2133;14,883;0,314582766289323
2134;14,887;0,309781403949526
2135;14,891;0,340491416317711
2136;14,896;0,31096615569571
2137;14,900;0,275610669375383
2138;14,904;0,269063357093841
2139;14,908;0,252913320132705
2140;14,912;0,268720402640999
2141;14,916;0,239132786663935
2142;14,920;0,223668658608484
2143;14,924;0,221985064021802
2144;14,929;0,213629446443453
2145;14,933;0,251385613933678
2146;14,937;0,322158941929393
2147;14,941;0,456378843701002
2148;14,945;0,883980691040751
2149;14,949;1,72640153793248
2150;14,953;3,51431663363392
2151;14,957;6,33006622450484
2152;14,961;10,6192416778205
2153;14,966;15,9218475392862
2154;14,970;21,2113899538664
2155;14,974;25,9236153136022
2156;14,978;28,234255350791
2157;14,982;27,6238276024085
2158;14,986;25,2920179221762
2159;14,990;21,0972796541024
2160;14,994;16,3983048073173
2161;14,999;12,3490104049263
2162;15,003;8,84788192888808
2163;15,007;6,37932695500406
2164;15,011;4,53706916736583
2165;15,015;3,39188189396908
2166;15,019;2,56102796544141
2167;15,023;2,07356497724185
2168;15,027;1,71558288382917
2169;15,032;1,39392278474027
2170;15,036;1,22029429856929
2171;15,040;0,991824277621006
2172;15,044;0,96784864359955
2173;15,048;0,870168979894451
2174;15,052;0,780876111445232
2175;15,056;0,735668479025061
2176;15,060;0,698722931150646
2177;15,065;0,645720879347688
2178;15,069;0,610708347480205
2179;15,073;0,576257013808282
2180;15,077;0,527682192214747
2181;15,081;0,534853058046912
2182;15,085;0,475989602868097
2183;15,089;0,405808650745474
2184;15,093;0,36565180208535
2185;15,098;0,380211777492398
2186;15,102;0,334318236166542
2187;15,106;0,308721362913467
2188;15,110;0,339026065473746
2189;15,114;0,321098900893334
2190;15,118;0,261923668939208
2191;15,122;0,288455872518218
2192;15,126;0,275080648857354
2193;15,130;0,236326795686132
2194;15,135;0,306632458518879
2195;15,139;0,281160295975928
2196;15,143;0,237449192077253
2197;15,147;0,257091128921879
2198;15,151;0,27688895415416
2199;15,155;0,267566828572346
2200;15,159;0,247176627466973
2201;15,163;0,248641978310937
2202;15,168;0,252601543357393
2203;15,172;0,233614337740922
2204;15,176;0,267223874119503
2205;15,180;0,228002355785314
2206;15,184;0,253006853165298
2207;15,188;0,294660230346917
2208;15,192;0,274644161371918
2209;15,196;0,287489364514752
2210;15,201;0,242687041902487
2211;15,205;0,262391334102175
2212;15,209;0,233240205610548
2213;15,213;0,231182478893492
2214;15,217;0,224167501448983
2215;15,221;0,219147895366467
2216;15,225;0,19704292199688
2217;15,229;0,223356881833173
2218;15,234;0,215281863352604
2219;15,238;0,233177850255485
2220;15,242;0,171695470164054
2221;15,246;0,190308543650152
2222;15,250;0,162529232969895
2223;15,254;0,151679401189054
2224;15,258;0,197167632707005
2225;15,262;0,213941223218765
2226;15,267;0,154578925199451
2227;15,271;0,164961091817325
2228;15,275;0,207019778806849
2229;15,279;0,19757294251491
2230;15,283;0,1410166354734
2231;15,287;0,187097242864443
2232;15,291;0,165023447172387
2233;15,295;0,212382339342207
2234;15,299;0,259522987769309
2235;15,304;0,444562503916696
2236;15,308;1,02306431050722
2237;15,312;2,25283662304598
2238;15,316;4,80444892987298
2239;15,320;9,42653962386626
2240;15,324;16,8102866382139
2241;15,328;28,2230625645573
2242;15,332;42,9201885750648
2243;15,337;60,965329487255
2244;15,341;78,4420389826973
2245;15,345;92,8346526167581
2246;15,349;100
2247;15,353;99,205343355086
2248;15,357;89,2754401274793
2249;15,361;72,7064687133565
2250;15,365;55,487785677162
2251;15,370;39,8202544534974
2252;15,374;27,7162382386109
2253;15,378;19,2821464459162
2254;15,382;14,1397314916056
2255;15,386;10,5532697121646
2256;15,390;8,12137968705718
2257;15,394;6,50625128023338
2258;15,398;5,2039908674347
2259;15,403;4,32951936804095
2260;15,407;3,66902026954349
2261;15,411;3,2305685904229
2262;15,415;2,87451951301715
2263;15,419;2,57197133025485
2264;15,423;2,35400818663457
2265;15,427;2,04647157546728
2266;15,431;1,87483846065829
2267;15,436;1,71502168563361
2268;15,440;1,63333617050199
2269;15,444;1,45674580496554
2270;15,448;1,36180977688319
2271;15,452;1,2663437282828
2272;15,456;1,21599177906999
2273;15,460;1,09991728562151
2274;15,464;0,99681270602599
2275;15,468;0,970374035479573
2276;15,473;0,906927461703679
2277;15,477;0,872133173578914
2278;15,481;0,839427789848735
2279;15,485;0,838243038102551
2280;15,489;0,718707822448115
2281;15,493;0,695043965201971
2282;15,497;0,71830251264021
2283;15,501;0,644224350826193
2284;15,506;0,676368536360811
2285;15,510;0,600669135315174
2286;15,514;0,524564424461632
2287;15,518;0,616039730338031
2288;15,522;0,571112697015641
2289;15,526;0,617598614214589
2290;15,530;0,718084268897492
2291;15,534;0,828203825937521
2292;15,539;1,19447918157349
2293;15,543;1,75879514488734
2294;15,547;2,87872849948385
2295;15,551;4,92124050990468
2296;15,555;7,95080661328425
2297;15,559;12,2998120297822
2298;15,563;16,8075741802687
2299;15,567;21,5067049154415
2300;15,572;24,7358081550204
2301;15,576;25,6753162897441
2302;15,580;24,0695100085021
2303;15,584;21,1299226824775
2304;15,588;17,4193737464625
2305;15,592;13,4284439564099
2306;15,596;10,125324910372
2307;15,600;7,28079832313979
2308;15,605;5,30753193451565
2309;15,609;3,99853714337024
2310;15,613;3,10330131074074
2311;15,617;2,48392556890688
2312;15,621;2,00459995454295
2313;15,625;1,69388322026749
2314;15,629;1,74220862044077
2315;15,633;2,03462405800545
2316;15,637;2,83919520437435
2317;15,642;4,570772236777
2318;15,646;7,33791582837686
2319;15,650;11,8477357055805
2320;15,654;17,883235232771
2321;15,658;24,3181519868131
2322;15,662;29,8908500687312
2323;15,666;33,8036797765683
2324;15,670;34,5746725642361
2325;15,675;32,3558196096991
2326;15,679;27,8306914928277
2327;15,683;22,1878748141421
2328;15,687;17,100145506221
2329;15,691;12,5141585628088
2330;15,695;9,13381240952628
2331;15,699;6,85266645528201
2332;15,703;5,21237766269058
2333;15,708;4,04352653204769
2334;15,712;3,28955675631184
2335;15,716;2,80115843778635
2336;15,720;2,34961213410267
2337;15,724;2,1114458554422
2338;15,728;1,83630285122979
2339;15,732;1,58108238295978
2340;15,736;1,51626399137251
2341;15,741;1,28084134833478
2342;15,745;1,26388069175784
2343;15,749;1,16928761812832
2344;15,753;1,02406199618822
2345;15,757;1,00354708437272
2346;15,761;0,933303776895034
2347;15,765;0,919835020201576
2348;15,769;0,81249027646182
2349;15,774;0,79842914389527
2350;15,778;0,760236488919609
2351;15,782;0,696291072303217
2352;15,786;0,688683718985616
2353;15,790;0,607403513661902
2354;15,794;0,596616037236124
2355;15,798;0,649867510459331
2356;15,802;0,587356267009372
2357;15,806;0,581432508278453
2358;15,811;0,5583610269054
2359;15,815;0,514338146231414
2360;15,819;0,581058376148079
2361;15,823;0,554339106503882
2362;15,827;0,465763324637879
2363;15,831;0,528274568087839
2364;15,835;0,518048289857621
2365;15,839;0,532608265264669
2366;15,844;0,512810440032387
2367;15,848;0,482131605341734
2368;15,852;0,443502462880637
2369;15,856;0,481601584823704
2370;15,860;0,422301642159453
2371;15,864;0,380866508720552
2372;15,868;0,405808650745474
2373;15,872;0,427820091082467
2374;15,877;0,427882446437529
2375;15,881;0,512124531126702
2376;15,885;0,683071737030008
2377;15,889;1,29112998192006
2378;15,893;2,33820110412627
2379;15,897;4,48553246640683
2380;15,901;8,09946177975278
2381;15,905;13,2409414037375
2382;15,910;19,9259966646121
2383;15,914;27,3018245488668
2384;15,918;34,2516406473359
2385;15,922;38,4775254152633
2386;15,926;38,9593140661522
2387;15,930;35,3744423482653
2388;15,934;30,0897012960249
2389;15,938;23,5016709676273
2390;15,943;17,5248790072279
2391;15,947;12,7687242998507
2392;15,951;9,12074896264072
2393;15,955;7,02161828982332
2394;15,959;5,4631085453961
2395;15,963;4,41388616344024
2396;15,967;3,50402800004864
2397;15,971;3,00515398187267
2398;15,975;2,6732052491985
2399;15,980;2,37533371806587
2400;15,984;2,10545974135622
2401;15,988;1,90264894901608
2402;15,992;1,66033603924397
2403;15,996;1,57110552614981
2404;16,000;1,43376785662508
2405;16,004;1,29780200491173
2406;16,008;1,31002365450394
2407;16,013;1,18964664155617
2408;16,017;1,12841368288498
2409;16,021;1,09817133567977
2410;16,025;1,01090501627007
2411;16,029;0,982159197586349
2412;16,033;1,00123993623541
2413;16,037;0,961301331318008
2414;16,041;0,90910989913086
2415;16,046;0,849965844854265
2416;16,050;0,819224654808549
2417;16,054;0,807533025734367
2418;16,058;0,737133829869026
2419;16,062;0,733517219275412
2420;16,066;0,710508093257422
2421;16,070;0,636118154668093
2422;16,074;0,667327009876776
2423;16,079;0,615135577689628
2424;16,083;0,603319237905321
2425;16,087;0,617692147247182
2426;16,091;0,568680838168212
2427;16,095;0,571237407725766
2428;16,099;0,537721404379778
2429;16,103;0,556646254641187
2430;16,107;0,5464511540885
2431;16,112;0,485093484707193
2432;16,116;0,523130251295199
2433;16,120;0,509474428536554
2434;16,124;0,663741576960694
2435;16,128;1,05954219321867
2436;16,132;1,66039839459903
2437;16,136;3,13285774904027
2438;16,140;5,66523342883056
2439;16,144;9,60680895535138
2440;16,149;14,7076328878355
2441;16,153;20,0307848387943
2442;16,157;25,4593173398083
2443;16,161;28,894847982321
2444;16,165;30,5083239722357
2445;16,169;28,7286086057249
2446;16,173;25,116206998578
2447;16,177;20,6403084345283
2448;16,182;15,7186314371382
2449;16,186;11,8092312738295
2450;16,190;8,64469700441756
2451;16,194;6,46325726291792
2452;16,198;4,93502104337345
2453;16,202;3,71407201357601
2454;16,206;3,071032414496
2455;16,210;2,5484010060413
2456;16,215;2,1796937915579
2457;16,219;1,87427726246273
2458;16,223;1,61528429521145
2459;16,227;1,46578733144958
2460;16,231;1,33939302673829
2461;16,235;1,24155747464553
2462;16,239;1,16376916920531
2463;16,243;1,02942455672358
2464;16,248;0,977233124536427
2465;16,252;0,910980559782729
2466;16,256;0,83902248004083
2467;16,260;0,823558351985379
2468;16,264;0,765910826230279
2469;16,268;0,770992787667857
2470;16,272;0,701653632838575
2471;16,276;0,704615512204034
2472;16,281;0,657474863776932
2473;16,285;0,641137760750609
2474;16,289;0,681481675475919
2475;16,293;0,615291466077284
2476;16,297;0,564066541893601
2477;16,301;0,514306968553883
2478;16,305;0,601479754930983
2479;16,309;0,557082742126623
2480;16,313;0,552000780689045
2481;16,318;0,528835766283399
2482;16,322;0,500183480632271
2483;16,326;0,50448600013157
2484;16,330;0,504018334968602
2485;16,334;0,484750530254351
2486;16,338;0,462676734562295
2487;16,342;0,508850874985931
2488;16,346;0,471874149433985
2489;16,351;0,496068027198159
2490;16,355;0,449239155546369
2491;16,359;0,465295659474912
2492;16,363;0,484064621348665
2493;16,367;0,445840788695473
2494;16,371;0,421865154674017
2495;16,375;0,473588921698198
2496;16,379;0,407523423009687
2497;16,384;0,431467879353612
2498;16,388;0,401880263376549
2499;16,392;0,457376529381999
2500;16,396;0,419745072601899
2501;16,400;0,394023488638698
2502;16,404;0,421335134155988
2503;16,408;0,435708043497849
2504;16,412;0,487556521232154
2505;16,417;0,424484079586634
2506;16,421;0,460993139975613
2507;16,425;0,445840788695473
2508;16,429;0,438139902345278
2509;16,433;0,405621584680287
2510;16,437;0,420088027054741
2511;16,441;0,428318933922966
2512;16,445;0,480541543787645
2513;16,450;0,473058901180169
2514;16,454;0,649181601553646
2515;16,458;0,964762053523966
2516;16,462;1,57575100010195
2517;16,466;2,94725703469733
2518;16,470;5,27005636612321
2519;16,474;9,27860154398095
2520;16,478;15,0651784937627
2521;16,482;23,0147068222682
2522;16,487;33,250899553941
2523;16,491;44,7983630472189
2524;16,495;58,2858575248728
2525;16,499;71,781239954942
2526;16,503;82,3003389325324
2527;16,507;88,4762938970008
2528;16,511;87,6349954465002
2529;16,515;81,7628981272504
2530;16,520;72,6890715692941
2531;16,524;62,0994486851282
2532;16,528;51,540504635653
2533;16,532;42,127714367578
2534;16,536;33,8525663749371
2535;16,540;26,4612431849494
2536;16,544;20,6138385863043
2537;16,548;15,9578265791572
2538;16,553;12,4839785709587
2539;16,557;9,95889846771068
2540;16,561;8,06139383548724
2541;16,565;6,61443782126648
2542;16,569;5,66545167257328
2543;16,573;4,92223819558568
2544;16,577;4,37248220767887
2545;16,581;3,97892638420314
2546;16,586;3,51992861558952
2547;16,590;3,20425463058661
2548;16,594;2,92742803178751
2549;16,598;2,75750968924273
2550;16,602;2,54341257763631
2551;16,606;2,32819306963877
2552;16,610;2,10337083696164
2553;16,614;2,00837245352422
2554;16,619;1,80577990492679
2555;16,623;1,76842904724447
2556;16,627;1,62501173060117
2557;16,631;1,63673453735288
2558;16,635;1,58245420077115
2559;16,639;1,44090754477972
2560;16,643;1,42884178357516
2561;16,647;1,34516089708155
2562;16,651;1,32698431108089
2563;16,656;1,26057585793954
2564;16,660;1,27554114315449
2565;16,664;1,13985589053892
2566;16,668;1,17898387584051
2567;16,672;1,12666773294324
2568;16,676;1,052870170227
2569;16,680;1,10559162293218
2570;16,684;1,05757799953421
2571;16,689;1,0543666987485
2572;16,693;1,07453865611115
2573;16,697;1,15853131938008
2574;16,701;1,25440267778837
2575;16,705;1,39479575971114
2576;16,709;1,79842197302944
2577;16,713;2,72446135105971
2578;16,717;4,51608659038736
2579;16,722;7,13342144145004
2580;16,726;10,9213221954198
2581;16,730;15,5173795286746
2582;16,734;20,0081186672291
2583;16,738;23,6499208242879
2584;16,742;25,9606543945092
2585;16,746;26,0954978498315
2586;16,750;24,5263876950437
2587;16,755;21,0677232158028
2588;16,759;17,6137042105142
2589;16,763;14,2133731659341
2590;16,767;11,7267351390821
2591;16,771;10,5154200116417
2592;16,775;10,4031491948521
2593;16,779;12,0151910116003
2594;16,783;14,8095215380073
2595;16,788;19,0392099825935
2596;16,792;24,2240265783465
2597;16,796;29,4461316764268
2598;16,800;35,074949577901
2599;16,804;39,4852814861027
2600;16,808;42,735304947305
2601;16,812;45,506563992339
2602;16,816;46,3140658403959
2603;16,820;46,0830080722125
2604;16,825;43,1955186453424
2605;16,829;38,3620121200104
2606;16,833;32,2765347757374
2607;16,837;26,1908703653993
2608;16,841;21,0325236178702
2609;16,845;16,3055200389846
2610;16,849;12,7743986371614
2611;16,853;10,1786699166278
2612;16,858;8,24736868196056
2613;16,862;6,84976693127162
2614;16,866;5,84721753257989
2615;16,870;5,06949036656531
2616;16,874;4,54374119035749
2617;16,878;4,10214056580626
2618;16,882;3,66141291622589
2619;16,886;3,31933143835409
2620;16,891;2,99084342788588
2621;16,895;2,76240458461513
2622;16,899;2,56785587682074
2623;16,903;2,41414992659216
2624;16,907;2,19319372592888
2625;16,911;2,08506954025085
2626;16,915;1,89635105815479
2627;16,919;1,77931005670284
2628;16,924;1,73023639226881
2629;16,928;1,57730988397851
2630;16,932;1,53054336768178
2631;16,936;1,43750917792882
2632;16,940;1,4477978115141
2633;16,944;1,33661821343802
2634;16,948;1,32954088063844
2635;16,952;1,28408382679802
2636;16,957;1,25932875083829
2637;16,961;1,12959843463117
2638;16,965;1,13920115931076
2639;16,969;1,15759598905414
2640;16,973;1,07774995689686
2641;16,977;1,08937923061598
2642;16,981;1,00607247625274
2643;16,985;0,908455167902706
2644;16,990;0,964637342813842
2645;16,994;0,97785667808705
2646;16,998;0,952914536062128
2647;17,002;0,887753190022021
2648;17,006;0,864245221163532
2649;17,010;0,897511803089271
2650;17,014;0,759363513948737
2651;17,018;0,884947199044217
2652;17,022;0,888906764090673
2653;17,027;1,11036180759445
2654;17,031;1,52574200534198
2655;17,035;2,27862056236424
2656;17,039;3,72760312562453
2657;17,043;6,01641878854146
2658;17,047;9,35610925032339
2659;17,051;13,8545180975506
2660;17,055;19,5634002749248
2661;17,060;25,3833685173424
2662;17,064;31,1911151101679
2663;17,068;35,1248962173059
2664;17,072;36,7979215713051
2665;17,076;34,9704420028166
2666;17,080;30,9448114576718
2667;17,084;25,6759710209723
2668;17,088;20,7189073595843
2669;17,093;16,211924651036
2670;17,097;12,3428060470976
2671;17,101;9,82785868904725
2672;17,105;7,71949942368063
2673;17,109;6,480342630205
2674;17,113;5,45771480718321
2675;17,117;4,71415837574277
2676;17,121;4,11136915835548
2677;17,126;3,69458596511904
2678;17,130;3,22364714601099
2679;17,134;2,91523755987283
2680;17,138;2,62905765781439
2681;17,142;2,36414093183219
2682;17,146;2,26162872810976
2683;17,150;2,037180627563
2684;17,154;1,96777911737866
2685;17,159;1,8656410457866
2686;17,163;1,70838084031947
2687;17,167;1,63823106587438
2688;17,171;1,61335127920452
2689;17,175;1,55155712233778
2690;17,179;1,49079182882956
2691;17,183;1,43626207082758
2692;17,187;1,38288588689424
2693;17,191;1,41833490624716
2694;17,196;1,31613447930005
2695;17,200;1,27413814766559
2696;17,204;1,22247673599647
2697;17,208;1,13580279245987
2698;17,212;1,09056398236216
2699;17,216;1,08700972712361
2700;17,220;0,961675463448382
2701;17,224;0,979696161061388
2702;17,229;0,965229718686933
2703;17,233;0,960677777767385
2704;17,237;0,932836111732066
2705;17,241;0,90639744118565
2706;17,245;0,920895061237635
2707;17,249;0,88070703489998
2708;17,253;0,863185180127473
2709;17,257;0,87799457695477
2710;17,262;0,8127708755596
2711;17,266;0,827019074191337
2712;17,270;0,763416612027787
2713;17,274;0,867144745173929
2714;17,278;0,850589398404888
2715;17,282;0,862655159609443
2716;17,286;0,913661840050408
2717;17,290;1,03943259121107
2718;17,295;1,42344804536227
2719;17,299;2,16239018052811
2720;17,303;3,47048081902512
2721;17,307;5,6727784267931
2722;17,311;8,99756595871514
2723;17,315;12,9790489124758
2724;17,319;17,6932696435737
2725;17,323;22,1925826434493
2726;17,328;25,844361657318
2727;17,332;27,8282596339803
2728;17,336;27,9460800773705
2729;17,340;26,2851204845759
2730;17,344;23,1834404130668
2731;17,348;19,5463460853152
2732;17,352;15,7909324713329
2733;17,356;12,5076736058824
2734;17,360;9,89648075729331
2735;17,365;7,95620035149714
2736;17,369;6,24482645413467
2737;17,373;5,15033408440358
2738;17,377;4,36075940092716
2739;17,381;3,71123484492067
2740;17,385;3,31580836079307
2741;17,389;3,15346619388836
2742;17,393;2,98152130230406
2743;17,398;3,48323248913536
2744;17,402;4,18370137022775
2745;17,406;5,4721188942026
2746;17,410;7,64548361722168
2747;17,414;10,2388116565854
2748;17,418;13,1248357326115
2749;17,422;16,4299189723339
2750;17,426;18,7372853533818
2751;17,431;20,2430424674263
2752;17,435;20,6318592839173
2753;17,439;19,4364447720179
2754;17,443;17,1590401390774
2755;17,447;14,9589249687366
2756;17,451;12,2831631499805
2757;17,455;10,0001777127619
2758;17,459;7,99005930929597
2759;17,464;6,48642227732357
2760;17,468;5,21605662863925
2761;17,472;4,3139617069529
2762;17,476;3,57430248520385
2763;17,480;3,09210852450706
2764;17,484;2,70326053033853
2765;17,488;2,39298028354851
2766;17,492;2,09641821487219
2767;17,497;1,96275951129614
2768;17,501;1,79156288397258
2769;17,505;1,73210705292068
2770;17,509;1,48664519771792
2771;17,513;1,48758052804385
2772;17,517;1,34244843913634
2773;17,521;1,33948655977088
2774;17,525;1,212998722027
2775;17,529;1,26653079434799
2776;17,534;1,12701068739608
2777;17,538;1,05913688341076
2778;17,542;1,09745424909655
2779;17,546;1,01960358830126
2780;17,550;0,955346394909558
2781;17,554;0,968877506958078
2782;17,558;0,976796637050991
2783;17,562;0,90939049822864
2784;17,567;0,892429841651693
2785;17,571;0,897574158444334
2786;17,575;0,900785459230042
2787;17,579;0,819037588743362
2788;17,583;0,856762578556056
2789;17,587;0,833566386472879
2790;17,591;0,781281421253137
2791;17,595;0,781717908738573
2792;17,600;0,770587477859952
2793;17,604;0,800112738481953
2794;17,608;0,81139905774823
2795;17,612;0,807439492701773
2796;17,616;0,961332508995539
2797;17,620;1,1629585495895
2798;17,624;1,60527626072395
2799;17,628;2,48180548683476
2800;17,633;3,82621811965556
2801;17,637;5,98701823862958
2802;17,641;9,08533112096534
2803;17,645;13,3416453021631
2804;17,649;18,9027764657172
2805;17,653;25,3657219518598
2806;17,657;33,1895107068821
2807;17,661;41,8617687782372
2808;17,666;50,3551605135961
2809;17,670;58,1015350953086
2810;17,674;63,7570099110719
2811;17,678;66,4139092349216
2812;17,682;62,8534184608641
2813;17,686;56,4667647516402
2814;17,690;47,344581615833
2815;17,694;37,7195025414484
2816;17,698;29,2642099280326
2817;17,703;22,8075935104288
2818;17,707;18,1574117289799
2819;17,711;14,5451036548656
2820;17,715;11,9405516515907
2821;17,719;9,97136953872314
2822;17,723;8,68931226096464
2823;17,727;7,57670566058795
2824;17,731;6,72103430074549
2825;17,736;5,94879440597639
2826;17,740;5,39963079394268
2827;17,744;4,92323588126667
2828;17,748;4,47331081681462
2829;17,752;4,19988258486642
2830;17,756;3,92651670827328
2831;17,760;3,60760024480712
2832;17,764;3,30134191841862
2833;17,769;3,07938803207435
2834;17,773;2,93300883606559
2835;17,777;2,73194399366719
2836;17,781;2,62060850720345
2837;17,785;2,45025367717323
2838;17,789;2,33327503107635
2839;17,793;2,27731109990793
2840;17,797;2,15132210500455
2841;17,802;2,00394522331479
2842;17,806;1,90037297855631
2843;17,810;1,85928079957025
2844;17,814;1,81472789837823
2845;17,818;1,75377553880483
2846;17,822;1,7003993548715
2847;17,826;1,6179343978016
2848;17,830;1,5793987883731
2849;17,835;1,54058257984681
2850;17,839;1,49889802498766
2851;17,843;1,44415002324296
2852;17,847;1,40611325665495
2853;17,851;1,29493365857887
2854;17,855;1,29739669510383
2855;17,859;1,35205116381594
2856;17,863;1,25898579638545
2857;17,867;1,22674807781824
2858;17,872;1,21181397028081
2859;17,876;1,2411209871601
2860;17,880;1,14387781094043
2861;17,884;1,12941136856598
2862;17,888;1,1220222589911
2863;17,892;1,04018085547182
2864;17,896;1,05470965320134
2865;17,900;0,996781528348459
2866;17,905;0,990109505356793
2867;17,909;1,06138167619301
2868;17,913;0,977077236148771
2869;17,917;1,00962673149129
2870;17,921;0,973211204134908
2871;17,925;0,993694938272875
2872;17,929;0,927005886033741
2873;17,933;0,923638696860377
2874;17,938;0,930404252884637
2875;17,942;0,907426304544178
2876;17,946;0,968846329280547
2877;17,950;0,972400584519098
2878;17,954;0,900411327099668
2879;17,958;0,977108413826302
2880;17,962;0,923950473635688
2881;17,966;1,0780929113497
2882;17,971;1,16963057258117
2883;17,975;1,53144752033018
2884;17,979;2,18555519493375
2885;17,983;3,21753632121488
2886;17,987;4,92507536424101
2887;17,991;7,28759505684158
2888;17,995;10,5464729784628
2889;17,999;14,6920752267475
2890;18,004;19,1173412424866
2891;18,008;23,5111801592743
2892;18,012;27,2065455663316
2893;18,016;29,568410527704
2894;18,020;30,1248385386025
2895;18,024;29,0835976420946
2896;18,028;26,8759998291463
2897;18,032;23,5561383702742
2898;18,036;19,8022836401684
2899;18,041;16,4918690175883
2900;18,045;13,4739633656053
2901;18,049;10,8653270865739
2902;18,053;9,08495698883496
2903;18,057;7,60348728558721
2904;18,061;6,45480811230698
2905;18,065;5,59517718741806
2906;18,069;5,03482078915067
2907;18,074;4,43458814132093
2908;18,078;3,84851015909033
2909;18,082;3,57448955126904
2910;18,086;3,3344526119567
2911;18,090;2,99923022314176
2912;18,094;2,85141685396656
2913;18,098;2,63806800662089
2914;18,102;2,52464361576256
2915;18,107;2,25829271661393
2916;18,111;2,16042598684364
2917;18,115;1,98695338906031
2918;18,119;1,92397448044739
2919;18,123;1,86087086112434
2920;18,127;1,7075078653486
2921;18,131;1,72393850140752
2922;18,135;1,62376462349993
2923;18,140;1,55766794713388
2924;18,144;1,56396583799518
2925;18,148;1,51280326916656
2926;18,152;1,56574296561445
2927;18,156;1,49584261258961
2928;18,160;1,49945922318322
2929;18,164;1,48424451654802
2930;18,168;1,44876431951757
2931;18,173;1,41138228415772
2932;18,177;1,28582977673977
2933;18,181;1,23725495514623
2934;18,185;1,23027115537926
2935;18,189;1,16152437642307
2936;18,193;1,13876467182533
2937;18,197;1,06119461012782
2938;18,201;1,05193483990107
2939;18,205;0,978449053960142
2940;18,210;0,927847683327082
2941;18,214;0,961737818803444
2942;18,218;0,901097236005354
2943;18,222;0,953257490514971
2944;18,226;0,91534543463709
2945;18,230;0,895422898694684
2946;18,234;0,840456653207263
2947;18,238;0,848344605622645
2948;18,243;0,823340108242661
2949;18,247;0,846068635162871
2950;18,251;0,850994708212793
2951;18,255;0,808904843545737
2952;18,259;0,825304301927123
2953;18,263;0,873598524422878
2954;18,267;0,830323908009639
2955;18,271;0,826208454575527
2956;18,276;0,83359756415041
2957;18,280;0,792630095874476
2958;18,284;0,794968421689312
2959;18,288;0,804134658883471
2960;18,292;0,740999861882888
2961;18,296;0,786456915723308
2962;18,300;0,768872705595738
2963;18,304;0,717460715346869
2964;18,309;0,702090120324011
2965;18,313;0,727375216801775
2966;18,317;0,720952615230358
2967;18,321;0,747671884874555
2968;18,325;0,71911313225602
2969;18,329;0,764881962871751
2970;18,333;0,747391285776775
2971;18,337;0,769901568954266
2972;18,342;0,786425738045777
2973;18,346;0,832288101694101
2974;18,350;0,82602138851034
2975;18,354;0,795779041305122
2976;18,358;0,78000313647436
2977;18,362;0,82305950914488
2978;18,366;0,740469841364859
2979;18,370;0,734359016568753
2980;18,374;0,702776029229696
2981;18,379;0,72696990699387
2982;18,383;0,642166624109137
2983;18,387;0,656258934353217
2984;18,391;0,617910390989901
2985;18,395;0,62710780586159
2986;18,399;0,610365393027362
2987;18,403;0,57541521651494
2988;18,407;0,608806509150804
2989;18,412;0,628666689738148
2990;18,416;0,600825023702829
2991;18,420;0,607684112759683
2992;18,424;0,571455651468484
2993;18,428;0,585485606357503
2994;18,432;0,564503029379037
2995;18,436;0,591191121345703
2996;18,440;0,602321552224325
2997;18,445;0,547012352284061
2998;18,449;0,599796160344301
2999;18,453;0,622805286362291
3000;18,457;0,520947813868018
3001;18,461;0,56403536421607
3002;18,465;0,551003095008048
3003;18,469;0,593685335548195
3004;18,473;0,593747690903258
3005;18,478;0,571486829146015
3006;18,482;0,586202692940719
3007;18,486;0,643725507985694
3008;18,490;0,610988946577985
3009;18,494;0,674653764096597
3010;18,498;0,634652803824129
3011;18,502;0,658534904812992
3012;18,506;0,626141297858125
3013;18,511;0,625704810372689
3014;18,515;0,615260288399753
3015;18,519;0,616164441048156
3016;18,523;0,577005278069029
3017;18,527;0,566591933773624
3018;18,531;0,589944014244457
3019;18,535;0,558485737615525
3020;18,539;0,586576825071093
3021;18,543;0,579374781561397
3022;18,548;0,576506435228531
3023;18,552;0,589008683918523
3024;18,556;0,602820395064823
3025;18,560;0,558579270648118
3026;18,564;0,611581322451077
3027;18,568;0,574542241544068
3028;18,572;0,647965672129931
3029;18,576;0,62763782637962
3030;18,581;0,658254305715211
3031;18,585;0,658379016425336
3032;18,589;0,580497177952518
3033;18,593;0,507354346464436
3034;18,597;0,560730530397768
3035;18,601;0,543302208657854
3036;18,605;0,564690095444224
3037;18,609;0,567589619454621
3038;18,614;0,608214133277712
3039;18,618;0,535507789275066
3040;18,622;0,522756119164825
3041;18,626;0,533793017010853
3042;18,630;0,486309414130908
3043;18,634;0,544206361306257
3044;18,638;0,50205414128414
3045;18,642;0,553029644047573
3046;18,647;0,474118942216228
3047;18,651;0,501960608251546
3048;18,655;0,565500715060034
3049;18,659;0,52587388691794
3050;18,663;0,589694592824208
3051;18,667;0,560138154524676
3052;18,671;0,587699221462214
3053;18,675;0,556646254641187
3054;18,680;0,550909561975455
3055;18,684;0,528149857377714
3056;18,688;0,546638220153687
3057;18,692;0,511594510608672
3058;18,696;0,543239853302792
3059;18,700;0,562757079437293
3060;18,704;0,54535993537491
3061;18,708;0,54507933627713
3062;18,712;0,520168371929739
3063;18,717;0,489957202402053
3064;18,721;0,541618614071172
3065;18,725;0,52615448601572
3066;18,729;0,474524252024133
3067;18,733;0,464079730051197
3068;18,737;0,48228749372939
3069;18,741;0,493074970155168
3070;18,745;0,508726164275806
3071;18,750;0,524190292331258
3072;18,754;0,469754067361866
3073;18,758;0,487244744456843
3074;18,762;0,55402732972857
3075;18,766;0,49366734602826
3076;18,770;0,490861355050456
3077;18,774;0,499684637791772
3078;18,778;0,573170423732698
3079;18,783;0,541992746201546
3080;18,787;0,528523989508088
3081;18,791;0,556677432318718
3082;18,795;0,543021609560074
3083;18,799;0,572453337149481
3084;18,803;0,518671843408244
3085;18,807;0,468195183485309
3086;18,811;0,503051826965137
3087;18,816;0,474150119893759
3088;18,820;0,518858909473431
3089;18,824;0,530612893902675
3090;18,828;0,505109553682193
3091;18,832;0,507385524141967
3092;18,836;0,488959516721056
3093;18,840;0,517237670241811
3094;18,844;0,533793017010853
3095;18,849;0,535975454438033
3096;18,853;0,523130251295199
3097;18,857;0,553871441340914
3098;18,861;0,524408536073976
3099;18,865;0,488429496203027
3100;18,869;0,531797645648859
3101;18,873;0,475366049317474
3102;18,877;0,51315339448523
3103;18,881;0,516957071144031
3104;18,886;0,447056718119188
3105;18,890;0,545578179117628
3106;18,894;0,451764547426392
3107;18,898;0,465919213025535
3108;18,902;0,508632631243213
3109;18,906;0,529989340352052
3110;18,910;0,467540452257155
3111;18,914;0,482256316051858
3112;18,919;0,535632499985191
3113;18,923;0,554370284181413
3114;18,927;0,500370546697458
3115;18,931;0,49528858525988
3116;18,935;0,538469668640525
3117;18,939;0,472404169952014
3118;18,943;0,484968773997069
3119;18,947;0,501056455603143
3120;18,952;0,480323300044927
3121;18,956;0,492700838024794
3122;18,960;0,472185926209296
3123;18,964;0,472747124404857
3124;18,968;0,521259590643329
3125;18,972;0,497128068234218
3126;18,976;0,467883406709997
3127;18,980;0,514306968553883
3128;18,985;0,469192869166306
3129;18,989;0,465576258572692
3130;18,993;0,536318408890876
3131;18,997;0,472684769049795
3132;19,001;0,495693895067785
3133;19,005;0,508352032145433
3134;19,009;0,554120862761164
3135;19,013;0,515897030107971
3136;19,018;0,527682192214747
3137;19,022;0,511688043641266
3138;19,026;0,446589052956221
3139;19,030;0,484625819544226
3140;19,034;0,474337185958946
3141;19,038;0,546949996928999
3142;19,042;0,652486435371948
3143;19,046;0,8685165629853
3144;19,050;1,14216303867622
3145;19,055;1,59289872274408
3146;19,059;2,32566767775875
3147;19,063;3,32628406044354
3148;19,067;4,63375114538993
3149;19,071;6,25751576888985
3150;19,075;8,28418951912485
3151;19,079;10,3664530683979
3152;19,083;11,9644961079346
3153;19,088;13,323967559003
3154;19,092;14,3995662561502
3155;19,096;14,8838491212416
3156;19,100;14,50943639177
3157;19,104;13,5350092582113
3158;19,108;12,4284511272757
3159;19,112;10,8736515264747
3160;19,116;9,39090353844816
3161;19,121;8,04960867338047
3162;19,125;6,8023145060692
3163;19,129;5,80930547670201
3164;19,133;4,94961219645803
3165;19,137;4,21422431653075
3166;19,141;3,79051967888239
3167;19,145;3,17020860672259
3168;19,149;2,80065959494585
3169;19,154;2,48922577408717
3170;19,158;2,25679618809243
3171;19,162;2,00581588396666
3172;19,166;1,87867331499462
3173;19,170;1,74027560443384
3174;19,174;1,60328088936196
3175;19,178;1,4973391411111
3176;19,182;1,41135110648019
3177;19,187;1,31647743375289
3178;19,191;1,33100623148241
3179;19,195;1,20716849632867
3180;19,199;1,22715338762614
3181;19,203;1,14690204566096
3182;19,207;1,08114832374776
3183;19,211;1,04912884892326
3184;19,215;1,02216015785882
3185;19,219;1,03441298512856
3186;19,224;0,964699698168904
3187;19,228;0,911510580300758
3188;19,232;0,918650268455392
3189;19,236;0,846692188713494
3190;19,240;0,975736596014932
3191;19,244;0,852428881379226
3192;19,248;0,84740927529671
3193;19,252;0,809933706904265
3194;19,257;0,836372377450682
3195;19,261;0,781063177510419
3196;19,265;0,786862225531213
3197;19,269;0,81139905774823
3198;19,273;0,767656776172023
3199;19,277;0,838055972037364
3200;19,281;0,808904843545737
3201;19,285;0,69881646418324
3202;19,290;0,717928380509836
3203;19,294;0,715402988629813
3204;19,298;0,69557398572
3205;19,302;0,710508093257422
3206;19,306;0,681076365668014
3207;19,310;0,728934100678333
3208;19,314;0,737383251289275
3209;19,318;0,705924974660343
3210;19,323;0,705706730917624
3211;19,327;0,66445866354391
3212;19,331;0,648183915872649
3213;19,335;0,745738868867624
3214;19,339;0,626951917473935
3215;19,343;0,701466566773388
3216;19,347;0,645939123090406
3217;19,351;0,633468052077945
3218;19,356;0,599952048731957
3219;19,360;0,601136800478141
3220;19,364;0,584674986741693
3221;19,368;0,612454297421949
3222;19,372;0,61844041150793
3223;19,376;0,58919574998371
3224;19,380;0,531049381388111
3225;19,384;0,552593156562137
3226;19,388;0,607777645792276
3227;19,393;0,54021561858227
3228;19,397;0,495693895067785
3229;19,401;0,558828692068368
3230;19,405;0,555399147539941
3231;19,409;0,553497309210541
3232;19,413;0,591814674896326
3233;19,417;0,569959122946989
3234;19,421;0,541213304263267
3235;19,426;0,592594116834605
3236;19,430;0,581557218988577
3237;19,434;0,585017941194535
3238;19,438;0,552312557464357
3239;19,442;0,527931613634996
3240;19,446;0,529428142156491
3241;19,450;0,473058901180169
3242;19,454;0,514992877459568
3243;19,459;0,527089816341655
3244;19,463;0,578844761043367
3245;19,467;0,507385524141967
3246;19,471;0,5583610269054
3247;19,475;0,562320591951857
3248;19,479;0,500089947599677
3249;19,483;0,541930390846483
3250;19,487;0,614699090204192
3251;19,492;0,513340460550417
3252;19,496;0,551751359268796
3253;19,500;0,532296488489357
3254;19,504;0,479419147396524
3255;19,508;0,561042307173079
3256;19,512;0,515086410492161
3257;19,516;0,535445433920004
3258;19,520;0,53806435883262
3259;19,525;0,554869127021911
3260;19,529;0,601074445123079
3261;19,533;0,52154018974111
3262;19,537;0,522381987034451
3263;19,541;0,56946028010649
3264;19,545;0,573388667475416
3265;19,549;0,573045713022573
3266;19,553;0,580746599372767
3267;19,557;0,496442159328533
3268;19,562;0,494945630807037
3269;19,566;0,517705335404778
3270;19,570;0,599328495181334
3271;19,574;0,528648700218213
3272;19,578;0,52911636538118
3273;19,582;0,564970694542005
3274;19,586;0,502740050189825
3275;19,590;0,516738827401312
3276;19,595;0,551408404815953
3277;19,599;0,545204046987254
3278;19,603;0,547355306736904
3279;19,607;0,52587388691794
3280;19,611;0,508227321435308
3281;19,615;0,556396833220938
3282;19,619;0,531454691196016
3283;19,623;0,538999689158555
3284;19,628;0,576537612906062
3285;19,632;0,568181995327713
3286;19,636;0,540028552517083
3287;19,640;0,571268585403297
3288;19,644;0,508071433047652
3289;19,648;0,53993501948449
3290;19,652;0,511002134735581
3291;19,656;0,481570407146173
3292;19,661;0,538095536510152
3293;19,665;0,525250333367317
3294;19,669;0,523660271813228
3295;19,673;0,477205532291812
3296;19,677;0,513839303390915
3297;19,681;0,531672934938734
3298;19,685;0,512467485579545
3299;19,689;0,465233304119849
3300;19,694;0,495350940614942
3301;19,698;0,511906287383984
3302;19,702;0,52534386639991
3303;19,706;0,532608265264669
3304;19,710;0,538282602575338
3305;19,714;0,55374673063079
3306;19,718;0,530550538547613
3307;19,722;0,558485737615525
3308;19,726;0,559483423296522
3309;19,731;0,609211818958709
3310;19,735;0,563941831183477
3311;19,739;0,513558704293135
3312;19,743;0,538968511481024
3313;19,747;0,567963751584995
3314;19,751;0,531423513518485
3315;19,755;0,525468577110035
3316;19,759;0,502958293932543
3317;19,764;0,588104531270119
3318;19,768;0,516863538111437
3319;19,772;0,516084096173158
3320;19,776;0,533917727720977
3321;19,780;0,524502069106569
3322;19,784;0,584643809064161
3323;19,788;0,589881658889395
3324;19,792;0,609430062701427
3325;19,797;0,600793846025298
3326;19,801;0,598174921112681
3327;19,805;0,696976981208902
3328;19,809;0,596958991688966
3329;19,813;0,606156406560656
3330;19,817;0,56079288575283
3331;19,821;0,55159547088114
3332;19,825;0,49394794512604
3333;19,830;0,551158983395704
3334;19,834;0,562289414274325
3335;19,838;0,531329980485892
3336;19,842;0,545328757697379
