#"+EI TIC Scan 150C_1ml-min_10C-min_3.d "
#Point;X(Minutes);Y(Counts)
0;4,691;100
1;4,695;94,5243710805638
2;4,699;89,5896403828757
3;4,703;84,5458035017387
4;4,707;80,1371732863887
5;4,711;75,7178713260553
6;4,716;71,8171313770398
7;4,720;68,0371103727293
8;4,724;64,1637115998145
9;4,728;60,9766032332078
10;4,732;57,9263765413536
11;4,736;54,5052860296517
12;4,740;51,7134665426318
13;4,744;48,9568576095539
14;4,749;46,391864407621
15;4,753;44,0256531376792
16;4,757;41,6614893536935
17;4,761;39,4184064437485
18;4,765;37,386297313988
19;4,769;35,4484862874281
20;4,773;33,6217565444062
21;4,777;31,6961580477159
22;4,781;30,1393552032409
23;4,786;28,515791907591
24;4,790;27,0537731857103
25;4,794;25,5602562707877
26;4,798;24,1889680629418
27;4,802;23,0811333889533
28;4,806;21,7810832152065
29;4,810;20,7956013383526
30;4,814;19,6419567513057
31;4,819;18,6010273002264
32;4,823;17,6409942260896
33;4,827;16,8171913539011
34;4,831;15,8728763537708
35;4,835;15,0784621436392
36;4,839;14,3221228996207
37;4,843;13,5558461101283
38;4,847;12,8579843059167
39;4,852;12,2348971024558
40;4,856;11,5902595922649
41;4,860;11,1066909772878
42;4,864;10,5421639403392
43;4,868;9,97436919853127
44;4,872;9,60548047877253
45;4,876;9,0102618341586
46;4,880;8,59713500874214
47;4,885;8,20740950008665
48;4,889;7,75885496312664
49;4,893;7,5340658231576
50;4,897;7,15802124339065
51;4,901;6,79909075078208
52;4,905;6,47445047751922
53;4,909;6,18935356938847
54;4,913;5,98389145594451
55;4,918;5,91366682398528
56;4,922;6,13633609213108
57;4,926;7,07997893778083
58;4,930;8,88109442467506
59;4,934;11,5367043914231
60;4,938;14,3514598574867
61;4,942;16,8776335529589
62;4,946;18,5381963675531
63;4,950;19,2954042419773
64;4,955;19,2887964463916
65;4,959;19,0368936287614
66;4,963;18,530854372458
67;4,967;17,9439807842409
68;4,971;17,3048445999523
69;4,975;16,7069373374162
70;4,979;15,933980366471
71;4,983;15,4481884712891
72;4,988;14,7224787899068
73;4,992;14,1375803017787
74;4,996;13,6212932748566
75;5,000;13,1492029902395
76;5,004;12,390702511045
77;5,008;11,9188397248675
78;5,012;11,608056174742
79;5,016;11,1129782068904
80;5,021;10,6634619719813
81;5,025;10,1726961336433
82;5,029;9,76473972730796
83;5,033;9,36879937491701
84;5,037;8,9451662579278
85;5,041;8,55558552100658
86;5,045;8,1262339205137
87;5,049;7,84328790672068
88;5,054;7,54817072641079
89;5,058;7,09100227126169
90;5,062;6,79588509095181
91;5,066;6,43656164649307
92;5,070;6,14790749003453
93;5,074;5,7810145520411
94;5,078;5,46187560468051
95;5,082;5,12901436507874
96;5,087;4,69141077573245
97;5,091;4,35436149667501
98;5,095;4,09129057382965
99;5,099;3,79540817149577
100;5,103;3,55741378119366
101;5,107;3,30226394038052
102;5,111;3,05046453113192
103;5,115;2,84149687355099
104;5,119;2,59725661699893
105;5,124;2,39669606084384
106;5,128;2,34499187003304
107;5,132;2,16156608271264
108;5,136;2,004333638457
109;5,140;1,90463761773561
110;5,144;1,79316338234753
111;5,148;1,71018849693436
112;5,152;1,59558098758314
113;5,157;1,47859508545462
114;5,161;1,42248569758674
115;5,165;1,38392471208004
116;5,169;1,34810404868632
117;5,173;1,25788023572147
118;5,177;1,38512424930685
119;5,181;1,58053506805719
120;5,185;2,07213851428628
121;5,190;3,01680510291409
122;5,194;4,41663402408753
123;5,198;5,99514228786494
124;5,202;7,45746089405232
125;5,206;8,71710941309953
126;5,210;9,40465106082522
127;5,214;9,6065559259414
128;5,218;9,65800159579815
129;5,223;9,55916386464422
130;5,227;9,18659380649975
131;5,231;8,99345797214509
132;5,235;8,63057727935857
133;5,239;8,25565985095129
134;5,243;7,96035653555449
135;5,247;7,68840283272784
136;5,251;7,33977181492878
137;5,256;7,02390057242744
138;5,260;6,74200932412695
139;5,264;6,53667130074094
140;5,268;6,22849364183225
141;5,272;5,96207228742236
142;5,276;5,79953499318952
143;5,280;5,51576171234353
144;5,284;5,31678330442724
145;5,288;5,11706035616328
146;5,293;4,88836237936895
147;5,297;4,64797925545138
148;5,301;4,43041836135769
149;5,305;4,20375752968131
150;5,309;3,97772748913281
151;5,313;3,82599637077944
152;5,317;3,63451507053072
153;5,321;3,39852680283207
154;5,326;3,16755384164206
155;5,330;2,96480102779659
156;5,334;2,7538272476122
157;5,338;2,53908940233678
158;5,342;2,35110330538687
159;5,346;2,21196732791501
160;5,350;1,94945481033041
161;5,354;1,80679260704525
162;5,359;1,69659029475111
163;5,363;1,5972562033654
164;5,367;1,4676131153264
165;5,371;1,39297294547193
166;5,375;1,32569545238892
167;5,379;1,20514196109446
168;5,383;1,15721217621285
169;5,387;1,04481760622833
170;5,392;0,9962363485425
171;5,396;0,924946610252569
172;5,400;0,912279083503923
173;5,404;0,856097309768907
174;5,408;0,823554692072589
175;5,412;0,815375089086321
176;5,416;0,750651783029361
177;5,420;0,729866698323419
178;5,425;0,701346666672182
179;5,429;0,685918136134239
180;5,433;0,669238364178675
181;5,437;0,640211631457491
182;5,441;0,635217006625168
183;5,445;0,62450389828917
184;5,449;0,585136327405827
185;5,453;0,609716499717281
186;5,457;0,565902368424209
187;5,462;0,598496690311338
188;5,466;0,595611596464095
189;5,470;0,55226280288832
190;5,474;0,573792427941937
191;5,478;0,584112584427773
192;5,482;0,564589081977615
193;5,486;0,634513829630141
194;5,490;0,835053704108911
195;5,495;1,315178819978
196;5,499;2,41418241817605
197;5,503;4,30622489503015
198;5,507;7,20303491191054
199;5,511;10,6409809898168
200;5,515;14,1650662496138
201;5,519;17,1845909929645
202;5,523;19,0143919649206
203;5,528;20,2745265033614
204;5,532;20,6581819400157
205;5,536;20,4352748325922
206;5,540;19,8616271763845
207;5,544;19,1314088895636
208;5,548;18,3169541350737
209;5,552;17,5845022272097
210;5,556;16,8345639620136
211;5,561;16,0054355581716
212;5,565;15,6264645212047
213;5,569;14,9374441336218
214;5,573;14,2258393554928
215;5,577;13,5300146963992
216;5,581;12,964494938987
217;5,585;12,378965659731
218;5,589;11,7009789464671
219;5,594;11,1201133852223
220;5,598;10,5978286721661
221;5,602;10,0405091994164
222;5,606;9,44700713393743
223;5,610;8,89518898709008
224;5,614;8,2894640509034
225;5,618;7,72010784253303
226;5,622;7,14676007063206
227;5,626;6,59872667055206
228;5,631;5,98318827894949
229;5,635;5,4837671590698
230;5,639;4,86751524963404
231;5,643;4,3598835042536
232;5,647;3,91802983042266
233;5,651;3,50777775801529
234;5,655;3,17908387619287
235;5,659;2,79076472152743
236;5,664;2,55578985596867
237;5,668;2,27313338564419
238;5,672;2,01433322895981
239;5,676;1,79141578069812
240;5,680;1,66479221740247
241;5,684;1,51862446998034
242;5,688;1,34994471787919
243;5,692;1,22397262738775
244;5,697;1,12526932712993
245;5,701;1,01360895665493
246;5,705;0,94467692946597
247;5,709;0,848817359702746
248;5,713;0,817515642585888
249;5,717;0,781136573931409
250;5,721;0,694097739120508
251;5,725;0,646116250048085
252;5,730;0,63532041500679
253;5,734;0,590358450677718
254;5,738;0,558519009976427
255;5,742;0,55188019187632
256;5,746;0,538716304895891
257;5,750;0,491406970304008
258;5,754;0,50740424694087
259;5,758;0,471521538518174
260;5,763;0,461418539633744
261;5,767;0,452484055461638
262;5,771;0,422061309588563
263;5,775;0,430944089569858
264;5,779;0,418721218862185
265;5,783;0,393748094700569
266;5,787;0,394337522475812
267;5,791;0,399476919042405
268;5,795;0,370770752304249
269;5,800;0,379095127024788
270;5,804;0,366954983022412
271;5,808;0,361319226224035
272;5,812;0,357886067954198
273;5,816;0,341185614322309
274;5,820;0,335322359084364
275;5,824;0,346056149096686
276;5,828;0,332220107635716
277;5,833;0,330389779281014
278;5,837;0,31529215556426
279;5,841;0,33142386309723
280;5,845;0,325788106298853
281;5,849;0,332468287751608
282;5,853;0,339965395419174
283;5,857;0,397925793318081
284;5,861;0,621112103371982
285;5,866;1,04162228723622
286;5,870;1,87353237654384
287;5,874;3,12601469474466
288;5,878;4,83635830425145
289;5,882;6,78084951226403
290;5,886;8,62577913045133
291;5,890;9,99380997427613
292;5,894;10,9316619505551
293;5,899;11,4273500278582
294;5,903;11,5138511390847
295;5,907;11,3492663588957
296;5,911;11,0462591190681
297;5,915;10,6107443790306
298;5,919;10,1606076938318
299;5,923;9,79587599101422
300;5,927;9,29380761656503
301;5,932;8,86188114736977
302;5,936;8,5517283883721
303;5,940;8,11629637503986
304;5,944;7,78259752754696
305;5,948;7,35617238425396
306;5,952;6,9989067665895
307;5,956;6,56966891531639
308;5,960;6,2165086104023
309;5,964;5,77656799163137
310;5,969;5,38790758930658
311;5,973;4,97028249928958
312;5,977;4,56689674342188
313;5,981;4,15426627823721
314;5,985;3,75135620092497
315;5,989;3,34729829057672
316;5,993;2,99781932404836
317;5,997;2,62666596073211
318;6,002;2,30235659429045
319;6,006;2,06829172248996
320;6,010;1,83470252924492
321;6,014;1,60936532485329
322;6,018;1,41999355558966
323;6,022;1,24189329992277
324;6,026;1,11208475847318
325;6,030;1,01351588911147
326;6,035;0,920096757154516
327;6,039;0,832106565232696
328;6,043;0,740310944867201
329;6,047;0,726340472510123
330;6,051;0,662268639257379
331;6,055;0,622797659992414
332;6,059;0,579521252283774
333;6,063;0,550908153089077
334;6,068;0,537020407437296
335;6,072;0,493578546318062
336;6,076;0,471200972535147
337;6,080;0,474840947568228
338;6,084;0,452204852831259
339;6,088;0,47020825207158
340;6,092;0,453197573294827
341;6,096;0,434945993938614
342;6,101;0,43234010272175
343;6,105;0,40031452693354
344;6,109;0,439371872672019
345;6,113;0,377502637947815
346;6,117;0,367265208167277
347;6,121;0,376727075085653
348;6,125;0,362136152438845
349;6,129;0,330720686102203
350;6,133;0,356955392519603
351;6,138;0,319283719094854
352;6,142;0,324650614101015
353;6,146;0,299987715084263
354;6,150;0,284466117002861
355;6,154;0,277744572197457
356;6,158;0,28465225208978
357;6,162;0,256328696363624
358;6,166;0,269482242505891
359;6,171;0,231758864890331
360;6,175;0,213600353077578
361;6,179;0,211108211080498
362;6,183;0,201108620577689
363;6,187;0,214861935333362
364;6,191;0,185566340819962
365;6,195;0,189775061951961
366;6,199;0,189226997529367
367;6,204;0,169951675195101
368;6,208;0,175039367570883
369;6,212;0,153923376043753
370;6,216;0,167511237388831
371;6,220;0,157666759458454
372;6,224;0,152372250319428
373;6,228;0,162309795793264
374;6,232;0,1612343486244
375;6,237;0,162040934001048
376;6,241;0,179279111217369
377;6,245;0,142558794903539
378;6,249;0,144730370917592
379;6,253;0,158638798245697
380;6,257;0,159486746974995
381;6,261;0,163747172297805
382;6,265;0,15142089320851
383;6,270;0,164646825217912
384;6,274;0,236691444693682
385;6,278;0,434408270354182
386;6,282;0,888753676685008
387;6,286;1,93553604216415
388;6,290;3,65178427026153
389;6,294;6,53758129449921
390;6,298;10,3075303224397
391;6,302;14,646411584386
392;6,307;18,8176161555328
393;6,311;22,3660540892017
394;6,315;24,6341618274991
395;6,319;25,7663284936832
396;6,323;26,1306879263269
397;6,327;25,7005193996192
398;6,331;25,302841786417
399;6,335;24,0539270573821
400;6,340;23,0414659337632
401;6,344;22,0697683941795
402;6,348;21,1302618837946
403;6,352;20,0037413152471
404;6,356;18,9941135812846
405;6,360;17,8123936186274
406;6,364;16,6919741445955
407;6,368;15,6235173823285
408;6,373;14,4849600781602
409;6,377;13,3121228954843
410;6,381;12,0925347834773
411;6,385;10,9736560943316
412;6,389;9,78749991210288
413;6,393;8,53423169020173
414;6,397;7,4783183646254
415;6,401;6,40027564538205
416;6,406;5,54641195665617
417;6,410;4,77834620216173
418;6,414;4,01149032573227
419;6,418;3,43293077139757
420;6,422;2,96900974892859
421;6,426;2,52656664732241
422;6,430;2,14746117945946
423;6,434;1,89507234243561
424;6,439;1,63053302057124
425;6,443;1,40466843343334
426;6,447;1,2421311392005
427;6,451;1,08847662494897
428;6,455;0,970074027992235
429;6,459;0,853015739996583
430;6,463;0,746132836752497
431;6,467;0,662413410991649
432;6,471;0,617399742471766
433;6,476;0,570555745597181
434;6,480;0,504033133700006
435;6,484;0,492079124784549
436;6,488;0,458698899197096
437;6,492;0,385258266569435
438;6,496;0,378588425954842
439;6,500;0,349292831441443
440;6,504;0,362084448248034
441;6,509;0,297361142191075
442;6,513;0,312282971659072
443;6,517;0,295944447362859
444;6,521;0,269999284413999
445;6,525;0,306585169831721
446;6,529;0,260940710183947
447;6,533;0,276638102514106
448;6,537;0,271540069300161
449;6,542;0,284621229575294
450;6,546;0,253350534972921
451;6,550;0,25870708914092
452;6,554;0,266876351289027
453;6,558;0,271974384502972
454;6,562;0,293359237822319
455;6,566;0,30557176769183
456;6,570;0,308239703937667
457;6,575;0,329872737372906
458;6,579;0,336894166485013
459;6,583;0,341071865102525
460;6,587;0,348155339243605
461;6,591;0,355766196130955
462;6,595;0,330431142633663
463;6,599;0,33855904142912
464;6,603;0,322406652219826
465;6,608;0,339737896979607
466;6,612;0,328724904336906
467;6,616;0,318270316954962
468;6,620;0,307040166710856
469;6,624;0,287754503538428
470;6,628;0,281839544109672
471;6,632;0,292066633052049
472;6,636;0,288829950707293
473;6,640;0,30404132364383
474;6,645;0,375041518465221
475;6,649;0,571920736234586
476;6,653;1,01607007613752
477;6,657;1,77982370111834
478;6,661;3,04860318026273
479;6,665;4,66848513752694
480;6,669;6,64639793447962
481;6,673;8,77475958585357
482;6,678;10,5951503950821
483;6,682;12,0051340193307
484;6,686;12,8885311418478
485;6,690;13,2494574162216
486;6,694;13,1683542225158
487;6,698;12,9214356888798
488;6,702;12,4256959073858
489;6,706;11,8243968499325
490;6,711;11,2435829928785
491;6,715;10,6830061561078
492;6,719;10,0616148501054
493;6,723;9,45034722466381
494;6,727;8,76569067078535
495;6,731;8,13778463674083
496;6,735;7,38356526454553
497;6,739;6,78837764244608
498;6,744;6,27834682261202
499;6,748;5,86055627918443
500;6,752;5,8740924363387
501;6,756;6,38385439438054
502;6,760;7,47950756101405
503;6,764;9,06146966473762
504;6,768;10,8632779877887
505;6,772;12,836764906008
506;6,777;14,3524215554358
507;6,781;15,4274654316121
508;6,785;16,0443274504994
509;6,789;15,9044779551944
510;6,793;15,4453033774418
511;6,797;14,9221913973326
512;6,801;14,3984589669337
513;6,805;13,7161601241562
514;6,809;12,8448721231271
515;6,814;12,0117935191072
516;6,818;11,3323590885006
517;6,822;10,4757964410144
518;6,826;9,55814012166617
519;6,830;8,77485265339703
520;6,834;7,85464214702273
521;6,838;6,93086405148248
522;6,842;6,03514064987618
523;6,847;5,16166039115668
524;6,851;4,46810037562061
525;6,855;3,78176860595988
526;6,859;3,20224735367611
527;6,863;2,6362622585466
528;6,867;2,25066274431781
529;6,871;1,87536270489854
530;6,875;1,56843628740746
531;6,880;1,33025576201843
532;6,884;1,1375749245429
533;6,888;1,00187210534088
534;6,892;0,841465023769451
535;6,896;0,730787032919851
536;6,900;0,674605259184836
537;6,904;0,579676364856206
538;6,908;0,500093274360223
539;6,913;0,442339693224559
540;6,917;0,408638901654079
541;6,921;0,362115470762521
542;6,925;0,330224325870419
543;6,929;0,299232833898426
544;6,933;0,301621567513885
545;6,937;0,279564559713997
546;6,941;0,251964862659192
547;6,946;0,223362104302657
548;6,950;0,218998270598226
549;6,954;0,197985687452716
550;6,958;0,227250259451629
551;6,962;0,183467150673044
552;6,966;0,192039705509474
553;6,970;0,178906841043531
554;6,974;0,149197613003645
555;6,978;0,138474163829485
556;6,983;0,171451096728614
557;6,987;0,134461918622567
558;6,991;0,14615740658397
559;6,995;0,124048694593272
560;6,999;0,110605604982464
561;7,003;0,113925014032517
562;7,007;0,117109992186463
563;7,011;0,083471245644956
564;7,016;0,0973279687822505
565;7,020;0,0898825653054952
566;7,024;0,0899756328489547
567;7,028;0,0758086845667954
568;7,032;0,0784869616507949
569;7,036;0,0753640285258225
570;7,040;0,0654575055664732
571;7,044;0,0702349727973911
572;7,049;0,0650748945544733
573;7,053;0,05581984439934
574;7,057;0,054330763703989
575;7,061;0,0451067360633422
576;7,065;0,0404533588903702
577;7,069;0,0565747255851777
578;7,073;0,036441113683452
579;7,077;0,0301228615663723
580;7,082;0,0322427333896151
581;7,086;0,0398122269243162
582;7,090;0,0379301943788031
583;7,094;0,0328011386503717
584;7,098;0,0345590811379389
585;7,102;0,0108475392321059
586;7,106;0,0150252378496186
587;7,110;0,0177862416389153
588;7,115;0,0225326863553468
589;7,119;0,0183239652233476
590;7,123;0,0317256914815071
591;7,127;0,0232668858648601
592;7,131;0,0320048941118854
593;7,135;0,0732338158644175
594;7,139;0,132569545238892
595;7,143;0,319045879817124
596;7,147;0,694893983658994
597;7,152;1,43357107609657
598;7,156;2,59781502225969
599;7,160;4,46982729559369
600;7,164;6,75931988721041
601;7,168;9,20471095495986
602;7,172;11,5464868243245
603;7,176;13,3153699186672
604;7,180;14,4780006940771
605;7,185;15,1055034354333
606;7,189;15,3001076688069
607;7,193;14,8409124093781
608;7,197;14,4015819000587
609;7,201;13,6548079313401
610;7,205;12,8342314006583
611;7,209;12,0936826165133
612;7,213;11,1427184574448
613;7,218;10,2494354936447
614;7,222;9,24197933569628
615;7,226;8,18670714208601
616;7,230;7,14367850085974
617;7,234;6,1017873518313
618;7,238;5,37079350214821
619;7,242;4,91659286755165
620;7,246;4,89379131940409
621;7,251;5,96965212179522
622;7,255;8,3804634267304
623;7,259;12,6244261351862
624;7,263;18,5571614647425
625;7,267;25,814527140357
626;7,271;33,5873629166789
627;7,275;40,8589369039282
628;7,279;46,8544411211289
629;7,284;50,5805863586145
630;7,288;52,2734332699509
631;7,292;52,4966919658719
632;7,296;51,6740162450431
633;7,300;49,6579767777866
634;7,304;47,1295074162423
635;7,308;44,0396546325507
636;7,312;40,4271345247909
637;7,317;36,8478808933988
638;7,321;32,5769699606924
639;7,325;28,6921962657992
640;7,329;24,6482357082378
641;7,333;20,8532308294304
642;7,337;17,5005863255238
643;7,341;14,3809622687633
644;7,345;11,8159587259922
645;7,349;9,7387945643591
646;7,354;7,93291195107212
647;7,358;6,48315746325176
648;7,362;5,41871294619165
649;7,366;4,50831589523325
650;7,370;3,70894842362195
651;7,374;3,17214517378606
652;7,378;2,69336436687805
653;7,382;2,30735121912277
654;7,387;1,97020887252187
655;7,391;1,75854225618062
656;7,395;1,53869603685309
657;7,399;1,37159843299075
658;7,403;1,22952565748083
659;7,407;1,15090426493393
660;7,411;1,0343319963319
661;7,415;0,891711156399386
662;7,420;0,871298341867282
663;7,424;0,771074938399627
664;7,428;0,720260059670772
665;7,432;0,683974058559753
666;7,436;0,613532268999119
667;7,440;0,561031833649832
668;7,444;0,519089394064111
669;7,448;0,485781554343793
670;7,453;0,475202876903903
671;7,457;0,457737201248015
672;7,461;0,395516378026298
673;7,465;0,395268197910406
674;7,469;0,368868038082411
675;7,473;0,348724085342524
676;7,477;0,348672381151713
677;7,481;0,328755926851393
678;7,486;0,299936010893453
679;7,490;0,301900770144263
680;7,494;0,292459584902211
681;7,498;0,283256238937888
682;7,502;0,272408699705782
683;7,506;0,261788658913244
684;7,510;0,280950232027727
685;7,514;0,271322911698756
686;7,518;0,240372783079411
687;7,523;0,242802880047518
688;7,527;0,230993642866331
689;7,531;0,212638655128497
690;7,535;0,187572463423421
691;7,539;0,200043514246986
692;7,543;0,196920581122014
693;7,547;0,172795405689695
694;7,551;0,164760574437696
695;7,556;0,180364899224396
696;7,560;0,150138629276402
697;7,564;0,144895824328187
698;7,568;0,162609680099967
699;7,572;0,164512394321804
700;7,576;0,157056650006887
701;7,580;0,161389461196832
702;7,584;0,151576005780942
703;7,589;0,189268360882016
704;7,593;0,307826070411181
705;7,597;0,512419553449517
706;7,601;0,996453506143905
707;7,605;1,84572586272579
708;7,609;3,31029877163252
709;7,613;5,3741025703601
710;7,617;7,72126601640719
711;7,622;10,4315376536804
712;7,626;12,943833944339
713;7,630;15,0071000194821
714;7,634;16,4428943757836
715;7,638;17,0649785179428
716;7,642;17,22524082778
717;7,646;16,8622774082881
718;7,650;16,1192364821461
719;7,655;15,0890925252699
720;7,659;13,903432703273
721;7,663;12,5518541329642
722;7,667;11,1205683821014
723;7,671;9,60118903093524
724;7,675;8,16929317062093
725;7,679;6,95219720061102
726;7,683;5,72335403844889
727;7,687;4,82077466114107
728;7,692;3,98737549113811
729;7,696;3,2777561539362
730;7,700;2,73604100597328
731;7,704;2,26710467699565
732;7,708;1,86870320512211
733;7,712;1,60363650051146
734;7,716;1,32783600588849
735;7,720;1,17221673238614
736;7,725;0,976371598432991
737;7,729;0,839489923680478
738;7,733;0,739101066802228
739;7,737;0,649632135023219
740;7,741;0,591671737124312
741;7,745;0,508738215063788
742;7,749;0,449257713955044
743;7,753;0,405774489483161
744;7,758;0,386871437322732
745;7,762;0,377606046329437
746;7,766;0,445069674499369
747;7,770;0,611619213939119
748;7,774;1,01336077653904
749;7,778;1,86644890240276
750;7,782;3,25096304225804
751;7,786;5,36393752644669
752;7,791;8,03264933514615
753;7,795;11,2042774670241
754;7,799;14,1625017217496
755;7,803;16,7527886138272
756;7,807;18,4922003194078
757;7,811;19,4514888531969
758;7,815;19,7654987448291
759;7,819;19,2750121091215
760;7,824;18,4907526020651
761;7,828;17,1755531004108
762;7,832;15,80778077754
763;7,836;14,0773035561315
764;7,840;12,3516451653066
765;7,844;10,6285202798314
766;7,848;8,81933893917064
767;7,852;7,34161248412164
768;7,856;5,99194696887284
769;7,861;4,85592317005426
770;7,865;3,9070064969418
771;7,869;3,21692100302821
772;7,873;2,67360302515016
773;7,877;2,1822374181988
774;7,881;1,86105098488211
775;7,885;1,55469331348995
776;7,889;1,35112357342967
777;7,894;1,13951900211739
778;7,898;1,03563494194033
779;7,902;0,918886879089543
780;7,906;0,819128813339185
781;7,910;0,750662123867523
782;7,914;0,728708524449257
783;7,918;0,677966031587538
784;7,922;0,644771941087004
785;7,927;0,593471042964528
786;7,931;0,58093794711199
787;7,935;0,556492205696644
788;7,939;0,521033471638597
789;7,943;0,514208518451571
790;7,947;0,468181447791797
791;7,951;0,438627332324343
792;7,955;0,389084376689434
793;7,960;0,390128801343813
794;7,964;0,337018256542959
795;7,968;0,349458284852037
796;7,972;0,31452693354026
797;7,976;0,266348968542757
798;7,980;0,280122964974754
799;7,984;0,253712464308597
800;7,988;0,229856150668494
801;7,993;0,177407419510018
802;7,997;0,204707232258121
803;8,001;0,152413613672077
804;8,005;0,163385242962129
805;8,009;0,144895824328187
806;8,013;0,133252040557595
807;8,017;0,119664179212516
808;8,021;0,116686017821814
809;8,025;0,0894689317790088
810;8,030;0,101981345955223
811;8,034;0,081920119920632
812;8,038;0,0893965459118737
813;8,042;0,0683012360610672
814;8,046;0,0799657015079837
815;8,050;0,0644647851029058
816;8,054;0,0619519614295009
817;8,058;0,0653023929940408
818;8,063;0,0551166674043131
819;8,067;0,0534000882693945
820;8,071;0,0442794690103694
821;8,075;0,0459546847926393
822;8,079;0,03437294605102
823;8,083;0,0257383461856164
824;8,087;0,0379818985696139
825;8,091;0,0393675708833433
826;8,096;0,032366823447561
827;8,100;0,00566677931286371
828;8,104;0,013246613685727
829;8,108;0
830;8,112;0,013763655593835
831;8,116;0,00528416830086379
832;8,120;0,0196682741844284
833;8,124;0,0395847284847487
834;8,129;0,133148632175973
835;8,133;0,336914848161337
836;8,137;0,79464170857119
837;8,141;1,68453287745404
838;8,145;3,14196026719071
839;8,149;5,32361859845243
840;8,153;8,19587946553585
841;8,157;11,3525857679458
842;8,162;14,4357376885083
843;8,166;16,9603602582562
844;8,170;18,8236965683722
845;8,174;19,691013687547
846;8,178;19,8664149844536
847;8,182;19,3946349249814
848;8,186;18,504330122572
849;8,190;16,8956783155519
850;8,194;15,0699412929936
851;8,199;12,8944461012765
852;8,203;11,0073775675784
853;8,207;9,11237761100993
854;8,211;7,31310279330857
855;8,215;5,96656021118473
856;8,219;4,82416645605826
857;8,223;3,91347986163131
858;8,227;3,23270112206367
859;8,232;2,59273767072207
860;8,236;2,11576651049243
861;8,240;1,83891125037692
862;8,244;1,55140492695439
863;8,248;1,33375096531724
864;8,252;1,14389317665998
865;8,256;0,940726729288025
866;8,260;0,840069010617559
867;8,265;0,754508915663847
868;8,269;0,688803229981482
869;8,273;0,624204013982468
870;8,277;0,571879372881938
871;8,281;0,529564663122379
872;8,285;0,463486707266176
873;8,289;0,436859048998614
874;8,293;0,400190436875594
875;8,298;0,382083629253652
876;8,302;0,397326024704676
877;8,306;0,554806649076212
878;8,310;0,890832185155603
879;8,314;1,68330231771274
880;8,318;3,36094819695078
881;8,322;6,31184079741926
882;8,326;10,6883213469231
883;8,331;16,6923464147694
884;8,335;23,6006674390583
885;8,339;30,7992351088828
886;8,343;37,3446133953563
887;8,347;42,3762894508146
888;8,351;45,7929334021068
889;8,355;47,0309592285569
890;8,359;46,0267811163059
891;8,363;43,1713447929123
892;8,368;38,962551275046
893;8,372;34,122459928218
894;8,376;28,9049073067949
895;8,380;24,0591284989777
896;8,384;19,3781929923035
897;8,388;15,581016537482
898;8,392;12,4370294660115
899;8,396;9,95207435145365
900;8,401;7,95625122280411
901;8,405;6,48408813868636
902;8,409;5,37854913076983
903;8,413;4,43413072225791
904;8,417;3,75256607898994
905;8,421;3,20970309799102
906;8,425;2,71751022398669
907;8,429;2,43688055794199
908;8,434;2,18526728378031
909;8,438;1,91994205821561
910;8,442;1,72849178048138
911;8,446;1,51844867573158
912;8,450;1,38294233245464
913;8,454;1,27258490758807
914;8,458;1,15314822681512
915;8,462;1,03542812517709
916;8,467;0,960653524426507
917;8,471;0,90216574378133
918;8,475;0,790019353912704
919;8,479;0,775655929705464
920;8,483;0,713311016425801
921;8,487;0,647129652187977
922;8,491;0,60382222196485
923;8,495;0,54206673646043
924;8,500;0,518727464728435
925;8,504;0,49476774270671
926;8,508;0,470218592909742
927;8,512;0,522625960715569
928;8,516;0,592912637703771
929;8,520;0,806575035810323
930;8,524;1,27024787816342
931;8,528;2,14053281789081
932;8,532;3,61926233424153
933;8,537;5,89759716148129
934;8,541;8,87473480920533
935;8,545;12,2875112870249
936;8,549;15,877540071782
937;8,553;19,0301617431179
938;8,557;21,3215570489564
939;8,561;22,7150056729838
940;8,565;22,8357866627178
941;8,570;22,0607098199495
942;8,574;20,5635322483174
943;8,578;18,4376834206169
944;8,582;15,9676604763652
945;8,586;13,4985268441954
946;8,590;11,1381374661389
947;8,594;9,10411528131837
948;8,598;7,31352676767322
949;8,603;5,94114243098214
950;8,607;4,83924339809869
951;8,611;3,98778912466459
952;8,615;3,28757995019025
953;8,619;2,79728979040776
954;8,623;2,42941447278891
955;8,627;2,22758199353987
956;8,631;2,25352715648873
957;8,636;2,84744285549423
958;8,640;4,08114621159258
959;8,644;6,46088329785047
960;8,648;10,4178257022773
961;8,652;15,9425736029838
962;8,656;23,0056349295313
963;8,660;30,5443644707001
964;8,664;37,691817377489
965;8,669;43,2513001535821
966;8,673;46,7331017261341
967;8,677;47,6500238459728
968;8,681;46,4686244492987
969;8,685;43,065278815883
970;8,689;38,1014179770921
971;8,693;32,4692908129098
972;8,697;27,0434013250336
973;8,701;22,0554256516486
974;8,706;17,6898857089203
975;8,710;14,0516582774894
976;8,714;11,2700865610881
977;8,718;9,03312542733514
978;8,722;7,48735625717913
979;8,726;6,16074047019377
980;8,730;5,14187836775247
981;8,734;4,21946526284963
982;8,739;3,70521538104541
983;8,743;3,19909339803665
984;8,747;2,8375053100204
985;8,751;2,45997164955809
986;8,755;2,17717040749934
987;8,759;1,982524810773
988;8,763;1,78115766924126
989;8,767;1,62399761085275
990;8,772;1,4845307265597
991;8,776;1,34138250388092
992;8,780;1,2565876309512
993;8,784;1,18404665124365
994;8,788;1,04144649298746
995;8,792;0,982172808641962
996;8,796;0,894658295275602
997;8,800;0,872684014181012
998;8,805;0,806016630549566
999;8,809;0,745160797965254
1000;8,813;0,70703412766137
1001;8,817;0,702204956239641
1002;8,821;0,633976106045709
1003;8,825;0,576356955806153
1004;8,829;0,552149053668536
1005;8,833;0,544455470075889
1006;8,838;0,505305056793951
1007;8,842;0,525428327857515
1008;8,846;0,606945155089823
1009;8,850;0,846987031348044
1010;8,854;1,46755107029743
1011;8,858;2,75839789807987
1012;8,862;5,24551424781364
1013;8,866;9,64774348434128
1014;8,870;16,5686699903499
1015;8,875;25,59344002045
1016;8,879;36,5541493854026
1017;8,883;47,4141286458176
1018;8,887;57,4378753465732
1019;8,891;64,9602353409312
1020;8,895;69,3068101864701
1021;8,899;69,5829415879143
1022;8,903;66,4188415862184
1023;8,908;60,3009742310449
1024;8,912;52,1360138716139
1025;8,916;43,5801801704915
1026;8,920;35,6149944635152
1027;8,924;28,2510457689633
1028;8,928;22,4642403475514
1029;8,932;17,7398112755672
1030;8,936;14,2170393022168
1031;8,941;11,4065959656668
1032;8,945;9,37702034125593
1033;8,949;7,76365311203388
1034;8,953;6,59085729271066
1035;8,957;5,6567797223609
1036;8,961;4,86926285128344
1037;8,965;4,28846967590572
1038;8,969;3,82708215878647
1039;8,974;3,37122699008396
1040;8,978;3,00062169119031
1041;8,982;2,75849096562333
1042;8,986;2,54552140367364
1043;8,990;2,282750365135
1044;8,994;2,09141383662055
1045;8,998;1,91135916254102
1046;9,002;1,81049462710731
1047;9,007;1,65585773323037
1048;9,011;1,49601939775786
1049;9,015;1,43767638884695
1050;9,019;1,35539433959064
1051;9,023;1,27270899764601
1052;9,027;1,20930931887381
1053;9,031;1,19140932801511
1054;9,035;1,07250002998843
1055;9,039;1,05387618045838
1056;9,044;0,994499087731257
1057;9,048;0,945452492328132
1058;9,052;0,88081191297647
1059;9,056;0,886385624745874
1060;9,060;0,780547146156166
1061;9,064;0,762874653737034
1062;9,068;0,72848102600969
1063;9,072;0,703487220171749
1064;9,077;0,682650431274996
1065;9,081;0,62406958308636
1066;9,085;0,618123601143118
1067;9,089;0,560825016886589
1068;9,093;0,506421867315465
1069;9,097;0,546471933517511
1070;9,101;0,532604869542054
1071;9,105;0,609809567260741
1072;9,110;0,77257435993314
1073;9,114;1,26038271855672
1074;9,118;2,11796910902097
1075;9,122;3,60322369425202
1076;9,126;6,04522296708428
1077;9,130;8,9697360894011
1078;9,134;12,5601888485229
1079;9,138;16,0768804090339
1080;9,143;18,9913939408479
1081;9,147;20,858566701922
1082;9,151;21,5805950449185
1083;9,155;20,9875996805095
1084;9,159;19,3499625041208
1085;9,163;17,1322973743785
1086;9,167;14,4788796653208
1087;9,171;12,0381419747444
1088;9,176;9,74808063702872
1089;9,180;7,82202714345927
1090;9,184;6,31708360236747
1091;9,188;5,04785946718211
1092;9,192;4,16537233842337
1093;9,196;3,40043985789207
1094;9,200;2,88929222753649
1095;9,204;2,45315703720923
1096;9,208;2,15028422827772
1097;9,213;1,86902377110513
1098;9,217;1,62159853639913
1099;9,221;1,46215315277678
1100;9,225;1,3119007742806
1101;9,229;1,19464601035987
1102;9,233;1,06043227185319
1103;9,237;0,984592564771908
1104;9,241;0,858785927691069
1105;9,246;0,821238344324265
1106;9,250;0,73288622306677
1107;9,254;0,697355103141588
1108;9,258;0,664740099578135
1109;9,262;0,596314773459122
1110;9,266;0,572851411669181
1111;9,270;0,520899040742489
1112;9,274;0,489380166024225
1113;9,279;0,442091513108667
1114;9,283;0,425618557916346
1115;9,287;0,404699042314296
1116;9,291;0,398649651989432
1117;9,295;0,358589244949224
1118;9,299;0,343936277273444
1119;9,303;0,327918318960258
1120;9,307;0,293276511117021
1121;9,312;0,276059015577025
1122;9,316;0,28153965980297
1123;9,320;0,266504081115189
1124;9,324;0,259658446251839
1125;9,328;0,234581913708601
1126;9,332;0,223331081788171
1127;9,336;0,209836287986552
1128;9,340;0,234995547235087
1129;9,345;0,201511913266013
1130;9,349;0,190560965652286
1131;9,353;0,169817244298993
1132;9,357;0,169248498200074
1133;9,361;0,150045561732942
1134;9,365;0,166239314294885
1135;9,369;0,169858607651641
1136;9,373;0,142362318978458
1137;9,377;0,143996171408079
1138;9,382;0,113645811402139
1139;9,386;0,130832284427649
1140;9,390;0,138339732933377
1141;9,394;0,205575862663742
1142;9,398;0,351278272368577
1143;9,402;0,67036551553835
1144;9,406;1,43737650454025
1145;9,410;3,00865652244231
1146;9,415;5,82422891472076
1147;9,419;10,6413739416669
1148;9,423;17,4991282673429
1149;9,427;25,896529986983
1150;9,431;34,8297732585098
1151;9,435;44,2555196291858
1152;9,439;51,6758465733978
1153;9,443;55,1443188055587
1154;9,448;55,0826253650833
1155;9,452;51,5187485600383
1156;9,456;45,4674141576002
1157;9,460;39,042837542537
1158;9,464;33,200222617564
1159;9,468;28,9966822454841
1160;9,472;26,9087015671333
1161;9,476;26,1232011594975
1162;9,481;26,5202790040863
1163;9,485;26,9304793723028
1164;9,489;26,9100458760944
1165;9,493;26,247963371924
1166;9,497;24,4167250234634
1167;9,501;22,2813729654918
1168;9,505;19,4106942466472
1169;9,509;16,5416804027467
1170;9,514;13,8706832688134
1171;9,518;11,3794616063293
1172;9,522;9,35767263305453
1173;9,526;7,7012047903726
1174;9,530;6,43825754395166
1175;9,534;5,34869513099567
1176;9,538;4,60963542754609
1177;9,542;3,95766626309822
1178;9,546;3,52677387771918
1179;9,551;3,09120743349083
1180;9,555;2,79595582228484
1181;9,559;2,56293537513872
1182;9,563;2,25751872001932
1183;9,567;2,07068045610542
1184;9,571;1,92489531969528
1185;9,575;1,74354804084548
1186;9,579;1,63712013448053
1187;9,584;1,5285826971305
1188;9,588;1,43866910931052
1189;9,592;1,32778430169768
1190;9,596;1,24401317174602
1191;9,600;1,15514400858041
1192;9,604;1,07853907947513
1193;9,608;1,04218069249698
1194;9,612;1,0039712954878
1195;9,617;0,935670059426729
1196;9,621;0,885041315784793
1197;9,625;0,844691365276044
1198;9,629;0,837773344545559
1199;9,633;0,812396927695619
1200;9,637;0,766835194753141
1201;9,641;0,751551435949469
1202;9,645;0,740528102468606
1203;9,650;0,722173114730772
1204;9,654;0,745936360827416
1205;9,658;0,778727158639625
1206;9,662;1,05404163386897
1207;9,666;1,53384618375504
1208;9,670;2,58185910897547
1209;9,674;4,27297910033881
1210;9,678;6,72416103745907
1211;9,683;9,96349063678468
1212;9,687;13,3470025426053
1213;9,691;16,2592204083473
1214;9,695;18,257349543907
1215;9,699;19,1571265540729
1216;9,703;18,9549011229737
1217;9,707;17,5616799973858
1218;9,711;15,5705516092619
1219;9,715;13,4358717057709
1220;9,720;11,3240553954564
1221;9,724;9,61628665465199
1222;9,728;8,84642159431734
1223;9,732;8,85347404594393
1224;9,736;10,0951605291035
1225;9,740;12,5618123601143
1226;9,744;16,0563124819294
1227;9,748;20,2974935049196
1228;9,753;24,1511102544301
1229;9,757;26,8641325546544
1230;9,761;27,7213983791357
1231;9,765;26,8186328667409
1232;9,769;24,5385814603663
1233;9,773;21,2745269169949
1234;9,777;17,8206456074808
1235;9,781;14,6824287237048
1236;9,786;11,9790751071621
1237;9,790;9,76410893618007
1238;9,794;7,96151470942865
1239;9,798;6,66387395097367
1240;9,802;5,61429955919075
1241;9,806;4,82318407643286
1242;9,810;4,16472086561915
1243;9,814;3,69293046530876
1244;9,819;3,20482222237848
1245;9,823;2,88949904429974
1246;9,827;2,58664691704456
1247;9,831;2,31565491216699
1248;9,835;2,12672779894432
1249;9,839;1,92297192379712
1250;9,843;1,7510037851604
1251;9,847;1,59808347041838
1252;9,852;1,49459236209148
1253;9,856;1,40578524395485
1254;9,860;1,34227181596286
1255;9,864;1,22528591383435
1256;9,868;1,13608584384755
1257;9,872;1,0871012934734
1258;9,876;1,01583223685979
1259;9,880;0,959671144801102
1260;9,884;0,898463723719277
1261;9,889;0,866076218595392
1262;9,893;0,814196233535834
1263;9,897;0,779937036704598
1264;9,901;0,731335097342446
1265;9,905;0,689982085531968
1266;9,909;0,668886775681161
1267;9,913;0,636964608274573
1268;9,917;0,613563291513605
1269;9,922;0,604897669133715
1270;9,926;0,557060951795562
1271;9,930;0,545282737128862
1272;9,934;0,58093794711199
1273;9,938;0,629281365520088
1274;9,942;0,79114650527238
1275;9,946;1,16217577853068
1276;9,950;1,91830820578599
1277;9,955;3,22880262607653
1278;9,959;5,5371672473392
1279;9,963;9,14276933436852
1280;9,967;13,7951641277151
1281;9,971;18,8345544484424
1282;9,975;23,405318665337
1283;9,979;26,2958104301003
1284;9,983;26,7658118654086
1285;9,988;25,5641237442603
1286;9,992;22,8015584884011
1287;9,996;19,4640633124021
1288;10,000;16,0984307157639
1289;10,004;13,178188359608
1290;10,008;10,6120680063154
1291;10,012;8,85278120978706
1292;10,016;7,35719612723202
1293;10,021;6,22778012399906
1294;10,025;5,30893460826216
1295;10,029;4,61626390480803
1296;10,033;3,99044672007227
1297;10,037;3,5989115647384
1298;10,041;3,22679650347307
1299;10,045;2,82779526298613
1300;10,049;2,57741254856575
1301;10,053;2,33035958403358
1302;10,058;2,13477297103448
1303;10,062;1,9215035247781
1304;10,066;1,82900472741757
1305;10,070;1,65875316791577
1306;10,074;1,56907741937352
1307;10,078;1,46055032286165
1308;10,082;1,36006839843994
1309;10,086;1,26491200567174
1310;10,091;1,20943340893175
1311;10,095;1,15007699788096
1312;10,099;1,09563248495718
1313;10,103;1,06161112740368
1314;10,107;1,01359861581677
1315;10,111;0,958026951533319
1316;10,115;0,919755509495164
1317;10,119;0,864938726397554
1318;10,124;0,843047172008261
1319;10,128;0,781219300636706
1320;10,132;0,749348837420929
1321;10,136;0,742689337644498
1322;10,140;0,711098077059099
1323;10,144;0,659393886248298
1324;10,148;0,611805349026038
1325;10,152;0,594598194324203
1326;10,157;0,575064351035883
1327;10,161;0,556388797315022
1328;10,165;0,543855701462484
1329;10,169;0,555840732892428
1330;10,173;0,511457855500437
1331;10,177;0,514291245156868
1332;10,181;0,489607664463792
1333;10,185;0,529719775694811
1334;10,190;0,532739300438162
1335;10,194;0,723786285484069
1336;10,198;1,03297734653265
1337;10,202;1,72646497620159
1338;10,206;3,02879013434403
1339;10,210;5,08761998991561
1340;10,214;8,09867558681154
1341;10,218;11,8654809999508
1342;10,222;15,8311510717865
1343;10,227;19,2013026147016
1344;10,231;21,5186844468417
1345;10,235;22,170043501838
1346;10,239;21,2674951470446
1347;10,243;19,2048598630294
1348;10,247;16,7834905623306
1349;10,251;14,1246645949142
1350;10,255;11,6574440178044
1351;10,260;9,50942443308423
1352;10,264;7,87619245375267
1353;10,268;6,43784391042518
1354;10,272;5,38325421213361
1355;10,276;4,52574020753649
1356;10,280;3,89037842917705
1357;10,284;3,3784035317685
1358;10,288;2,94578422641637
1359;10,293;2,58882883389677
1360;10,297;2,30756837672418
1361;10,301;2,03336037117818
1362;10,305;1,87235352099335
1363;10,309;1,73057028895197
1364;10,313;1,5696565063106
1365;10,317;1,4638697319117
1366;10,321;1,34274749451832
1367;10,326;1,23418937549197
1368;10,330;1,15253811736355
1369;10,334;1,03786856298336
1370;10,338;0,989380372840988
1371;10,342;0,924336500801001
1372;10,346;0,897884636782196
1373;10,350;0,833554282575398
1374;10,354;0,802118134562432
1375;10,359;0,740745260070012
1376;10,363;0,721676754498988
1377;10,367;0,71182193573045
1378;10,371;0,64010822307587
1379;10,375;0,610088769891119
1380;10,379;0,579386821387666
1381;10,383;0,569718137706046
1382;10,387;0,537506426830918
1383;10,391;0,515118512209841
1384;10,396;0,490527999060225
1385;10,400;0,47599912144239
1386;10,404;0,437262341686938
1387;10,408;0,454148930405745
1388;10,412;0,422681759878292
1389;10,416;0,383200439775165
1390;10,420;0,402320649536999
1391;10,424;0,363863072411926
1392;10,429;0,35698641503409
1393;10,433;0,338776199030526
1394;10,437;0,348496586902956
1395;10,441;0,317825660913989
1396;10,445;0,31447522934945
1397;10,449;0,308177658908694
1398;10,453;0,298705451152155
1399;10,457;0,291911520479616
1400;10,462;0,270568030512918
1401;10,466;0,294527752534643
1402;10,470;0,288374953828158
1403;10,474;0,323233919272799
1404;10,478;0,39332412033592
1405;10,482;0,586770179835448
1406;10,486;0,95061257057105
1407;10,490;1,73226618641057
1408;10,495;3,05355644174241
1409;10,499;5,52435494885628
1410;10,503;9,32242071575973
1411;10,507;14,8600843233307
1412;10,511;22,1318858090196
1413;10,515;30,6960852482153
1414;10,519;39,0027771354968
1415;10,523;46,3892171530514
1416;10,528;50,9329711006664
1417;10,532;51,2064862700555
1418;10,536;48,2373007268782
1419;10,540;42,4241054864765
1420;10,544;35,8184194318413
1421;10,548;29,6171738985663
1422;10,552;25,1374607616896
1423;10,556;21,8357448857317
1424;10,560;20,3647399754881
1425;10,565;20,172276295614
1426;10,569;21,3586599762823
1427;10,573;22,955616295341
1428;10,577;24,6615960711433
1429;10,581;25,6622169350666
1430;10,585;25,7873824401814
1431;10,589;24,6385980470707
1432;10,593;22,6595063945675
1433;10,598;20,0599747931729
1434;10,602;17,3445637593331
1435;10,606;14,7231406035492
1436;10,610;12,3227011592907
1437;10,614;10,4765099588476
1438;10,618;8,80479972071464
1439;10,622;7,56555367536138
1440;10,626;6,53458245143219
1441;10,631;5,72359187772662
1442;10,635;5,05919302580784
1443;10,639;4,57463169036718
1444;10,643;4,04102375952339
1445;10,647;3,69036593744455
1446;10,651;3,41254897937996
1447;10,655;3,08024614503894
1448;10,659;2,81674090699078
1449;10,664;2,65040852515243
1450;10,668;2,45153352561777
1451;10,672;2,28056844828278
1452;10,676;2,15020150157243
1453;10,680;2,07674018726844
1454;10,684;1,93531888456274
1455;10,688;1,80953292915823
1456;10,692;1,71931945703154
1457;10,697;1,65069765498745
1458;10,701;1,56282121228541
1459;10,705;1,50485047354834
1460;10,709;1,47960848759451
1461;10,713;1,40433752661215
1462;10,717;1,30896397624254
1463;10,721;1,27738305649531
1464;10,725;1,27426012337034
1465;10,729;1,19924768334203
1466;10,734;1,14934279837144
1467;10,738;1,14368635989674
1468;10,742;1,09071024599199
1469;10,746;1,0555927595933
1470;10,750;1,11990243212377
1471;10,754;1,22674397201521
1472;10,758;1,6052910346174
1473;10,762;2,21733422292117
1474;10,767;3,29042368068484
1475;10,771;5,03911111809692
1476;10,775;7,41626299481428
1477;10,779;10,5113068792633
1478;10,783;13,776726413272
1479;10,787;16,6977546731282
1480;10,791;18,4667308350144
1481;10,795;19,2260172179092
1482;10,800;19,0258702952806
1483;10,804;17,6775697706692
1484;10,808;15,9713831781036
1485;10,812;14,39133412944
1486;10,816;13,2104621155121
1487;10,820;12,9662632223127
1488;10,824;13,8322360325265
1489;10,828;16,1428342748322
1490;10,833;20,2143635069339
1491;10,837;25,7265679709497
1492;10,841;31,9857221979327
1493;10,845;37,3911368262479
1494;10,849;41,2163059299743
1495;10,853;42,9130823598124
1496;10,857;41,9319229533103
1497;10,861;38,7320022882207
1498;10,866;34,5159701836409
1499;10,870;29,5850345735583
1500;10,874;25,0109095842611
1501;10,878;20,8845015240327
1502;10,882;17,4169909898209
1503;10,886;14,54437853424
1504;10,890;12,3072209245619
1505;10,894;10,5013486521131
1506;10,898;9,01349851650336
1507;10,903;7,86722694706608
1508;10,907;6,95940476481004
1509;10,911;6,17077108321107
1510;10,915;5,53921473329531
1511;10,919;4,97989947878039
1512;10,923;4,54132385064686
1513;10,927;4,15739955220034
1514;10,931;3,8221806014976
1515;10,936;3,48727187593972
1516;10,940;3,24058084074323
1517;10,944;3,07155984098273
1518;10,948;2,85742176432072
1519;10,952;2,66707795626984
1520;10,956;2,55111579711937
1521;10,960;2,36148550690168
1522;10,964;2,26924523049521
1523;10,969;2,17827687718269
1524;10,973;2,07501326729536
1525;10,977;1,91928024457323
1526;10,981;1,88496934355118
1527;10,985;1,78202629964688
1528;10,989;1,72090160527035
1529;10,993;1,62173296729524
1530;10,997;1,57976984603319
1531;11,002;1,45738602638403
1532;11,006;1,43543242696576
1533;11,010;1,32684328542492
1534;11,014;1,29805439198147
1535;11,018;1,21392133269413
1536;11,022;1,22272138597013
1537;11,026;1,17209264232819
1538;11,030;1,19426339934787
1539;11,035;1,32796009594643
1540;11,039;1,50347514207278
1541;11,043;1,92395430342253
1542;11,047;2,70841028640399
1543;11,051;3,81815801545252
1544;11,055;5,70976617710381
1545;11,059;8,34045472388101
1546;11,063;11,5091770802354
1547;11,067;15,119835837126
1548;11,072;18,4891290904736
1549;11,076;20,8390018361192
1550;11,080;21,8993720629434
1551;11,084;21,3204298975967
1552;11,088;19,6559065419865
1553;11,092;17,3876126686022
1554;11,096;14,9721686681704
1555;11,100;12,9858797923063
1556;11,105;11,1139916090303
1557;11,109;9,50403685640174
1558;11,113;8,24649786833962
1559;11,117;7,2673756069555
1560;11,121;6,47828692847739
1561;11,125;5,64503253020869
1562;11,129;5,14498061920112
1563;11,133;4,64028567185873
1564;11,138;4,22739668572001
1565;11,142;3,86176532998235
1566;11,146;3,52480911846836
1567;11,150;3,30829264902906
1568;11,154;3,04908919965635
1569;11,158;2,80187078171359
1570;11,162;2,68505033299567
1571;11,166;2,49685741928252
1572;11,171;2,29613140971683
1573;11,175;2,17701529492691
1574;11,179;2,10442261102855
1575;11,183;1,98854317858338
1576;11,187;1,92634303703799
1577;11,191;1,81064973967974
1578;11,195;1,69863778070722
1579;11,199;1,64115306136377
1580;11,204;1,5521391264639
1581;11,208;1,51485006405115
1582;11,212;1,44258828697398
1583;11,216;1,443674074981
1584;11,220;1,3775961191248
1585;11,224;1,31561313518081
1586;11,228;1,28832366327087
1587;11,232;1,21670301815975
1588;11,236;1,16981765793252
1589;11,241;1,15465798918679
1590;11,245;1,12880589378139
1591;11,249;1,0926750052428
1592;11,253;1,08942798205989
1593;11,257;1,06221089601708
1594;11,261;1,01943084854023
1595;11,265;1,01570814680185
1596;11,269;1,02126117689493
1597;11,274;0,969929256257965
1598;11,278;0,942784556082295
1599;11,282;0,877296028001335
1600;11,286;0,921110159294407
1601;11,290;0,843150580389883
1602;11,294;0,805530611155944
1603;11,298;0,786534491452056
1604;11,302;0,793990235766974
1605;11,307;0,862973967146743
1606;11,311;1,02537683048347
1607;11,315;1,38921922121907
1608;11,319;1,93764557314923
1609;11,323;2,93816302869086
1610;11,327;4,49997083883638
1611;11,331;6,76059181030435
1612;11,335;9,52217468653817
1613;11,340;12,5271602114329
1614;11,344;15,453793205573
1615;11,348;17,4213444826872
1616;11,352;18,4958713169554
1617;11,356;18,0682569772737
1618;11,360;17,0678119075992
1619;11,364;15,4528625301384
1620;11,368;13,5398488334914
1621;11,373;11,6445800151307
1622;11,377;9,94023409175798
1623;11,381;8,61437318595847
1624;11,385;7,30011470057689
1625;11,389;6,44477227199383
1626;11,393;5,64196130127453
1627;11,397;4,97938243687229
1628;11,401;4,4753699848486
1629;11,405;3,98203961864643
1630;11,410;3,59391693990608
1631;11,414;3,2685734896482
1632;11,418;3,06955371837927
1633;11,422;2,83874621059986
1634;11,426;2,70711768163372
1635;11,430;2,86300581692828
1636;11,434;3,1365520088319
1637;11,438;3,77076595415534
1638;11,443;4,7382651134452
1639;11,447;6,19515477959744
1640;11,451;8,02257735877621
1641;11,455;10,0336532237149
1642;11,459;12,1801733869016
1643;11,463;13,9210638323394
1644;11,467;14,8265903485235
1645;11,471;15,4749402196146
1646;11,476;14,9719204880545
1647;11,480;14,0878615518951
1648;11,484;12,7698493422606
1649;11,488;11,235837705095
1650;11,492;9,69524929485824
1651;11,496;8,36180855468587
1652;11,500;7,15242684994492
1653;11,504;6,13224112021886
1654;11,509;5,33493147540183
1655;11,513;4,58407287560923
1656;11,517;4,05267788413215
1657;11,521;3,58938765279105
1658;11,525;3,20387086526756
1659;11,529;2,87433937555401
1660;11,533;2,61178549461677
1661;11,537;2,41579558892935
1662;11,542;2,21631047994312
1663;11,546;2,01720798196889
1664;11,550;1,88244617903962
1665;11,554;1,7963690421778
1666;11,558;1,67203080411598
1667;11,562;1,58842512757492
1668;11,566;1,44595940021484
1669;11,570;1,39382089420123
1670;11,574;1,30553081797271
1671;11,579;1,21490371231954
1672;11,583;1,17741817398171
1673;11,587;1,10571480216529
1674;11,591;1,06844642142886
1675;11,595;1,05083597403871
1676;11,599;1,06479610555762
1677;11,603;1,07413388241805
1678;11,607;1,13095678811912
1679;11,612;1,28094030482309
1680;11,616;1,60248866747546
1681;11,620;2,09364745766357
1682;11,624;2,89354231202114
1683;11,628;4,21153383997925
1684;11,632;6,1456221648007
1685;11,636;9,06658837962789
1686;11,640;12,9789410898995
1687;11,645;17,7056865096321
1688;11,649;23,2562865057439
1689;11,653;28,9840871046025
1690;11,657;34,2351233599948
1691;11,661;37,5694025353253
1692;11,665;38,758361084696
1693;11,669;37,8813235776487
1694;11,673;34,5647789397663
1695;11,678;30,5848488521049
1696;11,682;26,7058763674207
1697;11,686;22,8197687044047
1698;11,690;19,5867780388724
1699;11,694;16,6859764584615
1700;11,698;14,3982521501705
1701;11,702;12,6124100812418
1702;11,706;11,0433636843827
1703;11,711;9,85234730821778
1704;11,715;8,74823533596763
1705;11,719;7,96173186703006
1706;11,723;7,19878482742589
1707;11,727;6,57197492222656
1708;11,731;6,04960748246504
1709;11,735;5,53079729103131
1710;11,739;5,09439323891183
1711;11,743;4,76622673983568
1712;11,748;4,5347263958994
1713;11,752;4,16358337342132
1714;11,756;4,03101382818242
1715;11,760;3,76193487836486
1716;11,764;3,49559625066026
1717;11,768;3,32299732089565
1718;11,772;3,13281896625536
1719;11,776;2,9726393831235
1720;11,781;2,85869368741466
1721;11,785;2,6940054988441
1722;11,789;2,63024389073622
1723;11,793;2,4741799611929
1724;11,797;2,34627413396514
1725;11,801;2,24877037093414
1726;11,805;2,13014027553784
1727;11,809;2,05936757915601
1728;11,814;1,91373755531831
1729;11,818;1,89468973142361
1730;11,822;1,80459000851671
1731;11,826;1,72946381926862
1732;11,830;1,68187528204636
1733;11,834;1,65395501900853
1734;11,838;1,57270705356844
1735;11,842;1,49919403507364
1736;11,847;1,45586592317419
1737;11,851;1,42783191091657
1738;11,855;1,40138004689777
1739;11,859;1,37826827360534
1740;11,863;1,318239708074
1741;11,867;1,27098207767293
1742;11,871;1,2213357136564
1743;11,875;1,21010556341229
1744;11,880;1,16443008125003
1745;11,884;1,12438001504799
1746;11,888;1,08660493324162
1747;11,892;1,09689406721297
1748;11,896;1,02431172415276
1749;11,900;1,01929641764412
1750;11,904;1,00955534809536
1751;11,908;0,944707951980457
1752;11,912;0,912589308648787
1753;11,917;0,930623730403595
1754;11,921;0,892703876862954
1755;11,925;0,851971315342205
1756;11,929;0,860595574369447
1757;11,933;0,833068263181777
1758;11,937;0,800784166439513
1759;11,941;0,803379716818215
1760;11,945;0,794352165102649
1761;11,950;0,789005951772813
1762;11,954;0,812076361712592
1763;11,958;0,838497203216911
1764;11,962;0,923157645250515
1765;11,966;1,05363834118065
1766;11,970;1,27652476692785
1767;11,974;1,63866091936669
1768;11,978;2,25013536157154
1769;11,983;3,19562921725232
1770;11,987;4,42275580027953
1771;11,991;6,15261257139832
1772;11,995;8,25663188973854
1773;11,999;10,5512845595982
1774;12,003;12,7913169222853
1775;12,007;14,7454251097887
1776;12,011;16,0040395450197
1777;12,016;16,5159627382374
1778;12,020;16,0961764130445
1779;12,024;15,2232649004239
1780;12,028;13,9395429101352
1781;12,032;12,5269016904789
1782;12,036;11,0870537256179
1783;12,040;9,89149772149972
1784;12,044;8,67930330877867
1785;12,049;7,76960943481529
1786;12,053;6,99624917118182
1787;12,057;6,25682753839657
1788;12,061;5,63995517867107
1789;12,065;5,17297326810608
1790;12,069;4,68972521911202
1791;12,073;4,34715393247598
1792;12,077;4,04730064828783
1793;12,081;3,72219503730768
1794;12,086;3,40810241897023
1795;12,090;3,17394447962627
1796;12,094;2,97435596225842
1797;12,098;2,82014304274613
1798;12,102;2,64881603607546
1799;12,106;2,52235792619041
1800;12,110;2,35557054747293
1801;12,114;2,25368226906116
1802;12,119;2,09418518124801
1803;12,123;2,06388652543288
1804;12,127;1,90968394675875
1805;12,131;1,85807282349141
1806;12,135;1,73957715899121
1807;12,139;1,68267152658485
1808;12,143;1,61172303595427
1809;12,147;1,55271821340098
1810;12,152;1,47097388772911
1811;12,156;1,44656950966641
1812;12,160;1,39317976223518
1813;12,164;1,35654217262664
1814;12,168;1,25806637080839
1815;12,172;1,26449837214526
1816;12,176;1,19855484718516
1817;12,180;1,20136755516527
1818;12,185;1,14403794839425
1819;12,189;1,10803114991361
1820;12,193;1,04847826293773
1821;12,197;0,997032593080986
1822;12,201;1,03212939780336
1823;12,205;0,994064772528447
1824;12,209;0,951491541814834
1825;12,213;0,931347589074946
1826;12,218;0,936228464687485
1827;12,222;0,912816807088355
1828;12,226;0,896788507937007
1829;12,230;0,861226365497338
1830;12,234;0,839520946194964
1831;12,238;0,822706743343292
1832;12,242;0,813761918333024
1833;12,246;0,799874172681243
1834;12,251;0,771922887128924
1835;12,255;0,7597413797739
1836;12,259;0,710705125208937
1837;12,263;0,69425285169294
1838;12,267;0,708512867518559
1839;12,271;0,669817451115756
1840;12,275;0,66222727590473
1841;12,279;0,660696831856731
1842;12,283;0,644937394497599
1843;12,288;0,614587034491659
1844;12,292;0,596583635251338
1845;12,296;0,584722693879341
1846;12,300;0,570162793747019
1847;12,304;0,56489930712248
1848;12,308;0,580131361735342
1849;12,312;0,550866789736429
1850;12,316;0,55494107997232
1851;12,321;0,526007414794596
1852;12,325;0,537889037842918
1853;12,329;0,514715219521517
1854;12,333;0,501158380690925
1855;12,337;0,510330704140761
1856;12,341;0,485419625008118
1857;12,345;0,471490516003688
1858;12,349;0,491014018453846
1859;12,354;0,467457589120445
1860;12,358;0,467416225767797
1861;12,362;0,49491251444098
1862;12,366;0,486205528708442
1863;12,370;0,478677398526389
1864;12,374;0,463403980560879
1865;12,378;0,473289821843904
1866;12,382;0,483423843242821
1867;12,387;0,463517729780663
1868;12,391;0,420654955598509
1869;12,395;0,418814286405645
1870;12,399;0,412682169375484
1871;12,403;0,386488826310732
1872;12,407;0,377823203930842
1873;12,411;0,370915524038519
1874;12,415;0,357369026046089
1875;12,420;0,353149964075928
1876;12,424;0,358775380036143
1877;12,428;0,338093703711823
1878;12,432;0,337731774376148
1879;12,436;0,306636874022532
1880;12,440;0,328166499076149
1881;12,444;0,330462165148149
1882;12,448;0,311703884721991
1883;12,452;0,323192555920151
1884;12,457;0,327959682312906
1885;12,461;0,306978121681884
1886;12,465;0,3045687063901
1887;12,469;0,309118675181451
1888;12,473;0,290649938223833
1889;12,477;0,298322840140156
1890;12,481;0,30222133612729
1891;12,485;0,336118603622851
1892;12,490;0,305292565061451
1893;12,494;0,397160571294081
1894;12,498;0,431130224656777
1895;12,502;0,528003196559893
1896;12,506;0,566646908771885
1897;12,510;0,680933852140078
1898;12,514;0,82063857571086
1899;12,518;0,954593793263482
1900;12,523;1,0919925099241
1901;12,527;1,16068669783533
1902;12,531;1,24965926938256
1903;12,535;1,25822148338083
1904;12,539;1,24762212426461
1905;12,543;1,24351681151423
1906;12,547;1,18127530661619
1907;12,551;1,08870412338854
1908;12,556;1,00727002286153
1909;12,560;0,903137782568573
1910;12,564;0,824206164876805
1911;12,568;0,727912279910771
1912;12,572;0,654006309565813
1913;12,576;0,61736871995728
1914;12,580;0,57136233097383
1915;12,584;0,514446357729301
1916;12,589;0,478160356618281
1917;12,593;0,432857144629858
1918;12,597;0,436786663131479
1919;12,601;0,382145674282625
1920;12,605;0,394265136608677
1921;12,609;0,340141189667931
1922;12,613;0,33941733099658
1923;12,617;0,291487546114968
1924;12,621;0,31285171775799
1925;12,626;0,333678165816581
1926;12,630;0,282491016913889
1927;12,634;0,28958483189313
1928;12,638;0,25994798972038
1929;12,642;0,243040719325248
1930;12,646;0,277899684769889
1931;12,650;0,247570006440274
1932;12,654;0,241851522936599
1933;12,659;0,224913230026981
1934;12,663;0,235853836802547
1935;12,667;0,235161000645682
1936;12,671;0,236153721109249
1937;12,675;0,225450953611414
1938;12,679;0,225275159362657
1939;12,683;0,213072970331308
1940;12,687;0,234126916829466
1941;12,692;0,227074465202873
1942;12,696;0,241768796231302
1943;12,700;0,202256453613689
1944;12,704;0,216537151115632
1945;12,708;0,202246112775526
1946;12,712;0,186714173855962
1947;12,716;0,18646599374007
1948;12,720;0,199288633061149
1949;12,725;0,185473273276503
1950;12,729;0,177386737833694
1951;12,733;0,184149645991746
1952;12,737;0,179382519598991
1953;12,741;0,192804927533474
1954;12,745;0,167480214874344
1955;12,749;0,174325849737694
1956;12,753;0,167356124816398
1957;12,758;0,154109511130671
1958;12,762;0,19110903007488
1959;12,766;0,166590902792399
1960;12,770;0,16396432989921
1961;12,774;0,163126722008075
1962;12,778;0,136385314520729
1963;12,782;0,155888135294563
1964;12,786;0,157366875151752
1965;12,790;0,154988482374455
1966;12,795;0,150831465433267
1967;12,799;0,151544983266456
1968;12,803;0,171813026064289
1969;12,807;0,15012828843824
1970;12,811;0,162568316747318
1971;12,815;0,138008826112188
1972;12,819;0,154419736275536
1973;12,823;0,154998823212617
1974;12,828;0,164233191691426
1975;12,832;0,154223260350455
1976;12,836;0,145805818086457
1977;12,840;0,153168494857915
1978;12,844;0,121659960977813
1979;12,848;0,152775543007753
1980;12,852;0,134441236946243
1981;12,856;0,166559880277912
1982;12,861;0,162837178539534
1983;12,865;0,143055155135322
1984;12,869;0,189495859321583
1985;12,873;0,173457219332073
1986;12,877;0,15400610274905
1987;12,881;0,156456881393482
1988;12,885;0,137564170071215
1989;12,889;0,131525120584514
1990;12,894;0,146281496641916
1991;12,898;0,118909298026679
1992;12,902;0,121670301815975
1993;12,906;0,10714142419814
1994;12,910;0,120377697045705
1995;12,914;0,125816977919001
1996;12,918;0,115383072213382
1997;12,922;0,129891268154893
1998;12,927;0,105735070208087
1999;12,931;0,120625877161597
2000;12,935;0,114721258571004
2001;12,939;0,100440561069061
2002;12,943;0,0978346698521963
2003;12,947;0,128381505783217
2004;12,951;0,126540836590353
2005;12,955;0,101123056387763
2006;12,959;0,137553829233053
2007;12,964;0,115445117242355
2008;12,968;0,142145161377052
2009;12,972;0,122880179880948
2010;12,976;0,135423616571648
2011;12,980;0,113687174754788
2012;12,984;0,102436342834358
2013;12,988;0,120863716439327
2014;12,992;0,146932969446132
2015;12,997;0,0950116210339266
2016;13,001;0,120625877161597
2017;13,005;0,116996242966679
2018;13,009;0,112673772614896
2019;13,013;0,121546211758029
2020;13,017;0,114297284206355
2021;13,021;0,124410623928948
2022;13,025;0,118568050367327
2023;13,030;0,128278097401596
2024;13,034;0,170975418173154
2025;13,038;0,180799214427206
2026;13,042;0,228418774163954
2027;13,046;0,331847837461878
2028;13,050;0,490910610072225
2029;13,054;0,719608586866556
2030;13,058;1,07292400435308
2031;13,063;1,60206469311081
2032;13,067;2,23953600245533
2033;13,071;3,14379059554541
2034;13,075;4,03735276197583
2035;13,079;4,93584750820959
2036;13,083;5,88766995684561
2037;13,087;6,7080293299261
2038;13,091;7,36712333186769
2039;13,096;7,62619235034429
2040;13,100;7,63910805720883
2041;13,104;7,43903352044735
2042;13,108;7,07399159248494
2043;13,112;6,55706343359672
2044;13,116;6,08365986253303
2045;13,120;5,52994934230201
2046;13,124;4,94555755524386
2047;13,128;4,4571701096832
2048;13,133;3,98198791445562
2049;13,137;3,52036255805864
2050;13,141;3,16043934498649
2051;13,145;2,92608492971746
2052;13,149;2,60115511298607
2053;13,153;2,3814846879073
2054;13,157;2,14089474722648
2055;13,161;2,00184149645992
2056;13,166;1,81981172229141
2057;13,170;1,6937258825802
2058;13,174;1,55007095883147
2059;13,178;1,43571162959614
2060;13,182;1,37051264498372
2061;13,186;1,24838734628861
2062;13,190;1,15446151326171
2063;13,194;1,12806135343372
2064;13,199;1,06042193101503
2065;13,203;0,952804828261428
2066;13,207;0,94056127587743
2067;13,211;0,871008798398742
2068;13,215;0,862808513736149
2069;13,219;0,776100585746437
2070;13,223;0,739928333855201
2071;13,227;0,736319381336607
2072;13,232;0,689309931051427
2073;13,236;0,650810990573706
2074;13,240;0,636747450673168
2075;13,244;0,613894198334794
2076;13,248;0,591402875332096
2077;13,252;0,579448866416639
2078;13,256;0,528406489248217
2079;13,260;0,553090069941293
2080;13,265;0,502864618987682
2081;13,269;0,47547173869612
2082;13,273;0,442401738253532
2083;13,277;0,435525080875695
2084;13,281;0,443673661347477
2085;13,285;0,412454670935916
2086;13,289;0,424015728001211
2087;13,293;0,403706321850729
2088;13,297;0,38944630602511
2089;13,302;0,395071721985325
2090;13,306;0,370998250743816
2091;13,310;0,345590811379389
2092;13,314;0,353387803353658
2093;13,318;0,321786201930097
2094;13,322;0,331134319628689
2095;13,326;0,323440736036042
2096;13,330;0,312365698364369
2097;13,335;0,28374225833151
2098;13,339;0,32960387558069
2099;13,343;0,291818452936157
2100;13,347;0,288157796226752
2101;13,351;0,286720419722212
2102;13,355;0,244240256552058
2103;13,359;0,285603609200699
2104;13,363;0,251851113439408
2105;13,368;0,269482242505891
2106;13,372;0,24061062235714
2107;13,376;0,256638921508488
2108;13,380;0,252730084683192
2109;13,384;0,241179368456059
2110;13,388;0,222317679648279
2111;13,392;0,226402310722332
2112;13,396;0,234788730471844
2113;13,401;0,211366732034552
2114;13,405;0,214148417500173
2115;13,409;0,193880374702339
2116;13,413;0,209981059720822
2117;13,417;0,182040115006666
2118;13,421;0,222359043000928
2119;13,425;0,203952351072283
2120;13,429;0,183405105644071
2121;13,434;0,182743292001693
2122;13,438;0,168317822765479
2123;13,442;0,174119032974451
2124;13,446;0,173519264361046
2125;13,450;0,193435718661366
2126;13,454;0,173467560170235
2127;13,458;0,173488241846559
2128;13,462;0,174708460749694
2129;13,466;0,170323945368938
2130;13,471;0,18464600622353
2131;13,475;0,169362247419857
2132;13,479;0,17712821687964
2133;13,483;0,178534570869693
2134;13,487;0,150097265923753
2135;13,491;0,138288028742566
2136;13,495;0,143675605425052
2137;13,499;0,143303335251214
2138;13,504;0,1612343486244
2139;13,508;0,163168085360724
2140;13,512;0,150717716213483
2141;13,516;0,15467825722959
2142;13,520;0,138629276401918
2143;13,524;0,149094204622024
2144;13,528;0,142631180770674
2145;13,532;0,144140943142349
2146;13,537;0,165091481258885
2147;13,541;0,144451168287214
2148;13,545;0,117234082244409
2149;13,549;0,149590564853807
2150;13,553;0,125113800923975
2151;13,557;0,11226013908841
2152;13,561;0,0880418961126307
2153;13,565;0,135175436455756
2154;13,570;0,0943291257152241
2155;13,574;0,112384229146356
2156;13,578;0,108237553043329
2157;13,582;0,119953722681057
2158;13,586;0,0994892039581419
2159;13,590;0,0933364052516567
2160;13,594;0,112466955851653
2161;13,598;0,109323341050356
2162;13,603;0,099882155808304
2163;13,607;0,126851061735217
2164;13,611;0,112973656921599
2165;13,615;0,101329873151006
2166;13,619;0,129529338819217
2167;13,623;0,127016515145812
2168;13,627;0,111836164723761
2169;13,631;0,102912021389817
2170;13,635;0,123728128610245
