#"+EI TIC Scan 130C_1ml-min_10C-min_3.d "
#Point;X(Minutes);Y(Counts)
0;4,941;32,6170250843525
1;4,945;31,5123431552996
2;4,949;30,4883688459717
3;4,953;31,0141351151622
4;4,958;32,2074893585509
5;4,962;34,3641280954313
6;4,966;36,8103307296046
7;4,970;39,3944787888419
8;4,974;40,4744373801439
9;4,978;40,7214200529797
10;4,982;40,5131037547075
11;4,986;39,9944343562598
12;4,991;38,6043155145308
13;4,995;37,6799673852505
14;4,999;36,2008483846134
15;5,003;35,0801792114142
16;5,007;33,6723953327275
17;5,011;32,3477682655711
18;5,015;31,3590468902592
19;5,019;30,443376999659
20;5,023;29,2816115450659
21;5,028;28,4043187544066
22;5,032;27,2443660874489
23;5,036;26,4220740450466
24;5,040;25,2145260601722
25;5,044;24,3009968017798
26;5,048;23,3471233760123
27;5,052;22,4403824287652
28;5,056;21,4756322771853
29;5,061;20,6413256954548
30;5,065;19,9309250771013
31;5,069;18,9799251125857
32;5,073;18,2759656758304
33;5,077;17,6814870412683
34;5,081;16,941522556478
35;5,085;16,0393907182187
36;5,089;15,4730874319048
37;5,094;14,487586647392
38;5,098;13,9574041189621
39;5,102;13,4511542443144
40;5,106;12,8283459817055
41;5,110;12,5507001988667
42;5,114;11,7069632644371
43;5,118;11,1124074899757
44;5,122;10,6067554495482
45;5,127;10,2119727295028
46;5,131;9,43021770422403
47;5,135;8,98616187345045
48;5,139;8,44884390432801
49;5,143;7,97391282882811
50;5,147;7,57833942481405
51;5,151;7,27311612794732
52;5,155;6,88942226843759
53;5,160;6,64971003111824
54;5,164;6,35821763634092
55;5,168;5,96090858459084
56;5,172;5,61944881999096
57;5,176;5,32951850817606
58;5,180;5,14069931947181
59;5,184;4,9181892797139
60;5,188;4,70915943737243
61;5,192;4,60376704984626
62;5,197;4,4088152391414
63;5,201;4,31852298691862
64;5,205;4,10941600467776
65;5,209;3,99320474626373
66;5,213;3,8644775391755
67;5,217;3,73584675696149
68;5,221;3,69386336672462
69;5,225;3,51784940131724
70;5,230;3,53271811692249
71;5,234;3,35415853483561
72;5,238;3,3081445848562
73;5,242;3,23555593954083
74;5,246;3,19627244578222
75;5,250;3,1622923201059
76;5,254;3,14003745913514
77;5,258;3,10877651491191
78;5,263;3,1032031571818
79;5,267;3,04895452294372
80;5,271;2,95301177309144
81;5,275;2,94275216647407
82;5,279;2,80553957045418
83;5,283;2,83024362323022
84;5,287;2,74571757848599
85;5,291;2,77545500969649
86;5,296;2,63158909735518
87;5,300;2,68930902706531
88;5,304;2,61043347995057
89;5,308;2,55672482500814
90;5,312;2,51892627431257
91;5,316;2,49591929932287
92;5,320;2,52218543506132
93;5,324;2,54750660703238
94;5,329;2,51283222226165
95;5,333;2,42568342093855
96;5,337;2,40204004177897
97;5,341;2,4510431628593
98;5,345;2,35006703457256
99;5,349;2,30939502262513
100;5,353;2,32443730300398
101;5,357;2,18768754638036
102;5,361;2,19819785767071
103;5,366;2,23412576580635
104;5,370;2,09922736676782
105;5,374;2,1241242692923
106;5,378;2,24367182835447
107;5,382;2,16500841596302
108;5,386;2,09940093154143
109;5,390;2,13550240445066
110;5,394;2,09423255828305
111;5,399;2,09413613340883
112;5,403;2,06341516848125
113;5,407;2,07753177006756
114;5,411;1,96587176571687
115;5,415;1,99383497924165
116;5,419;1,94888170287871
117;5,423;1,96625746521376
118;5,427;2,031537105063
119;5,432;2,00164539405375
120;5,436;1,97416430490008
121;5,440;1,93086953637378
122;5,444;1,93524722566352
123;5,448;1,88921399070927
124;5,452;1,92267342206479
125;5,456;1,90753471681172
126;5,460;1,87953293333724
127;5,465;1,8943630789928
128;5,469;1,85031619644755
129;5,473;1,88668765900462
130;5,477;1,81296120017341
131;5,481;1,8552145800581
132;5,485;1,83286329421312
133;5,489;1,85284252815221
134;5,493;1,79874817371288
135;5,498;1,75664907362695
136;5,502;1,83224617501809
137;5,506;1,89795008431391
138;5,510;1,79701252597686
139;5,514;1,78420730267999
140;5,518;1,78997351015855
141;5,522;1,75203996463907
142;5,526;1,71235148640872
143;5,530;1,69474430437553
144;5,535;1,6968463666336
145;5,539;1,6317981464825
146;5,543;1,6933943561364
147;5,547;1,66984740185105
148;5,551;1,6729329978262
149;5,555;1,70230401451464
150;5,559;1,67694427259389
151;5,563;1,62203994921109
152;5,568;1,6698281168762
153;5,572;1,60100004165555
154;5,576;1,59041259046582
155;5,580;1,64520120399955
156;5,584;1,62053572117321
157;5,588;1,66672323592621
158;5,592;2,06428299234926
159;5,596;2,73584367136552
160;5,601;4,17502348909936
161;5,605;6,75735876070123
162;5,609;10,425380261134
163;5,613;14,9793535059313
164;5,617;19,7238237322443
165;5,621;24,1744873667987
166;5,625;27,0007775701857
167;5,629;28,6938633667246
168;5,634;29,3895495492716
169;5,638;29,0319675457015
170;5,642;28,6119215086096
171;5,646;27,7591592059527
172;5,650;26,8068478631476
173;5,654;25,7764130872468
174;5,658;24,9202951989669
175;5,662;23,8604508364279
176;5,667;23,0556695511846
177;5,671;22,2100426892203
178;5,675;21,319096136371
179;5,679;20,2765311112928
180;5,683;19,4412024258956
181;5,687;18,6877577436888
182;5,691;17,6910716737661
183;5,695;16,7246630143496
184;5,699;15,9499084349394
185;5,704;15,073502753123
186;5,708;14,4610698069805
187;5,712;13,5355645792096
188;5,716;12,9890283921114
189;5,720;12,1223809075663
190;5,724;11,2598604076381
191;5,728;10,4074452345284
192;5,732;9,61735910011679
193;5,737;8,89112551741588
194;5,741;7,94440681731575
195;5,745;7,41401215416255
196;5,749;6,66839717174273
197;5,753;6,0467845775742
198;5,757;5,4174194235181
199;5,761;4,93662571566542
200;5,765;4,44231324044661
201;5,770;3,95143349075015
202;5,774;3,68705577060445
203;5,778;3,30079700944038
204;5,782;2,99694294578762
205;5,786;2,81751553983273
206;5,790;2,5405640160883
207;5,794;2,30006109480031
208;5,798;2,12383499466963
209;5,803;1,97341219088114
210;5,807;1,8204244854383
211;5,811;1,70830164169134
212;5,815;1,65578865518928
213;5,819;1,49612834845018
214;5,823;1,46583165296919
215;5,827;1,34859829088839
216;5,831;1,28777348022827
217;5,836;1,25975241177895
218;5,840;1,13796779563481
219;5,844;1,14172836572952
220;5,848;1,09394019806441
221;5,852;1,01429325195588
222;5,856;1,00303082664659
223;5,860;1,05834013450113
224;5,864;0,955956203050729
225;5,868;0,947528669043604
226;5,873;0,902093268309541
227;5,877;0,892200076214221
228;5,881;0,810219648149491
229;5,885;0,768756952233432
230;5,889;0,752152588892163
231;5,893;0,840554913580171
232;5,897;0,801657119318454
233;5,901;0,769258361579393
234;5,906;0,706910037906547
235;5,910;0,776490227146148
236;5,914;0,748777718294344
237;5,918;0,641128988711347
238;5,922;0,699331042792588
239;5,926;0,724864349486943
240;5,930;0,68301595407399
241;5,934;0,742760806142804
242;5,939;0,658176906474043
243;5,943;0,723861530795019
244;5,947;0,689842835169006
245;5,951;0,742548671419513
246;5,955;0,729859157971714
247;5,959;0,717613198945343
248;5,963;0,665948751336449
249;5,967;0,718635302612111
250;5,972;0,622248998338407
251;5,976;0,697884669679237
252;5,980;0,624968179791506
253;5,984;0,670885704896687
254;5,988;0,696746856163401
255;5,992;0,722395872706824
256;5,996;0,662323176065649
257;6,000;0,672235653135814
258;6,005;0,656826958234916
259;6,009;0,660086118983666
260;6,013;0,667838678871227
261;6,017;0,692137747175523
262;6,021;0,878604168948722
263;6,025;1,20791439939646
264;6,029;1,92836248964397
265;6,033;3,18736278740398
266;6,037;5,01413202956618
267;6,042;7,44417385481962
268;6,046;10,2418065855875
269;6,050;12,6432680781211
270;6,054;14,663889887422
271;6,058;15,9217330866914
272;6,062;16,505219285592
273;6,066;16,6330786688122
274;6,070;16,4073480382552
275;6,075;16,0505181487041
276;6,079;15,4783329450625
277;6,083;14,766948792992
278;6,087;14,1410742193828
279;6,091;13,6217298468156
280;6,095;12,8480745109716
281;6,099;12,2956949764955
282;6,103;11,6596379361683
283;6,108;11,1000843910499
284;6,112;10,4368355361917
285;6,116;9,86929801148767
286;6,120;9,41183912319705
287;6,124;8,64464425392604
288;6,128;8,21300794695243
289;6,132;7,4723492030677
290;6,136;6,98951128788148
291;6,141;6,41584114117682
292;6,145;5,87726964868947
293;6,149;5,29438128400905
294;6,153;4,75293633026985
295;6,157;4,21469268235487
296;6,161;3,84625323794728
297;6,165;3,39479197683335
298;6,169;2,97399382572245
299;6,174;2,68514347249885
300;6,178;2,30648299142359
301;6,182;2,16595337973041
302;6,186;1,84586136725843
303;6,190;1,75171212006671
304;6,194;1,50260809999799
305;6,198;1,34206068441604
306;6,202;1,25647396605536
307;6,206;1,18774231570892
308;6,211;1,04707770919184
309;6,215;1,01396540738352
310;6,219;0,95645761239669
311;6,223;0,919623310443354
312;6,227;0,915824170398952
313;6,231;0,789604010040529
314;6,235;0,735741075299341
315;6,239;0,739038805997781
316;6,244;0,685137301306904
317;6,248;0,664155248675894
318;6,252;0,621014759948347
319;6,256;0,633106439175961
320;6,260;0,539516456254735
321;6,264;0,572898747710874
322;6,268;0,551087441161542
323;6,272;0,539651451078647
324;6,277;0,525110580045759
325;6,281;0,509817594993929
326;6,285;0,496472392401411
327;6,289;0,457092473768577
328;6,293;0,435686151690984
329;6,297;0,376577703792043
330;6,301;0,465365727976944
331;6,305;0,438173913445947
332;6,310;0,431559167074222
333;6,314;0,422514513872068
334;6,318;0,394994854768711
335;6,322;0,375478460225896
336;6,326;0,380299703937066
337;6,330;0,356810604576247
338;6,334;0,368323734558521
339;6,338;0,353532158852652
340;6,343;0,412293477204388
341;6,347;0,371679320181495
342;6,351;0,366896646420014
343;6,355;0,394127030900701
344;6,359;0,364428169639896
345;6,363;0,409362161027997
346;6,367;0,379971859364707
347;6,371;0,338162033901443
348;6,375;0,349173754537755
349;6,380;0,331817277177544
350;6,384;0,369210843401376
351;6,388;0,421395985331077
352;6,392;0,340611225706717
353;6,396;0,353185029305448
354;6,400;0,334073619234371
355;6,404;0,349115899613221
356;6,408;0,381996781723398
357;6,413;0,337043505360452
358;6,417;0,349694448858561
359;6,421;0,313515836049943
360;6,425;0,370348656917212
361;6,429;0,273152383700031
362;6,433;0,319050623830366
363;6,437;0,311105214194359
364;6,441;0,274598756813382
365;6,446;0,28971817709161
366;6,450;0,275852280178286
367;6,454;0,293536602110856
368;6,458;0,3053390067158
369;6,462;0,264512714969615
370;6,466;0,258437947893541
371;6,470;0,328442406579725
372;6,474;0,29450085085309
373;6,479;0,286767575940374
374;6,483;0,278706456455298
375;6,487;0,264936984416198
376;6,491;0,233907459891109
377;6,495;0,285456197650936
378;6,499;0,281984902178894
379;6,503;0,305435431590023
380;6,507;0,341054780128145
381;6,512;0,455028981460197
382;6,516;0,803277057205407
383;6,520;1,67677070782029
384;6,524;3,32158621232294
385;6,528;6,22977970387536
386;6,532;10,5283620268046
387;6,536;16,0232491942738
388;6,540;22,6275238246579
389;6,544;28,2448127274663
390;6,549;33,0975295175825
391;6,553;36,3176767622224
392;6,557;37,9517119657869
393;6,561;38,269798340875
394;6,565;37,3653715906093
395;6,569;36,5042010389202
396;6,573;34,778002940573
397;6,577;32,9955505706038
398;6,582;31,0915835741384
399;6,586;29,6401385124033
400;6,590;27,6756552648753
401;6,594;26,1409762517106
402;6,598;24,368879913233
403;6,602;22,4737068652968
404;6,606;20,8314369774736
405;6,610;18,8218461737839
406;6,615;17,2096608467184
407;6,619;15,3939418951422
408;6,623;13,8930694428802
409;6,627;12,2097996985373
410;6,631;10,7880149281133
411;6,635;9,23599872256327
412;6,639;8,18209413227641
413;6,643;7,06537837892044
414;6,648;6,02844456649691
415;6,652;5,22831096019118
416;6,656;4,36347626328156
417;6,660;3,77838941146885
418;6,664;3,29827067773573
419;6,668;2,80814304205822
420;6,672;2,43281886163108
421;6,676;2,15893364888695
422;6,681;1,78686862920856
423;6,685;1,60962042541112
424;6,689;1,45640130027014
425;6,693;1,27616392537178
426;6,697;1,15308721591304
427;6,701;1,05743374068343
428;6,705;0,980139561505956
429;6,709;0,853552986625484
430;6,713;0,804704145343913
431;6,718;0,728219935109917
432;6,722;0,698231799226441
433;6,726;0,651407880303561
434;6,730;0,602366189273543
435;6,734;0,561636322401581
436;6,738;0,531590331593571
437;6,742;0,506866993842693
438;6,746;0,465616432649925
439;6,751;0,471749054650533
440;6,755;0,416574741619907
441;6,759;0,432986255212729
442;6,763;0,43649612063446
443;6,767;0,437190379728869
444;6,771;0,420489591513377
445;6,775;0,381013248006319
446;6,779;0,39750190149852
447;6,784;0,408436482235453
448;6,788;0,347611671575336
449;6,792;0,312146602835971
450;6,796;0,36383033541971
451;6,800;0,312165887810816
452;6,804;0,34313755741137
453;6,808;0,351295101770669
454;6,812;0,307479638923559
455;6,817;0,323042613623215
456;6,821;0,359105516582764
457;6,825;0,306168260634121
458;6,829;0,281444922883243
459;6,833;0,246847678011889
460;6,837;0,32965735999494
461;6,841;0,238998693250105
462;6,845;0,220002993028096
463;6,850;0,257165139553792
464;6,854;0,249104020068716
465;6,858;0,30740249902418
466;6,862;0,276855098870209
467;6,866;0,286497586292548
468;6,870;0,262198517988253
469;6,874;0,230474734368757
470;6,878;0,239422962696687
471;6,882;0,225692060607276
472;6,887;0,226116330053859
473;6,891;0,253288859610012
474;6,895;0,239731522294202
475;6,899;0,234929563557877
476;6,903;0,224997801512868
477;6,907;0,208605572894891
478;6,911;0,235758817476199
479;6,915;0,220755107047038
480;6,920;0,225152081311625
481;6,924;0,217283811574996
482;6,928;0,185868587553014
483;6,932;0,182860131477245
484;6,936;0,213600381379663
485;6,940;0,209685531486193
486;6,944;0,145273715504966
487;6,948;0,224110692670012
488;6,953;0,197478142409511
489;6,957;0,244745615753819
490;6,961;0,230956858739873
491;6,965;0,186119292225995
492;6,969;0,205558546869431
493;6,973;0,246982672835802
494;6,977;0,179446690929736
495;6,981;0,193601862465731
496;6,986;0,181047343841845
497;6,990;0,248139771326482
498;6,994;0,224573532066285
499;6,998;0,1984231061769
500;7,002;0,169090659438144
501;7,006;0,207409904454521
502;7,010;0,174818296967013
503;7,014;0,174779727017324
504;7,019;0,191114100710767
505;7,023;0,145601560077325
506;7,027;0,204594298127198
507;7,031;0,171443426369195
508;7,035;0,237976589583337
509;7,039;0,153334834990041
510;7,043;0,224939946588334
511;7,047;0,168647105016716
512;7,051;0,219925853128717
513;7,056;0,250993947603495
514;7,060;0,365835972803557
515;7,064;0,53735653907213
516;7,068;1,1126273386889
517;7,072;2,07909385302998
518;7,076;3,74381145157234
519;7,080;6,38901574116787
520;7,084;9,57506715028241
521;7,089;13,2352396659534
522;7,093;16,9882114805769
523;7,097;19,6114887537741
524;7,101;21,7472418628977
525;7,105;22,3264082274331
526;7,109;22,3434754301706
527;7,113;21,9102963252095
528;7,117;21,0092058755919
529;7,122;19,7473899715045
530;7,126;18,6362282909038
531;7,130;17,2259566504621
532;7,134;15,8992275210476
533;7,138;14,7138186872949
534;7,142;13,3242976797861
535;7,146;12,0475937751187
536;7,150;10,8750673045622
537;7,155;9,49688586226208
538;7,159;8,23400928455829
539;7,163;7,0381672794146
540;7,167;6,061460443431
541;7,171;5,15080464629042
542;7,175;4,30704842688603
543;7,179;3,66451163501102
544;7,183;3,07909693862595
545;7,188;2,60368373875493
546;7,192;2,23667138248585
547;7,196;1,81976879629358
548;7,200;1,58615061102514
549;7,204;1,42186191032332
550;7,208;1,22594585087623
551;7,212;1,05633449711728
552;7,216;0,945908731156651
553;7,220;0,881766904823249
554;7,225;0,791262517877172
555;7,229;0,656981238033673
556;7,233;0,600399121839385
557;7,237;0,595250033555856
558;7,241;0,502527874502641
559;7,245;0,503164278672515
560;7,249;0,494312475218807
561;7,253;0,435184742345022
562;7,258;0,443323001729477
563;7,262;0,427702172105287
564;7,266;0,319494178251794
565;7,270;0,325819650000849
566;7,274;0,403306678926768
567;7,278;0,30859816746455
568;7,282;0,280615668964921
569;7,286;0,312686582131622
570;7,291;0,298164996073579
571;7,295;0,238555138828677
572;7,299;0,228719801657891
573;7,303;0,204112173756081
574;7,307;0,214892474694256
575;7,311;0,141821705007768
576;7,315;0,161839508896545
577;7,319;0,206696360385268
578;7,324;0,169997053255844
579;7,328;0,15584188171985
580;7,332;0,185482888056121
581;7,336;0,169707778633174
582;7,340;0,20266580064273
583;7,344;0,215683158662888
584;7,348;0,164963674821383
585;7,352;0,149805684593465
586;7,357;0,195626784824422
587;7,361;0,180777354194019
588;7,365;0,206310660888374
589;7,369;0,197902411856094
590;7,373;0,257261564428015
591;7,377;0,268871119284512
592;7,381;0,244745615753819
593;7,385;0,319204903629124
594;7,389;0,283624125040691
595;7,394;0,206426370737442
596;7,398;0,28130992805933
597;7,402;0,250762527905359
598;7,406;0,246944102886112
599;7,410;0,250723957955669
600;7,414;0,268022580391346
601;7,418;0,249026880169338
602;7,422;0,230841148890805
603;7,427;0,268466134812774
604;7,431;0,16268804778971
605;7,435;0,210630495253582
606;7,439;0,193370442767594
607;7,443;0,222336474984302
608;7,447;0,226617739399821
609;7,451;0,187276390716676
610;7,455;0,172118400488758
611;7,460;0,211421179222214
612;7,464;0,201315852403602
613;7,468;0,19755528230889
614;7,472;0,173275498979439
615;7,476;0,204845002800178
616;7,480;0,144502316511178
617;7,484;0,169862058431931
618;7,488;0,141725280133545
619;7,493;0,188028504735618
620;7,497;0,187681375188414
621;7,501;0,156189011267054
622;7,505;0,149747829668931
623;7,509;0,123905963377061
624;7,513;0,140664606517087
625;7,517;0,166564327733491
626;7,521;0,18341939574774
627;7,526;0,170209187979135
628;7,530;0,160142431110213
629;7,534;0,132256357484807
630;7,538;0,179948100275698
631;7,542;0,154164088908362
632;7,546;0,170672027375408
633;7,550;0,136788326573307
634;7,554;0,144020192140061
635;7,558;0,153566254688177
636;7,563;0,225942765280257
637;7,567;0,152544151021409
638;7,571;0,147414347712725
639;7,575;0,2047678629008
640;7,579;0,1975167123592
641;7,583;0,208586287920046
642;7,587;0,219019459311017
643;7,591;0,228681231708201
644;7,596;0,261851388441049
645;7,600;0,258302953069628
646;7,604;0,285533337550315
647;7,608;0,33472930837909
648;7,612;0,284183389311187
649;7,616;0,34132476977597
650;7,620;0,350157288254833
651;7,624;0,366009537577159
652;7,629;0,369519402998891
653;7,633;0,439967416106502
654;7,637;0,484785697645536
655;7,641;0,445135789364876
656;7,645;0,693641975213408
657;7,649;1,01626031939004
658;7,653;1,87286033204098
659;7,657;3,64632590373249
660;7,662;6,87077369776279
661;7,666;11,8038124081071
662;7,670;18,6566317942895
663;7,674;26,768316483408
664;7,678;35,4243967274169
665;7,682;43,3141884959725
666;7,686;49,2451089446799
667;7,690;52,2870437367802
668;7,695;53,7745709864496
669;7,699;52,4581978885267
670;7,703;50,1452930004798
671;7,707;46,6946710214711
672;7,711;42,409356761235
673;7,715;38,3449904577945
674;7,719;34,1839100055078
675;7,723;30,0898641257812
676;7,727;25,9230560359657
677;7,732;21,8968546977427
678;7,736;18,3801623949162
679;7,740;15,1753274203029
680;7,744;12,5976398276386
681;7,748;10,3502845690888
682;7,752;8,53984970062005
683;7,756;6,82556971672686
684;7,760;5,79204934485083
685;7,765;4,81354900620668
686;7,769;4,06270779560395
687;7,773;3,45004342976335
688;7,777;2,98973036519571
689;7,781;2,54590595412027
690;7,785;2,33272984218719
691;7,789;2,03880754057944
692;7,793;1,77597261842132
693;7,798;1,65251020946568
694;7,802;1,53147770734048
695;7,806;1,48908933263187
696;7,810;1,39112166042091
697;7,814;1,32159932610584
698;7,818;1,32958330569154
699;7,822;1,28262439194474
700;7,826;1,29485106599627
701;7,831;1,24318661838737
702;7,835;1,3065184757773
703;7,839;1,2103057362772
704;7,843;1,1903650722878
705;7,847;1,15293293611428
706;7,851;1,13756281116307
707;7,855;1,10313913106532
708;7,859;1,0602686319856
709;7,864;1,09880001172526
710;7,868;1,07614016628277
711;7,872;1,13333940167208
712;7,876;1,09382448821534
713;7,880;1,10938746291499
714;7,884;1,09162600108304
715;7,888;1,09284095449826
716;7,892;1,05652734686573
717;7,896;1,04219861055613
718;7,901;0,979657437134839
719;7,905;1,03708809222229
720;7,909;0,959022514051033
721;7,913;0,941010347546103
722;7,917;0,907917330712634
723;7,921;0,861421256362113
724;7,925;0,807134052174342
725;7,929;0,867457453488498
726;7,934;0,757590951798363
727;7,938;0,761852931239037
728;7,942;0,786306279342089
729;7,946;0,715279716989137
730;7,950;0,746019966891555
731;7,954;0,681241736388279
732;7,958;0,63256645988031
733;7,962;0,60820953665148
734;7,967;0,647763020057917
735;7,971;0,671078554645133
736;7,975;0,620474780652696
737;7,979;0,665215922292351
738;7,983;0,6208219101999
739;7,987;0,695416192899118
740;7,991;0,614920707897429
741;7,995;0,56142418767829
742;8,000;0,605721774896517
743;8,004;0,5275019169265
744;8,008;0,590004520398104
745;8,012;0,574595825497205
746;8,016;0,538070083141384
747;8,020;0,599685577770132
748;8,024;0,618237723570713
749;8,028;0,630676532345531
750;8,033;0,56801964907517
751;8,037;0,603619712638447
752;8,041;0,668802927613461
753;8,045;0,711981986290697
754;8,049;0,788196206876868
755;8,053;1,00279940694845
756;8,057;1,25693680545163
757;8,061;1,66923028265602
758;8,066;2,20851531921262
759;8,070;2,5657309082606
760;8,074;2,86297022554164
761;8,078;2,90458720125645
762;8,082;3,0807554464626
763;8,086;3,17935952284344
764;8,090;3,33552924913565
765;8,094;3,50664483093248
766;8,098;3,50926758751136
767;8,103;3,62478458683099
768;8,107;3,96844283856316
769;8,111;4,27779312004665
770;8,115;4,59445240699628
771;8,119;5,31763896367174
772;8,123;6,75861228406614
773;8,127;8,73069381168299
774;8,131;11,9671561450415
775;8,136;15,6718962375785
776;8,140;20,2614309759894
777;8,144;24,222005544816
778;8,148;27,1887675049717
779;8,152;29,0512332355714
780;8,156;29,5937195779522
781;8,160;28,9700627764501
782;8,164;27,4376015353926
783;8,169;25,306303255458
784;8,173;23,0120662230608
785;8,177;20,6238920781952
786;8,181;18,2112838702013
787;8,185;15,7972678590438
788;8,189;13,5878268610386
789;8,193;11,4945778364727
790;8,197;9,79603439205274
791;8,202;8,1315867831582
792;8,206;6,99315614812712
793;8,210;6,03509788281832
794;8,214;5,28682157386994
795;8,218;4,62478767242696
796;8,222;4,19745191484372
797;8,226;3,72763135767766
798;8,230;3,33209652361329
799;8,235;3,04098982833287
800;8,239;2,70053288242491
801;8,243;2,38098084924858
802;8,247;2,09373114893709
803;8,251;1,82281582231904
804;8,255;1,66737892507093
805;8,259;1,62286920312941
806;8,263;1,85965012427238
807;8,267;2,68905832239232
808;8,272;4,20439450578781
809;8,276;6,70825921474668
810;8,280;10,3323109725336
811;8,284;14,7077053502691
812;8,288;19,6320272519837
813;8,292;24,1258506602404
814;8,296;27,3029345560522
815;8,300;29,5442150475259
816;8,305;30,0421723829903
817;8,309;29,0065499488563
818;8,313;27,1390894097718
819;8,317;24,1687018743453
820;8,321;21,5017248481501
821;8,325;18,5461288884295
822;8,329;15,5928278407154
823;8,333;12,7460184240936
824;8,338;10,4706035271448
825;8,342;8,44147704393735
826;8,346;6,77348099967138
827;8,350;5,39740161962933
828;8,354;4,4300094264957
829;8,358;3,51578590900886
830;8,362;2,93607956517782
831;8,366;2,39897373077867
832;8,371;2,05982816316014
833;8,375;1,80258588370697
834;8,379;1,54368509641716
835;8,383;1,35239743093279
836;8,387;1,20845437869211
837;8,391;1,10529904824792
838;8,395;1,02596066173691
839;8,399;0,916653424317273
840;8,404;0,915669890600195
841;8,408;0,802949212633047
842;8,412;0,664020253851981
843;8,416;0,645641672825002
844;8,420;0,616135661312643
845;8,424;0,616154946287488
846;8,428;0,561578467477047
847;8,432;0,517223025334286
848;8,436;0,437711074049675
849;8,441;0,395669828888275
850;8,445;0,440777385049979
851;8,449;0,365778117879023
852;8,453;0,368863713854172
853;8,457;0,401725310989504
854;8,461;0,349482314135269
855;8,465;0,37017509214361
856;8,469;0,351372241670048
857;8,474;0,319455608302105
858;8,478;0,294018726481973
859;8,482;0,227909832714414
860;8,486;0,228584806833978
861;8,490;0,270008932800348
862;8,494;0,224997801512868
863;8,498;0,188626338955803
864;8,502;0,251495356949456
865;8,507;0,239827947168426
866;8,511;0,194778245931256
867;8,515;0,162784472663934
868;8,519;0,198210971453609
869;8,523;0,180275944848058
870;8,527;0,205789966567568
871;8,531;0,145215860580431
872;8,535;0,146353674096268
873;8,540;0,181085913791534
874;8,544;0,186852121270093
875;8,548;0,191808359805175
876;8,552;0,131465673516175
877;8,556;0,146585093794404
878;8,560;0,129055051660591
879;8,564;0,0604776811129128
880;8,568;0,146951508316453
881;8,573;0,194122556786537
882;8,577;0,115247009671801
883;8,581;0,113646356759692
884;8,585;0,113935631382362
885;8,589;0,132140647635739
886;8,593;0,104003869337353
887;8,597;0,11256639816839
888;8,601;0,124773787245072
889;8,605;0,0971384182926472
890;8,610;0,0927414440280604
891;8,614;0,166660752607714
892;8,618;0,136229062302811
893;8,622;0,0698116089377373
894;8,626;0,0810161793224957
895;8,630;0,079916935756349
896;8,634;0,0938021176445177
897;8,638;0,0945542316634602
898;8,643;0,111891424048826
899;8,647;0,0503723542943011
900;8,651;0,0895401382038437
901;8,655;0,0521272870051668
902;8,659;0,0366607371797344
903;8,663;0,0448182815390336
904;8,667;0,0679795363274928
905;8,671;0,0851045939895676
906;8,676;0,0556371524268984
907;8,680;0,0575849348862109
908;8,684;0,00997033199469895
909;8,688;0,0518572973573413
910;8,692;0,0163729436431323
911;8,696;0,016932207913628
912;8,700;0,0168357830394046
913;8,704;0,0101053268186117
914;8,709;0,00341344054750815
915;8,713;0
916;8,717;0,0498516599734947
917;8,721;0,0324566126635944
918;8,725;0,0477303127405801
919;8,729;0,10205608687804
920;8,733;0,217187386700773
921;8,737;0,569350312339453
922;8,742;1,22814433800853
923;8,746;2,48540898803252
924;8,750;4,7672457816046
925;8,754;7,81176476033405
926;8,758;12,0108751830144
927;8,762;16,82207142229
928;8,766;21,9013866668312
929;8,770;26,035757428958
930;8,774;28,7985614951564
931;8,779;30,2387441315822
932;8,783;29,3857118392775
933;8,787;27,1769651003667
934;8,791;24,4791321144201
935;8,795;21,1875533229554
936;8,799;17,5618430573319
937;8,803;14,4340515572231
938;8,807;11,6650570140996
939;8,812;9,13855174467311
940;8,816;7,27321255282155
941;8,820;5,70085069881035
942;8,824;4,552893286206
943;8,828;3,6169356020692
944;8,832;2,89020061002232
945;8,836;2,46496691469716
946;8,840;2,02692799607512
947;8,845;1,72141542458572
948;8,849;1,35854933790824
949;8,853;1,26204732378547
950;8,857;1,04054010271949
951;8,861;0,965945820020272
952;8,865;0,905873123379098
953;8,869;0,815600156131156
954;8,873;0,864275432639126
955;8,878;1,08900324450417
956;8,882;1,72469387030932
957;8,886;3,41560046469075
958;8,890;6,58639745870316
959;8,894;12,3290386980019
960;8,898;21,6401523975852
961;8,902;34,3355284777367
962;8,906;49,9488176767622
963;8,911;66,6353735808187
964;8,915;82,1582548177724
965;8,919;93,2479638923559
966;8,923;100
967;8,927;99,9521154074607
968;8,931;95,419914899263
969;8,935;86,0972687847226
970;8,939;74,1965686629958
971;8,943;60,9137915340503
972;8,948;48,618578681926
973;8,952;37,7034564846114
974;8,956;28,7942223758163
975;8,960;22,3880237220619
976;8,964;17,2220803705184
977;8,968;13,5684647462946
978;8,972;10,7785845754143
979;8,976;8,55832470652125
980;8,981;7,08967744722474
981;8,985;5,89962093453445
982;8,989;5,03279988521583
983;8,993;4,29919944212425
984;8,997;3,68607223688737
985;9,001;3,30392117536522
986;9,005;2,90013237206733
987;9,009;2,61579470295739
988;9,014;2,40824980367896
989;9,018;2,16840257153569
990;9,022;2,00910867931864
991;9,026;1,85695022779412
992;9,030;1,67802423118519
993;9,034;1,54368509641716
994;9,038;1,48073893852413
995;9,042;1,42245974454351
996;9,047;1,3518381666623
997;9,051;1,24174024527402
998;9,055;1,15129371325248
999;9,059;1,13062022021898
1000;9,063;1,04981617561978
1001;9,067;0,974739768549446
1002;9,071;0,982723748135143
1003;9,075;0,891004407773851
1004;9,080;0,845491867140409
1005;9,084;0,850640955423938
1006;9,088;0,78775265245544
1007;9,092;0,795408787468778
1008;9,096;0,757378817075071
1009;9,100;0,753039697735018
1010;9,104;0,75865162541482
1011;9,108;0,733542588167048
1012;9,112;0,70338088750997
1013;9,117;0,675899798356303
1014;9,121;0,679467518702569
1015;9,125;0,677307601519965
1016;9,129;0,629461578930317
1017;9,133;0,609019505594957
1018;9,137;0,628381620339014
1019;9,141;0,604487536506457
1020;9,145;0,543103461575845
1021;9,150;0,605432500273847
1022;9,154;0,644793133931836
1023;9,158;0,550894591413095
1024;9,162;0,497590920942403
1025;9,166;0,538436497663432
1026;9,170;0,587323908894693
1027;9,174;0,639759755497375
1028;9,178;0,668494368015946
1029;9,183;0,694046959685146
1030;9,187;0,67877325960816
1031;9,191;0,664251673550117
1032;9,195;0,725558608581351
1033;9,199;0,667877248820917
1034;9,203;0,653085673115048
1035;9,207;0,612182241469484
1036;9,211;0,551839555180484
1037;9,216;0,577122157201858
1038;9,220;0,565454747420827
1039;9,224;0,544202705141991
1040;9,228;0,558782146124569
1041;9,232;0,520752175730862
1042;9,236;0,548387544683287
1043;9,240;0,506037739924372
1044;9,244;0,453775458095292
1045;9,249;0,488623407639627
1046;9,253;0,544549834689196
1047;9,257;0,51724231030913
1048;9,261;0,470148401738425
1049;9,265;0,489896215979376
1050;9,269;0,484997832368827
1051;9,273;0,542428487456281
1052;9,277;0,652159994322503
1053;9,281;0,971442037851006
1054;9,286;1,69823488482242
1055;9,290;3,16294800925062
1056;9,294;5,52479816345328
1057;9,298;9,22814973780148
1058;9,302;13,8963093186541
1059;9,306;19,3605526610951
1060;9,310;24,8064945624085
1061;9,314;29,2557118238495
1062;9,319;32,0448013107612
1063;9,323;32,516511795462
1064;9,327;30,8268201544958
1065;9,331;27,7105996392938
1066;9,335;23,8978058327021
1067;9,339;19,7600409150026
1068;9,343;15,886518722625
1069;9,347;12,3412460870786
1070;9,352;9,75385815206743
1071;9,356;7,61351521893075
1072;9,360;6,00613185060161
1073;9,364;4,80537217687253
1074;9,368;3,88250899065527
1075;9,372;3,19386182392664
1076;9,376;2,65579174078525
1077;9,380;2,31811183125493
1078;9,385;2,12111581321653
1079;9,389;1,86456779285777
1080;9,393;1,73572487592047
1081;9,397;1,58204291138323
1082;9,401;1,55068554228578
1083;9,405;1,41146730888204
1084;9,409;1,31614167822479
1085;9,413;1,21468342556694
1086;9,418;1,07320885010638
1087;9,422;1,07102964794893
1088;9,426;1,03373250659932
1089;9,430;0,938676865589897
1090;9,434;0,896558480529118
1091;9,438;0,875364293174816
1092;9,442;0,811993865835202
1093;9,446;0,77064687976821
1094;9,450;0,754910340294952
1095;9,455;0,735490370626361
1096;9,459;0,731671945607114
1097;9,463;0,671541394041406
1098;9,467;0,634417817465399
1099;9,471;0,676883332073382
1100;9,475;0,591045909039716
1101;9,479;0,628613040037151
1102;9,483;0,505825605201081
1103;9,488;0,578086405944092
1104;9,492;0,599126313499637
1105;9,496;0,600206272090939
1106;9,500;0,764167128220398
1107;9,504;1,09044961761752
1108;9,508;1,99447138341153
1109;9,512;3,63230572702041
1110;9,516;6,42534863377524
1111;9,521;10,683143234908
1112;9,525;16,3511516215578
1113;9,529;22,72286874029
1114;9,533;28,9645087036949
1115;9,537;33,670717539916
1116;9,541;36,5901156018532
1117;9,545;36,7767363034252
1118;9,549;34,7097726995725
1119;9,554;30,775020712063
1120;9,558;25,7859977197446
1121;9,562;20,8565074447717
1122;9,566;16,5147846331149
1123;9,570;12,8099866856534
1124;9,574;9,92516658361271
1125;9,578;7,6588156248409
1126;9,582;6,11678903626038
1127;9,587;5,04736004122356
1128;9,591;4,13103446147865
1129;9,595;3,36520882542161
1130;9,599;3,02608254277793
1131;9,603;2,62256372912787
1132;9,607;2,28260819256587
1133;9,611;1,96000913336409
1134;9,615;1,75877042085986
1135;9,619;1,6685745935113
1136;9,624;1,52470868117
1137;9,628;1,38863389866594
1138;9,632;1,35282170037937
1139;9,636;1,25566399711188
1140;9,640;1,20965004713248
1141;9,644;1,15260509154192
1142;9,648;1,12840244811185
1143;9,652;1,17863980758224
1144;9,657;1,10688041618519
1145;9,661;1,12797817866526
1146;9,665;1,03321181227851
1147;9,669;1,04771411336171
1148;9,673;1,05214965757599
1149;9,677;1,03186186403938
1150;9,681;1,00455433965932
1151;9,685;0,95468339471098
1152;9,690;0,945040907288641
1153;9,694;0,899026957309237
1154;9,698;0,932775663287425
1155;9,702;0,943459539351377
1156;9,706;0,86012916304752
1157;9,710;0,870658759312714
1158;9,714;0,913220698794921
1159;9,718;0,891158687572608
1160;9,723;0,937307632375924
1161;9,727;0,906104543077234
1162;9,731;0,894205713598067
1163;9,735;0,977439665027701
1164;9,739;0,972174866895104
1165;9,743;0,976494701260312
1166;9,747;0,996146090627039
1167;9,751;0,931965694343948
1168;9,756;0,890406573553665
1169;9,760;0,925215953148311
1170;9,764;0,915997735172554
1171;9,768;0,889114480239072
1172;9,772;0,881824759747783
1173;9,776;0,878662023873256
1174;9,780;0,808676850161917
1175;9,784;0,8009435752492
1176;9,788;0,830237452038268
1177;9,793;0,782121439800794
1178;9,797;0,775043854032797
1179;9,801;0,789121885669412
1180;9,805;0,785477025423768
1181;9,809;0,736801748915799
1182;9,813;0,749587687237821
1183;9,817;0,781639315429677
1184;9,821;0,767676993642129
1185;9,826;0,766982734547721
1186;9,830;0,789681149939908
1187;9,834;0,791069668128725
1188;9,838;0,785284175675321
1189;9,842;0,847921773970838
1190;9,846;0,957190441440788
1191;9,850;1,05592951264554
1192;9,854;1,20585090708808
1193;9,859;1,27836241250407
1194;9,863;1,32059650741392
1195;9,867;1,31922727419994
1196;9,871;1,3652219392045
1197;9,875;1,28673209158666
1198;9,879;1,33928364803841
1199;9,883;1,13181588865936
1200;9,887;1,18974795309277
1201;9,892;1,08865611495696
1202;9,896;1,15046445933416
1203;9,900;1,37123885135604
1204;9,904;1,91694578453592
1205;9,908;3,23320317260978
1206;9,912;5,38770127728245
1207;9,916;8,93256892835709
1208;9,920;13,8350023836229
1209;9,925;20,0463456515467
1210;9,929;26,1037562502603
1211;9,933;31,630116496676
1212;9,937;34,7050093107859
1213;9,941;35,7302564284535
1214;9,945;33,9578129604288
1215;9,949;30,571892072024
1216;9,953;25,971442037851
1217;9,957;21,0857093708007
1218;9,962;16,4090065460919
1219;9,966;13,0824833802087
1220;9,970;10,124033244211
1221;9,974;8,21343221639902
1222;9,978;6,84421828740167
1223;9,982;6,62857369868847
1224;9,986;7,08659185124959
1225;9,990;8,11116399479769
1226;9,995;9,08721514163657
1227;9,999;9,90268030294381
1228;10,003;10,3688559998642
1229;10,007;10,5147082646145
1230;10,011;10,5721003497523
1231;10,015;10,1486987270374
1232;10,019;9,65303630357945
1233;10,023;9,14940918551066
1234;10,028;8,69335810038369
1235;10,032;8,05953811713848
1236;10,036;7,15206434084727
1237;10,040;6,09910471432781
1238;10,044;5,06328943044527
1239;10,048;4,08183849064987
1240;10,052;3,30918597349782
1241;10,056;2,7723115587968
1242;10,061;2,41472955522677
1243;10,065;2,13964867404227
1244;10,069;1,87095111953136
1245;10,073;1,74413312495275
1246;10,077;1,64857607459737
1247;10,081;1,68265262514792
1248;10,085;1,45327713434531
1249;10,089;1,43231436668914
1250;10,094;1,41225799285067
1251;10,098;1,3173952015897
1252;10,102;1,24422800702899
1253;10,106;1,27743673371152
1254;10,110;1,32262142977261
1255;10,114;1,64238559767223
1256;10,118;2,15154750352144
1257;10,122;3,62819802737849
1258;10,126;6,51843720735051
1259;10,131;11,7317251721377
1260;10,135;19,5661497779142
1261;10,139;30,7728415099055
1262;10,143;44,4319070680204
1263;10,147;58,3587830718034
1264;10,151;71,1994328674598
1265;10,155;78,5035785199322
1266;10,159;80,6201237941105
1267;10,164;76,3952293600628
1268;10,168;66,9179948871675
1269;10,172;55,3230194716534
1270;10,176;43,7101090295338
1271;10,180;33,8425273808073
1272;10,184;25,7158196962848
1273;10,188;19,583679820048
1274;10,192;15,3832773040531
1275;10,197;11,9798456584893
1276;10,201;9,59180650844759
1277;10,205;8,03508476903543
1278;10,209;6,76505346566426
1279;10,213;5,71965354928391
1280;10,217;4,99465420497306
1281;10,221;4,38629038852282
1282;10,225;3,97617611347588
1283;10,230;3,59657066863322
1284;10,234;3,21843088187876
1285;10,238;3,07254004717876
1286;10,242;2,93461390708962
1287;10,246;2,8554876553019
1288;10,250;2,77150158985333
1289;10,254;2,81026438929113
1290;10,258;2,7389871222652
1291;10,263;2,67415103683739
1292;10,267;2,53346714534546
1293;10,271;2,35598752184988
1294;10,275;2,3297985260108
1295;10,279;2,20884316378498
1296;10,283;2,06414799752535
1297;10,287;1,82663424733829
1298;10,291;1,7048303462193
1299;10,295;1,6279990064381
1300;10,300;1,51425622480418
1301;10,304;1,41256655244819
1302;10,308;1,32559131589869
1303;10,312;1,30295075543103
1304;10,316;1,16633599363133
1305;10,320;1,15364648018353
1306;10,324;1,11062170130505
1307;10,328;1,0602686319856
1308;10,333;1,0939787680141
1309;10,337;1,18913083389774
1310;10,341;1,43385716467671
1311;10,345;2,09544751169827
1312;10,349;3,32606032648691
1313;10,353;5,75409651435651
1314;10,357;9,52666186342227
1315;10,361;15,0103637454815
1316;10,366;21,4924487752498
1317;10,370;28,2286904884961
1318;10,374;33,799599026803
1319;10,378;37,4624521539774
1320;10,382;37,5372200014502
1321;10,386;35,5184302647596
1322;10,390;31,1742196913478
1323;10,394;26,3744015872306
1324;10,399;21,0877150081845
1325;10,403;16,7181832628018
1326;10,407;12,942513032786
1327;10,411;9,93934104012355
1328;10,415;7,91837210127543
1329;10,419;6,4006831509489
1330;10,423;5,22159978894524
1331;10,427;4,44499385195002
1332;10,432;3,7372738451
1333;10,436;3,24994253077496
1334;10,440;2,82854654544389
1335;10,444;2,52461534189175
1336;10,448;2,36105947023403
1337;10,452;2,24486749679484
1338;10,456;2,34378013277319
1339;10,460;2,87845606034191
1340;10,464;4,19635267127758
1341;10,469;7,02165934094756
1342;10,473;12,4151653956583
1343;10,477;20,7406818858545
1344;10,481;31,965983618571
1345;10,485;45,4681851912992
1346;10,489;58,1636576963249
1347;10,493;69,6236961428508
1348;10,497;76,7546241512683
1349;10,502;77,0391546701266
1350;10,506;71,9478634562069
1351;10,510;62,5252247470968
1352;10,514;51,3361209121639
1353;10,518;40,373480536832
1354;10,522;31,1944689149347
1355;10,526;23,8187760057886
1356;10,530;18,2591491777658
1357;10,535;14,3887125813633
1358;10,539;11,6556073764257
1359;10,543;9,45200972579851
1360;10,547;7,79010773358347
1361;10,551;6,67678613580016
1362;10,555;5,6434200437229
1363;10,559;4,95486930186848
1364;10,563;4,41568069018611
1365;10,568;3,93498340720764
1366;10,572;3,48062939986701
1367;10,576;3,26309488361903
1368;10,580;2,96622198086005
1369;10,584;2,68439135847991
1370;10,588;2,44824684150682
1371;10,592;2,32659722018659
1372;10,596;2,20249840706108
1373;10,601;2,10786703549824
1374;10,605;2,00982222338789
1375;10,609;1,84821413418948
1376;10,613;1,7867143494098
1377;10,617;1,71948692710125
1378;10,621;1,57338395767797
1379;10,625;1,60179072562418
1380;10,629;1,48611944650579
1381;10,633;1,4078224486364
1382;10,638;1,33417312970457
1383;10,642;1,20365241995578
1384;10,646;1,22991855569424
1385;10,650;1,14886380642205
1386;10,654;1,13603929815034
1387;10,658;1,07409595894923
1388;10,662;1,06156072530019
1389;10,666;1,06705694313092
1390;10,671;0,994506867765242
1391;10,675;0,970323509310015
1392;10,679;0,954760534610359
1393;10,683;0,937346202325614
1394;10,687;0,962397384648851
1395;10,691;0,949727156175898
1396;10,695;1,08153995923928
1397;10,699;1,36466267493401
1398;10,704;1,99339142482023
1399;10,708;3,42894566728327
1400;10,712;6,04664958275028
1401;10,716;10,3831847361738
1402;10,720;16,6200998807417
1403;10,724;24,4430884964354
1404;10,728;33,9133610934118
1405;10,732;44,7215288202378
1406;10,737;55,9367637960853
1407;10,741;67,853239027235
1408;10,745;78,8657696324901
1409;10,749;88,8436420523533
1410;10,753;96,2416476773948
1411;10,757;97,6089138239328
1412;10,761;93,1051972235807
1413;10,765;82,3797041839139
1414;10,770;68,826551707646
1415;10,774;55,4070248220768
1416;10,778;42,7316665458142
1417;10,782;32,8013701588928
1418;10,786;25,150364948864
1419;10,790;19,6225197593852
1420;10,794;15,7091740939533
1421;10,798;12,7414093151057
1422;10,802;10,5900739463075
1423;10,807;8,97964355195295
1424;10,811;7,78304943279032
1425;10,815;6,83386225591007
1426;10,819;6,11192922259952
1427;10,823;5,3938917542076
1428;10,827;4,82110871634579
1429;10,831;4,45695053635372
1430;10,835;4,06342133967321
1431;10,840;3,80234135022594
1432;10,844;3,53831075962745
1433;10,848;3,40086674390942
1434;10,852;3,18406505670554
1435;10,856;2,89731676574001
1436;10,860;2,71476519386028
1437;10,864;2,57955823522424
1438;10,868;2,40695771036436
1439;10,873;2,22994092626506
1440;10,877;2,2098459824769
1441;10,881;2,08327869257127
1442;10,885;1,93449511164458
1443;10,889;1,95520717462776
1444;10,893;1,78359018348496
1445;10,897;1,75961895975303
1446;10,901;1,71077011847146
1447;10,906;1,62705404267071
1448;10,910;1,54405151093921
1449;10,914;1,60229213497014
1450;10,918;1,51167203817499
1451;10,922;1,51493119892374
1452;10,926;1,49254134312907
1453;10,930;1,49078641041821
1454;10,934;1,46637163226484
1455;10,939;1,48654371595238
1456;10,943;1,38469976379763
1457;10,947;1,33095253890551
1458;10,951;1,30109939784595
1459;10,955;1,30339430985246
1460;10,959;1,29784023709719
1461;10,963;1,36308130699674
1462;10,967;1,49632119819863
1463;10,971;2,0510920695555
1464;10,976;3,06501890698934
1465;10,980;4,9223741192552
1466;10,984;7,99038219734546
1467;10,988;12,5462260847027
1468;10,992;18,437303775381
1469;10,996;24,4301097083649
1470;11,000;29,5773273493342
1471;11,004;32,5730167717569
1472;11,009;33,2881036389976
1473;11,013;31,6138399779071
1474;11,017;27,8853022264118
1475;11,021;23,5754767631481
1476;11,025;18,991187537895
1477;11,029;14,9199943533594
1478;11,033;11,606777820119
1479;11,037;9,14871492641625
1480;11,042;7,2811772474324
1481;11,046;5,99980637885256
1482;11,050;4,8480883961535
1483;11,054;4,24335015497406
1484;11,058;3,67621761474174
1485;11,062;3,23258605341475
1486;11,066;2,96739836432557
1487;11,070;2,64535856939428
1488;11,075;2,42286781461122
1489;11,079;2,17305025047325
1490;11,083;2,01716979880371
1491;11,087;1,86630344059379
1492;11,091;1,85128044518979
1493;11,095;1,75263779885926
1494;11,099;1,64909676891817
1495;11,103;1,52702287815136
1496;11,108;1,51566402796784
1497;11,112;1,45717269926393
1498;11,116;1,35355452942347
1499;11,120;1,32412565781049
1500;11,124;1,4083431429572
1501;11,128;1,17821553813565
1502;11,132;1,20131893799958
1503;11,136;1,1541093195798
1504;11,140;1,11912637521156
1505;11,145;1,04275787482663
1506;11,149;1,16413750649904
1507;11,153;1,15173726767391
1508;11,157;1,14539251095001
1509;11,161;1,13989629311928
1510;11,165;1,12763104911806
1511;11,169;1,09733435363707
1512;11,173;1,03311538740429
1513;11,178;1,02584495188784
1514;11,182;1,10107563875694
1515;11,186;1,03703023729776
1516;11,190;1,10799894472618
1517;11,194;1,09324593897
1518;11,198;1,08875253983119
1519;11,202;1,11978206435628
1520;11,206;1,08190637376133
1521;11,211;1,06987254945825
1522;11,215;1,04426210286451
1523;11,219;1,05164824823003
1524;11,223;1,13162303891091
1525;11,227;1,0466727247201
1526;11,231;0,988740660286683
1527;11,235;1,03747379171919
1528;11,239;1,01905664074252
1529;11,244;0,97871247336745
1530;11,248;0,941839601464424
1531;11,252;1,00540287855249
1532;11,256;1,02355003988133
1533;11,260;1,01940377028972
1534;11,264;0,991170567117112
1535;11,268;0,999713810973305
1536;11,272;0,995413261582942
1537;11,277;1,04443566763812
1538;11,281;1,018748081145
1539;11,285;1,05963222781572
1540;11,289;1,05519668360145
1541;11,293;1,12581826148266
1542;11,297;1,2882170346497
1543;11,301;1,61446095409713
1544;11,305;2,23107873978089
1545;11,309;3,57855850212829
1546;11,314;6,26414552904857
1547;11,318;11,2538242105117
1548;11,322;19,111005086605
1549;11,326;30,5895763939566
1550;11,330;45,4156529198223
1551;11,334;62,7864590163429
1552;11,338;78,5615298693404
1553;11,342;91,1149492496602
1554;11,347;97,2530288981491
1555;11,351;96,4618049502216
1556;11,355;90,6722433671258
1557;11,359;81,9494178251794
1558;11,363;72,4416938070546
1559;11,367;64,5926897602955
1560;11,371;56,3779075956573
1561;11,375;48,8841327855372
1562;11,380;41,2645042295807
1563;11,384;34,0431682590913
1564;11,388;27,6215223404863
1565;11,392;22,6236089747645
1566;11,396;18,3225003201306
1567;11,400;14,8961388394765
1568;11,404;12,3274573300647
1569;11,408;10,5161160677782
1570;11,413;8,9655076653918
1571;11,417;7,86288922864729
1572;11,421;6,90236248655837
1573;11,425;6,16278370126494
1574;11,429;5,53795051629735
1575;11,433;5,1209707902057
1576;11,437;4,76047675543412
1577;11,441;4,44919797646616
1578;11,446;4,50257878683623
1579;11,450;5,11375820961379
1580;11,454;7,03984507222609
1581;11,458;10,6201777920401
1582;11,462;14,0878476888115
1583;11,466;16,0862339221165
1584;11,470;16,170721396911
1585;11,474;14,7000877852055
1586;11,478;12,8401676712853
1587;11,483;10,5612043389651
1588;11,487;8,70921034970602
1589;11,491;7,1420168689532
1590;11,495;5,89857954589284
1591;11,499;5,17629938303508
1592;11,503;4,69122441076688
1593;11,507;4,13805419232211
1594;11,511;3,77601735956296
1595;11,516;3,49609594969244
1596;11,520;3,31286940369315
1597;11,524;3,17845312902574
1598;11,528;3,03290942387295
1599;11,532;2,82445813077681
1600;11,536;2,80000478267376
1601;11,540;2,63878239297225
1602;11,544;2,659050901534
1603;11,549;2,74747251119686
1604;11,553;2,91044983360924
1605;11,557;3,3280852488456
1606;11,561;4,58058651008296
1607;11,565;6,51772366328125
1608;11,569;9,64536088359126
1609;11,573;14,1506202819309
1610;11,577;19,4220910158245
1611;11,582;24,1397551271034
1612;11,586;27,7522744699332
1613;11,590;29,4425253751699
1614;11,594;28,8685273838929
1615;11,598;26,6991798485898
1616;11,602;23,0974022367485
1617;11,606;19,4278186533533
1618;11,610;15,693071139958
1619;11,615;12,8275938676866
1620;11,619;10,3375179157416
1621;11,623;8,64317859583784
1622;11,627;7,17410706709474
1623;11,631;6,48908547563691
1624;11,635;6,55164593403304
1625;11,639;7,54505355823214
1626;11,643;9,99142975717903
1627;11,647;14,0723232840615
1628;11,652;20,0938252596143
1629;11,656;26,9565764078417
1630;11,660;33,7037912717747
1631;11,664;39,1536865929312
1632;11,668;41,6692572816208
1633;11,672;40,7102347675698
1634;11,676;37,2964085205647
1635;11,680;31,9024974813823
1636;11,685;26,1441775575348
1637;11,689;21,0747362201141
1638;11,693;16,8447698376822
1639;11,697;13,6267825102249
1640;11,701;11,0888026807658
1641;11,705;9,17839450270221
1642;11,709;7,75363984615219
1643;11,713;6,78327776689248
1644;11,718;5,85945033193299
1645;11,722;5,2527064533697
1646;11,726;4,73446132436865
1647;11,730;4,21671760471356
1648;11,734;3,88437963321521
1649;11,738;3,70366013394572
1650;11,742;3,50650983610857
1651;11,746;3,15218699328729
1652;11,751;3,15976598840125
1653;11,755;2,8138321096374
1654;11,759;2,76641035649433
1655;11,763;2,60975850583101
1656;11,767;2,51485714462034
1657;11,771;2,45274024064563
1658;11,775;2,32675149998534
1659;11,779;2,23314223208927
1660;11,784;2,11880161623517
1661;11,788;2,10555283851688
1662;11,792;1,95146588950789
1663;11,796;1,92458263457441
1664;11,800;1,93626932933029
1665;11,804;1,85909086000188
1666;11,808;1,794139064725
1667;11,812;1,7196797768497
1668;11,816;1,79275054653619
1669;11,821;1,74584948771393
1670;11,825;1,73805835787668
1671;11,829;1,61461523389589
1672;11,833;1,60227284999529
1673;11,837;1,61197319234217
1674;11,841;1,5551403714749
1675;11,845;1,58458852806272
1676;11,849;1,52960706478054
1677;11,854;1,53620252617743
1678;11,858;1,55853452704756
1679;11,862;1,46253392227075
1680;11,866;1,55608533524229
1681;11,870;1,62985036402319
1682;11,874;2,12098081839262
1683;11,878;2,92736275654802
1684;11,882;4,65599076172565
1685;11,887;7,74899216721462
1686;11,891;12,9256386797969
1687;11,895;19,9168663304396
1688;11,899;27,9022537193003
1689;11,903;35,9126537205345
1690;11,907;41,5118918868882
1691;11,911;44,0445490632902
1692;11,915;42,3198744779557
1693;11,920;37,7073713345048
1694;11,924;31,7580723047705
1695;11,928;25,7469263607093
1696;11,932;20,5822751024804
1697;11,936;16,4873035439613
1698;11,940;13,3289260737488
1699;11,944;10,9020855543196
1700;11,948;9,25879356282968
1701;11,953;7,82888981799612
1702;11,957;6,84034200745789
1703;11,961;6,06313823624248
1704;11,965;5,39502956772343
1705;11,969;4,83325825049794
1706;11,973;4,46317958322855
1707;11,977;4,10390050187219
1708;11,981;3,80529195137718
1709;11,985;3,46416003134966
1710;11,990;3,1918176165931
1711;11,994;3,00477264557456
1712;11,998;2,86725148995716
1713;12,002;2,81840264867559
1714;12,006;2,65284113963402
1715;12,010;2,57911468080281
1716;12,014;2,48488829371171
1717;12,018;2,35502327310764
1718;12,023;2,3606159158126
1719;12,027;2,29298350903231
1720;12,031;2,22830170340326
1721;12,035;2,10426074520228
1722;12,039;2,09292117999361
1723;12,043;1,96675887455972
1724;12,047;1,93443725672004
1725;12,051;1,84699918077427
1726;12,056;1,76951215184835
1727;12,060;1,76187530180986
1728;12,064;1,79485260879426
1729;12,068;1,71597706167952
1730;12,072;1,75284993358255
1731;12,076;1,70299827360905
1732;12,080;1,68947950624293
1733;12,084;1,66373406482529
1734;12,089;1,58732699449067
1735;12,093;1,57687453812485
1736;12,097;1,58217790620714
1737;12,101;1,65411086237779
1738;12,105;1,57035621662735
1739;12,109;1,62769044684058
1740;12,113;1,58042297349627
1741;12,117;1,74399813012884
1742;12,122;2,08983558401846
1743;12,126;2,94383212506538
1744;12,130;4,56749201216342
1745;12,134;7,20710365905399
1746;12,138;11,5036224896748
1747;12,142;16,7967116803693
1748;12,146;23,1971826965949
1749;12,150;28,9920862177227
1750;12,154;33,0584003036226
1751;12,159;34,744099954796
1752;12,163;33,2276452428595
1753;12,167;30,0067458842007
1754;12,171;25,5426406221796
1755;12,175;20,9866810249733
1756;12,179;16,6874044429496
1757;12,183;13,5415814913611
1758;12,187;10,7735511969798
1759;12,192;8,74706675532613
1760;12,196;7,34462481467139
1761;12,200;6,29746996558018
1762;12,204;5,48252549859374
1763;12,208;4,83771307968706
1764;12,212;4,32097217872389
1765;12,216;4,00068731650346
1766;12,220;3,7747831211729
1767;12,225;3,48232647765334
1768;12,229;3,20637777260083
1769;12,233;3,00967102918511
1770;12,237;2,89016204007264
1771;12,241;2,61151343854187
1772;12,245;2,49073164108965
1773;12,249;2,41976293366123
1774;12,253;2,31311702277016
1775;12,258;2,17374450956766
1776;12,262;2,11141547086966
1777;12,266;2,0050781195761
1778;12,270;1,94647108102312
1779;12,274;1,91166170142848
1780;12,278;1,86109649738573
1781;12,282;1,7667736854204
1782;12,286;1,77763112625796
1783;12,291;1,76669654552103
1784;12,295;1,68373258373922
1785;12,299;1,66685823075012
1786;12,303;1,5971816166363
1787;12,307;1,6546315566986
1788;12,311;1,57785807184193
1789;12,315;1,62844256085952
1790;12,319;1,57787735681678
1791;12,323;1,58294930520093
1792;12,328;1,54472648505877
1793;12,332;1,51969458771038
1794;12,336;1,41200728817769
1795;12,340;1,43844698868975
1796;12,344;1,36043926544302
1797;12,348;1,34769189707069
1798;12,352;1,40701247969292
1799;12,356;1,37278164934362
1800;12,361;1,35536731705887
1801;12,365;1,35280241540453
1802;12,369;1,38128632325012
1803;12,373;1,32626629001825
1804;12,377;1,27332903406961
1805;12,381;1,35276384545484
1806;12,385;1,40209481110753
1807;12,389;1,30019300402825
1808;12,394;1,34281279843499
1809;12,398;1,20056682398063
1810;12,402;1,29074336635435
1811;12,406;1,22058462786941
1812;12,410;1,18922725877196
1813;12,414;1,27990521049164
1814;12,418;1,2284336126312
1815;12,422;1,25010992435661
1816;12,427;1,36169278880793
1817;12,431;1,58670987529564
1818;12,435;1,95472505025664
1819;12,439;2,96309781493521
1820;12,443;4,87501022103667
1821;12,447;8,46915098283946
1822;12,451;14,0735189525019
1823;12,455;22,2288841096436
1824;12,460;33,5910320238578
1825;12,464;46,7877210250967
1826;12,468;61,438419989725
1827;12,472;74,0095429769521
1828;12,476;82,6898644343408
1829;12,480;85,4204625925486
1830;12,484;81,6772104052468
1831;12,488;74,5729342320646
1832;12,492;65,3091265757753
1833;12,497;57,5697576110082
1834;12,501;52,6296027449462
1835;12,505;49,9388280597927
1836;12,509;48,5409952281258
1837;12,513;47,4122263654919
1838;12,517;44,8628298309248
1839;12,521;41,3460218182491
1840;12,525;36,9760079484952
1841;12,530;31,8076539750962
1842;12,534;26,7772839967108
1843;12,538;22,5173680483451
1844;12,542;18,7387086472284
1845;12,546;15,7183151720297
1846;12,550;13,2523454386406
1847;12,554;11,400177884608
1848;12,558;9,89022220919415
1849;12,563;8,71557439140476
1850;12,567;7,71803978258891
1851;12,571;6,9417809751409
1852;12,575;6,43965808510999
1853;12,579;5,89778886192421
1854;12,583;5,46808105243508
1855;12,587;5,13757515354697
1856;12,591;4,74456665118726
1857;12,596;4,58276571224041
1858;12,600;4,26977057051127
1859;12,604;3,9922404975215
1860;12,608;3,97104631016719
1861;12,612;3,66341239144488
1862;12,616;3,54596689464078
1863;12,620;3,46448787592202
1864;12,624;3,3802703907753
1865;12,629;3,37062790335296
1866;12,633;3,12347166574356
1867;12,637;3,11107142691843
1868;12,641;3,03175232538227
1869;12,645;3,0015520547755
1870;12,649;2,9359445703539
1871;12,653;2,86979710663665
1872;12,657;2,77464504075301
1873;12,661;2,69644446775784
1874;12,666;2,6915075141976
1875;12,670;2,66499067378617
1876;12,674;2,57464056663885
1877;12,678;2,56893221408482
1878;12,682;2,5282216321877
1879;12,686;2,60337517915742
1880;12,690;2,65384395832594
1881;12,694;2,92832700529025
1882;12,699;3,55283234568549
1883;12,703;4,67795634807374
1884;12,707;6,64078108776515
1885;12,711;9,78511909629065
1886;12,715;13,8095076468782
1887;12,719;18,5825774908859
1888;12,723;23,2956903481015
1889;12,727;27,0638780078775
1890;12,732;29,2062072934232
1891;12,736;29,3814498598368
1892;12,740;28,1793980927931
1893;12,744;26,4096738062215
1894;12,748;25,4297078094891
1895;12,752;25,6794482337277
1896;12,756;26,1547457237497
1897;12,760;26,5515533661538
1898;12,765;26,8185538428784
1899;12,769;28,2245056489548
1900;12,773;31,3508700609251
1901;12,777;36,4031092007844
1902;12,781;43,3481300516992
1903;12,785;51,0897553585231
1904;12,789;57,9011891886888
1905;12,793;62,9134505756951
1906;12,798;65,0940219663577
1907;12,802;63,0881145928633
1908;12,806;58,6109341178975
1909;12,810;51,9434047700228
1910;12,814;44,8291389798711
1911;12,818;37,5917964802607
1912;12,822;31,1132213159141
1913;12,826;25,9368255080048
1914;12,831;21,8492015249015
1915;12,835;18,246459664318
1916;12,839;15,8309972800471
1917;12,843;13,6110266857768
1918;12,847;11,8205131963226
1919;12,851;10,6797297943605
1920;12,855;9,69636964205544
1921;12,859;9,02837668338545
1922;12,863;8,11818372564115
1923;12,868;7,59374811971495
1924;12,872;7,06211921817169
1925;12,876;6,67125134801974
1926;12,880;6,31985982137485
1927;12,884;5,94181645949461
1928;12,888;5,58986566857922
1929;12,892;5,43155531007925
1930;12,896;5,17739862660123
1931;12,901;4,86552201341309
1932;12,905;4,75671618533941
1933;12,909;4,38380262676785
1934;12,913;4,14220046191372
1935;12,917;4,07800078065578
1936;12,921;3,95318842346102
1937;12,925;3,8499752380923
1938;12,929;3,76724269600863
1939;12,934;3,60249115591054
1940;12,938;3,60542247208693
1941;12,942;3,37757049429705
1942;12,946;3,27530227269572
1943;12,950;3,3050782738559
1944;12,954;3,05148085464837
1945;12,958;3,03383510266549
1946;12,962;3,00151348482581
1947;12,967;2,93839376215918
1948;12,971;2,85645190404414
1949;12,975;2,74398193074997
1950;12,979;2,74540901888848
1951;12,983;2,70417774267055
1952;12,987;2,66583921267933
1953;12,991;2,6877083741532
1954;12,995;2,72645188861616
1955;13,000;2,98261420947803
1956;13,004;3,60146905224377
1957;13,008;4,62762256372913
1958;13,012;6,47251968224533
1959;13,016;9,38079031369712
1960;13,020;13,3654903860543
1961;13,024;19,0383971563148
1962;13,028;25,2072749096306
1963;13,032;31,1291699901107
1964;13,037;35,5963415631321
1965;13,041;37,9370939548546
1966;13,045;37,2827740433495
1967;13,049;34,2131074574226
1968;13,053;30,218147778448
1969;13,057;25,8415191623224
1970;13,061;21,9375074247153
1971;13,065;18,3179104961175
1972;13,070;15,649120682287
1973;13,074;13,2717268383595
1974;13,078;11,5268608843627
1975;13,082;10,1284880734002
1976;13,086;8,8839707917485
1977;13,090;8,05890171296861
1978;13,094;7,20234027026735
1979;13,098;6,60548958379939
1980;13,103;6,15036417746497
1981;13,107;5,61505184572637
1982;13,111;5,33223768962916
1983;13,115;4,95587212056041
1984;13,119;4,63271379708812
1985;13,123;4,33123178534126
1986;13,127;4,04972900753348
1987;13,131;3,83585863650599
1988;13,136;3,80074069731383
1989;13,140;3,60320469997979
1990;13,144;3,58233835719785
1991;13,148;3,4330147969755
1992;13,152;3,27576511209199
1993;13,156;3,1998015961788
1994;13,160;3,19862521271327
1995;13,164;3,10912364445912
1996;13,169;3,01379801380187
1997;13,173;2,98419557741529
1998;13,177;2,99298952594446
1999;13,181;2,86013533423947
2000;13,185;2,91295688033905
2001;13,189;2,73946924663631
2002;13,193;2,7322566660444
2003;13,197;2,6398430665887
2004;13,201;2,54069901091221
2005;13,206;2,48170627286234
2006;13,210;2,47144666624497
2007;13,214;2,43044680972518
2008;13,218;2,33866961443936
2009;13,222;2,28798870054754
2010;13,226;2,23078946515822
2011;13,230;2,2296130816927
2012;13,234;2,10669065203271
2013;13,239;2,15033255010622
2014;13,243;2,14965757598666
2015;13,247;2,12277432105318
2016;13,251;2,10759704585041
2017;13,255;2,01348636860838
2018;13,259;2,1440649332817
2019;13,263;2,17792934910896
2020;13,267;2,4599335362627
2021;13,272;2,82802585112308
2022;13,276;3,73428467399907
2023;13,280;5,35053913075676
2024;13,284;7,63661861879467
2025;13,288;11,1730008809377
2026;13,292;15,7771922002305
2027;13,296;20,5143148511277
2028;13,300;24,8284408637817
2029;13,305;28,0304409470928
2030;13,309;29,5203016787185
2031;13,313;29,355106584199
2032;13,317;27,4287111619892
2033;13,321;24,5060732242781
2034;13,325;21,3203689447108
2035;13,329;18,2690230848863
2036;13,333;15,414210403704
2037;13,338;13,2169767947755
2038;13,342;11,2733213200797
2039;13,346;9,74087936399696
2040;13,350;8,4378321836917
2041;13,354;7,52839133996634
2042;13,358;6,55810640060601
2043;13,362;6,05924267132386
2044;13,366;5,55137285878924
2045;13,370;5,18542117613662
2046;13,375;5,07599822886791
2047;13,379;4,99120219447586
2048;13,383;5,40735266664918
2049;13,387;6,11675046631069
2050;13,391;7,56244860554204
2051;13,395;9,55798066257002
2052;13,399;12,0638317239379
2053;13,403;14,856971055567
2054;13,408;17,9166287395495
2055;13,412;20,2918433813195
2056;13,416;21,6318984283517
2057;13,420;21,8755448005394
2058;13,424;20,9188750534194
2059;13,428;19,4191982695978
2060;13,432;17,4996490134578
2061;13,436;15,3411396340175
2062;13,441;13,3221570475783
2063;13,445;11,4988976708379
2064;13,449;9,77846577996924
2065;13,453;8,47107948032393
2066;13,457;7,38296334466261
2067;13,461;6,48262500906394
2068;13,465;5,80620451638683
2069;13,469;5,11888801292248
2070;13,474;4,72661233960686
2071;13,478;4,26660783463674
2072;13,482;3,99200907782336
2073;13,486;3,67741328318211
2074;13,490;3,46604995888443
2075;13,494;3,34686881434432
2076;13,498;3,09290498061474
2077;13,502;3,00000925678793
2078;13,507;2,83776476341964
2079;13,511;2,78112479230082
2080;13,515;2,63571608197194
2081;13,519;2,56459309474477
2082;13,523;2,48785817983779
2083;13,527;2,44599049944999
2084;13,531;2,30127604821552
2085;13,535;2,28532737401897
2086;13,539;2,25597564230537
2087;13,544;2,21732855271664
2088;13,548;2,18749469663192
2089;13,552;2,18988603351266
2090;13,556;2,20776320519368
2091;13,560;2,18975103868875
2092;13,564;2,09670103506317
2093;13,568;2,05581688839245
2094;13,572;2,0458658413726
2095;13,577;2,09294046496846
2096;13,581;2,20488974394182
2097;13,585;2,547429467133
2098;13,589;3,15367193635033
2099;13,593;4,2495406318992
2100;13,597;6,22862260538467
2101;13,601;9,07649269562293
2102;13,605;13,5107641015593
2103;13,610;19,7683720241355
2104;13,614;27,7102717947215
2105;13,618;37,2137145484307
2106;13,622;46,4753815725123
2107;13,626;55,452440937836
2108;13,630;62,4560688273038
2109;13,634;66,1678865056088
2110;13,638;65,2021721052867
2111;13,643;60,2751888770436
2112;13,647;54,1184413729051
2113;13,651;46,1907546287797
2114;13,655;39,3758109331922
2115;13,659;32,9302323608049
2116;13,663;27,7142444995395
2117;13,667;23,3706124753731
2118;13,671;20,1900572840893
2119;13,676;17,6034986029964
2120;13,680;15,3238024416321
2121;13,684;13,6627297033354
2122;13,688;12,2052677294488
2123;13,692;11,0776366803307
2124;13,696;9,98296365322221
2125;13,700;9,31259864264633
2126;13,704;8,56601941148428
2127;13,708;7,94691386404556
2128;13,713;7,3681524839819
2129;13,717;6,89405066240032
2130;13,721;6,44739136002271
2131;13,725;6,13736610441965
2132;13,729;5,84560371999451
2133;13,733;5,48850384079559
2134;13,737;5,25008369679083
2135;13,741;4,96888947858056
2136;13,746;4,74879006067825
2137;13,750;4,46522379056209
2138;13,754;4,27308758618455
2139;13,758;4,14713741547396
2140;13,762;3,93471341755982
2141;13,766;3,76182361807727
2142;13,770;3,62646237964247
2143;13,774;3,56368978652304
2144;13,779;3,44344796836647
2145;13,783;3,28282341288514
2146;13,787;3,21202827023032
2147;13,791;3,06575173603344
2148;13,795;2,9750930692886
2149;13,799;2,88065454747421
2150;13,803;2,87511975969379
2151;13,807;2,87660470275683
2152;13,812;2,74864889466238
2153;13,816;2,63056699368841
2154;13,820;2,58725294018726
2155;13,824;2,56727370624818
2156;13,828;2,58777363450807
2157;13,832;2,55911616188888
2158;13,836;2,5130250720101
2159;13,840;2,5340456945908
2160;13,845;2,31203706417885
2161;13,849;2,4849268636614
2162;13,853;2,40015011424419
2163;13,857;2,32680935490988
2164;13,861;2,24858949693986
2165;13,865;2,26156828501033
2166;13,869;2,23923628414019
2167;13,873;2,17254884112729
2168;13,877;2,14003437353916
2169;13,882;2,11353681810257
2170;13,886;2,0583432200971
2171;13,890;2,0014525443053
2172;13,894;1,97472356917058
2173;13,898;1,94764746448865
2174;13,902;1,9141301782086
2175;13,906;1,86888762722298
2176;13,910;1,8901782394515
2177;13,915;1,83891877631435
2178;13,919;1,90250133837725
2179;13,923;1,78013817298777
2180;13,927;1,8517625695609
2181;13,931;1,90849896555395
2182;13,935;2,04629011081918
2183;13,939;2,45175670692855
2184;13,943;2,96963542140756
2185;13,948;3,81481872895045
2186;13,952;5,32570008315681
2187;13,956;7,49257914167977
2188;13,960;10,4229117843539
2189;13,964;14,0644550143249
2190;13,968;18,1240579289788
2191;13,972;22,1879999629728
2192;13,976;25,7087228255419
2193;13,981;27,8904127447456
2194;13,985;28,8324644809333
2195;13,989;28,2750515680227
2196;13,993;26,3747294318029
2197;13,997;24,1818735121642
2198;14,001;21,5348564349333
2199;14,005;18,7786864000815
2200;14,009;16,574741619907
2201;14,014;14,3082363813365
2202;14,018;12,5063640416987
2203;14,022;11,1788056583659
2204;14,026;9,75441741633792
2205;14,030;8,74658463095501
2206;14,034;7,98627449770355
2207;14,038;7,279364459797
2208;14,042;6,6770175554983
2209;14,046;6,14137737918735
2210;14,051;5,74919813074596
2211;14,055;5,27607984288145
2212;14,059;5,02190387442859
2213;14,063;4,70908229747305
2214;14,067;4,45237999731553
2215;14,071;4,23640756402997
2216;14,075;4,02892051967607
2217;14,079;3,87034017152828
2218;14,084;3,80255348494923
2219;14,088;3,81724863578088
2220;14,092;4,17436779995464
2221;14,096;4,9377828141561
2222;14,100;6,3343428374832
2223;14,104;8,21703850669497
2224;14,108;9,68956204593527
2225;14,112;10,7377004287436
2226;14,117;11,0028495478831
2227;14,121;10,7344605529697
2228;14,125;10,3642276059015
2229;14,129;9,73719593380162
2230;14,133;8,84474515291442
2231;14,137;7,94645102464928
2232;14,141;7,22444085143935
2233;14,145;6,61690628890744
2234;14,150;5,97562302039733
2235;14,154;5,43317524796621
2236;14,158;5,0807423326797
2237;14,162;4,75600264127015
2238;14,166;4,48772935620583
2239;14,170;4,22123028882721
2240;14,174;4,05017256195491
2241;14,178;3,83911779725475
2242;14,183;3,63168860782538
2243;14,187;3,54093351620632
2244;14,191;3,32802739392107
2245;14,195;3,27098243833051
2246;14,199;3,11255636998147
2247;14,203;3,0707851144679
2248;14,207;2,95218251917312
2249;14,211;2,88915922138071
2250;14,215;2,81614630661876
2251;14,220;2,79680347684954
2252;14,224;2,65353539872843
2253;14,228;2,66688060132094
2254;14,232;2,55649340531
2255;14,236;2,52691025389827
2256;14,240;2,47981634532756
2257;14,244;2,45474587802948
2258;14,248;2,50135766222907
2259;14,253;2,32702148963317
2260;14,257;2,31510337517916
2261;14,261;2,32135170702883
2262;14,265;2,31020499156861
2263;14,269;2,26340035762057
2264;14,273;2,21042453172224
2265;14,277;2,14379494363388
2266;14,281;2,1364666531929
2267;14,286;2,1350009951047
2268;14,290;2,0324434988807
2269;14,294;2,04534514705179
2270;14,298;2,06474583174554
2271;14,302;1,97086657420164
2272;14,306;1,98160830519013
2273;14,310;2,04521015222788
2274;14,314;1,9648496620501
2275;14,319;1,94612395147592
2276;14,323;1,95910273954639
2277;14,327;2,06563294058839
2278;14,331;2,0016261090789
2279;14,335;2,00340032676461
2280;14,339;1,95717424206192
2281;14,343;2,02600231728258
2282;14,347;1,89166318251454
2283;14,352;1,94893955780324
2284;14,356;1,91351305901357
2285;14,360;1,88788332744499
2286;14,364;1,79967385250543
2287;14,368;1,80576790455635
2288;14,372;1,79109203869954
2289;14,376;1,66643396130354
2290;14,380;1,77142136435797
2291;14,384;1,66303980573088
2292;14,389;1,65879711126505
2293;14,393;1,71485853313853
2294;14,397;1,63002392879679
2295;14,401;1,61860722368874
2296;14,405;1,56428144955128
2297;14,409;1,6210949854437
2298;14,413;1,67700212751843
2299;14,417;1,60344923346082
2300;14,422;1,5979144456804
2301;14,426;1,55110981173236
2302;14,430;1,58339285962235
2303;14,434;1,60132788622791
2304;14,438;1,64957889328929
2305;14,442;1,63276239522473
2306;14,446;1,64844107977346
2307;14,450;1,76982071144586
2308;14,455;1,8780479902742
2309;14,459;2,08171660960885
2310;14,463;2,13638951329352
2311;14,467;2,31678116799064
2312;14,471;2,53028512449608
2313;14,475;2,58557514737578
2314;14,479;2,73944996166147
2315;14,483;2,93442105734117
2316;14,488;2,82445813077681
2317;14,492;2,84420594501777
2318;14,496;2,73565082161707
2319;14,500;2,63243763624835
2320;14,504;2,42547128621525
2321;14,508;2,28621448286183
2322;14,512;2,18078352538597
2323;14,516;2,08320155267189
2324;14,521;2,00027616083978
2325;14,525;1,86597559602143
2326;14,529;1,80979846429888
2327;14,533;1,75394917714869
2328;14,537;1,66626039652994
2329;14,541;1,6736658268703
2330;14,545;1,62140354504122
2331;14,549;1,58908192720153
2332;14,553;1,594115305636
2333;14,558;1,54088877506468
2334;14,562;1,58179220671025
2335;14,566;1,49846183040639
2336;14,570;1,46995863758595
2337;14,574;1,45553347640213
2338;14,578;1,43231436668914
2339;14,582;1,48280243083251
2340;14,586;1,43092584850032
2341;14,591;1,37378446803554
2342;14,595;1,36427697543711
2343;14,599;1,37563582562063
2344;14,603;1,34682407320268
2345;14,607;1,37027460261381
2346;14,611;1,38088133877838
2347;14,615;1,36973462331816
2348;14,619;1,3320710674465
2349;14,624;1,27452470250998
2350;14,628;1,28162157325282
2351;14,632;1,31203397858288
2352;14,636;1,29425323177608
2353;14,640;1,24563581019265
2354;14,644;1,2577853443448
2355;14,648;1,27060985261651
2356;14,652;1,34007433200704
2357;14,657;1,26542219438329
2358;14,661;1,3353495131701
2359;14,665;1,29207402961864
2360;14,669;1,28250868209568
2361;14,673;1,25961741695504
2362;14,677;1,29336612293323
2363;14,681;1,2425502142175
2364;14,685;1,34655408355485
2365;14,690;1,28125515873077
2366;14,694;1,29569960488944
2367;14,698;1,22149102168711
2368;14,702;1,21113499019552
2369;14,706;1,20693086567938
2370;14,710;1,15262437651676
2371;14,714;1,13721568161586
2372;14,718;1,15059945415807
2373;14,722;1,10686113121034
2374;14,727;1,14570107054752
2375;14,731;1,10533761819761
2376;14,735;1,14897951627112
2377;14,739;1,13262585760283
2378;14,743;1,07641015593059
2379;14,747;1,14462111195622
2380;14,751;1,08263920280542
2381;14,755;1,18710591153905
2382;14,760;1,09469231208335
2383;14,764;1,14896023129627
2384;14,768;1,12523971223732
2385;14,772;1,11224163919201
2386;14,776;1,0752916273896
2387;14,780;1,12585683143235
2388;14,784;1,05693233133747
2389;14,788;1,08439413551629
2390;14,793;1,0937666332908
2391;14,797;1,11629148390939
2392;14,801;1,03490889006484
2393;14,805;1,12045703847584
2394;14,809;1,11094954587741
2395;14,813;1,12961740152706
2396;14,817;1,11380372215442
2397;14,821;1,14423541245933
2398;14,826;1,13349368147084
2399;14,830;1,12759247916837
2400;14,834;1,09826003242961
2401;14,838;1,08732545169268
2402;14,842;1,04773339833656
2403;14,846;1,05471455923033
2404;14,850;1,07172390704334
2405;14,854;1,03741593679465
2406;14,859;1,0452070666319
2407;14,863;1,02719490012697
2408;14,867;0,995644681281078
2409;14,871;0,984517250795698
2410;14,875;1,01510322089936
2411;14,879;1,05176395807909
2412;14,883;1,11858639591591
2413;14,887;1,02536282751673
2414;14,891;1,05164824823003
2415;14,896;1,0374352217695
2416;14,900;1,00416864016243
2417;14,904;1,05537024837505
2418;14,908;1,05448313953219
2419;14,912;1,05101184406015
2420;14,916;1,0102434072385
2421;14,920;1,0664012539862
2422;14,924;1,01653030903787
2423;14,929;0,94598587105603
2424;14,933;0,969513540366538
2425;14,937;0,997534608815856
2426;14,941;0,964769436554747
2427;14,945;0,904542460114815
2428;14,949;0,944983052364107
2429;14,953;0,926392336613836
2430;14,957;0,935012720369408
2431;14,962;0,943170264728707
2432;14,966;0,96338091836593
2433;14,970;0,970362079259704
2434;14,974;0,929844347111034
2435;14,978;0,962320244749473
2436;14,982;0,95200278320757
2437;14,986;1,00035021514318
2438;14,990;0,941569611816598
2439;14,995;0,929362222739917
2440;14,999;0,88531534019467
2441;15,003;0,947528669043604
2442;15,007;1,02241222636549
2443;15,011;1,0495654709468
2444;15,015;1,22509731198307
2445;15,019;1,42895878106617
2446;15,023;1,73975543566301
2447;15,028;2,28955078350996
2448;15,032;3,16632287984844
2449;15,036;4,08338128863745
2450;15,040;5,24435605926196
2451;15,044;6,65231350272227
2452;15,048;8,14878898071965
2453;15,052;9,38129172304308
2454;15,056;10,4898499320397
2455;15,060;11,206228892595
2456;15,065;11,6521553659285
2457;15,069;11,4949249660199
2458;15,073;11,0135527089218
2459;15,077;10,3178472414001
2460;15,081;9,71173976700665
2461;15,085;8,81925041616976
2462;15,089;8,04453440670932
2463;15,093;7,14637527326809
2464;15,098;6,4755281383211
2465;15,102;5,81819977074022
2466;15,106;5,12573417899234
2467;15,110;4,67689567445728
2468;15,114;4,23783465216848
2469;15,118;3,89504422430431
2470;15,122;3,54988174453425
2471;15,126;3,22986687196165
2472;15,131;3,12700081614014
2473;15,135;2,82021543631099
2474;15,139;2,70043645755068
2475;15,143;2,4972306776123
2476;15,147;2,37943805126101
2477;15,151;2,21495650081074
2478;15,155;2,21069452137007
2479;15,159;2,07421475439427
2480;15,164;2,01244497996677
2481;15,168;1,9193564063915
2482;15,172;1,81907453719917
2483;15,176;1,79512259844208
2484;15,180;1,7669858201437
2485;15,184;1,73402779813414
2486;15,188;1,59546525387512
2487;15,192;1,55236333509727
2488;15,197;1,60001650793847
2489;15,201;1,48513591278872
2490;15,205;1,47923471048624
2491;15,209;1,46274605699404
2492;15,213;1,44901515490463
2493;15,217;1,44741450199252
2494;15,221;1,43607493678385
2495;15,225;1,35384380404614
2496;15,229;1,29541033026677
2497;15,234;1,30736701467047
2498;15,238;1,23126850393336
2499;15,242;1,24243450436843
2500;15,246;1,26964560387427
2501;15,250;1,23863536432403
2502;15,254;1,2623173134333
2503;15,258;1,22314952952375
2504;15,262;1,19248641952071
2505;15,267;1,1898058080173
2506;15,271;1,11089169095288
2507;15,275;1,16006837680681
2508;15,279;1,05747231063312
2509;15,283;1,14263475954722
2510;15,287;1,11332159778331
2511;15,291;1,10574260266935
2512;15,295;1,08215707843431
2513;15,300;1,05498454887815
2514;15,304;1,04975832069525
2515;15,308;1,05949723299181
2516;15,312;1,02680920063008
2517;15,316;1,05479169912971
2518;15,320;1,0124033244211
2519;15,324;0,990919862444131
2520;15,328;0,941048917495792
2521;15,333;0,974064794429882
2522;15,337;0,94569659643336
2523;15,341;1,03118688991982
2524;15,345;0,996531790123933
2525;15,349;1,0495654709468
2526;15,353;0,971152763228336
2527;15,357;1,04487922205954
