#"+EI TIC Scan 150C_1ml-min_9C-min_4.d "
#Point;X(Minutes);Y(Counts)
0;4,691;100
1;4,695;94,735702223256
2;4,699;89,6466700044858
3;4,703;84,9578655427873
4;4,707;80,8500139142581
5;4,712;76,5744799483419
6;4,716;72,4666483547417
7;4,720;68,6305404842803
8;4,724;64,1077153910127
9;4,728;61,8672493625387
10;4,732;59,072707358008
11;4,736;55,6070252878869
12;4,740;52,7385143258757
13;4,745;50,3602180040683
14;4,749;47,6352472901256
15;4,753;45,244479225081
16;4,757;43,1299828120345
17;4,761;40,6065835177048
18;4,765;38,5789485388827
19;4,769;36,597053302728
20;4,773;34,7919462791431
21;4,778;33,0270693927794
22;4,782;30,825992034513
23;4,786;29,4939196996043
24;4,790;28,1292104655256
25;4,794;26,8222819663802
26;4,798;24,898978879779
27;4,802;24,0460919567173
28;4,806;22,4600368282063
29;4,811;21,29881234945
30;4,815;20,4579964710476
31;4,819;19,532292598917
32;4,823;18,1779915103992
33;4,827;17,5690498815635
34;4,831;16,3531500818527
35;4,835;15,5222915631111
36;4,839;14,7752892392597
37;4,844;14,0273152213569
38;4,848;13,5557631174189
39;4,852;12,7835768879464
40;4,856;11,9973261383897
41;4,860;11,5718443534458
42;4,864;10,7676423075991
43;4,868;10,5082400657306
44;4,872;9,87358360565811
45;4,876;9,34736619823
46;4,881;8,93296372896508
47;4,885;8,40369099488047
48;4,889;8,04528615187718
49;4,893;7,73483491118416
50;4,897;7,34975356035713
51;4,901;7,02614938884451
52;4,905;6,60480481671747
53;4,909;6,3742428549934
54;4,914;6,05925370290565
55;4,918;5,78769025919789
56;4,922;5,51265075532684
57;4,926;5,25436045201204
58;4,930;5,11896440253939
59;4,934;4,83668227187278
60;4,938;4,59058322279061
61;4,942;4,39211721715639
62;4,947;4,20484071931005
63;4,951;4,00212730875008
64;4,955;3,88127661765522
65;4,959;3,82033036395652
66;4,963;3,53082564142326
67;4,967;3,48676883278307
68;4,971;3,39265475429864
69;4,975;3,51861435226173
70;4,980;3,92811828141181
71;4,984;4,95329557550634
72;4,988;6,41160799738264
73;4,992;8,29628374107419
74;4,996;10,1424723863584
75;5,000;11,458516778151
76;5,004;12,3858735319155
77;5,008;12,6812885584728
78;5,013;12,4358606795087
79;5,017;12,2155766363077
80;5,021;11,8225213837805
81;5,025;11,2787734135692
82;5,029;10,8050575373105
83;5,033;10,2966111118123
84;5,037;9,87996473051117
85;5,041;9,51486822125694
86;5,045;9,2664150680296
87;5,050;8,79887996733505
88;5,054;8,53885664267083
89;5,058;8,15500743997084
90;5,062;7,89451329447759
91;5,066;7,53078917785267
92;5,070;7,29225331442837
93;5,074;7,06958511468895
94;5,078;6,75384465276764
95;5,083;6,58953820089945
96;5,087;6,2109682019633
97;5,091;6,03680456507876
98;5,095;5,7662528852802
99;5,099;5,49411844609893
100;5,103;5,33504111067235
101;5,107;5,14761435085929
102;5,111;4,96753039248626
103;5,116;4,780905029829
104;5,120;4,55544195750872
105;5,124;4,38641727988575
106;5,128;4,13568014476438
107;5,132;3,97261585848769
108;5,136;3,79411465949737
109;5,140;3,55574909296868
110;5,144;3,36602833379714
111;5,149;3,14570422073844
112;5,153;2,94420292337661
113;5,157;2,74218071786352
114;5,161;2,60389963862999
115;5,165;2,48131592618571
116;5,169;2,32006480097402
117;5,173;2,14811502373237
118;5,177;2,02737452474644
119;5,182;1,87914610331652
120;5,186;1,81680742205962
121;5,190;1,726069229094
122;5,194;1,65653800836378
123;5,198;1,5900721317545
124;5,202;1,47434036499233
125;5,206;1,37323409632353
126;5,210;1,35717610081416
127;5,214;1,28130382508866
128;5,219;1,20542153189871
129;5,223;1,16706466052917
130;5,227;1,12175566883304
131;5,231;1,08894847276742
132;5,235;1,04028363048138
133;5,239;1,01485930571358
134;5,243;1,01463892149574
135;5,247;0,989785592201444
136;5,252;1,01589110455168
137;5,256;1,20194547173542
138;5,260;1,56828414658115
139;5,264;2,30593015863857
140;5,268;3,17283151446231
141;5,272;4,26209052862761
142;5,276;5,27458571273158
143;5,280;6,06338089825802
144;5,285;6,47680165600708
145;5,289;6,61327959164007
146;5,293;6,6169560010923
147;5,297;6,46546188625249
148;5,301;6,24706112636771
149;5,305;6,00129265361231
150;5,309;5,76582213430895
151;5,313;5,55247017650572
152;5,318;5,31048830531148
153;5,322;5,12364255843638
154;5,326;4,89879055144739
155;5,330;4,74501245471355
156;5,334;4,51100448521953
157;5,338;4,34019669892491
158;5,342;4,15685706460644
159;5,346;4,03060696017437
160;5,351;3,85608269456971
161;5,355;3,66126304599439
162;5,359;3,635377917862
163;5,363;3,40266220128171
164;5,367;3,29482419650419
165;5,371;3,19387820726655
166;5,375;3,06799874901904
167;5,379;2,93829261935258
168;5,383;2,80982865527761
169;5,388;2,67732765303029
170;5,392;2,54766159322162
171;5,396;2,47382286277897
172;5,400;2,3607056542376
173;5,404;2,22341630398437
174;5,408;2,10497982182136
175;5,412;1,90478079483772
176;5,416;1,80034872797235
177;5,421;1,71695333644676
178;5,425;1,60133176179351
179;5,429;1,50469328226831
180;5,433;1,38172890617503
181;5,437;1,33233278898432
182;5,441;1,26092830240241
183;5,445;1,17096145419925
184;5,449;1,0666395794428
185;5,454;1,0537170503055
186;5,458;0,98318408313053
187;5,462;0,930983075894515
188;5,466;0,896272561583865
189;5,470;0,827432545900523
190;5,474;0,804572692031287
191;5,478;0,783546034155947
192;5,482;0,75278240083762
193;5,487;0,741993591627644
194;5,491;0,68946200806486
195;5,495;0,677320841154469
196;5,499;0,673263768053224
197;5,503;0,640907357887742
198;5,507;0,65846797306424
199;5,511;0,625921231074255
200;5,515;0,602580538911538
201;5,520;0,580842641060425
202;5,524;0,585570884279653
203;5,528;0,575142703789787
204;5,532;0,555929206979448
205;5,536;0,544729681727123
206;5,540;0,570304268461636
207;5,544;0,532658637067864
208;5,548;0,521879845322335
209;5,552;0,522240474042446
210;5,557;0,496154996621109
211;5,561;0,506062268959704
212;5,565;0,50349779806114
213;5,569;0,500081842684536
214;5,573;0,486297811604752
215;5,577;0,50341765834556
216;5,581;0,530234410671565
217;5,585;0,5950674405759
218;5,590;0,795987724999765
219;5,594;1,26065783086233
220;5,598;2,10868628366695
221;5,602;3,60355243331224
222;5,606;5,62733068832202
223;5,610;7,86264774007004
224;5,614;10,3057470393885
225;5,618;12,1112146916935
226;5,623;13,2968717662373
227;5,627;14,0105259509429
228;5,631;14,2536197606908
229;5,635;14,0008290453577
230;5,639;13,4710153681929
231;5,643;13,0091301174468
232;5,647;12,4495245010151
233;5,651;11,9338354487213
234;5,656;11,2615834445773
235;5,660;10,8060693012197
236;5,664;10,2912217159396
237;5,668;9,81616349944493
238;5,672;9,33732869885358
239;5,676;8,9334946545808
240;5,680;8,51888181856248
241;5,684;8,09564394565485
242;5,689;7,77083767840854
243;5,693;7,34431407716212
244;5,697;6,88226854698481
245;5,701;6,6298785302296
246;5,705;6,1980857426838
247;5,709;5,95177632684823
248;5,713;5,57946724319178
249;5,717;5,13605419688685
250;5,721;4,88196121117556
251;5,726;4,51345876400917
252;5,730;4,22669882673453
253;5,734;3,83936354640681
254;5,738;3,57695606520408
255;5,742;3,22140619956833
256;5,746;2,93549774677172
257;5,750;2,71873985105633
258;5,754;2,43208008842616
259;5,759;2,18619140609739
260;5,763;2,05216774925405
261;5,767;1,86623359164367
262;5,771;1,66604458212448
263;5,775;1,4803007563386
264;5,779;1,40841543146321
265;5,783;1,2732798360662
266;5,787;1,16475062624179
267;5,792;1,06369444489523
268;5,796;1,00823776171377
269;5,800;0,890883165711101
270;5,804;0,870677939920457
271;5,808;0,8004855665367
272;5,812;0,729581953177169
273;5,816;0,69345897637942
274;5,820;0,671681008670516
275;5,825;0,588866630082887
276;5,829;0,589437625556395
277;5,833;0,578688886204208
278;5,837;0,542465734761984
279;5,841;0,544158686253615
280;5,845;0,497637581359342
281;5,849;0,518574082054654
282;5,853;0,492909338140114
283;5,858;0,459881757856647
284;5,862;0,450535463527113
285;5,866;0,45837913818952
286;5,870;0,405516978299968
287;5,874;0,410295308841434
288;5,878;0,375574777066337
289;5,882;0,385121420684822
290;5,886;0,395329216956843
291;5,890;0,38529171758043
292;5,895;0,360558597859508
293;5,899;0,379551710452002
294;5,903;0,386233359238496
295;5,907;0,378990732442941
296;5,911;0,386012975020651
297;5,915;0,353987141181937
298;5,919;0,336326351360963
299;5,923;0,350891744667654
300;5,928;0,340353372068865
301;5,932;0,34170572976928
302;5,936;0,329183899209883
303;5,940;0,323143368148029
304;5,944;0,323554084190378
305;5,948;0,29836016110487
306;5,952;0,340994489793506
307;5,956;0,307546176003244
308;5,961;0,318244828033193
309;5,965;0,326258799591207
310;5,969;0,305352351289238
311;5,973;0,313165973558302
312;5,977;0,309509599034958
313;5,981;0,327841558973915
314;5,985;0,404084480883973
315;5,989;0,518854571059185
316;5,994;0,803280439117558
317;5,998;1,37935476710096
318;6,002;2,23387453686757
319;6,006;3,27993824433517
320;6,010;4,59921827714437
321;6,014;5,85491746310518
322;6,018;6,9616168828736
323;6,022;7,77333202705597
324;6,027;8,14857622779554
325;6,031;8,21796720402349
326;6,035;8,07864430848742
327;6,039;7,82832790687284
328;6,043;7,55224658669925
329;6,047;7,23431230006393
330;6,051;6,90454738791609
331;6,055;6,51524868455666
332;6,059;6,20779266573344
333;6,064;5,91970040568728
334;6,068;5,62729061846423
335;6,072;5,23344398624562
336;6,076;4,94247671390302
337;6,080;4,65870198103373
338;6,084;4,41069961370654
339;6,088;4,17050085118395
340;6,092;3,91417397090087
341;6,097;3,68197916247185
342;6,101;3,4354193100251
343;6,105;3,17290163671345
344;6,109;2,94125778882904
345;6,113;2,70575721713235
346;6,117;2,49458906657867
347;6,121;2,17721575795241
348;6,125;2,01216801371511
349;6,130;1,82020334250733
350;6,134;1,58011477209367
351;6,138;1,46051626405475
352;6,142;1,30121854441033
353;6,146;1,16470053891955
354;6,150;1,05438822042349
355;6,154;0,961856901321764
356;6,158;0,888719393390437
357;6,163;0,821872853132151
358;6,167;0,722038802448188
359;6,171;0,693709412990608
360;6,175;0,648901294516861
361;6,179;0,61919951242997
362;6,183;0,575773804049981
363;6,187;0,54700364615671
364;6,191;0,48650817835815
365;6,196;0,476931482346323
366;6,200;0,436541065693931
367;6,204;0,42786594148238
368;6,208;0,398665032617866
369;6,212;0,413050111564502
370;6,216;0,397643251244219
371;6,220;0,35889569876122
372;6,224;0,358394825538844
373;6,228;0,35308556938166
374;6,233;0,360428370821691
375;6,237;0,360197969139398
376;6,241;0,341595537660357
377;6,245;0,332068928970768
378;6,249;0,301155033685728
379;6,253;0,314348034363109
380;6,257;0,298460335749345
381;6,261;0,291969018787354
382;6,266;0,274318246430828
383;6,270;0,297408501982356
384;6,274;0,247701843393773
385;6,278;0,239217051006725
386;6,282;0,262237184307121
387;6,286;0,253181396446565
388;6,290;0,247231022564739
389;6,294;0,215074961688207
390;6,299;0,202232572266489
391;6,303;0,217489170620059
392;6,307;0,231984441675617
393;6,311;0,216868087824313
394;6,315;0,209645495957653
395;6,319;0,199668101367925
396;6,323;0,175986815413993
397;6,327;0,2040056634737
398;6,332;0,172350475819544
399;6,336;0,178521233919215
400;6,340;0,169064747480758
401;6,344;0,168163175680481
402;6,348;0,160319501018075
403;6,352;0,162373081229816
404;6,356;0,165198006204016
405;6,360;0,168103070893796
406;6,365;0,165488512672994
407;6,369;0,141967506150222
408;6,373;0,15460954628299
409;6,377;0,151023294010778
410;6,381;0,14375061482188
411;6,385;0,141136056601078
412;6,389;0,139913925938481
413;6,393;0,140424816625305
414;6,397;0,151383922730889
415;6,402;0,139362965393868
416;6,406;0,151454044982022
417;6,410;0,15331729336926
418;6,414;0,16155164914512
419;6,418;0,16053988523592
420;6,422;0,169675812812057
421;6,426;0,177619662118938
422;6,430;0,171368764303687
423;6,435;0,14060513098536
424;6,439;0,220804951352187
425;6,443;0,36022802153274
426;6,447;0,707633688572658
427;6,451;1,42963242116306
428;6,455;2,6526846904894
429;6,459;4,57079873050677
430;6,463;7,22486583108992
431;6,468;10,1626074898979
432;6,472;12,9945547066756
433;6,476;15,4675861897632
434;6,480;17,2737250121862
435;6,484;18,4395675420528
436;6,488;18,6800968809022
437;6,492;18,5115129717149
438;6,496;18,0400510249569
439;6,501;17,2787537793389
440;6,505;16,5588687317469
441;6,509;15,8537494267506
442;6,513;14,9417193935908
443;6,517;14,0737261341423
444;6,521;13,2879161530212
445;6,525;12,2783059986781
446;6,529;11,5625281115096
447;6,534;10,5765491557982
448;6,538;9,91613779463116
449;6,542;9,16636063312779
450;6,546;8,37347832210676
451;6,550;7,69587699194776
452;6,554;6,93027223661732
453;6,558;6,26325936637935
454;6,562;5,52950013052756
455;6,566;4,86348900673434
456;6,571;4,22253156152436
457;6,575;3,74031085794975
458;6,579;3,2465300004027
459;6,583;2,75281926510679
460;6,587;2,45146388213211
461;6,591;2,12911189367543
462;6,595;1,87442787756174
463;6,599;1,6092355412426
464;6,604;1,40051165201412
465;6,608;1,23154707917784
466;6,612;1,09338620951767
467;6,616;0,991198054688544
468;6,620;0,822043150027758
469;6,624;0,77494103219553
470;6,628;0,672873086939771
471;6,632;0,60923213530469
472;6,637;0,585961565393106
473;6,641;0,511171175827938
474;6,645;0,479616162818257
475;6,649;0,428507059207022
476;6,653;0,390039995728553
477;6,657;0,365547295154372
478;6,661;0,3430380525408
479;6,665;0,327531017576042
480;6,670;0,282432392633317
481;6,674;0,275309975411132
482;6,678;0,266885287810769
483;6,682;0,240749723067195
484;6,686;0,235881235345702
485;6,690;0,25606642620745
486;6,694;0,222027082014785
487;6,698;0,206199488187706
488;6,703;0,23903673664667
489;6,707;0,186174576757118
490;6,711;0,21252050825409
491;6,715;0,217599362728982
492;6,719;0,220905125996663
493;6,723;0,232585489542468
494;6,727;0,244656534201727
495;6,731;0,244025433941534
496;6,735;0,247411336924795
497;6,740;0,236632545179266
498;6,744;0,253291588555488
499;6,748;0,24064954842272
500;6,752;0,240419146740427
501;6,756;0,222297553554868
502;6,760;0,216337162208594
503;6,764;0,23052189186628
504;6,768;0,246459677802281
505;6,773;0,252910924906482
506;6,777;0,25453375414698
507;6,781;0,250667012870238
508;6,785;0,290195927580143
509;6,789;0,273576954061711
510;6,793;0,250827292301398
511;6,797;0,232665629258048
512;6,801;0,25731860926339
513;6,806;0,235490554232249
514;6,810;0,203915506293672
515;6,814;0,198536127885355
516;6,818;0,204175960369308
517;6,822;0,224902094311222
518;6,826;0,206530064514475
519;6,830;0,173742903377749
520;6,834;0,185252970027947
521;6,839;0,213091503727599
522;6,843;0,330456117194717
523;6,847;0,526978734726122
524;6,851;0,91041722138376
525;6,855;1,49937400864667
526;6,859;2,48329938414632
527;6,863;3,71119008880082
528;6,867;5,09154660234653
529;6,872;6,5168815312616
530;6,876;7,77682812214815
531;6,880;8,71919103765505
532;6,884;9,15166501278329
533;6,888;9,46240675994529
534;6,892;9,3031390926942
535;6,896;9,1532077023082
536;6,900;8,69378674781614
537;6,904;8,25356927266997
538;6,909;7,78912956848971
539;6,913;7,25283459182739
540;6,917;6,84158762386344
541;6,921;6,34159593835894
542;6,925;5,89806268248064
543;6,929;5,43241086510222
544;6,933;5,03082073286568
545;6,937;4,51441042313169
546;6,942;4,13867536663419
547;6,946;3,70999801053156
548;6,950;3,40529679443141
549;6,954;3,13928302602758
550;6,958;3,17869173116411
551;6,962;3,46648346727685
552;6,966;4,1353896382954
553;6,970;5,21562291699349
554;6,975;6,52479532817514
555;6,979;8,06932806655123
556;6,983;9,42596322428522
557;6,987;10,654555151451
558;6,991;11,2122975194955
559;6,995;11,5149651903128
560;6,999;11,292557444649
561;7,003;10,9732106955266
562;7,008;10,5024399538155
563;7,012;10,0025484429554
564;7,016;9,46514152773946
565;7,020;8,76934848214377
566;7,024;8,2104641231523
567;7,028;7,57969443928545
568;7,032;6,98918494503317
569;7,036;6,37530470622483
570;7,041;5,7478908729479
571;7,045;5,27987493395987
572;7,049;4,6711336544131
573;7,053;4,05853565105405
574;7,057;3,51490789041615
575;7,061;3,07204580465584
576;7,065;2,65702225259517
577;7,069;2,21744589517365
578;7,073;1,94705449480625
579;7,078;1,61964368680357
580;7,082;1,38725854655006
581;7,086;1,20745507718156
582;7,090;1,05006067578216
583;7,094;0,885143158582673
584;7,098;0,792521682300923
585;7,102;0,677350893547811
586;7,106;0,566447544649342
587;7,111;0,511982590448187
588;7,115;0,460262421505653
589;7,119;0,409473876756738
590;7,123;0,357653533169728
591;7,127;0,32471611006629
592;7,131;0,307756542756642
593;7,135;0,278014690811962
594;7,139;0,28298335317793
595;7,144;0,23613167195689
596;7,148;0,232886013475894
597;7,152;0,210847591691355
598;7,156;0,2096555134221
599;7,160;0,185423266923555
600;7,164;0,182758621380515
601;7,168;0,170156651105537
602;7,172;0,15630249777462
603;7,177;0,15900721317545
604;7,181;0,123845912964663
605;7,185;0,139923943402929
606;7,189;0,138661742882541
607;7,193;0,143299828921742
608;7,197;0,108018319137584
609;7,201;0,108809698828938
610;7,205;0,10117639091993
611;7,210;0,0916898520881304
612;7,214;0,107036607621728
613;7,218;0,0815221256738999
614;7,222;0,0864907880398687
615;7,226;0,0907782628234063
616;7,230;0,088354036427107
617;7,234;0,087192010551195
618;7,238;0,0749105991385381
619;7,242;0,0728369839979019
620;7,247;0,0744197433806098
621;7,251;0,0599445072539465
622;7,255;0,0636609865639756
623;7,259;0,0699319193081218
624;7,263;0,0688199807544473
625;7,267;0,0574902284643047
626;7,271;0,0588626210936146
627;7,275;0,0545851637745245
628;7,280;0,047843410201345
629;7,284;0,0407310104436074
630;7,288;0,0465311223587202
631;7,292;0,0464710175720351
632;7,296;0,0280489004530498
633;7,300;0,0392083558475847
634;7,304;0,0355018940020031
635;7,308;0,051790291193667
636;7,313;0,0231603778026612
637;7,317;0,0376656663226669
638;7,321;0,0404204690457343
639;7,325;0,0360127846888265
640;7,329;0,0410315343770329
641;7,333;0,0359025925799038
642;7,337;0,0305933364227194
643;7,341;0,0419731760350996
644;7,346;0,0318455194786591
645;7,350;0,040490591296867
646;7,354;0,0427044509397684
647;7,358;0,0280489004530498
648;7,362;0,0282793021353428
649;7,366;0,0304030045982165
650;7,370;0,0475929735901571
651;7,374;0,034319833197196
652;7,379;0,0676178850207452
653;7,383;0,133472696298727
654;7,387;0,250566838225763
655;7,391;0,540662591161431
656;7,395;1,05026102507111
657;7,399;1,85879061555917
658;7,403;2,98500405607135
659;7,407;4,43427070755155
660;7,411;6,00805444211438
661;7,416;7,58438261264689
662;7,420;9,14268936463831
663;7,424;10,0256487159714
664;7,428;10,7245972628681
665;7,432;10,9926245416259
666;7,436;10,7429192053426
667;7,440;10,4092975693825
668;7,444;9,97437933292903
669;7,449;9,39860552887905
670;7,453;8,6600679624858
671;7,457;7,87068174655695
672;7,461;7,2531952205475
673;7,465;6,47360608484833
674;7,469;5,8275998375568
675;7,473;5,14622192330108
676;7,477;4,55142495426527
677;7,482;3,9261348234512
678;7,486;3,40572754540266
679;7,490;2,91993060702028
680;7,494;2,59736825181021
681;7,498;2,47882157753828
682;7,502;2,70941359165569
683;7,506;3,55456703216387
684;7,510;5,21821744028539
685;7,515;7,98112429209083
686;7,519;12,0555075719009
687;7,523;16,9404940573396
688;7,527;22,3673452296734
689;7,531;28,0632554796031
690;7,535;32,5654145437155
691;7,539;36,1289672414888
692;7,543;38,0368935201631
693;7,548;38,8889790460689
694;7,552;38,0964874161613
695;7,556;36,5763772561083
696;7,560;34,450581143165
697;7,564;32,0126508555015
698;7,568;29,6056745329808
699;7,572;27,0295433057993
700;7,576;24,3285944716018
701;7,580;21,5708165615935
702;7,585;19,0196288208863
703;7,589;16,4246847954724
704;7,593;13,9703459010439
705;7,597;11,8482161800884
706;7,601;9,87253177189111
707;7,605;8,29958950434187
708;7,609;6,93008190479282
709;7,613;5,73453759283936
710;7,618;4,77158878789281
711;7,622;4,00834815417198
712;7,626;3,38096437328839
713;7,630;2,86997351182051
714;7,634;2,41733438075942
715;7,638;2,06195481201927
716;7,642;1,76181154224275
717;7,646;1,58716706706472
718;7,651;1,37221231494988
719;7,655;1,23079576934427
720;7,659;1,08893845530298
721;7,663;0,948263202066483
722;7,667;0,875716724537559
723;7,671;0,773067766343844
724;7,675;0,697796538485195
725;7,679;0,654400882498548
726;7,684;0,604343612654301
727;7,688;0,561629144250086
728;7,692;0,511471699761364
729;7,696;0,467995904059137
730;7,700;0,46257645579303
731;7,704;0,401349713089801
732;7,708;0,378089160642664
733;7,712;0,368812988564263
734;7,717;0,339221398586295
735;7,721;0,300073147525396
736;7,725;0,308237381050123
737;7,729;0,287611421752684
738;7,733;0,271493321456627
739;7,737;0,278926280076686
740;7,741;0,234218336247414
741;7,745;0,229850721748296
742;7,750;0,217549275406744
743;7,754;0,206069261149889
744;7,758;0,223239195212934
745;7,762;0,226134242438267
746;7,766;0,223399474644095
747;7,770;0,208773976550719
748;7,774;0,211358482378178
749;7,778;0,201831873688589
750;7,782;0,205448178354143
751;7,787;0,183920647256427
752;7,791;0,21639726699528
753;7,795;0,211628953918261
754;7,799;0,161621771396252
755;7,803;0,190892802511899
756;7,807;0,172871383970815
757;7,811;0,169615708025371
758;7,815;0,139833786222901
759;7,820;0,137109035893176
760;7,824;0,122954358628834
761;7,828;0,122834149055463
762;7,832;0,134845088928037
763;7,836;0,106565786792694
764;7,840;0,100224731797416
765;7,844;0,0896262544119418
766;7,848;0,0873723249112503
767;7,853;0,0816223003183751
768;7,857;0,106285297788164
769;7,861;0,0913893281547049
770;7,865;0,0989525138125809
771;7,869;0,091178961401307
772;7,873;0,117985696262865
773;7,877;0,15501024486089
774;7,881;0,214924699721494
775;7,886;0,397533059135296
776;7,890;0,798742527722832
777;7,894;1,40205434153904
778;7,898;2,40357038460853
779;7,902;3,80503369574516
780;7,906;5,48543330442293
781;7,910;7,43407055861188
782;7,914;9,10901064916576
783;7,919;10,7005353132651
784;7,923;11,7050065083467
785;7,927;12,2600141085969
786;7,931;12,3948491800605
787;7,935;11,9625354843634
788;7,939;11,5034551236626
789;7,943;10,8761815348879
790;7,947;9,88201831072291
791;7,951;9,05823212188129
792;7,956;7,99285474295887
793;7,960;7,03496475755833
794;7,964;6,06215876759543
795;7,968;5,20560545254597
796;7,972;4,4338399565803
797;7,976;3,69694525435645
798;7,980;3,167452136054
799;7,984;2,62963450479566
800;7,989;2,15793213889094
801;7,993;1,80686007986323
802;7,997;1,52558971310583
803;8,001;1,28533084579656
804;8,005;1,09393717006229
805;8,009;0,959262378029857
806;8,013;0,800084867958799
807;8,017;0,699168931114505
808;8,022;0,628145108181604
809;8,026;0,554967530392486
810;8,030;0,47662094094845
811;8,034;0,425601994517241
812;8,038;0,377778619244791
813;8,042;0,349168740782681
814;8,046;0,311432952208881
815;8,050;0,286609675307932
816;8,055;0,228217875043351
817;8,059;0,216427319388622
818;8,063;0,220243973343126
819;8,067;0,204055750795938
820;8,071;0,221085440356718
821;8,075;0,305372386218133
822;8,079;0,472403588416045
823;8,083;0,838121180466024
824;8,088;1,48481863280443
825;8,092;2,5287686552736
826;8,096;4,03731866135421
827;8,100;5,90903180605067
828;8,104;8,05805841904777
829;8,108;10,1087836534214
830;8,112;12,0737593921242
831;8,116;13,3810585374542
832;8,120;14,2798655175433
833;8,125;14,2612831209931
834;8,129;14,086368174275
835;8,133;13,3671342618721
836;8,137;12,5313872204802
837;8,141;11,3822337863832
838;8,145;10,204109845104
839;8,149;8,8479054383412
840;8,153;7,66679629265662
841;8,158;6,49896028736499
842;8,162;5,38430700082524
843;8,166;4,53547715086482
844;8,170;3,72086695945712
845;8,174;3,07302751617169
846;8,178;2,51704822187001
847;8,182;2,08248059667224
848;8,186;1,74840817481197
849;8,191;1,47849761273805
850;8,195;1,27783778238982
851;8,199;1,07740835372388
852;8,203;0,926455181964236
853;8,207;0,854559839624401
854;8,211;0,769912265042876
855;8,215;0,712632403331969
856;8,219;0,658698374746533
857;8,224;0,608791366868999
858;8,228;0,58364753110573
859;8,232;0,505170714623875
860;8,236;0,481168869807623
861;8,240;0,434066751975394
862;8,244;0,39784360053317
863;8,248;0,367590857901666
864;8,252;0,338930892117317
865;8,257;0,30368945219095
866;8,261;0,30396994119548
867;8,265;0,266825183024084
868;8,269;0,258751106679385
869;8,273;0,237413907406172
870;8,277;0,210096281857791
871;8,281;0,200589708097096
872;8,285;0,162483273338739
873;8,289;0,191634094881016
874;8,294;0,158095623910726
875;8,298;0,151013276546331
876;8,302;0,11949833339444
877;8,306;0,120940848274882
878;8,310;0,109641148378082
879;8,314;0,103400268027279
880;8,318;0,100625430375316
881;8,322;0,0910186819701468
882;8,327;0,0793783882821311
883;8,331;0,0761928345878204
884;8,335;0,0704428099949452
885;8,339;0,0532528410030046
886;8,343;0,0653639555200537
887;8,347;0,056007643726072
888;8,351;0,0538138190120656
889;8,355;0,0503077064554344
890;8,360;0,053743696760933
891;8,364;0,0360728894755116
892;8,368;0,0543347271633366
893;8,372;0,0480137070969528
894;8,376;0,0470520305099911
895;8,380;0,0457197077384713
896;8,384;0,0389178493786067
897;8,388;0,0736684335470459
898;8,393;0,0570795124219564
899;8,397;0,0552062465702706
900;8,401;0,0459901792785542
901;8,405;0,0492959425462351
902;8,409;0,0365737626978875
903;8,413;0,0511591909334734
904;8,417;0,0313947335785208
905;8,421;0,0267065602170825
906;8,426;0,0383067840473081
907;8,430;0,0287801753577186
908;8,434;0,00976702783632986
909;8,438;0,00232405175182413
910;8,442;0,0172400563141781
911;8,446;0,00892556082273836
912;8,450;0,00179312613610569
913;8,454;0,00492859250817876
914;8,458;0
915;8,463;0,0127522322416902
916;8,467;0,0314848907585485
917;8,471;0,0899468132742623
918;8,475;0,261325595042397
919;8,479;0,556470150059614
920;8,483;1,14446526073557
921;8,487;2,10244540331614
922;8,491;3,43058087469695
923;8,496;5,23134031871164
924;8,500;7,37107072470145
925;8,504;9,37890117631078
926;8,508;11,4128371402703
927;8,512;13,0502317740749
928;8,516;14,0616851418763
929;8,520;14,4560526822462
930;8,524;14,1580631673259
931;8,529;13,5618837881963
932;8,533;12,5541969870272
933;8,537;11,3538843619967
934;8,541;9,99545607812661
935;8,545;8,62557783239299
936;8,549;7,26137948900112
937;8,553;6,05321317184379
938;8,557;5,02189517204294
939;8,562;4,10343392670782
940;8,566;3,30854812279728
941;8,570;2,7307908607867
942;8,574;2,25261721284888
943;8,578;1,82814719181421
944;8,582;1,55371875327446
945;8,586;1,30822075205914
946;8,590;1,10390454718757
947;8,595;0,917810110146029
948;8,599;0,821151595691929
949;8,603;0,708034387150558
950;8,607;0,651475782879873
951;8,611;0,544569402295963
952;8,615;0,471942785051459
953;8,619;0,433625983539703
954;8,623;0,418409455043924
955;8,627;0,362331689066719
956;8,632;0,313596724529545
957;8,636;0,296837506508848
958;8,640;0,258320355708142
959;8,644;0,230952642837523
960;8,648;0,231794109851114
961;8,652;0,196071831631266
962;8,656;0,190151510142783
963;8,660;0,19254568414574
964;8,665;0,219272279291717
965;8,669;0,334433050580382
966;8,673;0,564163562755308
967;8,677;1,15516391276552
968;8,681;2,15396522296973
969;8,685;4,10031849526464
970;8,689;6,76053631901858
971;8,693;10,5453647889731
972;8,698;15,0942953945909
973;8,702;20,1852008792128
974;8,706;25,0406158096025
975;8,710;29,5118008736431
976;8,714;32,1549589554429
977;8,718;34,1081641734199
978;8,722;34,1447780059756
979;8,726;32,7279479043765
980;8,731;29,959711761485
981;8,735;27,0412336868096
982;8,739;23,6144594486027
983;8,743;19,7249584926361
984;8,747;16,4026664086168
985;8,751;13,496379588174
986;8,755;10,8296403950648
987;8,759;8,83128646482277
988;8,764;7,17033075463764
989;8,768;5,77737227081694
990;8,772;4,7210106098973
991;8,776;3,82308516667959
992;8,780;3,2251527312717
993;8,784;2,74647821011151
994;8,788;2,34246385147867
995;8,792;2,03324475891269
996;8,796;1,71124338171168
997;8,801;1,52938633213144
998;8,805;1,34862118617598
999;8,809;1,2218000862704
1000;8,813;1,09370676837999
1001;8,817;0,992269923384428
1002;8,821;0,879493308634273
1003;8,825;0,780691056788405
1004;8,829;0,704247785589397
1005;8,834;0,687448497710909
1006;8,838;0,613810116557206
1007;8,842;0,571526399124233
1008;8,846;0,485967235277984
1009;8,850;0,498799607235254
1010;8,854;0,444244495854072
1011;8,858;0,431001407854453
1012;8,862;0,402141092781155
1013;8,867;0,40486584311088
1014;8,871;0,384790844358054
1015;8,875;0,410816216992705
1016;8,879;0,404174638064001
1017;8,883;0,426864195037629
1018;8,887;0,450214904664793
1019;8,891;0,482941961014833
1020;8,895;0,560627397805334
1021;8,900;0,594776934106922
1022;8,904;0,749907388541183
1023;8,908;1,03235981610339
1024;8,912;1,56886515951911
1025;8,916;2,48405069397988
1026;8,920;3,87907277547677
1027;8,924;5,75152721254235
1028;8,928;8,05853925734125
1029;8,933;10,4718466173928
1030;8,937;12,9001100518644
1031;8,941;14,6938873231592
1032;8,945;16,0568034311018
1033;8,949;16,4867129353315
1034;8,953;16,2017160717996
1035;8,957;15,2481536310404
1036;8,961;13,9717683809954
1037;8,965;12,495164069038
1038;8,970;10,7130871962179
1039;8,974;9,0941146795323
1040;8,978;7,54207886028502
1041;8,982;6,16674109642751
1042;8,986;4,98482053612268
1043;8,990;3,97753443353142
1044;8,994;3,31529989383491
1045;8,998;2,69366613754419
1046;9,003;2,27487601885127
1047;9,007;1,82326868662827
1048;9,011;1,60397637240766
1049;9,015;1,39178644048033
1050;9,019;1,24826622734075
1051;9,023;1,26677850163976
1052;9,027;1,47871799695589
1053;9,031;2,06278626156842
1054;9,036;3,24910448876571
1055;9,040;5,19459625911815
1056;9,044;8,16216992705082
1057;9,048;12,1705280986873
1058;9,052;16,8753404685729
1059;9,056;22,1496757446933
1060;9,060;26,7831236978548
1061;9,064;30,6442852468994
1062;9,069;33,0184744082834
1063;9,073;33,8478202898934
1064;9,077;33,0016049981538
1065;9,081;31,0892610176582
1066;9,085;27,8374417960272
1067;9,089;24,0772963584714
1068;9,093;20,4799347181877
1069;9,097;16,976386632455
1070;9,102;13,9010751343893
1071;9,106;11,2200510369779
1072;9,110;9,0483048146138
1073;9,114;7,36027189802702
1074;9,118;6,01938419440452
1075;9,122;4,92277236133475
1076;9,126;4,13203378770549
1077;9,130;3,43437749372256
1078;9,134;2,93902389425725
1079;9,139;2,50351462740141
1080;9,143;2,18584079484173
1081;9,147;1,93136714548143
1082;9,151;1,67675325161887
1083;9,155;1,50637621629549
1084;9,159;1,35168653029692
1085;9,163;1,21809362442482
1086;9,167;1,12298781696009
1087;9,172;1,02432580961649
1088;9,176;0,929500491156282
1089;9,180;0,853968809221998
1090;9,184;0,796829192013356
1091;9,188;0,733017943482668
1092;9,192;0,684222874158808
1093;9,196;0,633113770547573
1094;9,200;0,60200954343803
1095;9,205;0,546632999972151
1096;9,209;0,523622884136203
1097;9,213;0,483823497886215
1098;9,217;0,442661736471364
1099;9,221;0,421655113524919
1100;9,225;0,397462936884164
1101;9,229;0,370085206549098
1102;9,233;0,357593428383043
1103;9,238;0,328162117836236
1104;9,242;0,309679895930565
1105;9,246;0,291868844142879
1106;9,250;0,299001278829511
1107;9,254;0,277854411380801
1108;9,258;0,26583345404378
1109;9,262;0,313105868771616
1110;9,266;0,412609343128811
1111;9,271;0,667163132204686
1112;9,275;1,24672353781583
1113;9,279;2,30607040314084
1114;9,283;4,17988721537128
1115;9,287;7,24969912545532
1116;9,291;11,7467693176284
1117;9,295;17,734548411701
1118;9,299;24,6569068514047
1119;9,303;32,2033733611178
1120;9,308;39,0799319533675
1121;9,312;44,7478534076309
1122;9,316;48,5203503788505
1123;9,320;49,7356791830878
1124;9,324;49,0998406622105
1125;9,328;45,9168814911917
1126;9,332;41,1608798779793
1127;9,336;35,6392835269008
1128;9,341;29,7021627505393
1129;9,345;24,2405209241792
1130;9,349;19,4475849195487
1131;9,353;15,5858123051728
1132;9,357;12,5037490360695
1133;9,361;9,98890465637793
1134;9,365;8,11147153948193
1135;9,369;6,76200888629236
1136;9,374;5,63884075497222
1137;9,378;4,74849853234128
1138;9,382;4,06592853981632
1139;9,386;3,52284172225859
1140;9,390;3,04802392491069
1141;9,394;2,65878532633794
1142;9,398;2,38844401329277
1143;9,402;2,15312375595613
1144;9,407;1,91801386537289
1145;9,411;1,73015635458859
1146;9,415;1,59773549205685
1147;9,419;1,45083939339845
1148;9,423;1,3459264882396
1149;9,427;1,2480458431229
1150;9,431;1,13090161387363
1151;9,435;1,02112022099328
1152;9,440;1,0047015967638
1153;9,444;0,938045388330015
1154;9,448;0,871569494256286
1155;9,452;0,807688123474465
1156;9,456;0,756999753370025
1157;9,460;0,754525439651488
1158;9,464;0,665149621850735
1159;9,468;0,657065528041588
1160;9,472;0,626672540907819
1161;9,477;0,581964597078547
1162;9,481;0,565796409460253
1163;9,485;0,525135521267778
1164;9,489;0,499360585244315
1165;9,493;0,490364902170444
1166;9,497;0,460392648543471
1167;9,501;0,433375546928515
1168;9,505;0,448041114879681
1169;9,510;0,426473513924175
1170;9,514;0,378329579789405
1171;9,518;0,385702433622778
1172;9,522;0,35147275760561
1173;9,526;0,309439476783825
1174;9,530;0,289073971562021
1175;9,534;0,301195103543518
1176;9,538;0,275830883562403
1177;9,543;0,296857541437743
1178;9,547;0,360568615323956
1179;9,551;0,490765600748345
1180;9,555;0,757370399554584
1181;9,559;1,23239856365588
1182;9,563;2,1290417714243
1183;9,567;3,4047458338868
1184;9,571;5,15407561542794
1185;9,576;7,36965826221434
1186;9,580;9,68024654182101
1187;9,584;11,8230523093962
1188;9,588;13,6644826590678
1189;9,592;14,7955044825148
1190;9,596;14,994461343907
1191;9,600;14,4113948257392
1192;9,604;13,3670741570855
1193;9,609;11,7610442044661
1194;9,613;10,0187567004315
1195;9,617;8,36898048056983
1196;9,621;6,84401185025974
1197;9,625;5,58095984539446
1198;9,629;4,54879036111557
1199;9,633;3,71536737147543
1200;9,637;3,05657883954887
1201;9,641;2,47191954453394
1202;9,646;2,10640230177291
1203;9,650;1,75927712373752
1204;9,654;1,5386124168876
1205;9,658;1,31123600885784
1206;9,662;1,18517623625028
1207;9,666;1,04476143708942
1208;9,670;0,907101440651632
1209;9,674;0,827071917180412
1210;9,679;0,756518915076544
1211;9,683;0,699609699550196
1212;9,687;0,637180861113265
1213;9,691;0,570394425641664
1214;9,695;0,534071099554964
1215;9,699;0,465711922165103
1216;9,703;0,446989281112692
1217;9,707;0,442531509433546
1218;9,712;0,394527819801041
1219;9,716;0,356852136013927
1220;9,720;0,336005792498642
1221;9,724;0,329825016934524
1222;9,728;0,296897611295533
1223;9,732;0,284866636494064
1224;9,736;0,279296926261244
1225;9,740;0,247882157753828
1226;9,745;0,240379076882637
1227;9,749;0,231062834946446
1228;9,753;0,200088834874721
1229;9,757;0,204175960369308
1230;9,761;0,195360591655492
1231;9,765;0,203955576151462
1232;9,769;0,181095722282227
1233;9,773;0,176738125247557
1234;9,778;0,161842155614098
1235;9,782;0,148829469296772
1236;9,786;0,142728833448234
1237;9,790;0,128223544928228
1238;9,794;0,122263153581955
1239;9,798;0,122223083724165
1240;9,802;0,114529671028471
1241;9,806;0,125799318531929
1242;9,810;0,119097634816539
1243;9,815;0,109951689775955
1244;9,819;0,106846275797225
1245;9,823;0,106275280323716
1246;9,827;0,0785369212685396
1247;9,831;0,110011794562641
1248;9,835;0,107256991839573
1249;9,839;0,0943444801667227
1250;9,843;0,101877613431256
1251;9,848;0,0911989963302021
1252;9,852;0,0826340642275744
1253;9,856;0,0847277142971056
1254;9,860;0,0890352240095382
1255;9,864;0,0716949930508849
1256;9,868;0,0891754685118035
1257;9,872;0,144211418186466
1258;9,876;0,252209702395156
1259;9,881;0,499550917068818
1260;9,885;1,02524741634566
1261;9,889;2,06391823505099
1262;9,893;3,95336229181956
1263;9,897;7,0409251489046
1264;9,901;11,4422183634949
1265;9,905;16,9721792973871
1266;9,909;23,3406320579298
1267;9,914;30,0232224860822
1268;9,918;35,7109785199517
1269;9,922;39,6249521415636
1270;9,926;41,7127520118575
1271;9,930;41,1078774735875
1272;9,934;37,7846537653746
1273;9,938;33,758564681666
1274;9,942;29,3853804723154
1275;9,947;25,5693476006069
1276;9,951;22,8300519125043
1277;9,955;21,266756463218
1278;9,959;20,4577560519009
1279;9,963;20,1318678984942
1280;9,967;19,897899998858
1281;9,971;19,4323283211952
1282;9,975;18,4346389495446
1283;9,979;16,7775099107785
1284;9,984;14,9281256943355
1285;9,988;12,9614770390699
1286;9,992;11,0822307611089
1287;9,996;9,35281569888944
1288;10,000;7,71460965046462
1289;10,004;6,4139621015278
1290;10,008;5,37005214891642
1291;10,012;4,46683748447043
1292;10,017;3,84473290735068
1293;10,021;3,27042165311003
1294;10,025;2,8417643319363
1295;10,029;2,47629717649751
1296;10,033;2,20083693911966
1297;10,037;1,97554416369499
1298;10,041;1,76771182880233
1299;10,045;1,61060793387191
1300;10,050;1,46340129381564
1301;10,054;1,33702096234575
1302;10,058;1,25716173577014
1303;10,062;1,1497644994283
1304;10,066;1,04594349789423
1305;10,070;0,979738075360584
1306;10,074;0,886295166994138
1307;10,078;0,83551663970967
1308;10,083;0,780240270888267
1309;10,087;0,748474891125188
1310;10,091;0,707232989994757
1311;10,095;0,659349509935622
1312;10,099;0,65003326799943
1313;10,103;0,628085003394919
1314;10,107;0,616003941271212
1315;10,111;0,548676562719445
1316;10,116;0,558754131953648
1317;10,120;0,505631517988461
1318;10,124;0,474146627229913
1319;10,128;0,491136246932903
1320;10,132;0,453490615539131
1321;10,136;0,453971453832612
1322;10,140;0,423878990632268
1323;10,144;0,435909965433737
1324;10,148;0,437773213820976
1325;10,153;0,463407905342174
1326;10,157;0,509708626018601
1327;10,161;0,676299059780822
1328;10,165;0,978245473157904
1329;10,169;1,58111651853842
1330;10,173;2,51864099871716
1331;10,177;3,88757760279271
1332;10,181;5,6990657512307
1333;10,186;7,68740221702516
1334;10,190;9,86074121623639
1335;10,194;11,6237548542128
1336;10,198;12,7670681065369
1337;10,202;13,2688529181776
1338;10,206;13,0674618129247
1339;10,210;12,2463703220194
1340;10,214;10,8378947857695
1341;10,219;9,32321409144703
1342;10,223;7,92715019364761
1343;10,227;6,75932420582043
1344;10,231;5,71061588773868
1345;10,235;5,10000134234024
1346;10,239;5,05598460355784
1347;10,243;5,61428794961135
1348;10,247;6,86574974811086
1349;10,252;8,90613695917463
1350;10,256;11,455852132608
1351;10,260;14,3585226483852
1352;10,264;16,8872011464788
1353;10,268;18,9863307690628
1354;10,272;19,647753894139
1355;10,276;19,536389741876
1356;10,280;18,2006109451217
1357;10,285;16,4849899314465
1358;10,289;14,2703489263181
1359;10,293;11,9399461020343
1360;10,297;9,89834677777237
1361;10,301;8,12718894120009
1362;10,305;6,52729969428702
1363;10,309;5,28606572698843
1364;10,313;4,42158859756099
1365;10,317;3,67278313010903
1366;10,322;3,12662095096591
1367;10,326;2,68068350362021
1368;10,330;2,33250649181784
1369;10,334;2,06707373635196
1370;10,338;1,87659164988241
1371;10,342;1,67892704140398
1372;10,346;1,50427254876151
1373;10,350;1,34456411307473
1374;10,355;1,2270492376409
1375;10,359;1,15152757317107
1376;10,363;1,03653709877801
1377;10,367;0,987281226089565
1378;10,371;0,892846588742814
1379;10,375;0,832862011631078
1380;10,379;0,789847019293436
1381;10,383;0,731625515924463
1382;10,388;0,689922811429446
1383;10,392;0,619179477501075
1384;10,396;0,61758670065392
1385;10,400;0,574882249714152
1386;10,404;0,593795222591065
1387;10,408;0,520377225655207
1388;10,412;0,515067969498023
1389;10,416;0,479065202273644
1390;10,421;0,438153877469981
1391;10,425;0,411357160072871
1392;10,429;0,410946444030523
1393;10,433;0,396982098590683
1394;10,437;0,400768700151845
1395;10,441;0,364014623093902
1396;10,445;0,338069390174831
1397;10,449;0,352063788008013
1398;10,454;0,338079407639278
1399;10,458;0,325828048619964
1400;10,462;0,33048616958806
1401;10,466;0,312344541473605
1402;10,470;0,338720525363919
1403;10,474;0,353366058386191
1404;10,478;0,500602750835807
1405;10,482;0,755977971996379
1406;10,486;1,22435453970452
1407;10,491;2,1129136536638
1408;10,495;3,59882419009301
1409;10,499;5,86267098058756
1410;10,503;8,93856349159124
1411;10,507;12,4254425164832
1412;10,511;15,9581213888293
1413;10,515;18,9441372088098
1414;10,519;20,6954203959182
1415;10,524;21,0849194485666
1416;10,528;20,1049008842015
1417;10,532;18,1336341778256
1418;10,536;15,6086421066487
1419;10,540;12,9794483702888
1420;10,544;10,4930936594859
1421;10,548;8,48243828290241
1422;10,552;6,89771547716289
1423;10,557;5,58925430595701
1424;10,561;4,64946587881312
1425;10,565;3,93066271738148
1426;10,569;3,31697281039765
1427;10,573;2,85293380479528
1428;10,577;2,53111274195432
1429;10,581;2,22666196246536
1430;10,585;1,98808602918328
1431;10,590;1,7559613430054
1432;10,594;1,62406138862493
1433;10,598;1,47858776991808
1434;10,602;1,32113326373199
1435;10,606;1,23980146988259
1436;10,610;1,12421996508713
1437;10,614;1,06938436470142
1438;10,618;0,934899904493494
1439;10,623;0,886926267254331
1440;10,627;0,855892162395921
1441;10,631;0,801747767057087
1442;10,635;0,755386941593975
1443;10,639;0,709246500348708
1444;10,643;0,700631480923843
1445;10,647;0,63147090637818
1446;10,651;0,624989606880636
1447;10,655;0,635658206517242
1448;10,660;0,593124052473082
1449;10,664;0,547534571772428
1450;10,668;0,502866697800946
1451;10,672;0,508656792251611
1452;10,676;0,474887919599029
1453;10,680;0,435739668538129
1454;10,684;0,443773675025039
1455;10,688;0,455273724210789
1456;10,693;0,426683880677573
1457;10,697;0,419411201488675
1458;10,701;0,379010767371836
1459;10,705;0,375134008630647
1460;10,709;0,357142642482905
1461;10,713;0,329494440607756
1462;10,717;0,349609509218371
1463;10,721;0,339892568704279
1464;10,726;0,352805080377129
1465;10,730;0,352815097841577
1466;10,734;0,322782739427919
1467;10,738;0,322221761418858
1468;10,742;0,321330207083029
1469;10,746;0,349198793176023
1470;10,750;0,448411761064239
1471;10,754;0,620802306741573
1472;10,759;1,009339682803
1473;10,763;1,74609414052459
1474;10,767;2,91970020533799
1475;10,771;4,70091557621557
1476;10,775;7,11996294339552
1477;10,779;9,85106434558008
1478;10,783;12,4406390100501
1479;10,787;14,5875819904421
1480;10,792;16,0548900953923
1481;10,796;16,4127539953154
1482;10,800;15,8737843556456
1483;10,804;14,4464158814477
1484;10,808;12,5820455381913
1485;10,812;10,5610020509757
1486;10,816;8,81993667760374
1487;10,820;7,10201164710556
1488;10,824;5,80571167773897
1489;10,829;4,68523824435521
1490;10,833;3,84847943905405
1491;10,837;3,22479210255159
1492;10,841;2,70404423071182
1493;10,845;2,30774331970357
1494;10,849;2,03534842644667
1495;10,853;1,76033897496896
1496;10,857;1,55060332183128
1497;10,862;1,4201558997957
1498;10,866;1,22065809532339
1499;10,870;1,12360889975583
1500;10,874;1,02520734648787
1501;10,878;0,980829978985363
1502;10,882;0,876618296337835
1503;10,886;0,845373824726027
1504;10,890;0,762649603318425
1505;10,895;0,728289700263439
1506;10,899;0,6543908650341
1507;10,903;0,651826394135536
1508;10,907;0,609502606844773
1509;10,911;0,600587063486482
1510;10,915;0,530825441073968
1511;10,919;0,513475192650867
1512;10,923;0,500332279295724
1513;10,928;0,517191671960897
1514;10,932;0,48400381224627
1515;10,936;0,437001869058517
1516;10,940;0,415634617391961
1517;10,944;0,39227389030035
1518;10,948;0,373531214319044
1519;10,952;0,398644997688971
1520;10,956;0,349148705853785
1521;10,961;0,364976299680864
1522;10,965;0,324074992341648
1523;10,969;0,321380294405266
1524;10,973;0,31632147485927
1525;10,977;0,28964496703553
1526;10,981;0,297869305346942
1527;10,985;0,291007342200392
1528;10,989;0,297328362266776
1529;10,993;0,2643408518411
1530;10,998;0,251077728912586
1531;11,002;0,269119182382566
1532;11,006;0,222978741137299
1533;11,010;0,265502877717012
1534;11,014;0,238365566528686
1535;11,018;0,233687410631695
1536;11,022;0,256086461136345
1537;11,026;0,26030381366875
1538;11,031;0,23629195138805
1539;11,035;0,234218336247414
1540;11,039;0,235310239872193
1541;11,043;0,203604964895799
1542;11,047;0,222678217203873
1543;11,051;0,23794483302189
1544;11,055;0,225633369215891
1545;11,059;0,29404263392799
1546;11,064;0,333371199348945
1547;11,068;0,511922485661502
1548;11,072;0,867692735515097
1549;11,076;1,54455277330498
1550;11,080;2,8780676230941
1551;11,084;5,04836131311328
1552;11,088;8,55503484775357
1553;11,092;13,3000573199316
1554;11,097;19,2296750154219
1555;11,101;25,9951098745553
1556;11,105;32,6392432566937
1557;11,109;38,9051071638294
1558;11,113;43,0111756836869
1559;11,117;44,2589009679475
1560;11,121;42,0019562104573
1561;11,125;37,3368129997838
1562;11,130;31,8153068058854
1563;11,134;26,4182475728185
1564;11,138;22,1808400765895
1565;11,142;19,2454825743201
1566;11,146;17,825006115662
1567;11,150;17,5067011828422
1568;11,154;18,0874837191159
1569;11,158;18,8782323102096
1570;11,162;19,631816108203
1571;11,167;19,8849975046496
1572;11,171;19,4453610424414
1573;11,175;18,1532684081428
1574;11,179;16,4166507889855
1575;11,183;14,2853250356672
1576;11,187;12,220014373058
1577;11,191;10,2596166156077
1578;11,195;8,65427786803513
1579;11,200;7,27317004465585
1580;11,204;6,16008950003436
1581;11,208;5,17131567174212
1582;11,212;4,49395476072986
1583;11,216;3,9592325259858
1584;11,220;3,52356297969881
1585;11,224;3,13406392705042
1586;11,228;2,82647768118939
1587;11,233;2,55832017539378
1588;11,237;2,30243406354639
1589;11,241;2,15450616604989
1590;11,245;1,99735218379723
1591;11,249;1,86617348685699
1592;11,253;1,74884894324766
1593;11,257;1,63435934207698
1594;11,261;1,55089382830026
1595;11,266;1,44387725560743
1596;11,270;1,39098504332453
1597;11,274;1,27396102364863
1598;11,278;1,21936584240966
1599;11,282;1,16500106285298
1600;11,286;1,1263637024789
1601;11,290;1,06896363119462
1602;11,294;1,01305616211303
1603;11,299;0,978736328915832
1604;11,303;0,957459234429304
1605;11,307;0,924642020899236
1606;11,311;0,884221551853501
1607;11,315;0,883890975526733
1608;11,319;0,849080286571609
1609;11,323;0,819308382233586
1610;11,327;0,800185042603275
1611;11,331;0,791069149956033
1612;11,336;0,78055081228614
1613;11,340;0,754655666689306
1614;11,344;0,803861452055514
1615;11,348;0,853487970928517
1616;11,352;1,00493199844609
1617;11,356;1,36898669139778
1618;11,360;2,02487015863456
1619;11,364;3,00319577150805
1620;11,369;4,48371691206449
1621;11,373;6,57807822157149
1622;11,377;8,84966851208397
1623;11,381;11,0506156433126
1624;11,385;13,0614413167917
1625;11,389;14,3987728205353
1626;11,393;14,9181382822813
1627;11,397;14,4071774732068
1628;11,402;13,2763660165132
1629;11,406;11,7635485705779
1630;11,410;10,2268494893998
1631;11,414;9,00907642383732
1632;11,418;8,2933987113133
1633;11,422;8,38029019793107
1634;11,426;9,46904833887399
1635;11,430;11,6702158543204
1636;11,435;15,1798345235083
1637;11,439;19,6789182260353
1638;11,443;24,5590161888236
1639;11,447;28,9316193852362
1640;11,451;32,4335546591928
1641;11,455;34,1029851443006
1642;11,459;33,6315432324715
1643;11,463;31,6457011153245
1644;11,468;28,2113136041375
1645;11,472;24,224332701632
1646;11,476;20,2275246665036
1647;11,480;16,8212762129497
1648;11,484;13,8248822998015
1649;11,488;11,3832255153635
1650;11,492;9,4407590192742
1651;11,496;8,00537657351827
1652;11,500;6,91316240734096
1653;11,505;5,98163838836628
1654;11,509;5,21584330121133
1655;11,513;4,62257900423598
1656;11,517;4,13128247787192
1657;11,521;3,6488914774017
1658;11,525;3,34426038355269
1659;11,529;3,06987201487073
1660;11,533;2,83162665791541
1661;11,538;2,60664442388861
1662;11,542;2,40113614074778
1663;11,546;2,26338598712996
1664;11,550;2,1336798574635
1665;11,554;1,99941578147342
1666;11,558;1,89525418614813
1667;11,562;1,81453345763003
1668;11,566;1,74012373171387
1669;11,571;1,58000457998475
1670;11,575;1,51497120079146
1671;11,579;1,42963242116306
1672;11,583;1,33727139895694
1673;11,587;1,28560131733664
1674;11,591;1,20453999502733
1675;11,595;1,16746535910707
1676;11,599;1,12502136224293
1677;11,604;1,07284038993581
1678;11,608;0,994674114851833
1679;11,612;0,938766645770236
1680;11,616;0,927937766702469
1681;11,620;0,904006044137349
1682;11,624;0,824607620926323
1683;11,628;0,857024135878491
1684;11,632;0,806666342100819
1685;11,637;0,795096170663936
1686;11,641;0,764693166065719
1687;11,645;0,758893054150606
1688;11,649;0,778717616292244
1689;11,653;0,782013362095477
1690;11,657;0,893407566751875
1691;11,661;1,11305049222815
1692;11,665;1,51783619562345
1693;11,669;2,31890277509811
1694;11,674;3,42991972204341
1695;11,678;5,29314807435283
1696;11,682;7,76176185561909
1697;11,686;10,8035549176434
1698;11,690;14,079606385773
1699;11,694;16,9921340865665
1700;11,698;19,3451062582506
1701;11,702;20,2905345178785
1702;11,707;19,9510125953587
1703;11,711;18,4319542690727
1704;11,715;16,1783252923146
1705;11,719;14,0640392460215
1706;11,723;11,7400075291263
1707;11,727;9,84727774401892
1708;11,731;8,26484893763788
1709;11,735;6,93469995590312
1710;11,740;6,02045606310041
1711;11,744;5,16323157793297
1712;11,748;4,53111955383015
1713;11,752;4,01704331331243
1714;11,756;3,51897498098184
1715;11,760;3,23213490399162
1716;11,764;2,97132019963605
1717;11,768;2,64149518270152
1718;11,773;2,40718668927408
1719;11,777;2,24807930145416
1720;11,781;2,08115829136517
1721;11,785;1,94515117656122
1722;11,789;1,81740846992647
1723;11,793;1,70767716436836
1724;11,797;1,5884693374429
1725;11,801;1,51866764517259
1726;11,806;1,47597321169727
1727;11,810;1,34804017323802
1728;11,814;1,29576904375088
1729;11,818;1,28864662652869
1730;11,822;1,16328807643245
1731;11,826;1,12278746767114
1732;11,830;1,12883801619744
1733;11,834;1,04884856258401
1734;11,838;1,0747136557875
1735;11,843;1,02411544286309
1736;11,847;0,953291969219137
1737;11,851;0,941441308777723
1738;11,855;0,937424305534268
1739;11,859;0,943194365056039
1740;11,863;0,905148035084366
1741;11,867;0,875396165675238
1742;11,871;0,831980474759696
1743;11,876;0,818867613797895
1744;11,880;0,832250946299779
1745;11,884;0,771485006961136
1746;11,888;0,747162603282563
1747;11,892;0,718863266218325
1748;11,896;0,675938431060711
1749;11,900;0,656133903847969
1750;11,904;0,655713170341173
1751;11,909;0,633855062916689
1752;11,913;0,641498388290145
1753;11,917;0,59805264498126
1754;11,921;0,596299588702945
1755;11,925;0,571025525901857
1756;11,929;0,563802934035197
1757;11,933;0,591020384939103
1758;11,937;0,609572729095906
1759;11,942;0,731865935071203
1760;11,946;0,928388552602607
1761;11,950;1,27393097125529
1762;11,954;1,89230905160056
1763;11,958;2,93926431340399
1764;11,962;4,59542165811876
1765;11,966;6,6359491136848
1766;11,970;9,0242729174042
1767;11,975;11,5028841281891
1768;11,979;13,4570209703597
1769;11,983;14,9947919202337
1770;11,987;15,5678710263473
1771;11,991;15,3219823440186
1772;11,995;14,4083394990827
1773;11,999;12,8614526565615
1774;12,003;11,2911349646975
1775;12,007;9,60027712313648
1776;12,012;8,14943772973803
1777;12,016;6,89384873588614
1778;12,020;5,86930254205181
1779;12,024;4,99998697729622
1780;12,028;4,36077257090011
1781;12,032;3,79341343698604
1782;12,036;3,33424291910517
1783;12,040;2,96132277011742
1784;12,045;2,62924382368221
1785;12,049;2,37246615749898
1786;12,053;2,23498647542125
1787;12,057;2,10679298288636
1788;12,061;2,19573804971587
1789;12,065;2,32869985532778
1790;12,069;2,72157479349498
1791;12,073;3,39108201238038
1792;12,078;4,39803753864487
1793;12,082;5,60959977624991
1794;12,086;7,26094873802988
1795;12,090;8,68292781635503
1796;12,094;9,93286696025852
1797;12,098;10,9683822776629
1798;12,102;11,3424945049199
1799;12,106;11,34294529082
1800;12,111;10,8522197599295
1801;12,115;9,92196795893962
1802;12,119;8,88935770622503
1803;12,123;7,79104290419918
1804;12,127;6,66971798633738
1805;12,131;5,73525885027958
1806;12,135;4,86502167879481
1807;12,139;4,19781847673234
1808;12,144;3,63488706210407
1809;12,148;3,16746215351844
1810;12,152;2,75522345657419
1811;12,156;2,48150625801021
1812;12,160;2,1938046790775
1813;12,164;1,9833477684996
1814;12,168;1,73833060557776
1815;12,172;1,63463983108151
1816;12,176;1,53649873188918
1817;12,181;1,4151371501075
1818;12,185;1,31935015506033
1819;12,189;1,20927825571101
1820;12,193;1,13592036356183
1821;12,197;1,10239191005599
1822;12,201;1,00579350038858
1823;12,205;0,972305116740525
1824;12,209;0,937784934254379
1825;12,214;0,903415013734945
1826;12,218;0,840906035582434
1827;12,222;0,813388060745103
1828;12,226;0,795546956564074
1829;12,230;0,723100653679625
1830;12,234;0,72469343052678
1831;12,238;0,719414226762939
1832;12,242;0,68369194854309
1833;12,247;0,699369280403455
1834;12,251;0,656003676810151
1835;12,255;0,637731821657878
1836;12,259;0,678022063665795
1837;12,263;0,772005915112407
1838;12,267;0,85694399616291
1839;12,271;1,14460550523783
1840;12,275;1,59669367575431
1841;12,280;2,31929345621156
1842;12,284;3,53728690599191
1843;12,288;5,3035562199138
1844;12,292;7,93695729134173
1845;12,296;11,4562528311859
1846;12,300;15,7620996445203
1847;12,304;20,5634102494289
1848;12,308;25,6443884267833
1849;12,313;30,7828167627442
1850;12,317;34,273742843273
1851;12,321;36,5691045769194
1852;12,325;36,2254354241184
1853;12,329;34,1515197595488
1854;12,333;30,6957549792308
1855;12,337;26,488099352411
1856;12,341;22,5791444804873
1857;12,345;18,811445874738
1858;12,350;15,8793941357362
1859;12,354;13,2946879589877
1860;12,358;11,3632807436485
1861;12,362;9,93497062779249
1862;12,366;8,61617143327678
1863;12,370;7,60809395099416
1864;12,374;6,76765873624076
1865;12,378;6,00241460963043
1866;12,383;5,52292867384999
1867;12,387;4,95800378379667
1868;12,391;4,61739997511662
1869;12,395;4,2347027808281
1870;12,399;3,84592498561993
1871;12,403;3,61057467588995
1872;12,407;3,42224634427661
1873;12,411;3,13474511463285
1874;12,416;2,92229472862989
1875;12,420;2,76078314934256
1876;12,424;2,57746354995299
1877;12,428;2,44470209363003
1878;12,432;2,33408925120054
1879;12,436;2,18659210467529
1880;12,440;2,09447150161592
1881;12,444;2,04390334108485
1882;12,449;1,90219628901026
1883;12,453;1,81617632179943
1884;12,457;1,70596417794783
1885;12,461;1,64623003744729
1886;12,465;1,54850967176175
1887;12,469;1,56916568345253
1888;12,473;1,46108725952826
1889;12,477;1,44499921162555
1890;12,482;1,38674765586323
1891;12,486;1,34164903092051
1892;12,490;1,29030952562698
1893;12,494;1,22672867877858
1894;12,498;1,18571717933044
1895;12,502;1,14789123357662
1896;12,506;1,12354879496915
1897;12,510;1,11612585381354
1898;12,514;1,09442802582022
1899;12,519;1,00247771965645
1900;12,523;1,00139583349612
1901;12,527;0,976662713775196
1902;12,531;0,982653157514811
1903;12,535;0,918230843652824
1904;12,539;0,913873246618154
1905;12,543;0,878321265293913
1906;12,547;0,824607620926323
1907;12,552;0,809962087904052
1908;12,556;0,817525273561928
1909;12,560;0,77905821008346
1910;12,564;0,781502471408654
1911;12,568;0,768429680304643
1912;12,572;0,758161779245937
1913;12,576;0,760025027633176
1914;12,580;0,692527352185801
1915;12,585;0,7104886659402
1916;12,589;0,677781644519055
1917;12,593;0,691295204058756
1918;12,597;0,702164152984313
1919;12,601;0,664618696235016
1920;12,605;0,644453540302163
1921;12,609;0,636619883104204
1922;12,613;0,631561063558207
1923;12,618;0,636519708459729
1924;12,622;0,629537535739809
1925;12,626;0,640626868883211
1926;12,630;0,640356397343128
1927;12,634;0,686286471834997
1928;12,638;0,789376198464403
1929;12,642;1,03275049721685
1930;12,646;1,35603410986714
1931;12,651;1,93029527678555
1932;12,655;2,77079059632563
1933;12,659;4,07399259869657
1934;12,663;5,71243906626813
1935;12,667;7,86260767021225
1936;12,671;10,0801337051015
1937;12,675;12,2606852787149
1938;12,679;14,2375417302525
1939;12,684;15,4150846585938
1940;12,688;16,006375515073
1941;12,692;15,7213385816833
1942;12,696;14,7642199410452
1943;12,700;13,5640275255881
1944;12,704;12,0682097168203
1945;12,708;10,6900971153108
1946;12,712;9,27999874982044
1947;12,716;8,11691102267694
1948;12,721;7,03369253957349
1949;12,725;6,14432201099397
1950;12,729;5,4141089575566
1951;12,733;4,79498958484221
1952;12,737;4,35429127140256
1953;12,741;3,95910229894799
1954;12,745;3,55783272557377
1955;12,749;3,27048175789672
1956;12,754;2,98379194287321
1957;12,758;2,74615765124919
1958;12,762;2,5519991553274
1959;12,766;2,33994946790234
1960;12,770;2,23421513065879
1961;12,774;2,10931738392714
1962;12,778;1,95910550453661
1963;12,782;1,84082930180477
1964;12,787;1,7480775984852
1965;12,791;1,60642063373285
1966;12,795;1,55635334642416
1967;12,799;1,43423043734447
1968;12,803;1,43903882027927
1969;12,807;1,36952763447795
1970;12,811;1,33271345263332
1971;12,815;1,25836383150384
1972;12,820;1,19715712372951
1973;12,824;1,16103414693176
1974;12,828;1,08890840290963
1975;12,832;1,11853004528094
1976;12,836;1,05267523400296
1977;12,840;1,02511718930784
1978;12,844;1,03119779022748
1979;12,848;0,960153932365686
1980;12,853;0,920604982726886
1981;12,857;0,929740910303022
1982;12,861;0,897414552530882
1983;12,865;0,876988942522394
1984;12,869;0,854900433415617
1985;12,873;0,819578853773669
1986;12,877;0,797881025780345
1987;12,881;0,795516904170731
1988;12,885;0,767828632437792
1989;12,890;0,749136043778724
1990;12,894;0,727027499743052
1991;12,898;0,718222148493684
1992;12,902;0,691605745456629
1993;12,906;0,661082531285042
1994;12,910;0,636629900568651
1995;12,914;0,643071130208405
1996;12,918;0,625129851382901
1997;12,923;0,605445533743528
1998;12,927;0,609121943195768
1999;12,931;0,598743850028139
2000;12,935;0,599214670857172
2001;12,939;0,579900999402358
2002;12,943;0,577947593835092
2003;12,947;0,565455815669037
2004;12,951;0,562490646192572
2005;12,956;0,562851274912683
2006;12,960;0,523652936529546
2007;12,964;0,510900704287856
2008;12,968;0,541083324668227
2009;12,972;0,50503047012161
2010;12,976;0,531897309769853
2011;12,980;0,470420130455436
2012;12,984;0,503838391852355
2013;12,989;0,472974583889553
2014;12,993;0,45849934776289
2015;12,997;0,486167584566934
2016;13,001;0,479275569027042
2017;13,005;0,482290825825745
2018;13,009;0,475939753366018
2019;13,013;0,465070804440462
2020;13,017;0,471782505620298
2021;13,022;0,45708688527579
2022;13,026;0,509778748269733
2023;13,030;0,499040026381994
2024;13,034;0,503688129885643
2025;13,038;0,482280808361297
2026;13,042;0,456185313475513
2027;13,046;0,478664503695743
2028;13,050;0,496736009559065
2029;13,054;0,486598335538177
2030;13,059;0,439676532066004
2031;13,063;0,430660814063238
2032;13,067;0,427345033331109
2033;13,071;0,442160863248988
2034;13,075;0,418960415588537
2035;13,079;0,402862350221376
2036;13,083;0,384941106324767
2037;13,087;0,391963348902477
2038;13,092;0,362121322313321
2039;13,096;0,362331689066719
2040;13,100;0,343558960692071
2041;13,104;0,366498954276886
2042;13,108;0,361550326839813
2043;13,112;0,368011591408462
2044;13,116;0,344931353321381
2045;13,120;0,321770975518719
2046;13,125;0,364665758282991
2047;13,129;0,365036404467549
2048;13,133;0,329264038925463
2049;13,137;0,324175166986124
2050;13,141;0,339311555766323
2051;13,145;0,357723655420861
2052;13,149;0,37568496917526
2053;13,153;0,394016929114218
2054;13,158;0,427324998402214
2055;13,162;0,456004999115458
2056;13,166;0,533049318181317
2057;13,170;0,614371094566267
2058;13,174;0,724382889128907
2059;13,178;0,833062360920028
2060;13,182;0,888388817063669
2061;13,186;0,954724466635132
2062;13,191;0,997168463499265
2063;13,195;1,04579323592752
2064;13,199;1,06063911823874
2065;13,203;1,07519449408098
2066;13,207;1,0049119635172
2067;13,211;0,92252833590081
2068;13,215;0,870517660489297
2069;13,219;0,816994347946209
2070;13,223;0,775892691318044
2071;13,228;0,689732479604943
2072;13,232;0,649442237597027
2073;13,236;0,557471896504366
2074;13,240;0,557491931433261
2075;13,244;0,512653760566171
2076;13,248;0,497307005032574
2077;13,252;0,465912271454053
2078;13,256;0,445446591587774
2079;13,261;0,432263608374841
2080;13,265;0,441970531424485
2081;13,269;0,424860702148125
2082;13,273;0,397953792642092
2083;13,277;0,385942852769518
2084;13,281;0,370946708491584
2085;13,285;0,374482873441558
2086;13,289;0,365306876007632
2087;13,294;0,3490886010671
2088;13,298;0,34178586948486
2089;13,302;0,332269278259718
2090;13,306;0,342877773109639
2091;13,310;0,317804059597502
2092;13,314;0,305803137189376
2093;13,318;0,335094203233918
2094;13,322;0,306895040814155
2095;13,327;0,318345002677668
2096;13,331;0,30243726913501
2097;13,335;0,287391037534838
2098;13,339;0,288012120330584
2099;13,343;0,278325232209835
2100;13,347;0,284245553698318
2101;13,351;0,25857079231933
2102;13,355;0,26700549738414
2103;13,360;0,275911023277983
2104;13,364;0,274448473468645
2105;13,368;0,248743659696315
2106;13,372;0,279457205692404
2107;13,376;0,294473384899233
2108;13,380;0,26607387319052
2109;13,384;0,327330668287092
2110;13,388;0,28710053106586
2111;13,392;0,296807454115505
2112;13,397;0,273476779417236
2113;13,401;0,264090415229912
2114;13,405;0,267877016791074
2115;13,409;0,258680984428252
2116;13,413;0,29533488684172
2117;13,417;0,246599922304546
2118;13,421;0,239227068471173
2119;13,425;0,277904498703039
2120;13,430;0,265663157148172
2121;13,434;0,211448639558206
2122;13,438;0,226054102722687
2123;13,442;0,254223212749107
2124;13,446;0,239207033542278
2125;13,450;0,212089757282847
2126;13,454;0,250316401614575
2127;13,458;0,231663882813297
2128;13,463;0,237193523188327
2129;13,467;0,234028004422911
2130;13,471;0,234929576223187
2131;13,475;0,260754599568888
2132;13,479;0,252430086613001
2133;13,483;0,26312873864295
2134;13,487;0,247761948180458
2135;13,491;0,261535961795795
2136;13,496;0,26163613644027
2137;13,500;0,235290204943298
2138;13,504;0,261656171369165
2139;13,508;0,251348200452669
2140;13,512;0,224040592368736
2141;13,516;0,222187361445945
2142;13,520;0,226344609191665
2143;13,524;0,230281472719539
2144;13,529;0,243684840150318
2145;13,533;0,236362073639183
2146;13,537;0,247030673275789
2147;13,541;0,244025433941534
2148;13,545;0,223289282535172
2149;13,549;0,247942262540513
2150;13,553;0,235951357596834
2151;13,557;0,213422080054367
2152;13,561;0,223589806468597
2153;13,566;0,216497441639755
2154;13,570;0,237604239230675
2155;13,574;0,239727941693549
2156;13,578;0,201541367219611
2157;13,582;0,204226047691545
2158;13,586;0,238816352428824
2159;13,590;0,193787849737232
2160;13,594;0,225593299358101
2161;13,599;0,20533798624522
2162;13,603;0,247421354389242
2163;13,607;0,217248751473319
2164;13,611;0,225583281893653
2165;13,615;0,237644309088465
2166;13,619;0,234108144138491
2167;13,623;0,22918956909476
2168;13,627;0,20243292155544
2169;13,632;0,22483197206009
2170;13,636;0,21821042806028
2171;13,640;0,215325398299395
2172;13,644;0,233136450087082
2173;13,648;0,225453054855836
2174;13,652;0,204486501767181
2175;13,656;0,196512600066957
2176;13,660;0,204416379516048
2177;13,665;0,214634193252516
2178;13,669;0,236472265748105
2179;13,673;0,223850260544233
2180;13,677;0,221706523152464
2181;13,681;0,213211713300969
2182;13,685;0,201000424139445
2183;13,689;0,233867724991751
2184;13,693;0,224381186159951
2185;13,698;0,196141953882399
2186;13,702;0,23770441387515
2187;13,706;0,225643386680339
2188;13,710;0,2153053633705
2189;13,714;0,211408569700416
2190;13,718;0,23629195138805
2191;13,722;0,224170819406553
2192;13,726;0,245588158395346
2193;13,730;0,221736575545807
2194;13,735;0,23770441387515
2195;13,739;0,23209463378454
2196;13,743;0,268017261293339
2197;13,747;0,336877311905576
2198;13,751;0,429759242262961
2199;13,755;0,583637513641282
2200;13,759;0,797670659026948
2201;13,763;1,06297318745501
2202;13,768;1,5757371401301
2203;13,772;2,12948253985999
2204;13,776;2,88257548209549
2205;13,780;3,62272586026479
2206;13,784;4,48189373353505
2207;13,788;5,28454307239241
2208;13,792;5,94810993486044
2209;13,796;6,5537958877507
2210;13,801;6,77126502344187
2211;13,805;6,82499870273835
2212;13,809;6,56724934250372
2213;13,813;6,37715793714762
2214;13,817;5,91872871163587
2215;13,821;5,41610243298166
2216;13,825;4,88628875581689
2217;13,829;4,36332702433422
2218;13,834;3,96995121294465
2219;13,838;3,53142668929011
2220;13,842;3,16247345622358
2221;13,846;2,85295383972418
2222;13,850;2,56360939662207
2223;13,854;2,27703979117193
2224;13,858;2,01921029122172
2225;13,862;1,8606738988753
2226;13,867;1,72261320385961
2227;13,871;1,55157501588269
2228;13,875;1,44481889726549
2229;13,879;1,29694108709123
2230;13,883;1,2930342759567
2231;13,887;1,16765569093157
2232;13,891;1,06436561501321
2233;13,895;0,986830440189426
2234;13,899;0,94266343944032
2235;13,904;0,881907517566125
2236;13,908;0,873222375890127
2237;13,912;0,808289171341317
2238;13,916;0,763020249502984
2239;13,920;0,746371223591209
2240;13,924;0,74160291051419
2241;13,928;0,676900107647673
2242;13,932;0,657105597899378
2243;13,937;0,647889530607661
2244;13,941;0,619209529894418
2245;13,945;0,603652407607423
2246;13,949;0,558113014229007
2247;13,953;0,539380355712149
2248;13,957;0,518513977267969
2249;13,961;0,553364736080883
2250;13,965;0,513986083337691
2251;13,970;0,484344406037486
2252;13,974;0,472393570951597
2253;13,978;0,466443197069771
2254;13,982;0,49211795844876
2255;13,986;0,475178426068007
2256;13,990;0,446608617463686
2257;13,994;0,442271055357911
2258;13,998;0,429608980296248
2259;14,003;0,399887163280463
2260;14,007;0,394828343734467
2261;14,011;0,400077495104966
2262;14,015;0,391722929755736
2263;14,019;0,362572108213459
2264;14,023;0,373751598536889
2265;14,027;0,392424152267062
2266;14,031;0,353736704570749
2267;14,036;0,35304549952387
2268;14,040;0,339872533775384
2269;14,044;0,350170487227432
2270;14,048;0,352815097841577
2271;14,052;0,337648656668035
2272;14,056;0,321981342272117
2273;14,060;0,329444353285518
2274;14,064;0,331077199990463
2275;14,068;0,33504411591168
2276;14,073;0,280398847350471
2277;14,077;0,30078438750117
2278;14,081;0,304340587380038
2279;14,085;0,308928586097002
2280;14,089;0,280468969601603
2281;14,093;0,307536158538797
2282;14,097;0,295996039495256
2283;14,101;0,315780531779104
2284;14,106;0,292730346085365
2285;14,110;0,270812133874196
2286;14,114;0,281901467017598
2287;14,118;0,310351066048549
2288;14,122;0,265883541366017
2289;14,126;0,253632182346703
2290;14,130;0,257138294903334
2291;14,134;0,287190688245888
2292;14,139;0,266184065299443
2293;14,143;0,240889967569461
2294;14,147;0,284926741280749
2295;14,151;0,249144358274215
2296;14,155;0,257779412627976
2297;14,159;0,252770680404217
2298;14,163;0,231553690704374
2299;14,167;0,260393970848778
2300;14,172;0,249995842752254
2301;14,176;0,239176981148935
2302;14,180;0,229660389923793
2303;14,184;0,23919701607783
2304;14,188;0,248232769009491
2305;14,192;0,236612510250371
2306;14,196;0,23495962861653
2307;14,200;0,232855961082551
2308;14,205;0,232795856295866
2309;14,209;0,233567201058325
2310;14,213;0,23903673664667
2311;14,217;0,2431539145346
2312;14,221;0,267155759350852
2313;14,225;0,229840704283848
2314;14,229;0,237854675841863
2315;14,233;0,220945195854453
2316;14,237;0,237373837548382
2317;14,242;0,229630337530451
2318;14,246;0,217579327800087
2319;14,250;0,211528779273786
2320;14,254;0,224230924193239
2321;14,258;0,227917351109925
2322;14,262;0,217028367255473
2323;14,266;0,210406823255664
2324;14,270;0,187837475855406
2325;14,275;0,199537874330107
2326;14,279;0,208032684181602
2327;14,283;0,200890232030522
2328;14,287;0,214944734650389
2329;14,291;0,19294638272364
2330;14,295;0,197524363976156
2331;14,299;0,212099774747294
2332;14,303;0,183940682185322
2333;14,308;0,198536127885355
2334;14,312;0,195200312224332
2335;14,316;0,221646418365779
2336;14,320;0,218991790287187
2337;14,324;0,217348926117794
2338;14,328;0,214163372423483
2339;14,332;0,210446893113454
2340;14,336;0,22781717646545
2341;14,341;0,185894087752588
2342;14,345;0,213141591049836
2343;14,349;0,205858894396491
2344;14,353;0,174363986173495
2345;14,357;0,206129365936574
2346;14,361;0,203204266317899
2347;14,365;0,196151971346846
2348;14,369;0,219973501803043
2349;14,374;0,199347542505604
2350;14,378;0,194268688030713
2351;14,382;0,19718377018494
2352;14,386;0,184221171189852
2353;14,390;0,212430351074063
2354;14,394;0,20388545390033
2355;14,398;0,190852732654109
2356;14,402;0,199057036036626
2357;14,406;0,186264733937146
2358;14,411;0,169615708025371
2359;14,415;0,1884685761156
2360;14,419;0,201441192575135
2361;14,423;0,222758356919453
2362;14,427;0,181957224224713
2363;14,431;0,180715058633221
2364;14,435;0,189099676375794
2365;14,439;0,20090024949497
2366;14,444;0,191984706136679
2367;14,448;0,188859257229053
2368;14,452;0,207591915745911
2369;14,456;0,190722505616291
2370;14,460;0,193817902130574
2371;14,464;0,201240843286185
2372;14,468;0,214033145385665
2373;14,472;0,207952544466022
2374;14,477;0,182458097447089
2375;14,481;0,194348827746293
2376;14,485;0,209505251455387
2377;14,489;0,192004741065574
2378;14,493;0,218701283818209
2379;14,497;0,210757434511327
2380;14,501;0,189700724242645
2381;14,505;0,202002170584197
2382;14,510;0,213392027661024
2383;14,514;0,211779215884974
2384;14,518;0,225873788362631
2385;14,522;0,199367577434499
2386;14,526;0,21922219196948
2387;14,530;0,203755226862512
2388;14,534;0,213301870480997
2389;14,538;0,198285691274167
2390;14,543;0,19823560395193
2391;14,547;0,203404615606849
2392;14,551;0,172310405961754
2393;14,555;0,189560479740379
2394;14,559;0,184641904696648
2395;14,563;0,181716805077973
2396;14,567;0,17748943508112
2397;14,571;0,215736114341743
2398;14,575;0,18419111879651
2399;14,580;0,1701065637833
2400;14,584;0,19008138789165
2401;14,588;0,173863112951119
2402;14,592;0,17143888655482
2403;14,596;0,186545222941677
2404;14,600;0,195831412484526
2405;14,604;0,192595771467977
2406;14,608;0,187446794741953
2407;14,613;0,184912376236731
2408;14,617;0,202823602668893
2409;14,621;0,185383197065764
2410;14,625;0,169956301816587
2411;14,629;0,186014297325958
2412;14,633;0,18709618348629
2413;14,637;0,188959431873528
2414;14,641;0,19819553409414
2415;14,646;0,207000885343508
2416;14,650;0,173893165344462
2417;14,654;0,18439146808546
2418;14,658;0,17979345190405
2419;14,662;0,176627933138634
2420;14,666;0,169004642694073
2421;14,670;0,150702735148458
2422;14,674;0,161231090282799
2423;14,679;0,169816057314322
2424;14,683;0,169645760418714
2425;14,687;0,195140207437647
2426;14,691;0,171549078663742
2427;14,695;0,164917517199486
2428;14,699;0,160910531420478
2429;14,703;0,170336965465593
2430;14,707;0,170256825750013
2431;14,712;0,150672682755115
2432;14,716;0,178270797308027
2433;14,720;0,173672781126616
2434;14,724;0,14633512064934
2435;14,728;0,169044712551863
2436;14,732;0,16756212781363
2437;14,736;0,177148841289905
2438;14,740;0,166650538548906
2439;14,744;0,166690608406696
2440;14,749;0,165298180848491
2441;14,753;0,166259857435453
2442;14,757;0,184611852303306
2443;14,761;0,186304803794936
2444;14,765;0,192375387250132
2445;14,769;0,202883707455578
2446;14,773;0,156713213816969
2447;14,777;0,176627933138634
