#"+EI TIC Scan 150C_1ml-min_5C-min_1.d "
#Point;X(Minutes);Y(Counts)
0;4,891;38,3654584979986
1;4,896;35,9149004176342
2;4,900;34,4910705024946
3;4,905;32,325744089513
4;4,909;30,9702321859859
5;4,913;29,2658803656892
6;4,918;27,9745058983157
7;4,922;26,4347840812154
8;4,927;24,7593787770706
9;4,931;23,6776151880836
10;4,936;22,6061178223753
11;4,940;21,5653662078265
12;4,945;20,3387112820502
13;4,949;19,5610184093492
14;4,953;18,4181337487802
15;4,958;17,6107534984537
16;4,962;17,0441532270867
17;4,967;15,9902777807177
18;4,971;15,2633339189667
19;4,976;14,7243042781575
20;4,980;14,0242960228439
21;4,985;13,1261602419865
22;4,989;12,7230786816053
23;4,993;12,0334424869238
24;4,998;11,7765223115725
25;5,002;11,1824043283244
26;5,007;10,6727974717573
27;5,011;10,2402931271339
28;5,016;9,63575016457708
29;5,020;9,53181788354928
30;5,025;9,22653003769927
31;5,029;8,81175344976853
32;5,033;8,34464029058704
33;5,038;7,90144637327141
34;5,042;7,73279455064635
35;5,047;7,62685135990415
36;5,051;7,2416033935689
37;5,056;6,94716387644124
38;5,060;6,67579690235234
39;5,065;6,38765470775132
40;5,069;6,04659383645589
41;5,073;6,1788376095152
42;5,078;5,68997487421231
43;5,082;5,76448437099803
44;5,087;5,62509657658497
45;5,091;5,40109181813756
46;5,096;5,31800949572735
47;5,100;5,0253162949306
48;5,104;4,80755594033313
49;5,109;4,76881946899283
50;5,113;4,57175031698287
51;5,118;4,53259049622902
52;5,122;4,35769426975401
53;5,127;4,19089460081325
54;5,131;4,21275001428804
55;5,136;4,20740522794191
56;5,140;4,04833168579853
57;5,144;3,95302514907191
58;5,149;3,90904972873886
59;5,153;3,89343871911401
60;5,158;3,77378959110797
61;5,162;3,65842687591417
62;5,167;3,62477059753653
63;5,171;3,39097588390066
64;5,176;3,4567537990318
65;5,180;3,42786020155666
66;5,184;3,45685963638519
67;5,189;3,33340036365715
68;5,193;3,32921978819829
69;5,198;3,21237535005705
70;5,202;3,12992805176717
71;5,207;3,25772665598415
72;5,211;3,09600718000605
73;5,216;3,13236231089511
74;5,220;3,12003225922531
75;5,224;3,03440984033377
76;5,229;2,95132751792356
77;5,233;2,8998905641766
78;5,238;2,81389771454819
79;5,242;2,94317804171262
80;5,247;2,9461944062842
81;5,251;3,2893720246474
82;5,256;3,89396790588096
83;5,260;5,61080853387748
84;5,264;8,31421205148776
85;5,269;11,9096127834589
86;5,273;16,317685633426
87;5,278;19,8606968754697
88;5,282;22,2335703384467
89;5,287;23,8264754256249
90;5,291;23,9667099188651
91;5,296;23,604640332922
92;5,300;22,8842054684044
93;5,304;22,1392692565773
94;5,309;21,6443737921312
95;5,313;20,5714476221522
96;5,318;19,6855889742879
97;5,322;18,7782453436856
98;5,327;18,2719194450736
99;5,331;17,3508169585308
100;5,335;16,8892073417255
101;5,340;16,0048833354854
102;5,344;15,372716823694
103;5,349;14,8690368589167
104;5,353;14,2415801093512
105;5,358;13,6622793555775
106;5,362;12,9139034297653
107;5,367;12,616976734833
108;5,371;11,8699766946148
109;5,375;11,3079803481202
110;5,380;10,9078622336338
111;5,384;10,3406798568232
112;5,389;9,90949847911723
113;5,393;9,60706824180872
114;5,398;9,14376522734922
115;5,402;8,6702489082877
116;5,407;8,39528346418358
117;5,411;7,90112886121125
118;5,415;7,64304447497264
119;5,420;7,24975286977984
120;5,424;6,85503246031629
121;5,429;6,67209259498373
122;5,433;6,63134521392904
123;5,438;6,33849325710222
124;5,442;5,97219017702356
125;5,447;5,83613625924225
126;5,451;5,55429138716786
127;5,455;5,29430192856825
128;5,460;5,10818694263404
129;5,464;4,74315391079605
130;5,469;4,61726037894006
131;5,473;4,34324747101644
132;5,478;4,20581766764108
133;5,482;3,9795903247725
134;5,487;3,80871591772628
135;5,491;3,61498064234807
136;5,495;3,29445221761007
137;5,500;3,29725690747487
138;5,504;3,09399627029167
139;5,509;3,03091720767194
140;5,513;2,81691407911977
141;5,518;2,70525567129458
142;5,522;2,60830865559043
143;5,526;2,67720877264655
144;5,531;2,56301026834003
145;5,535;2,40335462075301
146;5,540;2,39351174688785
147;5,544;2,22279609587171
148;5,549;2,19850642326898
149;5,553;2,14743990025888
150;5,558;2,10769797406138
151;5,562;2,06335212299147
152;5,566;2,05282130632929
153;5,571;2,09298658194034
154;5,575;2,00223105140944
155;5,580;1,88184106192967
156;5,584;1,95005323618875
157;5,589;2,01974713339528
158;5,593;1,84823770222872
159;5,598;1,8068552970537
160;5,602;1,84781435281517
161;5,606;1,86585962156796
162;5,611;1,8853336945915
163;5,615;1,85268287107105
164;5,620;1,80140467335418
165;5,624;1,86972268496665
166;5,629;1,77214064514217
167;5,633;1,74753346047927
168;5,638;1,87543790204965
169;5,642;1,99529870476247
170;5,646;2,43759300457429
171;5,651;3,20046864780081
172;5,655;4,51237556173175
173;5,660;6,43120677867081
174;5,664;8,77010645121004
175;5,669;11,0281463857602
176;5,673;12,8552695359879
177;5,678;14,0164640586932
178;5,682;14,7304957633307
179;5,686;14,9587869345904
180;5,691;14,6638182306958
181;5,695;14,2949221354591
182;5,700;13,8047364332389
183;5,704;13,1646850386201
184;5,709;12,7014349428372
185;5,713;12,0900654709868
186;5,717;11,592524072706
187;5,722;11,0805887943644
188;5,726;10,3876187230512
189;5,731;10,0149654017692
190;5,735;9,94066757969024
191;5,740;9,50101921371314
192;5,744;8,90896505885615
193;5,749;8,58129261276441
194;5,753;8,15011123505841
195;5,757;7,89239727955667
196;5,762;7,41216028855496
197;5,766;7,23467104692193
198;5,771;6,78332765339537
199;5,775;6,39982600339103
200;5,780;6,19947589342602
201;5,784;5,77538561839707
202;5,789;5,67177084942943
203;5,793;5,38198817585088
204;5,797;5,1794684001414
205;5,802;4,9714450820557
206;5,806;4,67123742916835
207;5,811;4,55375796690678
208;5,815;4,23270035540183
209;5,820;4,32456717814332
210;5,824;3,92566619322091
211;5,829;3,88306665848191
212;5,833;3,64821357131215
213;5,837;3,45717714844536
214;5,842;3,40589895072848
215;5,846;3,0710295646063
216;5,851;3,0586995129365
217;5,855;2,90311860345495
218;5,860;2,76595339346306
219;5,864;2,59322683273253
220;5,869;2,48786574743397
221;5,873;2,23115724678942
222;5,877;2,26756529635517
223;5,882;2,19930020341939
224;5,886;2,11182563084355
225;5,891;1,95820271239969
226;5,895;1,85003693723633
227;5,900;1,93348969038341
228;5,904;1,81188257133967
229;5,908;1,81971453549044
230;5,913;1,70392847088309
231;5,917;1,62619093481901
232;5,922;1,73229288159129
233;5,926;1,61179705475813
234;5,931;1,48775567658645
235;5,935;1,54834756140154
236;5,940;1,46627069384852
237;5,944;1,51813099700904
238;5,948;1,50124993914352
239;5,953;1,47373222726243
240;5,957;1,40895976698848
241;5,962;1,42081355056803
242;5,966;1,38726310954378
243;5,971;1,31206566996103
244;5,975;1,35133132806828
245;5,980;1,38689267880692
246;5,984;1,33926586978195
247;5,988;1,37223420536257
248;5,993;1,36620147621941
249;5,997;1,3066679649382
250;6,002;1,31259485672797
251;6,006;1,30793801317887
252;6,011;1,2962959043061
253;6,015;1,32360194148041
254;6,020;1,26925446051526
255;6,024;1,34715075260942
256;6,028;1,31592873335972
257;6,033;1,32963467062357
258;6,037;1,32206729985627
259;6,042;1,22850707946057
260;6,046;1,36281468091096
261;6,051;1,32963467062357
262;6,055;1,28094948806472
263;6,060;1,25449014971752
264;6,064;1,25226756529636
265;6,068;1,32820586635282
266;6,073;1,28036738262108
267;6,077;1,27687474995925
268;6,082;1,2783564729067
269;6,086;1,29798930196032
270;6,091;1,27063034610931
271;6,095;1,21464238616663
272;6,099;1,28687637985449
273;6,104;1,19236362327829
274;6,108;1,214060280723
275;6,113;1,18738926766902
276;6,117;1,22199808222716
277;6,122;1,25364345089041
278;6,126;1,352072189542
279;6,131;1,66021764393351
280;6,135;2,16675521725234
281;6,139;3,38552526020113
282;6,144;5,8384646810168
283;6,148;9,11423660575374
284;6,153;13,8054243760359
285;6,157;18,6591783211232
286;6,162;23,7086255326265
287;6,166;27,9536030210214
288;6,171;30,296947862403
289;6,175;31,6179567887254
290;6,179;32,16730557149
291;6,184;31,3076416685894
292;6,188;31,0079102837923
293;6,193;29,5894780736755
294;6,197;28,5857166141361
295;6,202;27,1364328155064
296;6,206;25,9682530274775
297;6,211;24,5649026402186
298;6,215;23,3946061051219
299;6,219;22,250663071019
300;6,224;20,7383531284463
301;6,228;19,5273092122949
302;6,233;18,9657891338906
303;6,237;17,7084942943083
304;6,242;16,6063040961173
305;6,246;15,7134072642526
306;6,251;14,8452234544042
307;6,255;13,9272960884631
308;6,259;13,0384210760272
309;6,264;12,4812403291118
310;6,268;11,5496599445836
311;6,273;10,6021510383703
312;6,277;9,96035332742055
313;6,282;9,35295275632219
314;6,286;8,80879000387365
315;6,291;8,42057859164351
316;6,295;7,73237120123279
317;6,299;7,28579048860873
318;6,304;6,73829385952843
319;6,308;6,24329255772899
320;6,313;5,83735338880622
321;6,317;5,3401824212623
322;6,322;5,08357975797114
323;6,326;4,71875840083993
324;6,330;4,1772415822261
325;6,335;3,86867277842103
326;6,339;3,56364952595449
327;6,344;3,34387826164264
328;6,348;3,06780152532794
329;6,353;2,71721529222752
330;6,357;2,49114670538903
331;6,362;2,37006877311223
332;6,366;2,1822603895238
333;6,370;2,06197623739742
334;6,375;1,85892727492099
335;6,379;1,75811719581815
336;6,384;1,65820673421912
337;6,388;1,48696189643603
338;6,393;1,51077530094851
339;6,397;1,36842406064057
340;6,402;1,30428662448695
341;6,406;1,28285456042572
342;6,410;1,19299864739862
343;6,415;1,1459010251406
344;6,419;1,08054645942302
345;6,424;1,16902648685606
346;6,428;1,09049517064156
347;6,433;1,09568120095762
348;6,437;1,00942375794574
349;6,442;1,06763430230958
350;6,446;1,02704567728498
351;6,450;0,955023358303893
352;6,455;1,02926826170614
353;6,459;0,926235598182138
354;6,464;0,951689481672146
355;6,468;0,896389464526494
356;6,473;0,951107376228507
357;6,477;0,828283127620797
358;6,482;0,952059912409006
359;6,486;0,904697696767516
360;6,490;0,885488217127447
361;6,495;0,837967245455873
362;6,499;0,846857583140533
363;6,504;0,874904481788567
364;6,508;0,83468628750082
365;6,513;0,795526466746962
366;6,517;0,800712497063014
367;6,521;0,76557449573793
368;6,526;0,803570105604511
369;6,530;0,726890943074321
370;6,535;0,808650298567174
371;6,539;0,788012014656357
372;6,544;0,804893072521871
373;6,548;0,830082362628407
374;6,553;0,758695067767657
375;6,557;0,820292407439943
376;6,561;0,769913827226871
377;6,566;0,786530291708913
378;6,570;0,693975526170402
379;6,575;0,793356801002492
380;6,579;0,769807989873482
381;6,584;0,758060043647325
382;6,588;0,702548351794896
383;6,593;0,822832503921274
384;6,597;0,74911678728597
385;6,601;0,777057848580615
386;6,606;0,693022989989903
387;6,610;0,733876208397982
388;6,615;0,685984805989548
389;6,619;0,748428844488943
390;6,624;0,732976590894178
391;6,628;0,769490477813316
392;6,633;0,723609985119268
393;6,637;0,725409220126878
394;6,641;0,82759518482377
395;6,646;0,739644344157672
396;6,650;0,766685787948512
397;6,655;0,729536876909041
398;6,659;0,737474678413202
399;6,664;0,729060608818792
400;6,668;0,720329027164215
401;6,673;0,729695632939125
402;6,677;0,727314292487876
403;6,681;0,777798710054337
404;6,686;0,774517752099284
405;6,690;0,710486153299056
406;6,695;0,713608355224026
407;6,699;0,712444144336749
408;6,704;0,678787865959109
409;6,708;0,71990567775066
410;6,712;0,719111897600244
411;6,717;0,632589861204895
412;6,721;0,799812879559209
413;6,726;0,83828475751604
414;6,730;1,00704241749449
415;6,735;1,5014616138503
416;6,739;2,31021774977086
417;6,744;3,55354205870586
418;6,748;5,4536929827718
419;6,752;7,82323256911708
420;6,757;10,2904071139635
421;6,761;13,0175181987329
422;6,766;15,3737751972279
423;6,770;16,631281711517
424;6,775;17,8661919508576
425;6,779;17,9537194421101
426;6,784;18,0002878776012
427;6,788;17,5044927956514
428;6,792;16,9188418006744
429;6,797;16,3142459194408
430;6,801;15,2139607936108
431;6,806;14,6497947813718
432;6,810;14,0904972873886
433;6,815;13,2080783535095
434;6,819;12,4949991850524
435;6,824;11,726567080773
436;6,828;11,0639194112056
437;6,832;10,4354042881062
438;6,837;9,602517235613
439;6,841;8,84159958342418
440;6,846;8,3639556075805
441;6,850;7,90700283432432
442;6,855;7,42777129817981
443;6,859;7,04442840420555
444;6,864;6,49661426306509
445;6,868;6,03272914316195
446;6,872;5,41717909585266
447;6,877;5,27646833452224
448;6,881;4,89524218761576
449;6,886;4,48200024130917
450;6,890;4,13538290896083
451;6,895;3,8680377543007
452;6,899;3,45622461226486
453;6,903;3,14209934740688
454;6,908;2,78775588826116
455;6,912;2,72160754239315
456;6,917;2,47505942767393
457;6,921;2,12648410428789
458;6,926;2,02556818783167
459;6,930;1,9514820404595
460;6,935;1,79404897729365
461;6,939;1,45468150365245
462;6,943;1,45113595231392
463;6,948;1,32979342665366
464;6,952;1,28618843705747
465;6,957;1,23750325449862
466;6,961;1,11145096661255
467;6,966;1,01101131824657
468;6,970;0,957404698755141
469;6,975;0,917821528587728
470;6,979;0,905861907654792
471;6,983;0,887657882871918
472;6,988;0,947561824889982
473;6,992;0,80632187679262
474;6,997;0,86305069820902
475;7,001;0,734987500608565
476;7,006;0,754355736278716
477;7,010;0,697838589569094
478;7,015;0,725726732187044
479;7,019;0,745518317270751
480;7,023;0,68757236629038
481;7,028;0,585703913653654
482;7,032;0,612798276121188
483;7,037;0,655239054830099
484;7,041;0,664605660605009
485;7,046;0,689794950711545
486;7,050;0,605601336090749
487;7,055;0,64587244905519
488;7,059;0,651005560694547
489;7,063;0,599462769594198
490;7,068;0,615285453925825
491;7,072;0,575384771698245
492;7,077;0,616132152752935
493;7,081;0,573850130074107
494;7,086;0,633648234738783
495;7,090;0,652169771581824
496;7,095;0,669580016214283
497;7,099;0,649947187160659
498;7,103;0,565171467096225
499;7,108;0,640368906678972
500;7,112;0,629255984573147
501;7,117;0,616343827459713
502;7,121;0,6618538894169
503;7,126;0,580835395397769
504;7,130;0,597504778556506
505;7,134;0,571468789622859
506;7,139;0,591207456029872
507;7,143;0,599304013564115
508;7,148;0,597928127970061
509;7,152;0,571151277562693
510;7,157;0,623540767490152
511;7,161;0,574908503607995
512;7,166;0,602055784752224
513;7,170;0,623699523520235
514;7,174;0,541305143907049
515;7,179;0,528922173560559
516;7,183;0,567446970194085
517;7,188;0,596287648992534
518;7,192;0,541199306553661
519;7,197;0,565436060479697
520;7,201;0,523259875154258
521;7,206;0,570569172119054
522;7,210;0,544956532598963
523;7,214;0,494789627092669
524;7,219;0,488809816626202
525;7,223;0,561678834434395
526;7,228;0,519238055725483
527;7,232;0,51114149819124
528;7,237;0,533896529169833
529;7,241;0,496430106070196
530;7,246;0,513840350702654
531;7,250;0,53061557121478
532;7,254;0,567288214164001
533;7,259;0,495054220476141
534;7,263;0,522836525740703
535;7,268;0,480395747031791
536;7,272;0,505426281108244
537;7,277;0,543580647004909
538;7,281;0,547179117020128
539;7,286;0,542839785531187
540;7,290;0,469759093016216
541;7,294;0,442823486578765
542;7,299;0,493995846942253
543;7,303;0,472828376264492
544;7,308;0,460127893857835
545;7,312;0,437743293616103
546;7,317;0,485317183964371
547;7,321;0,436526164052131
548;7,325;0,427265395630611
549;7,330;0,483570867633456
550;7,334;0,47436301788863
551;7,339;0,43975420333049
552;7,343;0,468436126098856
553;7,348;0,417581277795535
554;7,352;0,478437755994099
555;7,357;0,50405039551419
556;7,361;0,431498889766163
557;7,365;0,486322638821565
558;7,370;0,458434496203614
559;7,374;0,483200436896595
560;7,379;0,458064065466753
561;7,383;0,4339860675708
562;7,388;0,480766177768652
563;7,392;0,47436301788863
564;7,397;0,471293734640354
565;7,401;0,504209151544273
566;7,405;0,470711629196716
567;7,410;0,463250095782805
568;7,414;0,496694699453668
569;7,419;0,42954089872847
570;7,423;0,532256050192306
571;7,428;0,588931952932012
572;7,432;0,744565781090252
573;7,437;1,04905984678985
574;7,441;1,94518471793287
575;7,445;3,19819314470295
576;7,450;5,5756176138757
577;7,454;8,86620676808707
578;7,459;13,2605736807903
579;7,463;18,8185164566501
580;7,468;24,6677765477125
581;7,472;29,8731221807575
582;7,477;34,1755164333659
583;7,481;37,983914839032
584;7,485;39,7245159528643
585;7,490;40,7514557927959
586;7,494;40,8524246279288
587;7,499;39,2080296683269
588;7,503;38,0914985087517
589;7,508;36,4789076738431
590;7,512;34,2659544518366
591;7,516;32,2900239827443
592;7,521;30,281178096748
593;7,525;28,4455350395726
594;7,530;26,4648948082545
595;7,534;25,029951971009
596;7,539;23,0787874426097
597;7,543;21,0638559087936
598;7,548;19,6017657904039
599;7,552;17,8954559790696
600;7,556;16,4834269288328
601;7,561;15,0371065760981
602;7,565;13,7668466607257
603;7,570;12,5489762352807
604;7,574;11,2270676914545
605;7,579;10,1032337544954
606;7,583;9,39708693268533
607;7,588;8,34416402249679
608;7,592;7,31103269739196
609;7,596;6,70971777411345
610;7,601;5,77390389544963
611;7,605;5,12337460284533
612;7,610;4,48872091324936
613;7,614;3,81056807141058
614;7,619;3,53602597672002
615;7,623;3,13738958518108
616;7,628;2,63953067484013
617;7,632;2,50130709131435
618;7,636;2,06531011402916
619;7,641;1,92322346710469
620;7,645;1,75906973199865
621;7,650;1,6092040396001
622;7,654;1,26819608698137
623;7,659;1,2716887196432
624;7,663;1,15357423326129
625;7,668;1,03561850290947
626;7,672;1,01476854429187
627;7,676;0,953859147416616
628;7,681;0,805581015318899
629;7,685;0,836326766478347
630;7,690;0,796902352341016
631;7,694;0,754832004368966
632;7,699;0,731071518533179
633;7,703;0,596816835759478
634;7,707;0,662171401477066
635;7,712;0,637828810197641
636;7,716;0,616820095549963
637;7,721;0,613433300241521
638;7,725;0,573373861983858
639;7,730;0,614438755098714
640;7,734;0,635870819159948
641;7,739;0,658467094108458
642;7,743;0,604860474617028
643;7,747;0,602796646225946
644;7,752;0,59311252839087
645;7,756;0,597875209293366
646;7,761;0,624440384993957
647;7,765;0,601262004601808
648;7,770;0,644126132724275
649;7,774;0,607982676541997
650;7,779;0,600150712391226
651;7,783;0,644496563461135
652;7,787;0,552206391306097
653;7,792;0,527017101199561
654;7,796;0,564060174885643
655;7,801;0,592847935007398
656;7,805;0,541781411997299
657;7,810;0,476215171572934
658;7,814;0,538024185951996
659;7,819;0,517438820717874
660;7,823;0,471187897286965
661;7,827;0,52220150162037
662;7,832;0,469970767722994
663;7,836;0,505690874491716
664;7,841;0,467218996534885
665;7,845;0,450761288082926
666;7,850;0,487328093678758
667;7,854;0,462191722248917
668;7,859;0,474151343181852
669;7,863;0,44996750793251
670;7,867;0,439595447300407
671;7,872;0,506855085378993
672;7,876;0,461980047542139
673;7,881;0,477908569227155
674;7,885;0,458328658850225
675;7,890;0,451449230879953
676;7,894;0,44552233909018
677;7,898;0,487381012355453
678;7,903;0,430758028292441
679;7,907;0,451025881466398
680;7,912;0,476109334219545
681;7,916;0,460339568564613
682;7,921;0,427688745044166
683;7,925;0,462615071662472
684;7,930;0,383078300590784
685;7,934;0,462085884895528
686;7,938;0,405039551418961
687;7,943;0,405039551418961
688;7,947;0,409484720261291
689;7,952;0,477538138490294
690;7,956;0,491349913107533
691;7,961;0,461768372835362
692;7,965;0,449808751902426
693;7,970;0,485846370731315
694;7,974;0,437796212292797
695;7,978;0,410543093795179
696;7,983;0,400065195809688
697;7,987;0,390592752681389
698;7,992;0,420174292953561
699;7,996;0,433774392864022
700;8,001;0,431128459029302
701;8,005;0,404774958035489
702;8,010;0,459492869737502
703;8,014;0,38074987881623
704;8,018;0,397154668591495
705;8,023;0,337779913340375
706;8,027;0,381649496320035
707;8,032;0,450496694699454
708;8,036;0,417898789855701
709;8,041;0,430916784322525
710;8,045;0,632484023851506
711;8,050;0,807486087679897
712;8,054;1,32360194148041
713;8,058;2,27370386285172
714;8,063;3,50575649365082
715;8,067;5,2030701299471
716;8,072;7,57171009878859
717;8,076;9,98956443695586
718;8,081;12,676721920821
719;8,085;15,1120394222974
720;8,090;17,0204456599276
721;8,094;18,2826090177659
722;8,098;19,1030601812359
723;8,103;19,6380150839396
724;8,107;19,0907830482428
725;8,112;18,8162409535522
726;8,116;17,9761040423519
727;8,121;17,2729206664366
728;8,125;16,2117424426838
729;8,129;15,0517121308658
730;8,134;14,3408026281532
731;8,138;13,5220977810141
732;8,143;12,1745236789911
733;8,147;11,1022325331324
734;8,152;10,1956826826806
735;8,156;9,55203281804654
736;8,161;8,60706400831458
737;8,165;7,78312021218273
738;8,169;7,09475406574193
739;8,174;6,39945557265417
740;8,178;5,73342110777841
741;8,183;5,12697307286055
742;8,187;4,70404700871888
743;8,192;4,20539431822752
744;8,196;3,65964400547814
745;8,201;3,30270753117439
746;8,205;2,86237122240026
747;8,209;2,55628959639984
748;8,214;2,23629035842878
749;8,218;1,92555188887925
750;8,223;1,7085323957555
751;8,227;1,48077041126279
752;8,232;1,34318185185734
753;8,236;1,20003683139898
754;8,241;1,10822292733419
755;8,245;1,16119452270529
756;8,249;1,35641152103094
757;8,254;1,83945320189745
758;8,258;2,64498129853966
759;8,263;3,94895041096644
760;8,267;5,80988859560182
761;8,272;8,24584112119859
762;8,276;11,0235953795645
763;8,281;13,8971324427473
764;8,285;16,3163097478319
765;8,289;18,6698678938155
766;8,294;20,6647961678411
767;8,298;21,6160623000997
768;8,303;22,3478746801066
769;8,307;21,8377915554493
770;8,312;21,5948419107452
771;8,316;20,6648490865178
772;8,320;19,5033370517524
773;8,325;18,2699614540359
774;8,329;17,2673642053837
775;8,334;16,025733294103
776;8,338;14,7897646812285
777;8,343;13,8676038211518
778;8,347;12,8005516242859
779;8,352;11,5793473222091
780;8,356;10,5651608833609
781;8,360;9,57732794550646
782;8,365;8,73295754017057
783;8,369;7,84556425068212
784;8,374;6,97711584745027
785;8,378;6,30187353282969
786;8,383;5,42442895455979
787;8,387;4,67446546844671
788;8,392;4,3181110995866
789;8,396;3,65112409853034
790;8,400;3,19708185249236
791;8,405;2,81469149469861
792;8,409;2,41542007903934
793;8,414;2,13939626140133
794;8,418;1,79050342595513
795;8,423;1,49114247189489
796;8,427;1,41790302334984
797;8,432;1,24671110424344
798;8,436;1,11314436426677
799;8,440;1,02932118038284
800;8,445;0,871993954570374
801;8,449;0,775523206956478
802;8,454;0,690271218801794
803;8,458;0,68661983010988
804;8,463;0,638569671671362
805;8,467;0,545750312749379
806;8,472;0,545538638042602
807;8,476;0,514422456146293
808;8,480;0,531832700778751
809;8,485;0,501298624326081
810;8,489;0,461927128865445
811;8,494;0,394614572110164
812;8,498;0,472246270820853
813;8,503;0,408585102757486
814;8,507;0,433245206097078
815;8,511;0,425783672683167
816;8,516;0,349898290303393
817;8,520;0,300366408917432
818;8,525;0,349422022213144
819;8,529;0,323544789309581
820;8,534;0,332329289640852
821;8,538;0,373870450845958
822;8,543;0,289412242841691
823;8,547;0,320263831354528
824;8,551;0,33603359700946
825;8,556;0,307351674241093
826;8,560;0,329895030512909
827;8,565;0,303859041579263
828;8,569;0,342225082182705
829;8,574;0,285602098119694
830;8,578;0,297561719052629
831;8,583;0,290629372405662
832;8,587;0,227444472432545
833;8,591;0,349157428829672
834;8,596;0,270044007171539
835;8,600;0,30274774936868
836;8,605;0,284332049879028
837;8,609;0,294280761097576
838;8,614;0,25972486521613
839;8,618;0,265810513035987
840;8,623;0,247236057516251
841;8,627;0,262053286990684
842;8,631;0,277717215292228
843;8,636;0,228926195379988
844;8,640;0,256285151230994
845;8,645;0,279198938239671
846;8,649;0,253268786659413
847;8,654;0,255967639170828
848;8,658;0,237869451741342
849;8,663;0,236546484823982
850;8,667;0,231254617154542
851;8,671;0,249405723260722
852;8,676;0,256496825937772
853;8,680;0,280839417217197
854;8,685;0,277611377938839
855;8,689;0,289941429608635
856;8,694;0,256867256674633
857;8,698;0,274489176013869
858;8,702;0,294651191834437
859;8,707;0,199609248491289
860;8,711;0,281527360014225
861;8,716;0,255861801817439
862;8,720;0,25935443447927
863;8,725;0,245383903831947
864;8,729;0,232471746718513
865;8,734;0,269832332464761
866;8,738;0,309256746602092
867;8,742;0,256814337997938
868;8,747;0,214108965905555
869;8,751;0,259407353155964
870;8,756;0,19458197420532
871;8,760;0,247183138839557
872;8,765;0,226915285665601
873;8,769;0,222628872853354
874;8,774;0,24469596103492
875;8,778;0,210775089273808
876;8,782;0,192306471107461
877;8,787;0,272954534389731
878;8,791;0,169921870865728
879;8,796;0,209293366326364
880;8,800;0,192094796400683
881;8,805;0,205165709544201
882;8,809;0,237022752914232
883;8,814;0,214585233995805
884;8,818;0,2203004510788
885;8,822;0,254062566809829
886;8,827;0,232789258778679
887;8,831;0,178865127227083
888;8,836;0,219083321514829
889;8,840;0,162513256128512
890;8,845;0,219242077544912
891;8,849;0,244378448974754
892;8,854;0,240515385576062
893;8,858;0,254221322839913
894;8,862;0,189925130656213
895;8,867;0,191248097573573
896;8,871;0,230778349064292
897;8,876;0,16886349733184
898;8,880;0,220565044462272
899;8,885;0,165900051436954
900;8,889;0,257661036825049
901;8,894;0,169763114835645
902;8,898;0,243531750147643
903;8,902;0,212891836341584
904;8,907;0,227074041695684
905;8,911;0,245330985155253
906;8,916;0,215802363559776
907;8,920;0,294545354481048
908;8,925;0,401917349493992
909;8,929;0,632219430468034
910;8,933;1,06996272408414
911;8,938;1,72880024892946
912;8,942;2,88692548838647
913;8,947;4,42283716076482
914;8,951;6,45734860495785
915;8,956;8,79656578955724
916;8,960;11,6794165398382
917;8,965;14,5318919696966
918;8,969;17,2033326065835
919;8,973;19,2855766971549
920;8,978;20,8513345031889
921;8,982;21,6534228858459
922;8,987;21,6915243330659
923;8,991;21,1847221663636
924;8,996;21,058934471861
925;9,000;20,0938036463085
926;9,005;18,9315507500693
927;9,009;18,119460737517
928;9,013;16,5069757399619
929;9,018;15,174959728887
930;9,022;13,9751345721948
931;9,027;12,7219673893947
932;9,031;11,3599464886341
933;9,036;10,1199560563309
934;9,040;9,029513804366
935;9,045;8,18323832666911
936;9,049;7,16677638472301
937;9,053;6,19645952885444
938;9,058;5,32017916147182
939;9,062;4,76119917954884
940;9,067;3,99160286438213
941;9,071;3,3404914663342
942;9,076;2,991598630888
943;9,080;2,36451231205932
944;9,085;2,18056699186957
945;9,089;1,85019569326642
946;9,093;1,63698634486467
947;9,098;1,41472790274817
948;9,102;1,12256388871837
949;9,107;1,0571034856474
950;9,111;0,950313596078091
951;9,116;0,852308206840056
952;9,120;0,751233534353747
953;9,124;0,6259221079414
954;9,129;0,560038355456868
955;9,133;0,658467094108458
956;9,138;0,698473613689427
957;9,142;0,960368144650028
958;9,147;1,48606227893223
959;9,151;2,69218475815106
960;9,156;4,45792224341321
961;9,160;7,53180941656101
962;9,164;12,0692684310459
963;9,169;18,1684105134593
964;9,173;24,9401489766586
965;9,178;33,410100693658
966;9,182;42,4718419721309
967;9,187;52,1581823916278
968;9,191;60,1011699261044
969;9,196;66,8789411184468
970;9,200;71,8194287746363
971;9,204;75,0978995518847
972;9,209;76,6687375508813
973;9,213;75,6755598266808
974;9,218;72,1594841910745
975;9,222;68,7850189343025
976;9,227;64,9234372585585
977;9,231;60,3375047362216
978;9,236;55,4818457187732
979;9,240;50,2115159507475
980;9,244;45,1764626193052
981;9,249;39,8024122449584
982;9,253;35,2361125516751
983;9,258;30,9283205940439
984;9,262;26,9721203243703
985;9,267;23,4051898404608
986;9,271;20,0634812445626
987;9,276;17,0417718866355
988;9,280;14,4858527209725
989;9,284;12,3782605842645
990;9,289;10,2692396432858
991;9,293;8,84768523124403
992;9,298;7,42491368963831
993;9,302;6,26350749222625
994;9,307;5,12046407562714
995;9,311;4,33552134421906
996;9,315;3,75902528031023
997;9,320;3,39478602862265
998;9,324;2,92619114649371
999;9,329;2,60359889336463
1000;9,333;2,29868147825148
1001;9,338;2,02667948004225
1002;9,342;1,84913731973253
1003;9,347;1,64174902576716
1004;9,351;1,50834104182057
1005;9,355;1,34334060788742
1006;9,360;1,18294409882669
1007;9,364;1,18140945720255
1008;9,369;1,09573411963431
1009;9,373;0,984922410636231
1010;9,378;0,918191959324588
1011;9,382;0,87146476780343
1012;9,387;0,875169075172039
1013;9,391;0,771607224881092
1014;9,395;0,743084058142809
1015;9,400;0,673072648876113
1016;9,404;0,668204130620228
1017;9,409;0,627403830888843
1018;9,413;0,641056849475999
1019;9,418;0,612533682737716
1020;9,422;0,587979416751513
1021;9,427;0,562578451938199
1022;9,431;0,4841000544004
1023;9,435;0,568928693141528
1024;9,440;0,489656515453312
1025;9,444;0,431128459029302
1026;9,449;0,391862800922055
1027;9,453;0,423825681645475
1028;9,458;0,486428476174953
1029;9,462;0,448062435571511
1030;9,467;0,396096295057607
1031;9,471;0,321745554301971
1032;9,475;0,344765178664036
1033;9,480;0,356936474303749
1034;9,484;0,33423436200185
1035;9,489;0,332382208317546
1036;9,493;0,335874840979377
1037;9,498;0,344923934694119
1038;9,502;0,265704675682598
1039;9,506;0,267345154660125
1040;9,511;0,312061436466895
1041;9,515;0,333811012588295
1042;9,520;0,309468421308869
1043;9,524;0,297985068466184
1044;9,529;0,210775089273808
1045;9,533;0,264117115381766
1046;9,538;0,278563914119338
1047;9,542;0,282374058841335
1048;9,546;0,310420957489369
1049;9,551;0,315130719715171
1050;9,555;0,345082690724203
1051;9,560;0,275177118810896
1052;9,564;0,30803961703812
1053;9,569;0,3195758885575
1054;9,573;0,31031512013598
1055;9,578;0,330106705219687
1056;9,582;0,301371863774626
1057;9,586;0,297138369639073
1058;9,591;0,270626112615177
1059;9,595;0,22426935183088
1060;9,600;0,277293865878672
1061;9,604;0,212891836341584
1062;9,609;0,220459207108883
1063;9,613;0,22871452067321
1064;9,618;0,197915850837068
1065;9,622;0,254856346960245
1066;9,626;0,221411743289383
1067;9,631;0,269250227021123
1068;9,635;0,261418262870351
1069;9,640;0,195269917002347
1070;9,644;0,25178706371197
1071;9,649;0,234429737756206
1072;9,653;0,217019493123747
1073;9,658;0,226650692282129
1074;9,662;0,224322270507575
1075;9,666;0,206700351168339
1076;9,671;0,198815468340872
1077;9,675;0,222893466236826
1078;9,680;0,248400268403528
1079;9,684;0,239351174688785
1080;9,689;0,165265027316621
1081;9,693;0,185268287107105
1082;9,697;0,246230602659058
1083;9,702;0,177700916339806
1084;9,706;0,244748879711614
1085;9,711;0,25046409679461
1086;9,715;0,226809448312212
1087;9,720;0,251363714298415
1088;9,724;0,262794148464406
1089;9,729;0,233424282899012
1090;9,733;0,21765451724408
1091;9,737;0,228502845966433
1092;9,742;0,201778914235759
1093;9,746;0,3630750408003
1094;9,751;0,405992087599461
1095;9,755;0,58205252496174
1096;9,760;0,931157035114717
1097;9,764;1,57734699623007
1098;9,769;2,7485960675073
1099;9,773;4,25651375991431
1100;9,777;6,37029738179555
1101;9,782;8,7988412926551
1102;9,786;11,8437290309744
1103;9,791;14,7035072382166
1104;9,795;17,4641158453335
1105;9,800;20,1025352279631
1106;9,804;22,3978299109061
1107;9,809;23,5457947644378
1108;9,813;24,148379735957
1109;9,817;24,3150206488676
1110;9,822;23,5795039614921
1111;9,826;22,5637299623431
1112;9,831;21,2738901365937
1113;9,835;19,7697825889087
1114;9,840;18,0577575604913
1115;9,844;16,191262914803
1116;9,849;14,8732703530522
1117;9,853;13,0095803972288
1118;9,857;11,686560561192
1119;9,862;9,97665227984243
1120;9,866;8,64643550377522
1121;9,871;7,35871242509361
1122;9,875;6,27679008007654
1123;9,880;5,38712128749024
1124;9,884;4,7776039693241
1125;9,889;3,93847251298095
1126;9,893;3,2770948916543
1127;9,897;2,63693765968211
1128;9,902;2,24391064787278
1129;9,906;1,90120929759982
1130;9,911;1,70318760940936
1131;9,915;1,54533119682996
1132;9,920;1,23893205876937
1133;9,924;1,28608259970408
1134;9,928;1,11023383704858
1135;9,933;1,00825954705846
1136;9,937;0,906126501038265
1137;9,942;0,806745226206175
1138;9,946;0,825795949816161
1139;9,951;0,717736012006189
1140;9,955;0,606183441534388
1141;9,960;0,629679333986703
1142;9,964;0,558344957802647
1143;9,968;0,536595381681248
1144;9,973;0,430440516232275
1145;9,977;0,504473744927745
1146;9,982;0,4122364914494
1147;9,986;0,417105009705285
1148;9,991;0,356036856799944
1149;9,995;0,281262766630753
1150;10,000;0,299413872736933
1151;10,004;0,35683063695036
1152;10,008;0,25178706371197
1153;10,013;0,250781608854776
1154;10,017;0,276870516465117
1155;10,022;0,33158842816713
1156;10,026;0,280045637066781
1157;10,031;0,299731384797099
1158;10,035;0,295550809338241
1159;10,040;0,318411677670224
1160;10,044;0,339632067024679
1161;10,048;0,350427477070337
1162;10,053;0,330318379926464
1163;10,057;0,340161253791623
1164;10,062;0,386729689282698
1165;10,066;0,381861171026813
1166;10,071;0,314919045008393
1167;10,075;0,297032532285685
1168;10,080;0,357042311657138
1169;10,084;0,289359324164996
1170;10,088;0,386782607959392
1171;10,093;0,330212542573075
1172;10,097;0,333705175234906
1173;10,102;0,353285085611835
1174;10,106;0,316506605309225
1175;10,111;0,422291040021337
1176;10,115;0,571786301683026
1177;10,119;0,807539006356591
1178;10,124;1,4248353699968
1179;10,128;2,37969997227061
1180;10,133;3,85607813336777
1181;10,137;5,70061152822788
1182;10,142;8,41158241660546
1183;10,146;11,247229707275
1184;10,151;14,6297386029046
1185;10,155;18,0781312510187
1186;10,159;21,7975204424848
1187;10,164;24,4139256556095
1188;10,168;25,9091957842865
1189;10,173;27,4797691898997
1190;10,177;27,9096276006884
1191;10,182;27,4074293588585
1192;10,186;26,5627943601391
1193;10,191;25,1782830217834
1194;10,195;23,4982737927662
1195;10,199;21,5991812422342
1196;10,204;19,5220173446255
1197;10,208;17,5657726232635
1198;10,213;15,2691549734031
1199;10,217;13,464098911357
1200;10,222;11,3837598931466
1201;10,226;9,59092804541693
1202;10,231;8,09999724822881
1203;10,235;6,89583276004767
1204;10,239;5,64234806518734
1205;10,244;4,64700067524231
1206;10,248;3,85618397072115
1207;10,253;3,25952589099176
1208;10,257;2,82543398606757
1209;10,262;2,26809448312212
1210;10,266;1,8730036429217
1211;10,271;1,66953133103172
1212;10,275;1,47701318521749
1213;10,279;1,28036738262108
1214;10,284;1,07620712793408
1215;10,288;0,949149385190814
1216;10,293;0,880513861518173
1217;10,297;0,847915956674421
1218;10,302;0,704082993419033
1219;10,306;0,680692938320107
1220;10,310;0,614279999068631
1221;10,315;0,576231470525356
1222;10,319;0,483306274249984
1223;10,324;0,487910199122397
1224;10,328;0,448750378368538
1225;10,333;0,408849696140958
1226;10,337;0,407844241283765
1227;10,342;0,42954089872847
1228;10,346;0,397419261974967
1229;10,350;0,311532249699951
1230;10,355;0,300683920977598
1231;10,359;0,273430802479981
1232;10,364;0,31825292164014
1233;10,368;0,311902680436812
1234;10,373;0,224639782567741
1235;10,377;0,247500650899723
1236;10,382;0,296185833458574
1237;10,386;0,20035010996501
1238;10,390;0,132349610412702
1239;10,395;0,174049527647892
1240;10,399;0,187014603438021
1241;10,404;0,227338635079156
1242;10,408;0,162036988038262
1243;10,413;0,179341395317332
1244;10,417;0,150553635195577
1245;10,422;0,174314121031364
1246;10,426;0,165212108639927
1247;10,430;0,172567804700449
1248;10,435;0,221729255349549
1249;10,439;0,246865626779391
1250;10,444;0,161137370534457
1251;10,448;0,195375754355736
1252;10,453;0,112346350622218
1253;10,457;0,182146085182136
1254;10,462;0,152723300940047
1255;10,466;0,201038052762037
1256;10,470;0,171932780580116
1257;10,475;0,157591819195932
1258;10,479;0,128645303044094
1259;10,484;0,155527990804851
1260;10,488;0,144467987375721
1261;10,493;0,195111160972264
1262;10,497;0,160237753030653
1263;10,501;0,165635458053482
1264;10,506;0,146108466353247
1265;10,510;0,105784434712112
1266;10,515;0,107901181779888
1267;10,519;0,177330485602945
1268;10,524;0,109118311343859
1269;10,528;0,12896281510426
1270;10,533;0,124729320968708
1271;10,537;0,145103011496053
1272;10,541;0,156639283015433
1273;10,546;0,133037553209729
1274;10,550;0,102080127343504
1275;10,555;0,111446733118413
1276;10,559;0,0878450033127092
1277;10,564;0,081388924755992
1278;10,568;0,0896442383203189
1279;10,573;0,0912847172978454
1280;10,577;0,0992754374787002
1281;10,581;0,122718411254321
1282;10,586;0,0969470157041465
1283;10,590;0,10864204325361
1284;10,595;0,111764245178579
1285;10,599;0,129544920547899
1286;10,604;0,0854107441847666
1287;10,608;0,144415068699026
1288;10,613;0,12547018244243
1289;10,617;0,159338135526848
1290;10,621;0,0700643279433897
1291;10,626;0,152088276819715
1292;10,630;0,0708051894171114
1293;10,635;0,128274872307233
1294;10,639;0,0703289213268617
1295;10,644;0,0798542831318543
1296;10,648;0,152141195496409
1297;10,653;0,0897500756737077
1298;10,657;0,152882056970131
1299;10,661;0,121712956397127
1300;10,666;0,090967205237679
1301;10,670;0,138064827495698
1302;10,675;0,12150128169035
1303;10,679;0,11922577859249
1304;10,684;0,102080127343504
1305;10,688;0,120231233449684
1306;10,692;0,189819293302824
1307;10,697;0,120178314772989
1308;10,701;0,148278132097718
1309;10,706;0,112028838562051
1310;10,710;0,0942481631927319
1311;10,715;0,0951477806965368
1312;10,719;0,0706993520637226
1313;10,724;0,13653018587156
1314;10,728;0,120654582863239
1315;10,732;0,101762615283337
1316;10,737;0,131132480848731
1317;10,741;0,0934543830423159
1318;10,746;0,197545420100207
1319;10,750;0,225751074778324
1320;10,755;0,36619724272527
1321;10,759;0,587661904691347
1322;10,764;1,11780120781588
1323;10,768;1,95137620310611
1324;10,772;3,26539986410484
1325;10,777;4,96281933775451
1326;10,781;7,24525478226081
1327;10,786;10,0007831964151
1328;10,790;13,0890113309471
1329;10,795;16,7425696886053
1330;10,799;19,9697622681368
1331;10,804;23,2728931487248
1332;10,808;25,2480298376667
1333;10,812;26,9113167648485
1334;10,817;28,0824070800956
1335;10,821;27,8224705401727
1336;10,826;27,3473666608103
1337;10,830;25,5043679075744
1338;10,835;23,6762922211662
1339;10,839;21,8018597739737
1340;10,844;19,6505568103162
1341;10,848;17,0290714042288
1342;10,852;14,8353805805391
1343;10,857;12,6931267105962
1344;10,861;10,9399838703873
1345;10,866;9,22436037195479
1346;10,870;7,44735120855674
1347;10,875;6,51651168550219
1348;10,879;5,21174879292499
1349;10,884;4,33340459715128
1350;10,888;3,58423489118862
1351;10,892;2,94783488526173
1352;10,897;2,36086092336741
1353;10,901;2,13357520696494
1354;10,906;1,85913894962777
1355;10,910;1,6054468135548
1356;10,915;1,3331802219621
1357;10,919;1,14272590453894
1358;10,923;1,02175380961554
1359;10,928;1,0268340025782
1360;10,932;0,782825984340305
1361;10,937;0,735516687375509
1362;10,941;0,681116287733663
1363;10,946;0,575067259638079
1364;10,950;0,546279499516323
1365;10,955;0,527228775906338
1366;10,959;0,445416501736791
1367;10,963;0,390063565914445
1368;10,968;0,327725364768438
1369;10,972;0,364609682424437
1370;10,977;0,361434561822773
1371;10,981;0,321480960918499
1372;10,986;0,265651757005904
1373;10,990;0,266128025096153
1374;10,995;0,23363595760579
1375;10,999;0,300260571564043
1376;11,003;0,208975854266198
1377;11,008;0,230619593034209
1378;11,012;0,206488676461561
1379;11,017;0,209293366326364
1380;11,021;0,161560719948013
1381;11,026;0,160608183767513
1382;11,030;0,152564544909964
1383;11,035;0,21765451724408
1384;11,039;0,138382339555864
1385;11,043;0,136636023224949
1386;11,048;0,208393748822559
1387;11,052;0,172832398083921
1388;11,057;0,15827976199296
1389;11,061;0,143039183104972
1390;11,066;0,137429803375365
1391;11,070;0,10419687441128
1392;11,075;0,0967353409973689
1393;11,079;0,147378514593913
1394;11,083;0,129703676577982
1395;11,088;0,184633262986772
1396;11,092;0,118484917118769
1397;11,097;0,152247032849798
1398;11,101;0,091496392004623
1399;11,106;0,0774200240039117
1400;11,110;0,161613638624707
1401;11,114;0,0904380184707349
1402;11,119;0,110917546351469
1403;11,123;0,159655647587014
1404;11,128;0,269779413788067
1405;11,132;0,474045505828463
1406;11,137;0,935231773220186
1407;11,141;1,78574074505263
1408;11,146;3,20269123222197
1409;11,150;5,54164382343789
1410;11,154;8,53387747844622
1411;11,159;12,7665778338481
1412;11,163;18,1259697347504
1413;11,168;24,5733696284897
1414;11,172;31,990663028684
1415;11,177;39,3967905880958
1416;11,181;47,1719729987744
1417;11,186;54,1491417649014
1418;11,190;59,3608376391497
1419;11,194;62,6408959766989
1420;11,199;64,7108629342771
1421;11,203;65,6674209342052
1422;11,208;64,4198631311346
1423;11,212;61,2743769884193
1424;11,217;55,9250925547655
1425;11,221;50,494736708416
1426;11,226;43,8601634552086
1427;11,230;37,675504791257
1428;11,234;31,9761103925931
1429;11,239;26,5077589363769
1430;11,243;21,7221113281953
1431;11,248;17,6120235466944
1432;11,252;14,5326857498471
1433;11,257;11,8333569703423
1434;11,261;9,59172182556734
1435;11,266;7,99908133177259
1436;11,270;6,69553556875935
1437;11,274;5,5368811425354
1438;11,279;4,6745183871234
1439;11,283;3,980542860953
1440;11,288;3,43849685557223
1441;11,292;2,95164502998372
1442;11,297;2,73171500964178
1443;11,301;2,36403604396907
1444;11,305;2,15490143367279
1445;11,310;1,85458794343205
1446;11,314;1,79013299521827
1447;11,319;1,61010365710391
1448;11,323;1,41853804747017
1449;11,328;1,27803896084653
1450;11,332;1,1194946054701
1451;11,337;1,09097143873181
1452;11,341;0,994341935087835
1453;11,345;0,978889681493069
1454;11,350;0,850350215802364
1455;11,354;0,87146476780343
1456;11,359;0,702442514441507
1457;11,363;0,686672748786575
1458;11,368;0,59840439606031
1459;11,372;0,661642214710122
1460;11,377;0,640527662709055
1461;11,381;0,559720843396702
1462;11,385;0,553741032930234
1463;11,390;0,479284454821209
1464;11,394;0,574696828901218
1465;11,399;0,524529923394924
1466;11,403;0,44996750793251
1467;11,408;0,424407787089113
1468;11,412;0,428852955931443
1469;11,417;0,443405592022404
1470;11,421;0,343495130423371
1471;11,425;0,308621722481759
1472;11,430;0,330794648016714
1473;11,434;0,326561153881162
1474;11,439;0,329683355806131
1475;11,443;0,315024882361782
1476;11,448;0,232842177455374
1477;11,452;0,336668621129793
1478;11,457;0,273272046449898
1479;11,461;0,258507735652159
1480;11,465;0,238610313215064
1481;11,470;0,276923435141812
1482;11,474;0,304705740406373
1483;11,479;0,296715020225518
1484;11,483;0,199291736431122
1485;11,488;0,23136045450793
1486;11,492;0,203101881153119
1487;11,496;0,205959489694617
1488;11,501;0,228079496552877
1489;11,505;0,253427542689497
1490;11,510;0,369001932590073
1491;11,514;0,574061804780885
1492;11,519;1,01746739680329
1493;11,523;1,43615996680941
1494;11,528;2,57904462737843
1495;11,532;3,90407537312959
1496;11,536;6,10787366406801
1497;11,541;8,64251952169983
1498;11,545;12,1224517011238
1499;11,550;15,8778255927421
1500;11,554;19,7869282401577
1501;11,559;23,6643326002333
1502;11,563;26,8150047732646
1503;11,568;29,5621191178245
1504;11,572;30,9213882473969
1505;11,576;31,4382449626712
1506;11,581;30,5283612355876
1507;11,585;29,1336365926299
1508;11,590;27,4180660128741
1509;11,594;24,5459048352853
1510;11,599;21,9671777199671
1511;11,603;19,1810623106834
1512;11,608;16,3896021150537
1513;11,612;14,0796489586663
1514;11,616;11,8304464431241
1515;11,621;9,86584057084435
1516;11,625;7,98119481904988
1517;11,630;6,63594913880146
1518;11,634;5,27265818980024
1519;11,639;4,45263037574377
1520;11,643;3,70271980830739
1521;11,648;3,14575073609879
1522;11,652;2,66265613655559
1523;11,656;2,26745945900178
1524;11,661;1,91682030722467
1525;11,665;1,70964368796608
1526;11,670;1,36487850930205
1527;11,674;1,2310471759419
1528;11,679;1,04863649737629
1529;11,683;1,07049191085108
1530;11,688;0,924859712588083
1531;11,692;0,86484993321663
1532;11,696;0,864585339833158
1533;11,701;0,928405263926608
1534;11,705;1,03752357527047
1535;11,710;1,50013864693294
1536;11,714;2,14013712287505
1537;11,719;3,52094415386211
1538;11,723;5,41892541218357
1539;11,727;8,41999648619987
1540;11,732;12,3830761838437
1541;11,736;17,5985292841373
1542;11,741;23,7316980756652
1543;11,745;30,6880698018513
1544;11,750;38,1704002557031
1545;11,754;45,6653782732848
1546;11,759;52,1951725466372
1547;11,763;57,4377200093984
1548;11,767;61,0341791149034
1549;11,772;62,3987401121453
1550;11,776;61,91167661185
1551;11,781;59,9307717871484
1552;11,785;56,0967078232855
1553;11,790;50,4360498959619
1554;11,794;44,7403598046666
1555;11,799;38,2825878502952
1556;11,803;32,4477216392936
1557;11,807;27,1255315681074
1558;11,812;22,0633838741975
1559;11,816;18,1696276430233
1560;11,821;15,3520785397832
1561;11,825;12,3381482273302
1562;11,830;10,1098485890822
1563;11,834;8,50466636891091
1564;11,839;7,03035203620484
1565;11,843;5,93959227217981
1566;11,847;5,07103803159457
1567;11,852;4,25990055522276
1568;11,856;3,76008365384412
1569;11,861;3,29175336509865
1570;11,865;2,80791790408172
1571;11,870;2,53840308367713
1572;11,874;2,27195754652081
1573;11,879;1,99561621682264
1574;11,883;1,77362236808961
1575;11,887;1,71345383268808
1576;11,892;1,57157886047038
1577;11,896;1,49172457733853
1578;11,901;1,33238644181168
1579;11,905;1,23803244126556
1580;11,910;1,20681042201586
1581;11,914;1,12113508444762
1582;11,918;1,1261094400569
1583;11,923;0,929939905550746
1584;11,927;0,868924671322099
1585;11,932;0,881783909758839
1586;11,936;0,789176225543634
1587;11,941;0,67555982668075
1588;11,945;0,720646539224382
1589;11,950;0,626662969415122
1590;11,954;0,623964116903707
1591;11,958;0,686196480696325
1592;11,963;0,560461704870423
1593;11,967;0,419962618246783
1594;11,972;0,528234230763532
1595;11,976;0,468700719482328
1596;11,981;0,401388162727048
1597;11,985;0,420756398397199
1598;11,990;0,440018796713962
1599;11,994;0,363551308890549
1600;11,998;0,343759723806843
1601;12,003;0,35910614004822
1602;12,007;0,285019992676055
1603;12,012;0,326561153881162
1604;12,016;0,318517515023612
1605;12,021;0,247024382809474
1606;12,025;0,304917415113151
1607;12,030;0,27306037174312
1608;12,034;0,270731949968566
1609;12,038;0,273272046449898
1610;12,043;0,243690506177726
1611;12,047;0,181669817091886
1612;12,052;0,207652887348838
1613;12,056;0,222523035499965
1614;12,061;0,216014038266553
1615;12,065;0,185744555197355
1616;12,070;0,170451057632672
1617;12,074;0,177012973542778
1618;12,078;0,220406288432189
1619;12,083;0,185268287107105
1620;12,087;0,126052287886068
1621;12,092;0,16441832848951
1622;12,096;0,133937170713534
1623;12,101;0,124940995675486
1624;12,105;0,173361584850865
1625;12,109;0,173044072790698
1626;12,114;0,137165209991893
1627;12,118;0,108007019133277
1628;12,123;0,161190289211152
1629;12,127;0,127586929510206
1630;12,132;0,168545985271674
1631;12,136;0,308198373068204
1632;12,141;0,438854585826685
1633;12,145;0,856753375682386
1634;12,149;1,31539954659278
1635;12,154;2,34339776005825
1636;12,158;3,69965052505911
1637;12,163;5,73876589412455
1638;12,167;8,43497247170438
1639;12,172;11,8293351509135
1640;12,176;15,2737588982755
1641;12,181;19,0719439993396
1642;12,185;22,419314893644
1643;12,189;25,8973949193837
1644;12,194;28,108654743736
1645;12,198;29,4371252034723
1646;12,203;29,7232035696823
1647;12,207;28,7667514071076
1648;12,212;27,0303837874109
1649;12,216;24,559293260489
1650;12,221;22,0513184159112
1651;12,225;19,140262010952
1652;12,229;16,5927569148835
1653;12,234;13,8865487074084
1654;12,238;11,3221625534743
1655;12,243;9,48477317996795
1656;12,247;7,82429094265097
1657;12,252;6,40210150648889
1658;12,256;5,3534650091126
1659;12,261;4,46353162314282
1660;12,265;3,71875416734579
1661;12,269;3,10325703871319
1662;12,274;2,5443828941436
1663;12,278;2,20072900769014
1664;12,283;1,96619343258055
1665;12,287;1,69900703395051
1666;12,292;1,45552820247956
1667;12,296;1,25882948120646
1668;12,300;1,11039259307866
1669;12,305;0,98767418182434
1670;12,309;1,01392184546476
1671;12,314;0,783408089783944
1672;12,318;0,755784540549465
1673;12,323;0,755678703196076
1674;12,327;0,660689678529623
1675;12,332;0,521989826913592
1676;12,336;0,517544658071262
1677;12,340;0,548078734523933
1678;12,345;0,507595946852715
1679;12,349;0,43483276639791
1680;12,354;0,436737838758909
1681;12,358;0,402234861554158
1682;12,363;0,39673131917794
1683;12,367;0,370959923627766
1684;12,372;0,334446036708628
1685;12,376;0,349157428829672
1686;12,380;0,313119810000783
1687;12,385;0,33603359700946
1688;12,389;0,291952339323022
1689;12,394;0,229878731560487
1690;12,398;0,227021123018989
1691;12,403;0,271843242179149
1692;12,407;0,282215302811252
1693;12,412;0,215061502086054
1694;12,416;0,271366974088899
1695;12,420;0,251681226358581
1696;12,425;0,253162949306025
1697;12,429;0,286237122240026
1698;12,434;0,27221367291601
1699;12,438;0,20431901071709
1700;12,443;0,270731949968566
1701;12,447;0,275018362780813
1702;12,452;0,17378493426442
1703;12,456;0,195640347739208
1704;12,460;0,163730385692483
1705;12,465;0,134572194833867
1706;12,469;0,122506736547543
1707;12,474;0,144838418112581
1708;12,478;0,165952970113648
1709;12,483;0,186485416671077
1710;12,487;0,141610378834223
1711;12,491;0,173044072790698
1712;12,496;0,169604358805562
1713;12,500;0,123247598021265
1714;12,505;0,13473095086395
1715;12,509;0,177806753693194
1716;12,514;0,199556329814594
1717;12,518;0,115362715193799
1718;12,523;0,102291802050281
1719;12,527;0,158226843316265
1720;12,531;0,140022818533391
1721;12,536;0,16981603351234
1722;12,540;0,147325595917218
1723;12,545;0,14542052355622
1724;12,549;0,154310861240879
1725;12,554;0,142509996338028
1726;12,558;0,0708051894171114
1727;12,563;0,105361085298557
1728;12,567;0,128327790983928
1729;12,571;0,10287390749392
1730;12,576;0,0888504581699028
1731;12,580;0,0958886421702584
1732;12,585;0,230778349064292
1733;12,589;0,344976853370814
1734;12,594;0,617455119670296
1735;12,598;1,09684541184489
1736;12,603;1,92544605152586
1737;12,607;3,12225484364648
1738;12,611;4,85835786995976
1739;12,616;7,07120525461292
1740;12,620;10,0991060977133
1741;12,625;12,9211003697957
1742;12,629;17,1887799704925
1743;12,634;20,4160254687007
1744;12,638;23,6770860013166
1745;12,643;26,2998943743213
1746;12,647;27,5744936211827
1747;12,651;28,355414533162
1748;12,656;28,1755439510777
1749;12,660;27,2259712164734
1750;12,665;24,8544207204137
1751;12,669;22,7811728048804
1752;12,674;19,7967181953461
1753;12,678;16,9944625896707
1754;12,683;14,4433061049102
1755;12,687;11,9329499198811
1756;12,691;9,57896842448399
1757;12,696;7,89811249663966
1758;12,700;6,46364592748448
1759;12,705;5,34716768658596
1760;12,709;4,4126767748395
1761;12,714;3,71684909498479
1762;12,718;3,09262038469761
1763;12,722;2,40896400048262
1764;12,727;2,10219443168516
1765;12,731;1,90914709910398
1766;12,736;1,67746913253588
1767;12,740;1,38842732043105
1768;12,745;1,29989437432132
1769;12,749;1,16775643861539
1770;12,754;1,02847448155572
1771;12,758;0,899987934541714
1772;12,762;0,810502452251478
1773;12,767;0,734669988548398
1774;12,771;0,701913327674563
1775;12,776;0,670162121657921
1776;12,780;0,612904113474577
1777;12,785;0,627933017655787
1778;12,789;0,495107139152835
1779;12,794;0,512411546431905
1780;12,798;0,420280130306949
1781;12,802;0,463038421076027
1782;12,807;0,444834396293153
1783;12,811;0,398848066245716
1784;12,816;0,408585102757486
1785;12,820;0,393344523869498
1786;12,825;0,344659341310647
1787;12,829;0,374928824379846
1788;12,834;0,338309100107319
1789;12,838;0,34397139851362
1790;12,842;0,307404592917788
1791;12,847;0,274595013367258
1792;12,851;0,239351174688785
1793;12,856;0,189237187859186
1794;12,860;0,251945819742053
1795;12,865;0,255914720494133
1796;12,869;0,215908200913165
1797;12,874;0,175848762655502
1798;12,878;0,16537086467001
1799;12,882;0,155792584188323
1800;12,887;0,167646367767869
1801;12,891;0,164312491136122
1802;12,896;0,17643086809914
1803;12,900;0,18749087152827
1804;12,905;0,148595644157884
1805;12,909;0,157538900519238
1806;12,913;0,153464162413769
1807;12,918;0,165900051436954
1808;12,922;0,184527425633384
1809;12,927;0,133725496006757
1810;12,931;0,147431433270607
1811;12,936;0,159073542143376
1812;12,940;0,139229038382975
1813;12,945;0,12150128169035
1814;12,949;0,133513821299979
1815;12,953;0,0880566780194868
1816;12,958;0,139123201029586
1817;12,962;0,156268852278572
1818;12,967;0,0945656752528984
1819;12,971;0,119014103885713
1820;12,976;0,117955730351825
1821;12,980;0,124623483615319
1822;12,985;0,105414003975251
1823;12,989;0,125046833028875
1824;12,993;0,0462509234309083
1825;12,998;0,108271612516749
1826;13,002;0,0608035595218692
1827;13,007;0,109647498110803
1828;13,011;0,143303776488444
1829;13,016;0,0554587731757345
1830;13,020;0,116738600787853
1831;13,025;0,0981641452681178
1832;13,029;0,0842465332974898
1833;13,033;0,0784783975377998
1834;13,038;0,133460902623285
1835;13,042;0,119437453299268
1836;13,047;0,0838231838839345
1837;13,051;0,0908613678842901
1838;13,056;0,108430368546832
1839;13,060;0,0717048069209162
1840;13,065;0,0772083492971341
1841;13,069;0,0810184940191312
1842;13,073;0,0767849998835789
1843;13,078;0,0455629806338811
1844;13,082;0,0989050067418394
1845;13,087;0,0587926498074819
1846;13,091;0,0754620329662188
1847;13,096;0,0966824223206745
1848;13,100;0,0681592555823912
1849;13,104;0,0718635629509994
1850;13,109;0,0695351411764457
1851;13,113;0,0870512231622931
1852;13,118;0,0723927497179435
1853;13,122;0,0924489281851222
1854;13,127;0,0963649102605081
1855;13,131;0,0819710301996304
1856;13,136;0,110070847524358
1857;13,140;0,104673142501529
1858;13,144;0,0620206890858404
1859;13,149;0
1860;13,153;0,0822356235831024
1861;13,158;0,127216498773345
1862;13,162;0,0715989695675274
1863;13,167;0,111076302381552
1864;13,171;0,0470976222580188
1865;13,176;0,0322803927835859
1866;13,180;0,0311691005730034
1867;13,184;0,0727102617781099
1868;13,189;0,0462509234309083
1869;13,193;0,08112433137252
1870;13,198;0,0400065195809687
1871;13,202;0,0402181942877464
1872;13,207;0,0621794451159237
1873;13,211;0,0583163817172322
1874;13,216;0,0976878771778681
1875;13,220;0,112769700035773
1876;13,224;0,233530120252401
1877;13,229;0,544056915095158
1878;13,233;0,921737510663113
1879;13,238;1,54945885361212
1880;13,242;2,84818901704616
1881;13,247;4,62948459325647
1882;13,251;7,19387074719055
1883;13,256;10,7835562620787
1884;13,260;15,3040283813447
1885;13,264;21,0243785759796
1886;13,269;27,7895022045921
1887;13,273;35,31543764804
1888;13,278;43,6873839758014
1889;13,282;52,1273837217917
1890;13,287;60,7476244806032
1891;13,291;68,8481509155989
1892;13,295;75,615073779219
1893;13,300;83,6187061171874
1894;13,304;90,4805650867972
1895;13,309;95,3061133772064
1896;13,313;95,2105951657731
1897;13,318;92,5799019099409
1898;13,322;88,0540850043288
1899;13,327;79,9968989655457
1900;13,331;71,4995882926953
1901;13,335;61,1781179155122
1902;13,340;50,5636897441488
1903;13,344;41,1497217535979
1904;13,349;33,068616472949
1905;13,353;26,7627211206906
1906;13,358;21,5690175965184
1907;13,362;17,557887740436
1908;13,367;14,3666798610567
1909;13,371;11,9897845786509
1910;13,375;9,92410403388489
1911;13,380;8,47841870527049
1912;13,384;7,30695795928649
1913;13,389;6,20169847784718
1914;13,393;5,61969887156214
1915;13,398;4,76119917954884
1916;13,402;4,33504507612881
1917;13,407;3,81760625541094
1918;13,411;3,59122015651228
1919;13,415;3,07346382373424
1920;13,420;2,87157907214509
1921;13,424;2,48215053035098
1922;13,429;2,27343926946825
1923;13,433;2,11161395613677
1924;13,438;2,13510984858908
1925;13,442;1,8815764685462
1926;13,447;1,70969660664278
1927;13,451;1,55565033878537
1928;13,455;1,52712717204708
1929;13,460;1,40419708608599
1930;13,464;1,30613877817126
1931;13,469;1,2943908319451
1932;13,473;1,17352457437508
1933;13,478;1,21062056673786
1934;13,482;1,14563643175713
1935;13,486;1,12711489491409
1936;13,491;1,05075324444407
1937;13,495;1,17183117672086
1938;13,500;1,22993588373132
1939;13,504;1,08567957106237
1940;13,509;1,16537509816415
1941;13,513;1,11261517749983
1942;13,518;1,13600523259875
1943;13,522;1,08742588739329
1944;13,526;1,08372158002468
1945;13,531;0,980424323117207
1946;13,535;0,900622958662047
1947;13,540;0,889615873909611
1948;13,544;0,813201304762893
1949;13,549;0,754091142895244
1950;13,553;0,668098293266839
1951;13,558;0,654339437326295
1952;13,562;0,623593686166846
1953;13,566;0,615814640692769
1954;13,571;0,512094034371739
1955;13,575;0,5124644651086
1956;13,580;0,441024251571156
1957;13,584;0,47605641554285
1958;13,589;0,456846935902782
1959;13,593;0,405727494215989
1960;13,598;0,398160123448689
1961;13,602;0,338414937460708
1962;13,606;0,308833397188537
1963;13,611;0,370589492890905
1964;13,615;0,363445471537161
1965;13,620;0,315659906482115
1966;13,624;0,44684530600754
1967;13,629;0,571945057713109
1968;13,633;0,772348086354813
1969;13,638;1,06863975716678
1970;13,642;1,71070206149997
1971;13,646;2,75743348651526
1972;13,651;4,34356498307661
1973;13,655;6,22281302984825
1974;13,660;8,92970918012036
1975;13,664;11,7855184866105
1976;13,669;15,1134682265681
1977;13,673;18,2544033630877
1978;13,678;20,9736824837063
1979;13,682;23,757892820629
1980;13,686;25,6994261498699
1981;13,691;26,1325655186136
1982;13,695;25,7831964150772
1983;13,700;24,2182853078703
1984;13,704;22,5432504344623
1985;13,709;20,3988798174517
1986;13,713;17,7288679848356
1987;13,717;14,8505153220737
1988;13,722;12,4718208046602
1989;13,726;10,3541212007036
1990;13,731;8,54652504217619
1991;13,735;6,96335699150973
1992;13,740;5,81428084576746
1993;13,744;4,71367820787726
1994;13,749;3,92661872940141
1995;13,753;3,22195363053873
1996;13,757;2,78929052988529
1997;13,762;2,46897377985407
1998;13,766;1,95349295017389
1999;13,771;1,85178325356725
2000;13,775;1,60946863298358
2001;13,780;1,32995218268374
2002;13,784;1,22813664872371
2003;13,789;1,18326161088685
2004;13,793;1,09991469509317
2005;13,797;0,910677507233983
2006;13,802;0,867813379111517
2007;13,806;0,723557066442574
2008;13,811;0,803940536341372
2009;13,815;0,823679202748384
2010;13,820;0,886070322571086
2011;13,824;1,00175054982505
2012;13,829;1,26348632475557
2013;13,833;1,74922685813349
2014;13,837;2,69832332464761
2015;13,842;4,27529989014083
2016;13,846;6,25678682028606
2017;13,851;9,04110299456208
2018;13,855;12,3863571417988
2019;13,860;16,699864316513
2020;13,864;21,0401483416345
2021;13,869;25,6426444097768
2022;13,873;29,8959830490895
2023;13,877;32,9352614076791
2024;13,882;35,5389661383972
2025;13,886;36,4148760750429
2026;13,891;35,5834707454972
2027;13,895;32,9818827618469
2028;13,900;29,964301060702
2029;13,904;26,3919199530929
2030;13,908;22,5451555068233
2031;13,913;19,3202384303897
2032;13,917;15,889785213675
2033;13,922;12,8462204422731
2034;13,926;10,6083954422202
2035;13,931;8,85625805686853
2036;13,935;7,17741303873859
2037;13,940;5,94297906748825
2038;13,944;5,15560207695222
2039;13,948;4,26550993495236
2040;13,953;3,63498390213855
2041;13,957;3,29170044642196
2042;13,962;2,69811164994084
2043;13,966;2,35376982069036
2044;13,971;2,15812947295115
2045;13,975;1,83469052099496
2046;13,980;1,70916741987583
2047;13,984;1,55602076952223
2048;13,988;1,40758388139443
2049;13,993;1,30058231711835
2050;13,997;1,27205915038006
2051;14,002;1,08017602868616
2052;14,006;1,09541660757414
2053;14,011;0,937295601611268
2054;14,015;0,862574430118771
2055;14,020;0,831987434989406
2056;14,024;0,737315922383119
2057;14,028;0,714719647434608
2058;14,033;0,6684687240037
2059;14,037;0,584328028059599
2060;14,042;0,525006191485173
2061;14,046;0,672014275342225
2062;14,051;0,552259309982791
2063;14,055;0,584169272029516
2064;14,060;0,527652125319893
2065;14,064;0,465366842850581
2066;14,068;0,505690874491716
2067;14,073;0,494525033709197
2068;14,077;0,450020426609204
2069;14,082;0,395461270937274
2070;14,086;0,428641281224665
2071;14,091;0,368737339206601
2072;14,095;0,342754268949649
2073;14,099;0,378474375718371
2074;14,104;0,243902180884504
2075;14,108;0,305922869970344
2076;14,113;0,313278566030866
2077;14,117;0,252580843862386
2078;14,122;0,326084885790912
2079;14,126;0,266604293186403
2080;14,131;0,295974158751797
2081;14,135;0,226597773605434
2082;14,139;0,285707935473082
2083;14,144;0,262529555080934
2084;14,148;0,226174424191879
2085;14,153;0,296662101548824
2086;14,157;0,260518645366547
2087;14,162;0,18304570268594
2088;14,166;0,212521405604723
2089;14,171;0,262159124344073
2090;14,175;0,241626677786645
2091;14,179;0,215696526206387
2092;14,184;0,239245337335396
2093;14,188;0,191195178896878
2094;14,193;0,177965509723278
2095;14,197;0,217495761213997
2096;14,202;0,186009148580827
2097;14,206;0,176642542805918
2098;14,211;0,18484493769355
2099;14,215;0,184686181663467
2100;14,219;0,199556329814594
2101;14,224;0,242208783230283
2102;14,228;0,163942060399261
2103;14,233;0,118590754472157
2104;14,237;0,181511061061803
2105;14,242;0,177700916339806
2106;14,246;0,142086646924472
2107;14,251;0,1427745897215
2108;14,255;0,176483786775834
2109;14,259;0,11478060975016
2110;14,264;0,155792584188323
2111;14,268;0,0900675877338741
2112;14,273;0,183151540039329
2113;14,277;0,122771329931015
2114;14,282;0,150871147255743
2115;14,286;0,144838418112581
2116;14,290;0,133778414683451
2117;14,295;0,126846068036484
2118;14,299;0,184580344310078
2119;14,304;0,207758724702227
2120;14,308;0,352967573551669
2121;14,313;0,59935693224081
2122;14,317;0,939200673972266
2123;14,322;1,64222529385741
2124;14,326;2,55247945167784
2125;14,330;4,18883077242217
2126;14,335;6,59969984526579
2127;14,339;9,47138475476427
2128;14,344;13,074299938826
2129;14,348;17,8768815235499
2130;14,353;22,7092563232527
2131;14,357;28,0731463116741
2132;14,362;33,0751254701824
2133;14,366;37,1236159120111
2134;14,370;40,2714833951776
2135;14,375;41,1324173463189
2136;14,379;40,63212417685
2137;14,384;38,1313991909793
2138;14,388;34,0456540007578
2139;14,393;30,1424253264553
2140;14,397;24,9131075328678
2141;14,402;20,9695019082475
2142;14,406;16,7485494990718
2143;14,410;13,4548381429355
2144;14,415;11,17399025873
2145;14,419;9,25812248768582
2146;14,424;7,48666978534068
2147;14,428;6,2166744633517
2148;14,433;5,32938701121664
2149;14,437;4,62996086134672
2150;14,442;3,88094991141414
2151;14,446;3,27296723487214
2152;14,450;2,9802211153987
2153;14,455;2,57280022352849
2154;14,459;2,34096350093031
2155;14,464;2,07229537935283
2156;14,468;1,93867572069946
2157;14,473;1,72340254390663
2158;14,477;1,56438192043994
2159;14,482;1,38302961540823
2160;14,486;1,33804874021798
2161;14,490;1,24178966731086
2162;14,495;1,12166427121457
2163;14,499;1,08853717960387
2164;14,504;0,961056087447055
2165;14,508;0,955076276980587
2166;14,513;0,792827614235547
2167;14,517;0,804787235168482
2168;14,521;0,790393355107605
2169;14,526;0,748005495075388
2170;14,530;0,778751246234836
2171;14,535;0,728213909991681
2172;14,539;0,651534747461491
2173;14,544;0,690853324245433
2174;14,548;0,637828810197641
2175;14,553;0,660478003822845
2176;14,557;0,52304820044748
2177;14,561;0,592212910887065
2178;14,566;0,549666294824765
2179;14,570;0,520666859996232
2180;14,575;0,407262135840126
2181;14,579;0,47605641554285
2182;14,584;0,460868755331557
2183;14,588;0,443140998638932
2184;14,593;0,403240316411352
2185;14,597;0,403134479057963
2186;14,601;0,353549678995307
2187;14,606;0,342172163506011
2188;14,610;0,338467856137402
2189;14,615;0,337621157310292
2190;14,619;0,357042311657138
2191;14,624;0,282585733548113
2192;14,628;0,285760854149777
2193;14,633;0,271049462028733
2194;14,637;0,260730320073324
2195;14,641;0,311214737639785
2196;14,646;0,273324965126592
2197;14,650;0,307457511594482
2198;14,655;0,236228972763815
2199;14,659;0,313278566030866
2200;14,664;0,297826312436101
2201;14,668;0,239562849395563
2202;14,673;0,252792518569164
2203;14,677;0,233371364222318
2204;14,681;0,24554265986203
2205;14,686;0,265863431712681
2206;14,690;0,235752704673566
2207;14,695;0,183574889452884
2208;14,699;0,180611443557998
2209;14,704;0,238980743951924
2210;14,708;0,290893965789134
2211;14,712;0,293592818300548
2212;14,717;0,431975157856413
2213;14,721;0,630949382227368
2214;14,726;1,13320054273395
2215;14,730;1,72964694775657
2216;14,735;2,77531999923797
2217;14,739;4,33859062746733
2218;14,744;6,48513091022241
2219;14,748;9,49424562309625
2220;14,752;12,8414048426939
2221;14,757;16,9496933891872
2222;14,761;21,3397209704015
2223;14,766;25,3793739932222
2224;14,770;28,4497156150314
2225;14,775;30,5728129240109
2226;14,779;31,5364091079393
2227;14,784;31,4533267855291
2228;14,788;29,7546372636387
2229;14,792;27,4768586626815
2230;14,797;24,6205730881011
2231;14,801;21,175302641912
2232;14,806;17,9496447040047
2233;14,810;14,6840860838698
2234;14,815;12,3013697470276
2235;14,819;9,95336806209689
2236;14,824;8,1851963177068
2237;14,828;6,93414588197442
2238;14,832;5,7373370898538
2239;14,837;4,63594067181318
2240;14,841;3,89338580043732
2241;14,846;3,38563109755452
2242;14,850;2,96831441314246
2243;14,855;2,51755312505953
2244;14,859;2,23269188841356
2245;14,864;1,99979679228149
2246;14,868;1,75779968375799
2247;14,872;1,6082515034196
2248;14,877;1,49590515279739
2249;14,881;1,29587255489254
2250;14,886;1,19019395753382
2251;14,890;1,03593601496964
2252;14,895;0,987409588440868
2253;14,899;0,885382379774058
2254;14,903;0,858605529366691
2255;14,908;0,802988000160873
2256;14,912;0,809761590777756
2257;14,917;0,684344327012021
2258;14,921;0,664393985898231
2259;14,926;0,682439254651023
2260;14,930;0,620577321595265
2261;14,935;0,590995781323094
2262;14,939;0,591419130736649
2263;14,943;0,527070019876255
2264;14,948;0,543898159065075
2265;14,952;0,454571432804923
2266;14,957;0,44949123984226
2267;14,961;0,458328658850225
2268;14,966;0,45970454444428
2269;14,970;0,485528858671149
2270;14,975;0,411178117915512
2271;14,979;0,448115354248206
2272;14,983;0,417369603088757
2273;14,988;0,42112682913406
2274;14,992;0,333123069791268
2275;14,997;0,405039551418961
2276;15,001;0,350533314423726
2277;15,006;0,397260505944884
2278;15,010;0,338044506723847
2279;15,015;0,365456381251548
2280;15,019;0,284702480615889
2281;15,023;0,334551874062016
2282;15,028;0,322539334452387
2283;15,032;0,29253444476666
2284;15,037;0,256973094028021
2285;15,041;0,302324399955125
2286;15,046;0,282003628104474
2287;15,050;0,281421522660836
2288;15,055;0,220617963138967
2289;15,059;0,237710695711259
2290;15,063;0,201937670265842
2291;15,068;0,273430802479981
2292;15,072;0,243584668824338
2293;15,077;0,23363595760579
2294;15,081;0,256920175351327
2295;15,086;0,205747814987839
2296;15,090;0,179764744730887
2297;15,094;0,19722790804004
2298;15,099;0,239351174688785
2299;15,103;0,196539965243013
2300;15,108;0,121818793750516
2301;15,112;0,223105140943604
2302;15,117;0,265598838329209
2303;15,121;0,17330866617417
2304;15,126;0,221570499319466
2305;15,130;0,185162449753716
2306;15,134;0,210933845303891
2307;15,139;0,222734710206743
2308;15,143;0,231254617154542
2309;15,148;0,19013680536299
2310;15,152;0,208446667499254
2311;15,157;0,184421588279995
2312;15,161;0,15563382815824
2313;15,166;0,229614138177015
2314;15,170;0,219930020341939
2315;15,174;0,14049908662364
2316;15,179;0,2203004510788
2317;15,183;0,201937670265842
2318;15,188;0,226968204342295
2319;15,192;0,17066273233945
2320;15,197;0,166058807467037
2321;15,201;0,209822553093308
2322;15,206;0,193100251257877
2323;15,210;0,201408483498898
2324;15,214;0,232048397304958
2325;15,219;0,185585799167272
2326;15,223;0,235911460703649
2327;15,228;0,216278631650026
2328;15,232;0,22294638491352
2329;15,237;0,190560154776546
2330;15,241;0,178177184430055
2331;15,246;0,179288476640638
2332;15,250;0,17463163309153
2333;15,254;0,113140130772634
2334;15,259;0,107530751043027
2335;15,263;0,12896281510426
2336;15,268;0,201514320852287
2337;15,272;0,176113356038974
2338;15,277;0,194687811558709
2339;15,281;0,205747814987839
2340;15,285;0,172356129993671
2341;15,290;0,152617463586659
2342;15,294;0,0928722775986775
2343;15,299;0,231254617154542
2344;15,303;0,121183769630183
2345;15,308;0,136477267194866
2346;15,312;0,117955730351825
2347;15,317;0,167752205121258
2348;15,321;0,171562349843255
2349;15,325;0,150130285782022
2350;15,330;0,128645303044094
2351;15,334;0,203578149243369
2352;15,339;0,221676336672855
2353;15,343;0,267980178780457
2354;15,348;0,336192353039543
2355;15,352;0,464308469316693
2356;15,357;0,731336111916651
2357;15,361;1,29555504283238
2358;15,365;2,31371038243269
2359;15,370;3,7479652768811
2360;15,374;6,23583102431507
2361;15,379;9,57775129492002
2362;15,383;14,0450401441081
2363;15,388;20,0282903245608
2364;15,392;27,1179641973401
2365;15,397;35,363064457065
2366;15,401;43,8060805676269
2367;15,405;53,6366772997928
2368;15,410;62,2969774968619
2369;15,414;70,5500155580909
2370;15,419;78,4727352393935
2371;15,423;85,3950802564651
2372;15,428;92,1673479064313
2373;15,432;97,4236013064563
2374;15,437;100
2375;15,441;99,8063176432985
2376;15,445;96,4318523865265
2377;15,450;89,8799910249924
2378;15,454;79,7548489383455
2379;15,459;68,4668189313391
2380;15,463;57,2092700821086
2381;15,468;46,5167339439443
2382;15,472;37,6761398153773
2383;15,477;30,4771888752241
2384;15,481;24,7783765820038
2385;15,485;20,6021933733116
2386;15,490;16,917518833757
2387;15,494;14,248194943938
2388;15,499;12,0446083277063
2389;15,503;10,4758341571007
2390;15,508;9,23028726374457
2391;15,512;8,04639062873738
2392;15,516;6,9645741210737
2393;15,521;6,35558598967451
2394;15,525;5,60160068413265
2395;15,530;5,18375481295365
2396;15,534;4,76283965852636
2397;15,539;4,40854911805733
2398;15,543;3,96646649295229
2399;15,548;3,69419990135959
2400;15,552;3,38235013959947
2401;15,556;3,12442450939095
2402;15,561;3,07986698361426
2403;15,565;2,68355901384988
2404;15,570;2,57999716355893
2405;15,574;2,43891597149165
2406;15,579;2,33286694339607
2407;15,583;2,14876286717624
2408;15,588;1,95206414590314
2409;15,592;1,94116289850409
2410;15,596;1,77880839840567
2411;15,601;1,66095850540723
2412;15,605;1,75282532814871
2413;15,610;1,6423311312108
2414;15,614;1,52268200320476
2415;15,619;1,50537759592569
2416;15,623;1,39763517017588
2417;15,628;1,33720204139087
2418;15,632;1,20474659362478
2419;15,636;1,26946613522204
2420;15,641;1,16775643861539
2421;15,645;1,16267624565273
2422;15,650;1,04154539469924
2423;15,654;1,11240350279305
2424;15,659;0,982593988861677
2425;15,663;0,956822593311503
2426;15,668;1,01577399914907
2427;15,672;0,894113961428635
2428;15,676;0,930310336287607
2429;15,681;0,886917021398196
2430;15,685;0,796161490867295
2431;15,690;0,836644278538513
2432;15,694;0,847228013877394
2433;15,699;0,701225384877536
2434;15,703;0,773723971948868
2435;15,707;0,685508537899298
2436;15,712;0,735199175315342
2437;15,716;0,599251094887421
2438;15,721;0,660478003822845
2439;15,725;0,58866735954854
2440;15,730;0,621900288512625
2441;15,734;0,744512862413557
2442;15,739;0,658572931461847
2443;15,743;0,66714575708634
2444;15,747;0,791187135258021
2445;15,752;1,0202191679914
2446;15,756;1,27973235850075
2447;15,761;1,8087603694147
2448;15,765;2,70869538527972
2449;15,770;3,91455327111508
2450;15,774;5,88085254104902
2451;15,779;8,30600965660012
2452;15,783;11,3705831426497
2453;15,787;14,9585752598836
2454;15,792;18,9417640546713
2455;15,796;22,3087677780294
2456;15,801;25,73144194927
2457;15,805;27,9435484724495
2458;15,810;29,8503671497789
2459;15,814;30,2959953262225
2460;15,819;29,1712088530829
2461;15,823;27,0559435082543
2462;15,827;24,8560611993912
2463;15,832;21,7894238849506
2464;15,836;19,8135992532116
2465;15,841;17,6315505383946
2466;15,845;16,6711294750679
2467;15,850;16,7267999229504
2468;15,854;17,7335777470614
2469;15,859;19,0069598643588
2470;15,863;21,0053807710463
2471;15,867;23,4167790306568
2472;15,872;25,6742897784401
2473;15,876;27,4162667778664
2474;15,881;28,465379543333
2475;15,885;28,9473099319889
2476;15,890;28,4705126549723
2477;15,894;26,5602542636578
2478;15,898;24,4935682640346
2479;15,903;22,06190215125
2480;15,907;19,238796586957
2481;15,912;16,1773453028324
2482;15,916;13,712234586377
2483;15,921;11,443081729721
2484;15,925;9,54033779049708
2485;15,930;8,31505875031487
2486;15,934;7,25869612614119
2487;15,938;6,47163664766533
2488;15,943;6,36648723707355
2489;15,947;6,80137292214816
2490;15,952;7,63431289331807
2491;15,956;9,50848074712705
2492;15,961;11,8436761122977
2493;15,965;14,8057990402669
2494;15,970;19,2014889198875
2495;15,974;23,3170802437646
2496;15,978;28,0928320594044
2497;15,983;32,3054233176624
2498;15,987;36,244636692117
2499;15,992;38,6993753479403
2500;15,996;39,065678428019
2501;16,001;38,4069996592037
2502;16,005;35,9789849351111
2503;16,010;32,6680750090491
2504;16,014;28,9204272442282
2505;16,018;24,3122688776795
2506;16,023;20,9541025733294
2507;16,027;17,4737999631686
2508;16,032;14,5814767697593
2509;16,036;12,0719143648806
2510;16,041;10,2087006771474
2511;16,045;8,64744095863241
2512;16,050;7,33156514394939
2513;16,054;6,2006401043133
2514;16,058;5,3713515218353
2515;16,063;4,9204314777223
2516;16,067;4,30408765026258
2517;16,072;3,86126416368382
2518;16,076;3,44505877148234
2519;16,081;3,09209119793067
2520;16,085;2,83543561596281
2521;16,089;2,67551537499233
2522;16,094;2,44759463446953
2523;16,098;2,3051375568082
2524;16,103;2,23369734327076
2525;16,107;2,02604445592192
2526;16,112;1,96407668551277
2527;16,116;1,76319738878082
2528;16,121;1,56983254413947
2529;16,125;1,48812610732331
2530;16,129;1,33831333360145
2531;16,134;1,35323640042928
2532;16,138;1,28026154526769
2533;16,143;1,27766853010967
2534;16,147;1,16336418844976
2535;16,152;1,1204471416506
2536;16,156;1,05826769653467
2537;16,161;1,02604022242778
2538;16,165;0,994553609794612
2539;16,169;0,947561824889982
2540;16,174;0,873369840164429
2541;16,178;0,874057782961456
2542;16,183;0,874163620314845
2543;16,187;0,806268958115926
2544;16,192;0,785366080821637
2545;16,196;0,765733251768013
2546;16,201;0,819339871259443
2547;16,205;0,758695067767657
2548;16,209;0,69815610162926
2549;16,214;0,660372166469456
2550;16,218;0,625710433234622
2551;16,223;0,666934082379562
2552;16,227;0,66270058824401
2553;16,232;0,63481244562606
2554;16,236;0,577236925382549
2555;16,241;0,60067989915817
2556;16,245;0,639998475942111
2557;16,249;0,724985870713323
2558;16,254;0,616237990106324
2559;16,258;0,597981046646755
2560;16,263;0,605707173444138
2561;16,267;0,633436560032005
2562;16,272;0,572262569773275
2563;16,276;0,586233100420598
2564;16,280;0,515798341740347
2565;16,285;0,558186201772564
2566;16,289;0,524106573981368
2567;16,294;0,46547268020397
2568;16,298;0,431975157856413
2569;16,303;0,526382077079228
2570;16,307;0,486058045438093
2571;16,312;0,48674598823512
2572;16,316;0,459387032384113
2573;16,320;0,400065195809688
2574;16,325;0,480131153648319
2575;16,329;0,342383838212788
2576;16,334;0,399536009042744
2577;16,338;0,39276241842586
2578;16,343;0,428376687841193
2579;16,347;0,403081560381269
2580;16,352;0,339579148347985
2581;16,356;0,445945688503735
2582;16,360;0,346352738964868
2583;16,365;0,381437821613258
2584;16,369;0,386623851929309
2585;16,374;0,378474375718371
2586;16,378;0,368525664499823
2587;16,383;0,391756963568666
2588;16,387;0,396837156531329
2589;16,392;0,441765113044877
2590;16,396;0,384771698245005
2591;16,400;0,560937972960673
2592;16,405;0,758695067767657
2593;16,409;1,16870897479589
2594;16,414;1,63502835382697
2595;16,418;2,43997434502554
2596;16,423;3,96726027310271
2597;16,427;5,81941395740682
2598;16,432;8,55102312969521
2599;16,436;12,1656862599831
2600;16,440;16,3409698511715
2601;16,445;21,3940684513667
2602;16,449;26,7771679194281
2603;16,454;31,7589850621159
2604;16,458;36,4293757924572
2605;16,463;40,4818880537146
2606;16,467;42,6049324440173
2607;16,472;42,2358775927506
2608;16,476;40,2851364137648
2609;16,480;36,5055786868971
2610;16,485;31,9716123050741
2611;16,489;27,0871126088273
2612;16,494;23,305226460185
2613;16,498;19,0274393922396
2614;16,503;15,6515453311968
2615;16,507;12,7877982232025
2616;16,511;10,714232795609
2617;16,516;8,98537962800287
2618;16,520;7,69596315166705
2619;16,525;6,71379251221892
2620;16,529;5,75543527728328
2621;16,534;5,0376463466004
2622;16,538;4,58074649202092
2623;16,543;4,11993065536606
2624;16,547;3,73357139682022
2625;16,551;3,31524925755097
2626;16,556;3,04467606361248
2627;16,560;2,79511158432168
2628;16,565;2,56099935862564
2629;16,569;2,35440484481069
2630;16,574;2,12272687824259
2631;16,578;2,16479722621464
2632;16,583;1,99910884948447
2633;16,587;1,81791530048283
2634;16,591;1,79330811581993
2635;16,596;1,6546611828806
2636;16,600;1,59301092453162
2637;16,605;1,53543540428811
2638;16,609;1,53940430504019
2639;16,614;1,41213488759015
2640;16,618;1,38112454304723
2641;16,623;1,31741045630717
2642;16,627;1,33450318887946
2643;16,631;1,27936192776389
2644;16,636;1,26364508078565
2645;16,640;1,14997576324607
2646;16,645;1,16352294447984
2647;16,649;1,15547930562229
2648;16,654;1,04186290675941
2649;16,658;0,971163554695686
2650;16,663;0,990637627719226
2651;16,667;1,04593764486488
2652;16,671;1,06387707626428
2653;16,676;1,00016298952422
2654;16,680;0,960050632589861
2655;16,685;0,999739640110664
2656;16,689;0,962326135687721
2657;16,694;0,919197414181782
2658;16,698;0,847333851230783
2659;16,702;0,764092772790486
2660;16,707;0,775893637693338
2661;16,711;0,765309902354458
2662;16,716;0,679793320816302
2663;16,720;0,684714757748882
2664;16,725;0,633648234738783
2665;16,729;0,678311597868859
2666;16,734;0,650952642017853
2667;16,738;0,690429974831877
2668;16,742;0,63481244562606
2669;16,747;0,567552807547473
2670;16,751;0,528869254883865
2671;16,756;0,55236514733618
2672;16,760;0,511088579514545
2673;16,765;0,46282674636925
2674;16,769;0,479972397618236
2675;16,774;0,50357412742394
2676;16,778;0,516486284537374
2677;16,782;0,446421956593985
2678;16,787;0,532996911666028
2679;16,791;0,481083689828819
2680;16,796;0,52040226661276
2681;16,800;0,481401201888985
2682;16,805;0,816482262717946
2683;16,809;0,930204498934218
2684;16,814;1,48786151393984
2685;16,818;2,00101392184546
2686;16,822;3,09325540881794
2687;16,827;4,65261005497192
2688;16,831;7,08401157437297
2689;16,836;10,1266238095944
2690;16,840;13,9339109230499
2691;16,845;18,2256685216427
2692;16,849;23,0438081973147
2693;16,854;27,1161649623325
2694;16,858;30,6503917040449
2695;16,862;33,1133327547558
2696;16,867;34,4703263812304
2697;16,871;33,6850661377621
2698;16,876;31,8638169606476
2699;16,880;28,8754992877146
2700;16,885;25,2883009506311
2701;16,889;21,6660704495759
2702;16,893;18,733846573939
2703;16,898;16,4531574457637
2704;16,902;14,3210639617461
2705;16,907;13,3449260514412
2706;16,911;13,5916858408672
2707;16,916;13,918141157395
2708;16,920;15,6107450314654
2709;16,925;17,6972226161724
2710;16,929;20,2369486667669
2711;16,933;22,767202274233
2712;16,938;24,4699136155522
2713;16,942;25,9069731998654
2714;16,947;27,1257961614909
2715;16,951;26,7867461999098
2716;16,956;25,5979281279701
2717;16,960;23,8026620211124
2718;16,965;21,6542166659964
2719;16,969;18,8791612601419
2720;16,973;16,5962495475453
2721;16,978;14,1736854471522
2722;16,982;11,9031037862255
2723;16,987;9,97903362029368
2724;16,991;8,39946403964244
2725;16,996;7,23520023368888
2726;17,000;6,06082896048668
2727;17,005;5,21751692868467
2728;17,009;4,49999259138526
2729;17,013;3,83951458756242
2730;17,018;3,42346795139102
2731;17,022;3,00281739034721
2732;17,027;2,79643455123904
2733;17,031;2,50712814575074
2734;17,036;2,36959250502198
2735;17,040;2,16278631650025
2736;17,045;1,94989448015867
2737;17,049;1,76684877747273
2738;17,053;1,7150943116656
2739;17,058;1,60915112092341
2740;17,062;1,52755052146064
2741;17,067;1,31158940187078
2742;17,071;1,30179944668232
2743;17,076;1,25496641780777
2744;17,080;1,13134838904964
2745;17,084;1,14754150411813
2746;17,089;1,05355793430887
2747;17,093;1,07377286880613
2748;17,098;1,11896541870315
2749;17,102;1,0013272004115
2750;17,107;1,03413677996203
2751;17,111;0,885488217127447
2752;17,116;0,959574364499612
2753;17,120;0,772718517091674
2754;17,124;0,796796514987628
2755;17,129;0,802723406777401
2756;17,133;0,78504856876147
2757;17,138;0,780391725212363
2758;17,142;0,714349216697748
2759;17,147;0,697362321478844
2760;17,151;0,723292473059102
2761;17,156;0,648941732303465
2762;17,160;0,681010450380274
2763;17,164;0,641268524182777
2764;17,169;0,68445016436541
2765;17,173;0,644284888754358
2766;17,178;0,629150147219759
2767;17,182;0,565065629742836
2768;17,187;0,64058058138575
2769;17,191;0,54167557464391
2770;17,196;0,610840285083495
2771;17,200;0,588455684841763
2772;17,204;0,52796963738006
2773;17,209;0,525059110161868
2774;17,213;0,490291539573645
2775;17,218;0,523154037800869
2776;17,222;0,491932018551171
2777;17,227;0,575226015668162
2778;17,231;0,519026381018706
2779;17,236;0,535642845500748
2780;17,240;0,516803796597541
2781;17,244;0,496641780776973
2782;17,249;0,511670684958184
2783;17,253;0,557074909561982
2784;17,258;0,523736143244508
2785;17,262;0,474839285978879
2786;17,267;0,453089709857479
2787;17,271;0,536330788297776
2788;17,276;0,435996977285187
2789;17,280;0,402764048321102
2790;17,284;0,473198807001353
2791;17,289;0,423508169585308
2792;17,293;0,48447048513726
2793;17,298;0,415993717494703
2794;17,302;0,505532118461633
2795;17,307;0,394667490786858
2796;17,311;0,462720909015861
2797;17,315;0,469335743602661
2798;17,320;0,495848000626557
2799;17,324;0,437849130969491
2800;17,329;0,507490109499326
2801;17,333;0,415041181314204
2802;17,338;0,348575323386033
2803;17,342;0,417316684412063
2804;17,347;0,383660406034423
2805;17,351;0,434938603751299
2806;17,355;0,417898789855701
2807;17,360;0,420227211630255
2808;17,364;0,498493934461277
2809;17,369;0,415464530727759
2810;17,373;0,348734079416117
2811;17,378;0,427106639600528
2812;17,382;0,407685485253682
2813;17,387;0,420015536923477
2814;17,391;0,398848066245716
2815;17,395;0,438801667149991
2816;17,400;0,362492935356661
2817;17,404;0,311055981609701
2818;17,409;0,408214672020626
2819;17,413;0,406097924952849
2820;17,418;0,559720843396702
2821;17,422;0,665664034138897
2822;17,427;0,833522076613543
2823;17,431;1,23443397125034
2824;17,435;1,740654032509
2825;17,440;2,62746521655381
2826;17,444;3,91211901198714
2827;17,449;5,92054154856982
2828;17,453;8,244729828988
2829;17,458;11,4208558855094
2830;17,462;15,3290059967444
2831;17,467;20,5345103858195
2832;17,471;26,212155208362
2833;17,475;32,7392506292031
2834;17,480;39,6868907737346
2835;17,484;47,5624069954257
2836;17,489;55,5540267937844
2837;17,493;63,877446695017
2838;17,498;70,4016845073165
2839;17,502;75,4916674251677
2840;17,506;79,1368646319083
2841;17,511;79,4824765093994
2842;17,515;76,1825736680898
2843;17,520;69,5085230820684
2844;17,524;60,1413352017154
2845;17,529;50,8073802503265
2846;17,533;41,7855396540812
2847;17,538;33,7773563099172
2848;17,542;27,9856717390982
2849;17,546;22,9132578219096
2850;17,551;19,2411250087316
2851;17,555;16,2147058885787
2852;17,560;13,9167652718009
2853;17,564;11,660577490935
2854;17,569;10,1986461285755
2855;17,573;9,22637128166918
2856;17,578;8,13735783397506
2857;17,582;7,55699870666754
2858;17,586;6,68124752605187
2859;17,591;6,19005636897441
2860;17,595;5,62700164894597
2861;17,600;4,99647561613215
2862;17,604;4,7048407888693
2863;17,609;4,4230488354716
2864;17,613;4,17269057603038
2865;17,618;3,88195536627133
2866;17,622;3,5805835024967
2867;17,626;3,36552200041065
2868;17,631;3,20793018121472
2869;17,635;2,97397671154876
2870;17,640;2,86528174961846
2871;17,644;2,67641499249613
2872;17,649;2,61058415868829
2873;17,653;2,43298907970188
2874;17,658;2,35461651951747
2875;17,662;2,23756040666945
2876;17,666;2,1708828740345
2877;17,671;2,09436246753439
2878;17,675;2,02932541387697
2879;17,680;1,92470519005214
2880;17,684;1,81024209236214
2881;17,689;1,66804960808428
2882;17,693;1,703769714853
2883;17,697;1,61851772669832
2884;17,702;1,67979755431044
2885;17,706;1,6158717928636
2886;17,711;1,60068413265231
2887;17,715;1,43785336446363
2888;17,720;1,28126700012489
2889;17,724;1,41615670701892
2890;17,729;1,47092753739763
2891;17,733;1,37779066641548
2892;17,737;1,29851848872726
2893;17,742;1,14193212438852
2894;17,746;1,14383719674952
2895;17,751;1,16987318568317
2896;17,755;1,17516505335261
2897;17,760;1,11923001208663
2898;17,764;1,10944005689816
2899;17,769;1,05757975373765
2900;17,773;1,01905495710412
2901;17,777;1,01783782754015
2902;17,782;1,09875048420589
2903;17,786;1,04276252426321
2904;17,791;1,07393162483622
2905;17,795;0,983969874455731
2906;17,800;0,959891876559778
2907;17,804;1,01365725208129
2908;17,809;0,923430908317334
2909;17,813;1,04577888883479
2910;17,817;1,00286184203563
2911;17,822;1,00667198675763
2912;17,826;1,00360270350936
2913;17,831;0,873316921487735
2914;17,835;0,960950250093666
2915;17,840;0,887657882871918
2916;17,844;0,92073205580592
2917;17,849;0,840295667230427
2918;17,853;0,892314726421025
2919;17,857;0,780338806535668
2920;17,862;0,809285322687507
2921;17,866;0,839237293696539
2922;17,871;0,766262438534957
2923;17,875;0,771871818264564
2924;17,880;0,776052393723422
2925;17,884;0,751815639797385
2926;17,888;0,788964550836856
2927;17,893;0,880460942841479
2928;17,897;0,756948751436742
2929;17,902;0,71016864123889
2930;17,906;0,737315922383119
2931;17,911;0,644443644784441
2932;17,915;0,754408654955411
2933;17,920;0,744248269030085
2934;17,924;0,687678203643768
2935;17,928;0,669474178860894
2936;17,933;0,672384706079086
2937;17,937;0,580094533924047
2938;17,942;0,617772631730462
2939;17,946;0,605389661383972
2940;17,951;0,670955901808337
2941;17,955;0,754302817602022
2942;17,960;0,65608575365721
2943;17,964;0,819974895379776
2944;17,968;0,926394354212221
2945;17,973;1,18384371633049
2946;17,977;1,49188333336861
2947;17,982;2,17289378374889
2948;17,986;3,05875243161319
2949;17,991;4,62705033412852
2950;17,995;6,55593609963952
2951;18,000;9,45561498910934
2952;18,004;12,6764044087608
2953;18,008;16,550580729558
2954;18,013;20,9097038035828
2955;18,017;25,4275829076908
2956;18,022;29,9302743515875
2957;18,026;33,7746574574058
2958;18,031;36,9078135484513
2959;18,035;38,129547037295
2960;18,040;37,6174530029232
2961;18,044;35,6056436710321
2962;18,048;32,9450513628676
2963;18,053;28,9763622854941
2964;18,057;25,0391598207539
2965;18,062;21,8041881957483
2966;18,066;18,3361627185806
2967;18,071;15,3454637051964
2968;18,075;13,0859420476988
2969;18,079;10,8808737085197
2970;18,084;9,4777349959676
2971;18,088;8,13047840600479
2972;18,093;7,09676497545632
2973;18,097;6,25096576584967
2974;18,102;5,50105519841329
2975;18,106;5,09379306257316
2976;18,111;4,44532759835994
2977;18,115;4,14956511431493
2978;18,119;3,78098653113841
2979;18,124;3,57862551145901
2980;18,128;3,23386033279497
2981;18,133;3,01154897200179
2982;18,137;2,73123874155153
2983;18,142;2,61201296295904
2984;18,146;2,40779978959534
2985;18,151;2,28344089936349
2986;18,155;2,22861715030809
2987;18,159;2,14198927655935
2988;18,164;1,99905593080777
2989;18,168;1,87607292616998
2990;18,173;1,84776143413847
2991;18,177;1,69382100363445
2992;18,182;1,65222692375265
2993;18,186;1,50347252356469
2994;18,191;1,50654180681296
2995;18,195;1,48421012524792
2996;18,199;1,46717031135233
2997;18,204;1,25322010147685
2998;18,208;1,35545898485044
2999;18,213;1,19839635242145
3000;18,217;1,27057742743262
3001;18,222;1,20252400920362
3002;18,226;1,00058633893777
3003;18,231;1,12372809960565
3004;18,235;1,12584484667343
3005;18,239;1,09589287566439
3006;18,244;0,976720015748598
3007;18,248;1,0826102878141
3008;18,253;0,949255222544203
3009;18,257;0,981059347237539
3010;18,262;0,872205629277152
3011;18,266;0,884588599623642
3012;18,271;0,898347455564187
3013;18,275;0,9464505326794
3014;18,279;0,862256918058604
3015;18,284;0,831034898808906
3016;18,288;0,841512796794398
3017;18,293;0,886387834631252
3018;18,297;0,847280932554088
3019;18,302;0,776793255197143
3020;18,306;0,763351911316765
3021;18,310;0,781820529483112
3022;18,315;0,662488913537233
3023;18,319;0,647354172002633
3024;18,324;0,713026249780388
3025;18,328;0,774570670775978
3026;18,333;0,760123872038406
3027;18,337;0,727102617781099
3028;18,342;0,764833634264208
3029;18,346;0,801188765153263
3030;18,350;0,751921477150774
3031;18,355;0,757319182173603
3032;18,359;0,806427714146009
3033;18,364;0,799177855438876
3034;18,368;0,787006559799163
3035;18,373;0,740861473721644
3036;18,377;0,813307142116281
3037;18,382;0,79838407528846
3038;18,386;0,724827114683239
3039;18,390;0,861833568645049
3040;18,395;0,741708172548754
3041;18,399;0,8036759429579
3042;18,404;0,717736012006189
3043;18,408;0,767532486775623
3044;18,413;0,738480133270395
3045;18,417;0,778751246234836
3046;18,422;0,705564716366477
3047;18,426;0,641956466979804
3048;18,430;0,792986370265631
3049;18,435;0,687519447613685
3050;18,439;0,669474178860894
3051;18,444;0,685455619222604
3052;18,448;0,558556632509425
3053;18,453;0,688207390410712
3054;18,457;0,705776391073254
3055;18,462;0,573479699337247
3056;18,466;0,726361756307377
3057;18,470;0,57845405494652
3058;18,475;0,643279433897164
3059;18,479;0,612163252000855
3060;18,484;0,60417253182
3061;18,488;0,613644974948299
3062;18,493;0,57713108802916
3063;18,497;0,582370037021906
3064;18,501;0,608035595218692
3065;18,506;0,538130023305385
3066;18,510;0,61486210451227
3067;18,515;0,485793452054621
3068;18,519;0,587026880571014
3069;18,524;0,671961356665531
3070;18,528;0,572738837863525
3071;18,533;0,570780846825832
3072;18,537;0,663229775010954
3073;18,541;0,618301818497406
3074;18,546;0,63301321061845
3075;18,550;0,567076539457224
3076;18,555;0,508707239063297
3077;18,559;0,546491174223101
3078;18,564;0,584433865412988
3079;18,568;0,583163817172322
3080;18,573;0,581999606285045
3081;18,577;0,512781977168766
3082;18,581;0,57940659112702
3083;18,586;0,569775391968638
3084;18,590;0,465049330790415
3085;18,595;0,520931453379704
3086;18,599;0,559085819276369
3087;18,604;0,588508603518457
3088;18,608;0,517968007484818
3089;18,613;0,474468855242018
3090;18,617;0,523947817951285
3091;18,621;0,578030705532965
3092;18,626;0,575966877141883
3093;18,630;0,54432150847863
3094;18,635;0,5190792996954
3095;18,639;0,521196046763176
3096;18,644;0,530721408568169
3097;18,648;0,559509168689924
3098;18,653;0,517703414101346
3099;18,657;0,610364016993245
3100;18,661;0,512570302461989
3101;18,666;0,639786801235334
3102;18,670;0,6193072733546
3103;18,675;0,498546853137972
3104;18,679;0,588244010134985
3105;18,684;0,529821791064364
3106;18,688;0,554005626313706
3107;18,692;0,558821225892897
3108;18,697;0,590149082495984
3109;18,701;0,52087853470301
3110;18,706;0,502198241829885
3111;18,710;0,519502649108955
3112;18,715;0,493413741498615
3113;18,719;0,442558893195293
3114;18,724;0,541093469200272
3115;18,728;0,598457314737005
3116;18,732;0,487275175002064
3117;18,737;0,620524402918571
3118;18,741;0,489921108836784
3119;18,746;0,494207521649031
3120;18,750;0,462932583722638
3121;18,755;0,597769371939978
3122;18,759;0,464731818730248
3123;18,764;0,488598141919424
3124;18,768;0,417263765735369
3125;18,772;0,529504279004197
3126;18,777;0,468012776685301
3127;18,781;0,499763982701943
3128;18,786;0,469812011692911
3129;18,790;0,469335743602661
3130;18,795;0,482089144686012
3131;18,799;0,517544658071262
3132;18,804;0,49468378973928
3133;18,808;0,537018731094803
3134;18,812;0,482724168806345
3135;18,817;0,489074410009674
3136;18,821;0,551253855125597
3137;18,826;0,487063500295286
3138;18,830;0,485211346610982
3139;18,835;0,480342828355097
3140;18,839;0,527122938552949
3141;18,844;0,427477070337388
3142;18,848;0,458963682970558
3143;18,852;0,55453481308065
3144;18,857;0,530721408568169
3145;18,861;0,486640150881731
3146;18,866;0,516539203214069
3147;18,870;0,479972397618236
3148;18,875;0,42377276296878
3149;18,879;0,509289344506936
3150;18,883;0,476215171572934
3151;18,888;0,508971832446769
3152;18,892;0,528604661500393
3153;18,897;0,502409916536663
3154;18,901;0,50886599509338
3155;18,906;0,544691939215491
3156;18,910;0,470182442429772
3157;18,915;0,542363517440937
3158;18,919;0,5408288758168
3159;18,923;0,528922173560559
3160;18,928;0,496324268716807
3161;18,932;0,546544092899795
3162;18,937;0,617772631730462
3163;18,941;0,636188331220114
3164;18,946;0,623064499399902
3165;18,950;0,668045374590145
3166;18,955;0,766685787948512
3167;18,959;0,670373796364699
3168;18,963;0,718953141570161
3169;18,968;0,697573996185622
3170;18,972;0,649576756423798
3171;18,977;0,706146821810115
3172;18,981;0,607876839188609
3173;18,986;0,550777587035348
3174;18,990;0,656614940424154
3175;18,995;0,606130522857693
3176;18,999;0,604490043880167
3177;19,003;0,562313858554727
3178;19,008;0,529186766944031
3179;19,012;0,582158362315129
3180;19,017;0,555593186614538
3181;19,021;0,516062935123819
3182;19,026;0,561202566344145
3183;19,030;0,606289278887777
3184;19,035;0,513999106732737
3185;19,039;0,564218930915726
3186;19,043;0,565859409893252
3187;19,048;0,512570302461989
3188;19,052;0,592530422947232
3189;19,057;0,542945622884576
3190;19,061;0,510083124657352
3191;19,066;0,566600271366974
3192;19,070;0,572156732419886
3193;19,074;0,569404961231778
3194;19,079;0,549877969531543
3195;19,083;0,539770502282912
3196;19,088;0,531726863425362
3197;19,092;0,57099252153261
3198;19,097;0,547549547756989
3199;19,101;0,564377686945809
3200;19,106;0,529715953710975
3201;19,110;0,593377121774342
3202;19,114;0,533579017109667
3203;19,119;0,495848000626557
3204;19,123;0,525747052958895
3205;19,128;0,509924368627268
3206;19,132;0,534319878583388
3207;19,137;0,447797842188039
3208;19,141;0,518814706311928
3209;19,146;0,532520643575779
3210;19,150;0,466954403151413
3211;19,154;0,508125133619659
3212;19,159;0,535325333440582
3213;19,163;0,546544092899795
3214;19,168;0,532732318282556
3215;19,172;0,465313924173887
3216;19,177;0,515004561589931
3217;19,181;0,561043810314062
3218;19,186;0,552153472629402
3219;19,190;0,560355867517035
3220;19,194;0,558239120449258
3221;19,199;0,480607421738569
3222;19,203;0,581364582164713
3223;19,208;0,544480264508714
3224;19,212;0,554852325140817
3225;19,217;0,576601901262216
3226;19,221;0,489550678099923
3227;19,226;0,537812511245219
3228;19,230;0,611369471850439
3229;19,234;0,605760092120832
3230;19,239;0,504738338311217
3231;19,243;0,500610681529053
3232;19,248;0,532361887545695
3233;19,252;0,479972397618236
3234;19,257;0,587608986014652
3235;19,261;0,611422390527134
3236;19,266;0,595335112812035
3237;19,270;0,511353172898017
3238;19,274;0,489444840746534
3239;19,279;0,588349847488374
3240;19,283;0,593218365744259
3241;19,288;0,555910698674705
3242;19,292;0,533420261079583
3243;19,297;0,554005626313706
3244;19,301;0,481983307332624
3245;19,305;0,496535943423584
3246;19,310;0,522413176327148
3247;19,314;0,602373296812391
3248;19,319;0,519608486462344
3249;19,323;0,577554437442716
3250;19,328;0,536595381681248
3251;19,332;0,609411480812746
3252;19,337;0,602637890195863
3253;19,341;0,62904430986637
3254;19,345;0,582317118345212
3255;19,350;0,51378743202596
3256;19,354;0,582634630405378
3257;19,359;0,607030140361498
3258;19,363;0,611845739940689
3259;19,368;0,659631304995735
3260;19,372;0,636082493866725
3261;19,377;0,605548417414055
3262;19,381;0,522413176327148
3263;19,385;0,523577387214424
3264;19,390;0,572103813743192
3265;19,394;0,600468224451392
3266;19,399;0,58025328995413
3267;19,403;0,65740872057457
3268;19,408;0,70080203546398
3269;19,412;0,735305012668731
3270;19,417;0,792827614235547
3271;19,421;0,865114526600102
3272;19,425;1,21887588030219
3273;19,430;1,62867811262364
3274;19,434;2,36350685720213
3275;19,439;3,23539497441911
3276;19,443;4,87936658460744
3277;19,448;6,79676899727575
3278;19,452;9,33570126771982
3279;19,457;12,1389623282524
3280;19,461;15,2950851249833
3281;19,465;18,1680400827225
3282;19,470;20,5715534595056
3283;19,474;22,344858315535
3284;19,479;23,0929696479638
3285;19,483;22,973796788048
3286;19,488;22,1600662965182
3287;19,492;20,6932664159027
3288;19,496;18,8800608776457
3289;19,501;16,2431232179636
3290;19,505;14,0629795755075
3291;19,510;12,0204774111337
3292;19,514;10,3490939264176
3293;19,519;8,54710714761982
3294;19,523;7,22747410689149
3295;19,528;6,21836786100592
3296;19,532;5,42950914752245
3297;19,536;4,8570878217191
3298;19,541;4,04420402901637
3299;19,545;3,4633686336186
3300;19,550;3,2402105739983
3301;19,554;2,9046003264024
3302;19,559;2,49754986526905
3303;19,563;2,38806112318833
3304;19,568;2,24004758447408
3305;19,572;2,10198275697839
3306;19,576;1,92867409080422
3307;19,581;1,68953459082221
3308;19,585;1,76372657554776
3309;19,590;1,59084125878715
3310;19,594;1,5676099597183
3311;19,599;1,48473931201487
3312;19,603;1,33132806827779
3313;19,608;1,33826041492476
3314;19,612;1,3586870241288
3315;19,616;1,23792660391217
3316;19,621;1,18204448132288
3317;19,625;1,18707175560885
3318;19,630;1,09795670405548
3319;19,634;1,1033544090783
3320;19,639;1,11346187632694
3321;19,643;1,13574063921528
3322;19,648;1,00095676967463
3323;19,652;1,13452350965131
3324;19,656;0,986245377553591
3325;19,661;1,00280892335894
3326;19,665;0,944492541641707
3327;19,670;0,986827482997229
3328;19,674;0,837649733395707
3329;19,679;0,970475611898659
3330;19,683;0,899352910421381
3331;19,687;0,894219798782024
3332;19,692;0,911682962091177
3333;19,696;0,875645343262288
3334;19,701;0,937771869701518
3335;19,705;0,915916456226729
3336;19,710;0,871623523833514
3337;19,714;0,839713561786789
3338;19,719;0,83563882368132
3339;19,723;0,847069257847311
3340;19,727;0,816746856101418
3341;19,732;0,829235663801297
3342;19,736;0,815529726537446
3343;19,741;0,855324571411638
3344;19,745;0,821932886417469
3345;19,750;0,755625784519382
3346;19,754;0,818122741695472
3347;19,759;0,720064433780743
3348;19,763;0,789917087017355
3349;19,767;0,73625754884923
3350;19,772;0,791927996731743
3351;19,776;0,847175095200699
3352;19,781;0,759277173211296
3353;19,785;0,737527597089896
3354;19,790;0,68794279702724
3355;19,794;0,834262938087265
3356;19,799;0,77615823107681
3357;19,803;0,784783975377998
3358;19,807;0,723398310412491
3359;19,812;0,72075237657777
3360;19,816;0,824896332312356
3361;19,821;0,738956401360645
3362;19,825;0,800659578386319
3363;19,830;0,778645408881447
3364;19,834;0,779386270355169
3365;19,839;0,797166945724488
3366;19,843;0,887710801548612
3367;19,847;0,783090577723777
3368;19,852;0,781820529483112
3369;19,856;0,803887617664678
3370;19,861;0,790869623197854
3371;19,865;0,782296797573361
3372;19,870;0,81965738331961
3373;19,874;0,755519947165993
3374;19,878;0,781608854776334
3375;19,883;0,832357865726267
3376;19,887;0,732235729420456
3377;19,892;0,761076408218906
3378;19,896;0,723662903795963
3379;19,901;0,771765980911175
3380;19,905;0,75933009188799
3381;19,910;0,739591425480978
3382;19,914;0,656667859100848
3383;19,918;0,737898027826757
3384;19,923;0,720858213931159
3385;19,927;0,728055153961598
3386;19,932;0,767267893392151
3387;19,936;0,742449034022476
3388;19,941;0,780815074625918
3389;19,945;0,712973331103693
3390;19,950;0,732341566773845
3391;19,954;0,739961856217839
3392;19,958;0,694980981027596
3393;19,963;0,763669423376931
3394;19,967;0,765627414414624
3395;19,972;0,788276608039829
3396;19,976;0,730648169119624
3397;19,981;0,703606725328784
3398;19,985;0,766368275888346
3399;19,990;0,763669423376931
3400;19,994;0,706517252546976
3401;19,998;0,666457814289313
3402;20,003;0,730013144999291
3403;20,007;0,767691242805706
3404;20,012;0,787535746566107
3405;20,016;0,791134216581327
3406;20,021;0,817487717575139
3407;20,025;0,829553175861463
3408;20,030;0,820345326116637
3409;20,034;0,852996149637084
3410;20,038;0,800024554265986
3411;20,043;0,844740836072757
3412;20,047;0,805316421935427
3413;20,052;0,89898247968452
3414;20,056;0,784572300671221
3415;20,061;0,791716322024965
3416;20,065;0,738797645330562
3417;20,070;0,845111266809618
3418;20,074;0,715672183615108
