#"+EI TIC Scan 150C_1ml-min_10C-min_1.d "
#Point;X(Minutes);Y(Counts)
0;4,691;100
1;4,696;94,1303145839142
2;4,700;88,5665195051937
3;4,705;83,7115237876898
4;4,709;78,7415388948181
5;4,714;73,9734319023534
6;4,718;69,7507433604061
7;4,722;65,5055995478838
8;4,727;61,7118662619282
9;4,731;58,0461844700478
10;4,736;54,553668567106
11;4,740;51,3783647231463
12;4,745;48,5152079574454
13;4,749;45,7995315128047
14;4,754;43,2857172875162
15;4,758;40,6029553770494
16;4,762;38,3872066427457
17;4,767;36,2044665289452
18;4,771;34,0514106520151
19;4,776;32,248246152418
20;4,780;30,0574616574687
21;4,785;28,7014267564585
22;4,789;26,9230853667219
23;4,794;25,5215440444765
24;4,798;23,7733886853662
25;4,802;22,5758265248807
26;4,807;21,3702983885207
27;4,811;20,1258028308067
28;4,816;18,9360184735371
29;4,820;17,9507934770575
30;4,825;16,917851030606
31;4,829;16,0798240961989
32;4,834;15,1511763456932
33;4,838;14,3934520932797
34;4,842;13,6115006110907
35;4,847;12,6987064070595
36;4,851;12,1227569427086
37;4,856;11,478924191822
38;4,860;10,8579700999918
39;4,865;10,1928267955357
40;4,869;9,64278243383144
41;4,873;9,31990951404097
42;4,878;8,68228646088314
43;4,882;8,30233450136284
44;4,887;7,80013303806952
45;4,891;7,46575022400387
46;4,896;7,0529307734743
47;4,900;6,6765854565743
48;4,905;6,36735505452146
49;4,909;6,07567175286908
50;4,913;5,68703248895034
51;4,918;5,45730503509263
52;4,922;5,15031702388632
53;4,927;5,00636494017207
54;4,931;4,82556237751136
55;4,936;4,99421212264718
56;4,940;5,56831122252326
57;4,945;6,66705137521283
58;4,949;7,9374049924088
59;4,953;8,97127262109773
60;4,958;9,6723725843727
61;4,962;9,8256548957351
62;4,967;9,61800636713552
63;4,971;9,19221868422778
64;4,976;8,82277303147094
65;4,980;8,51440508743599
66;4,985;8,0300957077503
67;4,989;7,6319694056347
68;4,993;7,33603653811233
69;4,998;6,9791670913619
70;5,002;6,70688125458475
71;5,007;6,41435117596935
72;5,011;6,11107957476743
73;5,016;5,83123546954253
74;5,020;5,59561193905339
75;5,025;5,35846734624177
76;5,029;5,12069551123532
77;5,033;4,91362718166596
78;5,038;4,63887941927409
79;5,042;4,43787965793974
80;5,047;4,21233904573254
81;5,051;4,00867350507016
82;5,056;3,87750148107563
83;5,060;3,63656207298527
84;5,064;3,46940202806219
85;5,069;3,33462336144737
86;5,073;3,19405838558522
87;5,078;2,95838781193146
88;5,082;2,86919397182616
89;5,087;2,72938168659781
90;5,091;2,61294985418187
91;5,096;2,39711581493972
92;5,100;2,34238893344051
93;5,104;2,28822656991665
94;5,109;2,19900136770161
95;5,113;2,05021951908714
96;5,118;1,97766327819979
97;5,122;1,83604767166129
98;5,127;1,73493622985416
99;5,131;1,66103141824792
100;5,136;1,58373949878958
101;5,140;1,50395429160678
102;5,144;1,3591554309295
103;5,149;1,29790523060402
104;5,153;1,23783110939386
105;5,158;1,19924003335674
106;5,162;1,13747235822053
107;5,167;1,08089511224656
108;5,171;1,02811268155133
109;5,176;0,97669450262987
110;5,180;0,988721871715799
111;5,184;0,946931860485028
112;5,189;0,932740505826923
113;5,193;1,01494059545983
114;5,198;1,21893543827451
115;5,202;1,75511774747292
116;5,207;2,47834367917064
117;5,211;3,38049044694456
118;5,216;4,11403451274729
119;5,220;4,57361486890168
120;5,224;4,7873162846814
121;5,229;4,69337108495023
122;5,233;4,54626710920694
123;5,238;4,45009519968412
124;5,242;4,25154168290963
125;5,247;4,10530016518423
126;5,251;3,84163890858604
127;5,255;3,64401057404892
128;5,260;3,5373009956529
129;5,264;3,42358198572961
130;5,269;3,24632334146971
131;5,273;3,05435586774097
132;5,278;2,92185095408242
133;5,282;2,88866984197574
134;5,287;2,69579286706448
135;5,291;2,51630751301292
136;5,295;2,41668577141852
137;5,300;2,30039506849642
138;5,304;2,25888731625332
139;5,309;2,12279144102935
140;5,313;1,97741238132186
141;5,318;1,91299460791247
142;5,322;1,81116183758128
143;5,327;1,72758181511974
144;5,331;1,65596643752464
145;5,335;1,53465779704387
146;5,340;1,49942246674911
147;5,344;1,40712377777938
148;5,349;1,31451146771224
149;5,353;1,27449341568187
150;5,358;1,21730460856794
151;5,362;1,12669947352426
152;5,367;1,03996755903368
153;5,371;1,05067771951046
154;5,375;0,953157239268749
155;5,380;0,932128944686961
156;5,384;0,869373363093885
157;5,389;0,791266028782263
158;5,393;0,746982729827029
159;5,398;0,690295716468965
160;5,402;0,679397383333736
161;5,407;0,661395532342019
162;5,411;0,635035679104148
163;5,415;0,600521677333443
164;5,420;0,581892584146893
165;5,424;0,554983893988542
166;5,429;0,559578443065696
167;5,433;0,535633472277934
168;5,438;0,499222062867858
169;5,442;0,48816691918392
170;5,447;0,484623000783112
171;5,451;0,457526137966311
172;5,455;0,474493039336553
173;5,460;0,493968909486129
174;5,464;0,451880958212811
175;5,469;0,438160035200832
176;5,473;0,43417704726364
177;5,478;0,435933325409174
178;5,482;0,422431937165386
179;5,486;0,410247757530748
180;5,491;0,390003515692502
181;5,495;0,42420389636579
182;5,500;0,448603617744807
183;5,504;0,513209563812641
184;5,509;0,770504312133279
185;5,513;1,38145389095583
186;5,518;2,5052994124936
187;5,522;4,24398341446188
188;5,526;6,38363198947738
189;5,531;8,21663753649374
190;5,535;9,42345151935309
191;5,540;10,0938166150812
192;5,544;10,082071504983
193;5,549;9,86598656886288
194;5,553;9,53368933509505
195;5,558;9,03216215716118
196;5,562;8,50951259831629
197;5,566;8,09117341647219
198;5,571;7,72150822894716
199;5,575;7,34323414229805
200;5,580;7,05713329617969
201;5,584;6,46453055155601
202;5,589;6,18467076527625
203;5,593;5,87854521208784
204;5,598;5,36594720941516
205;5,602;5,116242091652
206;5,606;4,76032918924869
207;5,611;4,51923297060963
208;5,615;4,2543485917315
209;5,620;3,89338638965979
210;5,624;3,656869039043
211;5,629;3,40700711073114
212;5,633;3,16391939812348
213;5,638;2,96070860805235
214;5,642;2,77300638124847
215;5,646;2,49880745577707
216;5,651;2,3459955760608
217;5,655;2,20122807749326
218;5,660;1,98370048432506
219;5,664;1,82696834089108
220;5,669;1,67606954986905
221;5,673;1,49796412864612
222;5,677;1,39294810417615
223;5,682;1,2248001527962
224;5,686;1,11788672068686
225;5,691;1,06347346028506
226;5,695;0,929619975907627
227;5,700;0,835659095121592
228;5,704;0,756344319584916
229;5,709;0,698606675550507
230;5,713;0,65990583212929
231;5,717;0,587083013309138
232;5,722;0,574302953589409
233;5,726;0,518933148840496
234;5,731;0,468189255278478
235;5,735;0,479385528456253
236;5,740;0,44375817178972
237;5,744;0,411956992511669
238;5,749;0,398110621060723
239;5,753;0,382758868342177
240;5,757;0,401262513089761
241;5,762;0,371954621536173
242;5,766;0,379042458337789
243;5,771;0,344716629225535
244;5,775;0,315487142946301
245;5,780;0,306360769011476
246;5,784;0,317713852737959
247;5,789;0,278840517713163
248;5,793;0,317212058982093
249;5,797;0,29347094190765
250;5,802;0,304400637152622
251;5,806;0,316020298811909
252;5,811;0,282415798223713
253;5,815;0,315926212482684
254;5,820;0,283184169912384
255;5,824;0,284485697466663
256;5,829;0,283168488857513
257;5,833;0,283591877339025
258;5,837;0,277617395433238
259;5,842;0,286618320929096
260;5,846;0,261277736257829
261;5,851;0,273979390703204
262;5,855;0,277256731171209
263;5,860;0,28611652717323
264;5,864;0,285254069155334
265;5,868;0,284015265820538
266;5,873;0,316130066196005
267;5,877;0,379418803654689
268;5,882;0,691267941870957
269;5,886;1,14612830050923
270;5,891;1,97513862836559
271;5,895;3,09079863926078
272;5,900;4,16079541837211
273;5,904;5,16999674774922
274;5,908;5,62455916634494
275;5,913;5,84519160837757
276;5,917;5,80551853955436
277;5,922;5,64726533379791
278;5,926;5,40870944604792
279;5,931;5,04037714818691
280;5,935;4,76130141465068
281;5,940;4,54084146422163
282;5,944;4,32251413725502
283;5,948;4,06300836019759
284;5,953;3,86958254836586
285;5,957;3,57385353455681
286;5,962;3,28859946540148
287;5,966;3,09242946896735
288;5,971;2,80996662757902
289;5,975;2,6710011193137
290;5,980;2,44989824563494
291;5,984;2,22351085646472
292;5,988;2,00813156781382
293;5,993;1,89110385531279
294;5,997;1,76184492001251
295;6,002;1,59490440985761
296;6,006;1,43770183477751
297;6,011;1,30135506267561
298;6,015;1,20021225875873
299;6,020;1,08183597553881
300;6,024;0,928710474725119
301;6,028;0,840112514704909
302;6,033;0,738859943403937
303;6,037;0,702166275006186
304;6,042;0,582660955835563
305;6,046;0,553886220147584
306;6,051;0,529517860878308
307;6,055;0,487837617031633
308;6,059;0,441045349297065
309;6,064;0,386381192017339
310;6,068;0,371029439298793
311;6,073;0,376956878039968
312;6,077;0,314891262861209
313;6,082;0,323233584052493
314;6,086;0,324362620003193
315;6,091;0,293784563005067
316;6,095;0,287010347300867
317;6,099;0,301295788288196
318;6,104;0,280455666364859
319;6,108;0,293517985072263
320;6,113;0,290475860427321
321;6,117;0,289221376037655
322;6,122;0,248921065019612
323;6,126;0,25771813680215
324;6,131;0,242821134674858
325;6,135;0,261952021617275
326;6,139;0,244216748558362
327;6,144;0,235027650404054
328;6,148;0,211537430207545
329;6,153;0,235592168379404
330;6,157;0,205468861972532
331;6,162;0,229743134912583
332;6,166;0,215363607596028
333;6,171;0,185506879121961
334;6,175;0,208683478221053
335;6,179;0,207789658093416
336;6,184;0,185397111737865
337;6,188;0,214908857004774
338;6,193;0,17871698236289
339;6,197;0,165184232009361
340;6,202;0,183938773634878
341;6,206;0,151447627942511
342;6,211;0,160574001877336
343;6,215;0,148766167559598
344;6,219;0,150616532034357
345;6,224;0,151776930094798
346;6,228;0,146806035700744
347;6,233;0,122390633266856
348;6,237;0,164854929857073
349;6,242;0,132834215810831
350;6,246;0,111429575912143
351;6,250;0,142870090928165
352;6,255;0,132112887286773
353;6,259;0,146696268316648
354;6,264;0,128333753062902
355;6,268;0,138949827210456
356;6,273;0,11983462132291
357;6,277;0,15049108359539
358;6,282;0,145927896627977
359;6,286;0,127643786648585
360;6,290;0,156685100269369
361;6,295;0,246866846831533
362;6,299;0,445530130990124
363;6,304;1,01354498157633
364;6,308;2,05006270853843
365;6,313;4,00508254350473
366;6,317;6,3647519994129
367;6,322;9,01174542371935
368;6,326;11,1708698688844
369;6,330;12,7480076435734
370;6,335;13,3361726496686
371;6,339;13,2869654994839
372;6,344;13,0233199239406
373;6,348;12,4480604260041
374;6,353;11,6707975792215
375;6,357;10,9690390116419
376;6,362;10,3434119654603
377;6,366;9,60754710353667
378;6,370;8,91914879470708
379;6,375;8,16479596909076
380;6,379;7,32653381886061
381;6,384;6,75560229206843
382;6,388;6,11846535161159
383;6,393;5,43834663975379
384;6,397;4,8895724434941
385;6,402;4,48426421824767
386;6,406;4,01685901571273
387;6,410;3,59052249588451
388;6,415;3,12034174663743
389;6,419;2,72743723579383
390;6,424;2,38353602142158
391;6,428;2,03386417885686
392;6,433;1,67274516623643
393;6,437;1,40315647089706
394;6,442;1,19715445305892
395;6,446;0,991842401635095
396;6,450;0,883470631422764
397;6,455;0,708156437966845
398;6,459;0,59689935365828
399;6,464;0,553901901202455
400;6,468;0,449262222049382
401;6,473;0,410498654408682
402;6,477;0,363094825534152
403;6,481;0,294803831571671
404;6,486;0,303647946518821
405;6,490;0,240641468047812
406;6,495;0,23024492866845
407;6,499;0,197267670275086
408;6,504;0,165074464625265
409;6,508;0,173746087968836
410;6,513;0,159382241707153
411;6,517;0,167128682813344
412;6,521;0,153109819758819
413;6,526;0,18039485523407
414;6,530;0,162581176900803
415;6,535;0,154740649465386
416;6,539;0,14428138586654
417;6,544;0,139702517844256
418;6,548;0,137303316449019
419;6,553;0,128129899349581
420;6,557;0,151181050009707
421;6,561;0,13825986079614
422;6,566;0,143575738397352
423;6,570;0,138683249277652
424;6,575;0,15011473827849
425;6,579;0,164086558168403
426;6,584;0,172036852987915
427;6,588;0,156794867653465
428;6,593;0,156010814909923
429;6,597;0,160683769261432
430;6,601;0,166407354289286
431;6,606;0,171393929738211
432;6,610;0,147684174773511
433;6,615;0,136629031089573
434;6,619;0,143779592110673
435;6,624;0,126671561246594
436;6,628;0,137930558643852
437;6,633;0,119615086554719
438;6,637;0,12660883702711
439;6,641;0,132363784164706
440;6,646;0,112401801314135
441;6,650;0,111257084308564
442;6,655;0,100750777545106
443;6,659;0,132003119902677
444;6,664;0,173228613158099
445;6,668;0,30229937579993
446;6,672;0,583460689633976
447;6,677;1,1521655066345
448;6,681;2,01752451968145
449;6,686;3,14411422582162
450;6,690;4,41315063440844
451;6,695;5,52307137922091
452;6,699;6,28418273948656
453;6,704;6,64735597029506
454;6,708;6,67092459576593
455;6,712;6,4411500987436
456;6,717;6,24720681210113
457;6,721;5,87954879959957
458;6,726;5,53360904809411
459;6,730;5,01354686330291
460;6,735;4,57027480421419
461;6,739;4,20534529526015
462;6,744;3,79788876549641
463;6,748;3,43990596385015
464;6,752;3,06508170927262
465;6,757;2,73088706786541
466;6,761;2,56756888138568
467;6,766;2,35940287797536
468;6,770;2,36597323996624
469;6,775;2,73341171769961
470;6,779;3,46788096573972
471;6,784;4,55268066064911
472;6,788;5,80788637883986
473;6,792;6,83709673423215
474;6,797;7,61904821642114
475;6,801;7,90046042713312
476;6,806;7,96200856750114
477;6,810;7,80400625862262
478;6,815;7,30476851469989
479;6,819;6,89390919602918
480;6,824;6,42382253311133
481;6,828;5,87771411617968
482;6,832;5,39058214661724
483;6,837;4,88293935728374
484;6,841;4,32602669354609
485;6,846;3,90393973958786
486;6,850;3,40382385659236
487;6,855;2,97468042794226
488;6,859;2,60846507248881
489;6,863;2,18056044717351
490;6,868;1,91653852631328
491;6,872;1,58529192322179
492;6,877;1,32816966650473
493;6,881;1,07542242409664
494;6,886;0,905863177778314
495;6,890;0,777654873154379
496;6,895;0,617457216593943
497;6,899;0,519638796309683
498;6,903;0,445389001496286
499;6,908;0,356508782488402
500;6,912;0,312178440368555
501;6,917;0,263410359720262
502;6,921;0,212305801896216
503;6,926;0,208652116111312
504;6,930;0,174828080754924
505;6,935;0,159554733310732
506;6,939;0,148625038065761
507;6,943;0,124413489345194
508;6,948;0,129541194287956
509;6,952;0,105956887762223
510;6,957;0,109391038778935
511;6,961;0,0823412191267471
512;6,966;0,0940706481701307
513;6,970;0,0948076577490598
514;6,975;0,106897751054473
515;6,979;0,0973009454735224
516;6,983;0,0938667944568098
517;6,988;0,0903385571108723
518;6,992;0,0700786342177553
519;6,997;0,0898994875744889
520;7,001;0,0451143948633882
521;7,006;0,0753945118189679
522;7,010;0,0776839458301096
523;7,015;0,074343881142622
524;7,019;0,101268252355843
525;7,023;0,0831723150349013
526;7,028;0,121230235206414
527;7,032;0,0948076577490598
528;7,037;0,111460938021885
529;7,041;0,111821602283914
530;7,046;0,120179604530069
531;7,050;0,125213223143606
532;7,054;0,113609242539189
533;7,059;0,122688573309402
534;7,063;0,122578805925306
535;7,068;0,086308526009068
536;7,072;0,0912480582933806
537;7,077;0,0800361040607346
538;7,081;0,0812592263406596
539;7,086;0,0575337903210884
540;7,090;0,0513868168117217
541;7,094;0,0434051598824674
542;7,099;0,0506341261779216
543;7,103;0,0539428287556675
544;7,108;0,0479840279047508
545;7,112;0,0267048364450296
546;7,117;0,0374463590315506
547;7,121;0,060309337033226
548;7,126;0,0665190347620761
549;7,130;0,0527824306952258
550;7,134;0,0496462197210591
551;7,139;0,0390615076832465
552;7,143;0,0471842941063383
553;7,148;0,0437344620347549
554;7,152;0,0583335241195009
555;7,157;0,0698120562849511
556;7,161;0,112480206588489
557;7,166;0,300684227148234
558;7,170;0,650371750767823
559;7,174;1,29335772469148
560;7,179;2,28560783375322
561;7,183;3,56802018214486
562;7,188;4,99866554223049
563;7,192;6,35402615788125
564;7,197;7,23352948242169
565;7,201;7,76100880616679
566;7,206;7,75222741543913
567;7,210;7,63416475331662
568;7,214;7,25302103362614
569;7,219;6,67509575636157
570;7,223;6,16690413010759
571;7,228;5,49219538218024
572;7,232;4,93856005891059
573;7,237;4,36014866894502
574;7,241;3,76588373250504
575;7,246;3,2962204580687
576;7,250;2,80620317441002
577;7,254;2,41146398014653
578;7,259;2,08109551612781
579;7,263;1,79618643017963
580;7,268;1,93490104156703
581;7,272;2,53208265421298
582;7,277;4,13416898720144
583;7,281;6,90836712862009
584;7,285;10,7854138591045
585;7,290;15,3397253494601
586;7,294;20,1826466547135
587;7,299;24,171373857988
588;7,303;26,6391955493403
589;7,308;27,4086178686875
590;7,312;27,0463541390615
591;7,317;25,7065804919523
592;7,321;23,9696214060198
593;7,325;21,5957292333438
594;7,330;19,2302264250237
595;7,334;17,034753294668
596;7,339;14,9569037568985
597;7,343;12,8667602721102
598;7,348;10,9351836141758
599;7,352;9,15927278794415
600;7,357;7,49516788294155
601;7,361;6,09417539761667
602;7,365;4,8309723414418
603;7,370;3,77455535584861
604;7,374;2,95387166812866
605;7,379;2,35331862868548
606;7,383;1,80419944921863
607;7,388;1,43939538870356
608;7,392;1,1032406154375
609;7,397;0,926577851262686
610;7,401;0,746872962442933
611;7,405;0,63150744175821
612;7,410;0,536621378734796
613;7,414;0,454091986949599
614;7,419;0,377850698167606
615;7,423;0,346300415767489
616;7,428;0,296528747607463
617;7,432;0,243918808515816
618;7,437;0,232487319514979
619;7,441;0,208354176068766
620;7,445;0,180300768904845
621;7,450;0,174373330163669
622;7,454;0,149675668742107
623;7,459;0,16046423449324
624;7,463;0,156779186598594
625;7,468;0,131705179860131
626;7,472;0,128412158337256
627;7,476;0,117843127354314
628;7,481;0,114299208953506
629;7,485;0,111241403253693
630;7,490;0,100813501764589
631;7,494;0,0914205498969598
632;7,499;0,0910442045800598
633;7,503;0,0717408260340636
634;7,508;0,0953094515049265
635;7,512;0,0887234084591764
636;7,516;0,105188516073552
637;7,521;0,0964541685104974
638;7,525;0,0987906456862516
639;7,530;0,0819962359195888
640;7,534;0,0913421446226056
641;7,539;0,102569779910122
642;7,543;0,0982261277109016
643;7,548;0,092251645805114
644;7,552;0,0637121259401968
645;7,556;0,0792206892074513
646;7,561;0,0512300062630133
647;7,565;0,0668012937497511
648;7,570;0,0515593084153008
649;7,574;0,0362702799162381
650;7,579;0,0486896753739383
651;7,583;0,0283043040418546
652;7,588;0,0538330613715717
653;7,592;0,0492698744041591
654;7,596;0,0674442169994552
655;7,601;0,0498657544892508
656;7,605;0,0794402239756429
657;7,610;0,0895858664770723
658;7,614;0,156732143433982
659;7,619;0,284720913289725
660;7,623;0,642593947551889
661;7,628;1,1931871461766
662;7,632;2,18835393144431
663;7,636;3,55304477474321
664;7,641;5,20865054800582
665;7,645;6,6870133580634
666;7,650;7,81956186505449
667;7,654;8,68154945130421
668;7,659;8,87663745495225
669;7,663;8,69665030714482
670;7,667;8,17467503365938
671;7,672;7,51875218946729
672;7,676;6,86121419662349
673;7,681;5,94674211972109
674;7,685;5,21326077813785
675;7,690;4,42721654062757
676;7,694;3,59420754377915
677;7,699;2,98543763158365
678;7,703;2,39184698050312
679;7,707;1,95197771032136
680;7,712;1,51726750719212
681;7,716;1,22741888895963
682;7,721;0,981728121243407
683;7,725;0,785166098437508
684;7,730;0,61795901034981
685;7,734;0,503832292999883
686;7,739;0,379795148971589
687;7,743;0,313715183745897
688;7,747;0,257467239924217
689;7,752;0,212070586073153
690;7,756;0,17965784565514
691;7,761;0,148515270681665
692;7,765;0,134559131846623
693;7,770;0,13470026134046
694;7,774;0,093098422768139
695;7,779;0,100797820709718
696;7,783;0,084803144741468
697;7,787;0,123096280736044
698;7,792;0,197879231415049
699;7,796;0,425317251261619
700;7,801;0,911210417489269
701;7,805;1,73620639529869
702;7,810;3,13403130753967
703;7,814;4,86758760456519
704;7,819;6,69245468410358
705;7,823;8,32852186299713
706;7,827;9,40449312401425
707;7,832;9,95693668711372
708;7,836;10,1112853102073
709;7,841;9,76272682253844
710;7,845;9,12712662545895
711;7,850;8,03806168362468
712;7,854;6,99677691598185
713;7,858;5,94296298549722
714;7,863;4,91091435917331
715;7,867;4,03081515454777
716;7,872;3,1813253690301
717;7,876;2,47665012524459
718;7,881;1,90565587423292
719;7,885;1,46901690135456
720;7,890;1,17024576290057
721;7,894;0,875912362975022
722;7,898;0,646733746037789
723;7,903;0,531493673792033
724;7,907;0,395899592323935
725;7,912;0,337769921917755
726;7,916;0,284407292192309
727;7,921;0,237473894963904
728;7,925;0,224270446762662
729;7,930;0,211804008140349
730;7,934;0,178481766539828
731;7,938;0,175439641894886
732;7,943;0,182935186123145
733;7,947;0,188141296340261
734;7,952;0,170766687543378
735;7,956;0,16328682436999
736;7,961;0,160621045041948
737;7,965;0,121998606895085
738;7,970;0,149565901358011
739;7,974;0,106082336201189
740;7,978;0,111398213802402
741;7,983;0,10064101016101
742;7,987;0,0758335813553512
743;7,992;0,0889272621724972
744;7,996;0,0466197761309882
745;8,001;0,0385126707627673
746;8,005;0,0299351337484213
747;8,010;0,0364270904649464
748;8,014;0,0561068143278426
749;8,018;0,0260619131953254
750;8,023;0,0360193830383047
751;8,027;0,0251994551774296
752;8,032;0,0243213161046629
753;8,036;0
754;8,041;0,0174843761809794
755;8,045;0,030436927504288
756;8,049;0,0278181913408588
757;8,054;0,0285708819746588
758;8,058;0,0246349372020796
759;8,063;0,0459454907715424
760;8,067;0,023741117074442
761;8,072;0,0149126831821627
762;8,076;0,0232863664831879
763;8,081;0,0138463714509461
764;8,085;0,0344199154414797
765;8,089;0,0356430377214047
766;8,094;0,019789491246992
767;8,098;0,0292451673341046
768;8,103;0,0266421122255463
769;8,107;0,0354705461178256
770;8,112;0,0315346013452463
771;8,116;0,0387165244760881
772;8,121;0,011588299549546
773;8,125;0,0100358751173335
774;8,129;0,0431229008947924
775;8,134;0,0547582436089509
776;8,138;0,0349687523619589
777;8,143;0,0632416942940718
778;8,147;0,0580826272415676
779;8,152;0,117686316805606
780;8,156;0,281725831809396
781;8,161;0,557147879560717
782;8,165;1,21697530641565
783;8,169;2,24281423501071
784;8,174;3,74954407332963
785;8,178;5,74821996505634
786;8,183;7,54214832333457
787;8,187;9,11019108619844
788;8,192;10,1766909900736
789;8,196;10,4793196680258
790;8,201;10,5093332070486
791;8,205;9,56487895323314
792;8,209;8,48997400394724
793;8,214;7,27370434500077
794;8,218;6,21800868793164
795;8,223;5,00404414405119
796;8,227;4,03194419049847
797;8,232;3,14964963819102
798;8,236;2,36614573156982
799;8,241;1,82322056877695
800;8,245;1,36409496321381
801;8,249;1,07466973346284
802;8,254;0,825780030552967
803;8,258;0,619683926385602
804;8,263;0,488950971927462
805;8,267;0,387322055309589
806;8,272;0,347884202309443
807;8,276;0,289534997135071
808;8,280;0,218343008021487
809;8,285;0,201062485553828
810;8,289;0,188376512163324
811;8,294;0,152811879716273
812;8,298;0,158159119427228
813;8,303;0,159366560652282
814;8,307;0,123331496559106
815;8,312;0,129901858549985
816;8,316;0,0896485906965556
817;8,320;0,110676885278343
818;8,325;0,0980222739975807
819;8,329;0,18698089827982
820;8,334;0,347711710705864
821;8,338;0,84351530361188
822;8,343;1,85963197818703
823;8,347;3,76201051195194
824;8,352;6,57870431207055
825;8,356;10,3532596679192
826;8,360;14,8165583158045
827;8,365;19,0572173466338
828;8,369;22,6120340805774
829;8,374;24,4749120371227
830;8,378;24,4572394882833
831;8,383;23,3884031072324
832;8,387;21,0231825578999
833;8,392;17,8873949722147
834;8,396;14,8108190497218
835;8,400;11,6205241173056
836;8,405;8,9305332405433
837;8,409;6,71997493540189
838;8,414;5,00002979400425
839;8,418;3,69812589440817
840;8,423;2,73689291188094
841;8,427;2,06431678741602
842;8,432;1,549209815964
843;8,436;1,2472711044261
844;8,440;0,999588842741287
845;8,445;0,768591223439037
846;8,449;0,697791260697224
847;8,454;0,560284090534884
848;8,458;0,479918684321862
849;8,463;0,439320433261274
850;8,467;0,345814303066493
851;8,471;0,335480487906614
852;8,476;0,321837970168988
853;8,480;0,276112014165638
854;8,485;0,257279067265767
855;8,489;0,23797568871977
856;8,494;0,238038412939254
857;8,498;0,216963075192853
858;8,503;0,18829810688897
859;8,507;0,174796718645182
860;8,511;0,149142512876498
861;8,516;0,151729886930186
862;8,520;0,135123649821973
863;8,525;0,141850822361561
864;8,529;0,131030894500685
865;8,534;0,123159004955527
866;8,538;0,146821716755615
867;8,543;0,258988302246687
868;8,547;0,47179589789877
869;8,551;0,961405474130807
870;8,556;1,86239184384429
871;8,560;3,25272121185701
872;8,565;5,10884063375297
873;8,569;7,46430756695575
874;8,574;9,3458616598522
875;8,578;11,0477422260386
876;8,583;11,9970732879189
877;8,587;11,9110313398426
878;8,591;11,0370007034521
879;8,596;9,85958869847558
880;8,600;8,34594351495863
881;8,605;6,95688431239045
882;8,609;5,37491677280127
883;8,614;4,17961268421711
884;8,618;3,17837733071439
885;8,623;2,38715834509674
886;8,627;1,74545821767249
887;8,631;1,31865126619814
888;8,636;1,01823361698271
889;8,640;0,795954664188642
890;8,645;0,635396343366177
891;8,649;0,55042070702113
892;8,654;0,60158798906466
893;8,658;0,81003625146265
894;8,662;1,45390036445908
895;8,667;2,66937028960713
896;8,671;5,0612956753846
897;8,676;8,4370347627033
898;8,680;12,6327989334374
899;8,685;17,0065430769554
900;8,689;20,9176647396741
901;8,694;23,5467817614278
902;8,698;24,4258460164319
903;8,702;23,6172994651819
904;8,707;21,0913010602588
905;8,711;18,0082018189396
906;8,716;14,5561430375646
907;8,720;11,512309157642
908;8,725;8,66110135575264
909;8,729;6,39823105156213
910;8,734;4,74620055881007
911;8,738;3,45143153918021
912;8,742;2,63840020623723
913;8,747;2,00675163498519
914;8,751;1,49180147408188
915;8,756;1,18242994253521
916;8,760;1,01755933162326
917;8,765;0,838340555504505
918;8,769;0,705490658638803
919;8,774;0,575416308485238
920;8,778;0,509179532710837
921;8,782;0,446188735294699
922;8,787;0,401576134187177
923;8,791;0,346253372602876
924;8,796;0,300104028118013
925;8,800;0,287496460001863
926;8,805;0,245063525521387
927;8,809;0,241629374504675
928;8,814;0,202254245724012
929;8,818;0,20203471095582
930;8,822;0,202395375217849
931;8,827;0,169324030495261
932;8,831;0,180818243715582
933;8,836;0,183829006250782
934;8,840;0,154238855709519
935;8,845;0,122186779553535
936;8,849;0,109140141901002
937;8,853;0,109171504010743
938;8,858;0,118454688494277
939;8,862;0,13430823496869
940;8,867;0,114079674185314
941;8,871;0,19940029373752
942;8,876;0,401529091022565
943;8,880;0,75924531473602
944;8,885;1,5670078132424
945;8,889;2,84865178994537
946;8,893;4,63698201163472
947;8,898;6,89241949581645
948;8,902;8,91127690516192
949;8,907;10,5981350207821
950;8,911;11,5131245724952
951;8,916;11,3230701874607
952;8,920;10,5578190287092
953;8,925;9,23347553959294
954;8,929;7,63455677968839
955;8,933;5,95720138331994
956;8,938;4,55633434643402
957;8,942;3,42049281792006
958;8,947;2,4536303366942
959;8,951;1,77725939695054
960;8,956;1,35131490349408
961;8,960;1,00089037029557
962;8,965;0,781214472610058
963;8,969;0,631037010112085
964;8,973;0,514777669299725
965;8,978;0,43248349333759
966;8,982;0,36814412520256
967;8,987;0,305027879347455
968;8,991;0,272489690490475
969;8,996;0,224442938366241
970;9,000;0,220491312538791
971;9,005;0,182747013464695
972;9,009;0,144877265951631
973;9,013;0,167552071294857
974;9,018;0,160668088206561
975;9,022;0,148389822242698
976;9,027;0,149330685534948
977;9,031;0,178042697003444
978;9,036;0,13186199040884
979;9,040;0,133508501170277
980;9,044;0,164196325552498
981;9,049;0,16705027753899
982;9,053;0,159680181749698
983;9,058;0,15500722739819
984;9,062;0,122421995376598
985;9,067;0,11776472207996
986;9,071;0,131156342939652
987;9,076;0,14428138586654
988;9,080;0,103259746324439
989;9,084;0,131422920872456
990;9,089;0,139122318814036
991;9,093;0,120508906682356
992;9,098;0,121669304742798
993;9,102;0,154599519971548
994;9,107;0,127220398167073
995;9,111;0,165654663655486
996;9,116;0,154944503178707
997;9,120;0,138338266070494
998;9,124;0,169543565263453
999;9,129;0,191277507314428
1000;9,133;0,368536151574331
1001;9,138;0,736492104118441
1002;9,142;1,37141801583849
1003;9,147;2,53456026088257
1004;9,151;4,17186624311092
1005;9,156;6,23359565647325
1006;9,160;8,41073763368491
1007;9,164;10,0851763538474
1008;9,169;11,2108095156404
1009;9,173;11,1257711550759
1010;9,178;10,4355695249362
1011;9,182;9,0970974053813
1012;9,187;7,3719147916568
1013;9,191;5,86687850726393
1014;9,196;4,44509294318032
1015;9,200;3,30635041951526
1016;9,204;2,39449707877629
1017;9,209;1,74312174049673
1018;9,213;1,33083544583278
1019;9,218;0,996593761260958
1020;9,222;0,807245023695642
1021;9,227;0,652661184778965
1022;9,231;0,539804632873575
1023;9,236;0,470619818783457
1024;9,240;0,38263341990321
1025;9,244;0,340984538166276
1026;9,249;0,334037830858497
1027;9,253;0,295493797985988
1028;9,258;0,254550563718242
1029;9,262;0,215630185528833
1030;9,267;0,204935706106924
1031;9,271;0,203398962729582
1032;9,275;0,161232606181911
1033;9,280;0,160260380779919
1034;9,284;0,167755925008178
1035;9,289;0,133461458005665
1036;9,293;0,139122318814036
1037;9,298;0,136017469949611
1038;9,302;0,104326058055656
1039;9,307;0,112464525533618
1040;9,311;0,0957798831510515
1041;9,315;0,0901347033975514
1042;9,320;0,0697493320654678
1043;9,324;0,093380681755814
1044;9,329;0,0793147755366763
1045;9,333;0,0804281304325054
1046;9,338;0,0685732529501553
1047;9,342;0,0887077274043056
1048;9,347;0,0585687399425634
1049;9,351;0,0721014902960928
1050;9,355;0,082639159169293
1051;9,360;0,0677107949322594
1052;9,364;0,0801458714448304
1053;9,369;0,0731678020273095
1054;9,373;0,081416036889368
1055;9,378;0,0708470059064261
1056;9,382;0,0694513920229219
1057;9,387;0,101440743959422
1058;9,391;0,0720701281863511
1059;9,395;0,0901503844524223
1060;9,400;0,0808828810237596
1061;9,404;0,091404868842089
1062;9,409;0,109908513589673
1063;9,413;0,0572985744980259
1064;9,418;0,110143729412735
1065;9,422;0,151118325790223
1066;9,427;0,25847082743595
1067;9,431;0,622945585798735
1068;9,435;1,37723568719557
1069;9,440;2,97212441599831
1070;9,444;5,59308728921918
1071;9,449;9,57118273729121
1072;9,453;14,6168287199147
1073;9,458;20,2031261123748
1074;9,462;25,6478235793513
1075;9,466;29,688721652181
1076;9,471;30,8857349757461
1077;9,475;29,1554403381337
1078;9,480;25,2589961427741
1079;9,484;20,4980397113306
1080;9,489;16,5586451066798
1081;9,493;13,8364923863774
1082;9,498;12,4730403464133
1083;9,502;12,3154300639066
1084;9,506;12,5947410132659
1085;9,511;12,8615227997833
1086;9,515;12,5451418367094
1087;9,520;11,539374658349
1088;9,524;10,0528263376489
1089;9,529;8,41156872959307
1090;9,533;6,73764748424132
1091;9,538;5,24324295505088
1092;9,542;3,95761599041072
1093;9,546;3,07129140700147
1094;9,551;2,28571760113732
1095;9,555;1,87275702111391
1096;9,560;1,45390036445908
1097;9,564;1,21807298025661
1098;9,569;1,0321113505434
1099;9,573;0,901770422457027
1100;9,578;0,737919080111687
1101;9,582;0,704079363700428
1102;9,586;0,661928688207627
1103;9,591;0,5560815678295
1104;9,595;0,504036146713204
1105;9,600;0,438897044779761
1106;9,604;0,434898375787699
1107;9,609;0,390254412570435
1108;9,613;0,333379226553922
1109;9,618;0,328674910092672
1110;9,622;0,324378301058063
1111;9,626;0,348480082394535
1112;9,631;0,322951325064818
1113;9,635;0,305074922512067
1114;9,640;0,296873730814621
1115;9,644;0,308258176650847
1116;9,649;0,272709225258667
1117;9,653;0,27578271201335
1118;9,657;0,243636549528141
1119;9,662;0,238932233066891
1120;9,666;0,219472043972187
1121;9,671;0,219409319752703
1122;9,675;0,238320671926929
1123;9,680;0,2722074315028
1124;9,684;0,387212287925494
1125;9,689;0,674520575268907
1126;9,693;1,31341379387128
1127;9,697;2,35322454235625
1128;9,702;3,97765637853565
1129;9,706;5,73509492212945
1130;9,711;7,69318824385044
1131;9,715;9,42087982635427
1132;9,720;10,3361829991648
1133;9,724;10,2512387249295
1134;9,729;9,34545395242556
1135;9,733;8,04544746046884
1136;9,737;6,54420599135472
1137;9,742;5,02858499492404
1138;9,746;3,87091543802988
1139;9,751;3,23511138723706
1140;9,755;3,1949835678226
1141;9,760;3,75550287418055
1142;9,764;5,34204928179201
1143;9,769;7,54854619372187
1144;9,773;10,2431316195613
1145;9,777;12,5516337934259
1146;9,782;13,9032623180174
1147;9,786;14,1822596462793
1148;9,791;13,3612152942973
1149;9,795;11,3757585318267
1150;9,800;9,17042201795732
1151;9,804;7,00784774072066
1152;9,809;5,18940989367931
1153;9,813;3,91024352364593
1154;9,817;2,87184407009933
1155;9,822;2,19716668428172
1156;9,826;1,75209130388285
1157;9,831;1,32986322043078
1158;9,835;1,11388805169479
1159;9,840;0,924335460416156
1160;9,844;0,823788536584371
1161;9,848;0,678487882151227
1162;9,853;0,634220264250864
1163;9,857;0,565991994507867
1164;9,862;0,506043321736671
1165;9,866;0,478476027273745
1166;9,871;0,437971862542382
1167;9,875;0,387212287925494
1168;9,880;0,362655755997768
1169;9,884;0,357904396371906
1170;9,888;0,334618029888718
1171;9,893;0,32356288620478
1172;9,897;0,285959716624521
1173;9,902;0,263692618707938
1174;9,906;0,230840808753541
1175;9,911;0,231091705631475
1176;9,915;0,189097840687382
1177;9,920;0,243683592692754
1178;9,924;0,222153504355099
1179;9,928;0,189286013345832
1180;9,933;0,201674046693791
1181;9,937;0,226857820816349
1182;9,942;0,223000281318124
1183;9,946;0,213293708353078
1184;9,951;0,20560999146637
1185;9,955;0,218327326966616
1186;9,960;0,224035230939599
1187;9,964;0,238101137158737
1188;9,968;0,315973255647297
1189;9,973;0,553870539092713
1190;9,977;0,970767063888695
1191;9,982;1,84100288500048
1192;9,986;3,43071686569584
1193;9,991;5,72941838026621
1194;9,995;8,63745432500743
1195;10,000;11,7699645702246
1196;10,004;14,545040850716
1197;10,008;15,8026300892472
1198;10,013;15,2978255708453
1199;10,017;13,4500327890857
1200;10,022;10,7430279677886
1201;10,026;8,26451179701439
1202;10,031;6,02197982099135
1203;10,035;4,44328962187018
1204;10,040;3,23294740166489
1205;10,044;2,50233569312301
1206;10,048;1,92646463404652
1207;10,053;1,58916514377489
1208;10,057;1,32344966898861
1209;10,062;1,09110347896747
1210;10,066;0,947794318502923
1211;10,071;0,816873191386334
1212;10,075;0,745806650711716
1213;10,079;0,643393681350302
1214;10,084;0,587553444955264
1215;10,088;0,550906819722125
1216;10,093;0,478507389383487
1217;10,097;0,484387784960049
1218;10,102;0,401795668955369
1219;10,106;0,385973484590698
1220;10,111;0,415297057199157
1221;10,115;0,37755275812506
1222;10,119;0,350957689064126
1223;10,124;0,323406075656072
1224;10,128;0,348558487668889
1225;10,133;0,334006468748755
1226;10,137;0,288860711775625
1227;10,142;0,306219639517638
1228;10,146;0,252041594938908
1229;10,151;0,267706968754871
1230;10,155;0,243824722186591
1231;10,159;0,262673350141333
1232;10,164;0,21690035097337
1233;10,168;0,236344859013204
1234;10,173;0,230339014997675
1235;10,177;0,209420487799982
1236;10,182;0,247447045861754
1237;10,186;0,241331434462129
1238;10,191;0,211129722780903
1239;10,195;0,210471118476328
1240;10,199;0,176803893668649
1241;10,204;0,208213046574928
1242;10,208;0,213340751517691
1243;10,213;0,204825938722828
1244;10,217;0,282086496071425
1245;10,222;0,384060395896456
1246;10,226;0,733481341583241
1247;10,231;1,45386900234934
1248;10,235;2,68523951713641
1249;10,239;4,43764444211668
1250;10,244;6,81655455235136
1251;10,248;9,26022741920258
1252;10,253;11,3286055998301
1253;10,257;12,1113411347627
1254;10,262;11,9753236648131
1255;10,266;10,8489221313313
1256;10,270;9,13087439757307
1257;10,275;7,11839917756003
1258;10,279;5,41502891116087
1259;10,284;4,04927175613074
1260;10,288;3,02649063323549
1261;10,293;2,30627546407298
1262;10,297;1,75210698493772
1263;10,302;1,38879262463538
1264;10,306;1,14456019502214
1265;10,310;0,922469414886527
1266;10,315;0,803654062130221
1267;10,319;0,686297047476903
1268;10,324;0,614587583552581
1269;10,328;0,549809145881167
1270;10,333;0,478366259889649
1271;10,337;0,444573586643003
1272;10,342;0,425583829194423
1273;10,346;0,381222124964835
1274;10,350;0,367720736721047
1275;10,355;0,370998077189052
1276;10,359;0,326636372959464
1277;10,364;0,307662296565755
1278;10,368;0,301264426178455
1279;10,373;0,311080766527597
1280;10,377;0,277805568091688
1281;10,382;0,283591877339025
1282;10,386;0,2567772735099
1283;10,390;0,249375815610866
1284;10,395;0,247290235313046
1285;10,399;0,239590837371466
1286;10,404;0,191544085247232
1287;10,408;0,214203209535587
1288;10,413;0,202552185766557
1289;10,417;0,210251583708137
1290;10,422;0,19864760310372
1291;10,426;0,18980348815657
1292;10,430;0,196640428080253
1293;10,435;0,195887737446453
1294;10,439;0,180755519496099
1295;10,444;0,194366675123982
1296;10,448;0,18321744511082
1297;10,453;0,182229538653957
1298;10,457;0,164494265595044
1299;10,461;0,176505953626103
1300;10,466;0,197800826140695
1301;10,470;0,182715651354953
1302;10,475;0,155461977989444
1303;10,479;0,184816912707645
1304;10,484;0,187890399462328
1305;10,488;0,197408799768924
1306;10,493;0,170954860201828
1307;10,497;0,148076201145282
1308;10,501;0,181225951142224
1309;10,506;0,194993917318816
1310;10,510;0,259552820222037
1311;10,515;0,400353011907252
1312;10,519;0,747923593119279
1313;10,524;1,4720590259995
1314;10,528;2,91651939542634
1315;10,533;5,20115500377757
1316;10,537;8,51812149744038
1317;10,541;13,1124196777167
1318;10,546;18,5688152116268
1319;10,550;24,1476797840781
1320;10,555;28,8160239054545
1321;10,559;31,1803349536045
1322;10,564;30,5003573712405
1323;10,568;26,8355537184329
1324;10,573;21,8758242354466
1325;10,577;16,8335496796204
1326;10,581;13,1358942168583
1327;10,586;10,8212764315941
1328;10,590;10,0325036905363
1329;10,595;10,2542338064099
1330;10,599;11,3674318916903
1331;10,604;12,2591507579751
1332;10,608;12,824421423959
1333;10,613;12,5420840310096
1334;10,617;11,7605559373021
1335;10,621;10,3169580258932
1336;10,626;8,55500333849658
1337;10,630;6,79563602515367
1338;10,635;5,32614869215298
1339;10,639;4,0857458897603
1340;10,644;3,15792923516282
1341;10,648;2,58825219276031
1342;10,652;2,0917429523851
1343;10,657;1,74895509290868
1344;10,661;1,5287303583027
1345;10,666;1,274963847328
1346;10,670;1,16990077969341
1347;10,675;1,03479281092631
1348;10,679;0,949534915593586
1349;10,684;0,888080861554789
1350;10,688;0,825732987388355
1351;10,692;0,779301383915817
1352;10,697;0,671353002184998
1353;10,701;0,624247113353014
1354;10,706;0,606355029745393
1355;10,710;0,583319560140138
1356;10,715;0,587663212339359
1357;10,719;0,556536318420755
1358;10,724;0,544132604017925
1359;10,728;0,514056340775667
1360;10,732;0,519231088883042
1361;10,737;0,471341147307516
1362;10,741;0,478617156767583
1363;10,746;0,469365334393791
1364;10,750;0,441108073516549
1365;10,755;0,507627108278625
1366;10,759;0,49098950906067
1367;10,764;0,489735024671004
1368;10,768;0,486410641038387
1369;10,772;0,499582727129887
1370;10,777;0,551298846093896
1371;10,781;0,605382804343401
1372;10,786;0,826422953802672
1373;10,790;1,2598002672679
1374;10,795;2,02167999922222
1375;10,799;3,40180100051403
1376;10,804;5,13874440539165
1377;10,808;7,06052040403179
1378;10,812;9,14611638290753
1379;10,817;10,524700640822
1380;10,821;10,9919019896436
1381;10,826;10,4984662360231
1382;10,830;9,35937872915086
1383;10,835;7,79872174313115
1384;10,839;6,45705068838263
1385;10,843;5,38341590454126
1386;10,848;4,95475858859216
1387;10,852;5,38330613715717
1388;10,857;6,81333993610284
1389;10,861;9,69164460080895
1390;10,866;13,4710454026127
1391;10,870;17,7443837517927
1392;10,875;21,3423233866311
1393;10,879;23,6440983879562
1394;10,883;23,8495045257092
1395;10,888;22,2561211781741
1396;10,892;19,2495611656794
1397;10,897;15,5770110717656
1398;10,901;12,2105081257658
1399;10,906;9,36624703118429
1400;10,910;7,10793991396119
1401;10,915;5,50268600788883
1402;10,919;4,29010139683701
1403;10,923;3,4405802492096
1404;10,928;2,84749139188493
1405;10,932;2,3803527672828
1406;10,937;2,04967068216666
1407;10,941;1,78488038961776
1408;10,946;1,57911358760268
1409;10,950;1,40408165313444
1410;10,955;1,27276849964608
1411;10,959;1,13535541581296
1412;10,963;1,07474813873719
1413;10,968;0,949848536691003
1414;10,972;0,897364046038323
1415;10,977;0,830939097605472
1416;10,981;0,790121311776692
1417;10,986;0,747609972021862
1418;10,990;0,709410922356511
1419;10,995;0,712092382739424
1420;10,999;0,67702954404824
1421;11,003;0,655734671533648
1422;11,008;0,603908785185543
1423;11,012;0,573644349284834
1424;11,017;0,492087182901629
1425;11,021;0,546704297016742
1426;11,026;0,527040254208717
1427;11,030;0,464927595865345
1428;11,035;0,450438301164695
1429;11,039;0,438630466846957
1430;11,043;0,433957512495449
1431;11,048;0,424642965902173
1432;11,052;0,420738383239336
1433;11,057;0,404351680899315
1434;11,061;0,385330561340994
1435;11,066;0,418260776569744
1436;11,070;0,470321878740912
1437;11,074;0,67495964480529
1438;11,079;1,07156488459841
1439;11,083;1,82975956865809
1440;11,088;3,01830512259292
1441;11,092;4,87255849895925
1442;11,097;7,24645067163526
1443;11,101;9,94182015021823
1444;11,106;12,4764431353203
1445;11,110;13,9562799645357
1446;11,114;14,2735547477373
1447;11,119;13,3086523983703
1448;11,123;11,6577666226238
1449;11,128;9,42191477597575
1450;11,132;7,4570786006603
1451;11,137;5,81498989669635
1452;11,141;4,56019188593224
1453;11,146;3,63598187395505
1454;11,150;2,92846835923791
1455;11,154;2,5206198031024
1456;11,159;2,062983897752
1457;11,163;1,78751480683606
1458;11,168;1,5714141896611
1459;11,172;1,39837374916146
1460;11,177;1,27822550674113
1461;11,181;1,20643763754245
1462;11,186;1,06363027083377
1463;11,190;1,0116789360467
1464;11,194;0,91818848690679
1465;11,199;0,880177609899889
1466;11,203;0,804030407447121
1467;11,208;0,758712158870412
1468;11,212;0,732603202510474
1469;11,217;0,709097301259095
1470;11,221;0,664814002303861
1471;11,226;0,621330437147039
1472;11,230;0,623196482676668
1473;11,234;0,576529663381067
1474;11,239;0,589513576814118
1475;11,243;0,529110153451667
1476;11,248;0,552710141032271
1477;11,252;0,539663503379738
1478;11,257;0,517255275969317
1479;11,261;0,489844792055099
1480;11,265;0,495411566534245
1481;11,270;0,44921517888477
1482;11,274;0,411094534493773
1483;11,279;0,413823038041298
1484;11,283;0,421161771720848
1485;11,288;0,405417992630531
1486;11,292;0,415516591967348
1487;11,297;0,39409627101379
1488;11,301;0,380312623782327
1489;11,305;0,368238211531785
1490;11,310;0,370417878158831
1491;11,314;0,358829578609285
1492;11,319;0,359096156542089
1493;11,323;0,363016420259797
1494;11,328;0,359958614559985
1495;11,332;0,360711305193785
1496;11,337;0,366325122837543
1497;11,341;0,462747929238299
1498;11,345;0,656361913728481
1499;11,350;1,01271388566817
1500;11,354;1,64403315476793
1501;11,359;2,74059364083046
1502;11,363;4,36488434751601
1503;11,368;6,35106243851066
1504;11,372;8,55879815377532
1505;11,377;10,2416105572388
1506;11,381;11,3800865029711
1507;11,385;11,4042196464173
1508;11,390;10,663462295374
1509;11,394;9,13179957981045
1510;11,399;7,67054480061696
1511;11,403;6,12995956483191
1512;11,408;4,80503587668544
1513;11,412;3,77786405842636
1514;11,417;2,97315936561979
1515;11,421;2,39598677898902
1516;11,425;2,00973103541064
1517;11,430;1,63838797501443
1518;11,434;1,43900336233179
1519;11,439;1,24416625556168
1520;11,443;1,10520074729635
1521;11,448;0,958771056912507
1522;11,452;0,933132532198694
1523;11,456;0,940094920561344
1524;11,461;1,04459347022058
1525;11,465;1,34755145032508
1526;11,470;1,94689704854321
1527;11,474;2,7578271201335
1528;11,479;3,96178715100636
1529;11,483;5,4303336207148
1530;11,488;6,78682327231626
1531;11,492;7,91065311279916
1532;11,496;8,48973878812417
1533;11,501;8,47882477393407
1534;11,505;7,90582334789894
1535;11,510;7,16602254120276
1536;11,514;6,05784239348095
1537;11,519;4,94365640174361
1538;11,523;3,87541590077781
1539;11,528;3,10351597476103
1540;11,532;2,46652016379803
1541;11,536;2,02581979770812
1542;11,541;1,59228567369418
1543;11,545;1,36349908312872
1544;11,550;1,16281294289179
1545;11,554;1,00509289300095
1546;11,559;0,939624488915219
1547;11,563;0,77767055420925
1548;11,568;0,784115467761162
1549;11,572;0,674520575268907
1550;11,576;0,652692546888706
1551;11,581;0,591316898124264
1552;11,585;0,554403694958321
1553;11,590;0,507266444016596
1554;11,594;0,514605177696146
1555;11,599;0,467640418357999
1556;11,603;0,475308454189837
1557;11,608;0,420487486361403
1558;11,612;0,441233521955515
1559;11,616;0,431244690002794
1560;11,621;0,410608421792777
1561;11,625;0,417711939649265
1562;11,630;0,35948818291386
1563;11,634;0,365462664819647
1564;11,639;0,375561264156464
1565;11,643;0,431119241563828
1566;11,647;0,458937432904686
1567;11,652;0,59520579973223
1568;11,656;0,846620152476305
1569;11,661;1,36100579540426
1570;11,665;2,18333599388564
1571;11,670;3,51305808482259
1572;11,674;5,55923189175305
1573;11,679;8,24316988133518
1574;11,683;11,5562317923352
1575;11,687;15,3933231950087
1576;11,692;19,5013048205758
1577;11,696;22,9261412906951
1578;11,701;25,423756986302
1579;11,705;25,7470376135191
1580;11,710;24,175137311157
1581;11,714;21,4192075986628
1582;11,719;17,4691028335353
1583;11,723;13,8250765784315
1584;11,727;10,8475578795576
1585;11,732;8,43951236937289
1586;11,736;6,62331691317808
1587;11,741;5,39749749181527
1588;11,745;4,56130524082807
1589;11,750;3,88335051454245
1590;11,754;3,34356156272375
1591;11,759;2,83629511870715
1592;11,763;2,53029501395771
1593;11,767;2,29818403975963
1594;11,772;2,09295039361016
1595;11,776;1,84417045808438
1596;11,781;1,67232177775492
1597;11,785;1,5557174537354
1598;11,790;1,49358911433716
1599;11,794;1,36848565857765
1600;11,799;1,25247721464322
1601;11,803;1,24995256480902
1602;11,807;1,14281959793148
1603;11,812;1,09030374516906
1604;11,816;1,03184477261059
1605;11,821;0,968948061523678
1606;11,825;0,90841918972226
1607;11,830;0,869404725203626
1608;11,834;0,816669337673013
1609;11,838;0,766301789427896
1610;11,843;0,770645441627116
1611;11,847;0,757708571358679
1612;11,852;0,738028847495783
1613;11,856;0,67928761594964
1614;11,861;0,641731489533994
1615;11,865;0,615528446844831
1616;11,870;0,645228364770189
1617;11,874;0,602042739655914
1618;11,878;0,542313601652909
1619;11,883;0,556881301627913
1620;11,887;0,560001831547209
1621;11,892;0,549636654277588
1622;11,896;0,529329688219858
1623;11,901;0,541890213171396
1624;11,905;0,493718012608195
1625;11,910;0,478915096810128
1626;11,914;0,499410235526308
1627;11,918;0,469710317600949
1628;11,923;0,454389926992145
1629;11,927;0,45523670395517
1630;11,932;0,442362557906215
1631;11,936;0,427638047382503
1632;11,941;0,444871526685549
1633;11,945;0,416990611125207
1634;11,950;0,397342249372052
1635;11,954;0,419248683026607
1636;11,958;0,412051078840894
1637;11,963;0,397091352494119
1638;11,967;0,368457746299977
1639;11,972;0,393233812995894
1640;11,976;0,354987720165931
1641;11,981;0,360366321986627
1642;11,985;0,367924590434368
1643;11,990;0,369680868579902
1644;11,994;0,394409892111206
1645;11,998;0,396683645067477
1646;12,003;0,483290111119091
1647;12,007;0,61137296730406
1648;12,012;0,884631029483206
1649;12,016;1,30417765255236
1650;12,021;2,00146711949372
1651;12,025;3,11899317591854
1652;12,030;4,53492970653533
1653;12,034;6,28258327188973
1654;12,038;8,28464627146854
1655;12,043;9,91682454875412
1656;12,047;11,2555475651869
1657;12,052;11,6453001840015
1658;12,056;11,3260652689411
1659;12,061;10,3994560555686
1660;12,065;8,99995327045649
1661;12,069;7,49916655193362
1662;12,074;6,18915554696931
1663;12,078;5,09148170601096
1664;12,083;4,20636456382675
1665;12,087;3,43990596385015
1666;12,092;2,92933081725581
1667;12,096;2,58326561731138
1668;12,101;2,1435217955686
1669;12,105;1,87923329677557
1670;12,109;1,73379151284859
1671;12,114;1,5277581329007
1672;12,118;1,34254919382129
1673;12,123;1,29075466958292
1674;12,127;1,17371127602702
1675;12,132;1,07355637856701
1676;12,136;0,989270708636278
1677;12,141;0,903856002754848
1678;12,145;0,88997826919416
1679;12,149;0,858051641477143
1680;12,154;0,813736980412167
1681;12,158;0,779301383915817
1682;12,163;0,75980983271137
1683;12,167;0,713676169281378
1684;12,172;0,680306884516244
1685;12,176;0,646686702873177
1686;12,181;0,605225993794693
1687;12,185;0,59257138251393
1688;12,189;0,592932046775959
1689;12,194;0,571699898480851
1690;12,198;0,545293002078367
1691;12,203;0,545512536846559
1692;12,207;0,516816206432933
1693;12,212;0,516471223225775
1694;12,216;0,507611427223754
1695;12,221;0,486018614666616
1696;12,225;0,486175425215324
1697;12,229;0,474963470982678
1698;12,234;0,479009183139353
1699;12,238;0,456318696741257
1700;12,243;0,469663274436337
1701;12,247;0,432781433380136
1702;12,252;0,459047200288782
1703;12,256;0,398157664225335
1704;12,260;0,425050673328815
1705;12,265;0,406829287568906
1706;12,269;0,410153671201523
1707;12,274;0,418198052350261
1708;12,278;0,385095345517931
1709;12,283;0,401231150980019
1710;12,287;0,407926961409865
1711;12,292;0,37454199558986
1712;12,296;0,365650837478097
1713;12,300;0,364694293130977
1714;12,305;0,364035688826402
1715;12,309;0,357700542658585
1716;12,314;0,326071854984114
1717;12,318;0,34067091706886
1718;12,323;0,355473832866926
1719;12,327;0,329662816549534
1720;12,332;0,312570466740326
1721;12,336;0,323656972534005
1722;12,340;0,304792663524392
1723;12,345;0,335888195333255
1724;12,349;0,305200370951034
1725;12,354;0,32337471354633
1726;12,358;0,352463070331726
1727;12,363;0,337644473478789
1728;12,367;0,333975106639014
1729;12,372;0,327828133129647
1730;12,376;0,315894850372943
1731;12,380;0,344904801883985
1732;12,385;0,328674910092672
1733;12,389;0,342850583695905
1734;12,394;0,346974701126935
1735;12,398;0,330980025158684
1736;12,403;0,344559818676826
1737;12,407;0,342787859476422
1738;12,412;0,322606341857659
1739;12,416;0,33690746389986
1740;12,420;0,308273857705717
1741;12,425;0,314985349190434
1742;12,429;0,292780975493334
1743;12,434;0,300401968160559
1744;12,438;0,258266973722629
1745;12,443;0,252794285572708
1746;12,447;0,251712292786621
1747;12,451;0,255805048107908
1748;12,456;0,2767235753056
1749;12,460;0,287496460001863
1750;12,465;0,257686774692408
1751;12,469;0,254848503760787
1752;12,474;0,261559995245504
1753;12,478;0,2684439783338
1754;12,483;0,262579263812108
1755;12,487;0,288907754940238
1756;12,491;0,262328366934175
1757;12,496;0,265401853688858
1758;12,500;0,2646805251648
1759;12,505;0,248262460715037
1760;12,509;0,299022035331926
1761;12,514;0,243667911637883
1762;12,518;0,260634813008125
1763;12,523;0,256447971357612
1764;12,527;0,238085456103866
1765;12,531;0,275798393068221
1766;12,536;0,260399597185062
1767;12,540;0,2804870284746
1768;12,545;0,267017002340554
1769;12,549;0,272129026228446
1770;12,554;0,291306956335475
1771;12,558;0,261607038410117
1772;12,563;0,257028170387833
1773;12,567;0,274434141294459
1774;12,571;0,295462435876246
1775;12,576;0,298677052124767
1776;12,580;0,269855273272175
1777;12,585;0,284642508015371
1778;12,589;0,2740891580873
1779;12,594;0,270827498674167
1780;12,598;0,270215937534204
1781;12,603;0,286445829325517
1782;12,607;0,274026433867817
1783;12,611;0,264570757780704
1784;12,616;0,283638920503638
1785;12,620;0,278809155603421
1786;12,625;0,274700719227263
1787;12,629;0,25094392109795
1788;12,634;0,260054613977904
1789;12,638;0,233992700782579
1790;12,642;0,292639845999496
1791;12,647;0,257671093637537
1792;12,651;0,24416970539375
1793;12,656;0,260430959294804
1794;12,660;0,257624050472925
1795;12,665;0,267189493944133
1796;12,669;0,238226585597704
1797;12,674;0,236972101208037
1798;12,678;0,248905383964741
1799;12,682;0,220271777770599
1800;12,687;0,218154835363037
1801;12,691;0,234666986142025
1802;12,696;0,23007243706487
1803;12,700;0,230103799174612
1804;12,705;0,248999470293966
1805;12,709;0,243385652650208
1806;12,714;0,233428182807229
1807;12,718;0,243150436827146
1808;12,722;0,233741803904645
1809;12,727;0,232267784746787
1810;12,731;0,251618206457396
1811;12,736;0,248340865989391
1812;12,740;0,252872690847062
1813;12,745;0,243887446406075
1814;12,749;0,261058201489637
1815;12,754;0,258110163173921
1816;12,758;0,238257947707445
1817;12,762;0,282023771851942
1818;12,767;0,219362276588091
1819;12,771;0,224474300475983
1820;12,776;0,220914701020303
1821;12,780;0,227751640943987
1822;12,785;0,245283060289579
1823;12,789;0,272348560996638
1824;12,794;0,199933449603128
1825;12,798;0,228488650522916
1826;12,802;0,254597606882854
1827;12,807;0,225869914359487
1828;12,811;0,236015556860916
1829;12,816;0,221620348489491
1830;12,820;0,242585918851796
1831;12,825;0,259333285453846
1832;12,829;0,2466159499536
1833;12,834;0,261058201489637
1834;12,838;0,232675492173429
1835;12,842;0,245141930795741
1836;12,847;0,251116412701529
1837;12,851;0,230103799174612
1838;12,856;0,264163050354063
1839;12,860;0,222231909629454
1840;12,865;0,224003868829858
1841;12,869;0,224395895201629
1842;12,873;0,221965331696649
1843;12,878;0,233130242764683
1844;12,882;0,274982978214938
1845;12,887;0,252214086542487
1846;12,891;0,238602930914604
1847;12,896;0,223721609842183
1848;12,900;0,25809448211905
1849;12,905;0,275312280367225
1850;12,909;0,235262866227116
1851;12,913;0,228535693687529
1852;12,918;0,22517994794517
1853;12,922;0,251163455866141
1854;12,927;0,229178616937233
1855;12,931;0,210377032147103
1856;12,936;0,227187122968637
1857;12,940;0,218829120722483
1858;12,945;0,223172772921704
1859;12,949;0,235874427367079
1860;12,953;0,242774091510246
1861;12,958;0,201642684584049
1862;12,962;0,208495305562603
1863;12,967;0,23835203403667
1864;12,971;0,214187528480716
1865;12,976;0,208526667672345
1866;12,980;0,210204540543524
1867;12,985;0,230903532973025
1868;12,989;0,222592573891483
1869;12,993;0,246333690965925
1870;12,998;0,259584182331779
1871;13,002;0,243667911637883
1872;13,007;0,236423264287558
1873;13,011;0,220146329331633
1874;13,016;0,235921470531691
1875;13,020;0,260979796215283
1876;13,025;0,215410650760641
1877;13,029;0,238304990872058
1878;13,033;0,245581000332125
1879;13,038;0,262500858537754
1880;13,042;0,232189379472433
1881;13,047;0,224725197353916
1882;13,051;0,230150842339225
1883;13,056;0,240516019608845
1884;13,060;0,237567981293129
1885;13,064;0,250097144134925
1886;13,069;0,244310834887587
1887;13,073;0,2458632593198
1888;13,078;0,272740587368409
1889;13,082;0,355897221348439
1890;13,087;0,484105525972374
1891;13,091;0,674253997336102
1892;13,096;1,01094192646777
1893;13,100;1,46533185345991
1894;13,104;2,06166668914285
1895;13,109;2,77397860665046
1896;13,113;3,68260165008604
1897;13,118;4,52210260365099
1898;13,122;5,25461171983224
1899;13,127;5,95837746243525
1900;13,131;6,04757130254055
1901;13,136;6,08597420591922
1902;13,140;5,76901304381506
1903;13,144;5,23040017111167
1904;13,149;4,63397124909952
1905;13,153;3,9689690741372
1906;13,158;3,46791232784946
1907;13,162;2,84259890276523
1908;13,167;2,40053428490156
1909;13,171;2,02075481698484
1910;13,176;1,7945399194182
1911;13,180;1,48008772609337
1912;13,184;1,29919107710343
1913;13,189;1,20105903572176
1914;13,193;1,01915879922009
1915;13,198;0,946963222594769
1916;13,202;0,854680214679914
1917;13,207;0,729576758920403
1918;13,211;0,709410922356511
1919;13,216;0,651736002541585
1920;13,220;0,61664180174066
1921;13,224;0,605445528562885
1922;13,229;0,547190409717738
1923;13,233;0,542925162792871
1924;13,238;0,516220326347842
1925;13,242;0,522147765089017
1926;13,247;0,466699555065749
1927;13,251;0,474587125665778
1928;13,255;0,427434193669182
1929;13,260;0,427732133711728
1930;13,264;0,440606279760682
1931;13,269;0,442613454784149
1932;13,273;0,378932690953694
1933;13,278;0,370151300226027
1934;13,282;0,37792910344196
1935;13,287;0,356994895189397
1936;13,291;0,357622137384231
1937;13,295;0,376282592680523
1938;13,300;0,290930611018575
1939;13,304;0,368849772671748
1940;13,309;0,323735377808359
1941;13,313;0,308665884077488
1942;13,318;0,349389583577043
1943;13,322;0,329129660683926
1944;13,327;0,309057910449259
1945;13,331;0,327796771019905
1946;13,335;0,303977248671109
1947;13,340;0,320144416242938
1948;13,344;0,316145747250876
1949;13,349;0,310673059100955
1950;13,353;0,32469192215548
1951;13,358;0,2876375894957
1952;13,362;0,292263500682596
1953;13,367;0,287088752575221
1954;13,371;0,306203958462767
1955;13,375;0,300339243941076
1956;13,380;0,283011678308804
1957;13,384;0,307207545974501
1958;13,389;0,291996922749792
1959;13,393;0,297987085710451
1960;13,398;0,277758524927075
1961;13,402;0,252762923462967
1962;13,407;0,284156395314375
1963;13,411;0,289221376037655
1964;13,415;0,276127695220509
1965;13,420;0,257702455747279
1966;13,424;0,275061383489292
1967;13,429;0,266029095883692
1968;13,433;0,274606632898038
1969;13,438;0,258486508490821
1970;13,442;0,280816330626888
1971;13,446;0,24191163349235
1972;13,451;0,258909896972333
1973;13,455;0,267456071876938
1974;13,460;0,237238679140841
1975;13,464;0,282211944510392
1976;13,469;0,259944846593808
1977;13,473;0,269275074241954
1978;13,478;0,247823391178654
1979;13,482;0,239528113151983
1980;13,486;0,25357833831625
1981;13,491;0,258549232710304
1982;13,495;0,271893810405383
1983;13,500;0,271517465088483
1984;13,504;0,273038527410954
1985;13,509;0,2684439783338
1986;13,513;0,241598012394933
1987;13,518;0,284501378521534
1988;13,522;0,247321597422787
1989;13,526;0,2567772735099
1990;13,531;0,272897397917117
1991;13,535;0,269180987912729
1992;13,540;0,237128911756745
1993;13,544;0,262892884909525
1994;13,549;0,244687180204487
1995;13,553;0,264178731408933
1996;13,558;0,236736885384975
1997;13,562;0,279091414591096
1998;13,566;0,259913484484067
1999;13,571;0,257420196759604
2000;13,575;0,251461395908687
2001;13,580;0,244389240161941
2002;13,584;0,256667506125804
2003;13,589;0,258078801064179
2004;13,593;0,247086381599725
2005;13,598;0,235843065257337
2006;13,602;0,260493683514287
2007;13,606;0,251445714853817
2008;13,611;0,249469901940091
2009;13,615;0,259913484484067
2010;13,620;0,252292491816841
2011;13,624;0,271658594582321
2012;13,629;0,250175549409279
2013;13,633;0,233208648039037
2014;13,637;0,25546006490075
2015;13,642;0,281208356998659
2016;13,646;0,2537665109747
2017;13,651;0,2466159499536
2018;13,655;0,229398151705424
2019;13,660;0,284360249027696
2020;13,664;0,249407177720608
2021;13,669;0,280189088432054
