#"+EI TIC Scan 140C_1ml-min_7C-min_2.d "
#Point;X(Minutes);Y(Counts)
0;5,091;5,30880258570899
1;5,095;5,26285093982169
2;5,099;5,01536111314923
3;5,103;4,86085634678301
4;5,107;4,64029314986539
5;5,111;4,46452928018181
6;5,116;4,26611882145551
7;5,120;4,12259635735612
8;5,124;4,10368892475971
9;5,128;3,96160097980009
10;5,132;3,84738033288369
11;5,136;3,80655532916805
12;5,140;3,63495391666055
13;5,144;3,66331506555517
14;5,149;3,39273183240301
15;5,153;3,4309464816184
16;5,157;3,32528591612625
17;5,161;3,24556427868615
18;5,165;3,15667112543435
19;5,169;3,10415831823561
20;5,173;3,03384336367929
21;5,177;2,92919401659715
22;5,182;2,82033517892452
23;5,186;2,78233218007401
24;5,190;2,74740986986795
25;5,194;2,72076544059962
26;5,198;2,6804813211498
27;5,202;2,60045396651597
28;5,206;2,52456555235101
29;5,210;2,50492910183111
30;5,215;2,53608873888365
31;5,219;2,44808922050582
32;5,223;2,40940423714624
33;5,227;2,30125090068989
34;5,231;2,36930825135409
35;5,235;2,36653327990337
36;5,239;2,26564660597475
37;5,243;2,18112756026391
38;5,248;2,18242097916043
39;5,252;2,23841425902618
40;5,256;2,1356462485208
41;5,260;2,08753106557022
42;5,264;2,04926938294042
43;5,268;2,04169700321897
44;5,272;1,98215270056459
45;5,276;2,01542884126599
46;5,280;1,98281116836645
47;5,285;1,9394698769794
48;5,289;1,93460191858704
49;5,293;1,9255715030186
50;5,297;1,86717951901749
51;5,301;1,83743088439751
52;5,305;1,83966497158241
53;5,309;1,8160541975441
54;5,313;1,79260804045626
55;5,318;1,75338217283087
56;5,322;1,80095647151562
57;5,326;1,74366977275335
58;5,330;1,72255176967925
59;5,334;1,71756622775084
60;5,338;1,74411659019033
61;5,342;1,73774356253657
62;5,346;1,71634335897595
63;5,351;1,76982035117029
64;5,355;1,73873126423937
65;5,359;1,70117508282584
66;5,363;1,6653121043314
67;5,367;1,71848337933201
68;5,371;1,67711749135056
69;5,375;1,69456688809998
70;5,379;1,63361158301304
71;5,384;1,59857168927093
72;5,388;1,57775940339054
73;5,392;1,62147696209295
74;5,396;1,58375616372896
75;5,400;1,65915072704252
76;5,404;1,67415438624216
77;5,408;1,51567529635754
78;5,412;1,59473846599578
79;5,417;1,48018858517845
80;5,421;1,51786235012803
81;5,425;1,57096307500701
82;5,429;1,53044378848509
83;5,433;1,52729254971902
84;5,437;1,51428781063219
85;5,441;1,53451217883233
86;5,445;1,47221642143444
87;5,449;1,52454109497551
88;5,454;1,62157102892179
89;5,458;2,04085040175943
90;5,462;2,84989567988682
91;5,466;4,41370967590215
92;5,470;7,09576661643498
93;5,474;10,5404938884781
94;5,478;14,5752553444069
95;5,482;18,3319787709981
96;5,487;21,2400547845211
97;5,491;23,0427750090774
98;5,495;23,656608100659
99;5,499;23,8713626708959
100;5,503;23,583400591116
101;5,507;22,8468573213154
102;5,511;22,0866797607692
103;5,515;21,300328105099
104;5,520;20,4701648238975
105;5,524;19,9515743965143
106;5,528;19,0324709286465
107;5,532;18,3926048421841
108;5,536;17,7962446640591
109;5,540;17,1041479708844
110;5,544;16,5819594872982
111;5,548;15,9428224187592
112;5,553;15,3573034426578
113;5,557;14,8162310431823
114;5,561;14,1474394068522
115;5,565;13,7228922915996
116;5,569;13,1980464200987
117;5,573;12,8147005758771
118;5,577;12,0766052034007
119;5,581;11,5678917930455
120;5,586;11,2996837473214
121;5,590;10,7563537439539
122;5,594;10,2156811285009
123;5,598;9,77074502809776
124;5,602;9,07392147677396
125;5,606;8,69937088104873
126;5,610;8,01729230514527
127;5,614;7,58101035299518
128;5,618;6,90746834180876
129;5,623;6,42913851716814
130;5,627;5,8628562075641
131;5,631;5,60722960019716
132;5,635;5,04174685863825
133;5,639;4,77843028801382
134;5,643;4,36503009197855
135;5,647;4,08626304471749
136;5,651;3,81803148228628
137;5,656;3,5548560119051
138;5,660;3,3196889398104
139;5,664;3,03795878744095
140;5,668;2,91908183249708
141;5,672;2,77426594950116
142;5,676;2,5314794642706
143;5,680;2,39101417210843
144;5,684;2,25539332163142
145;5,689;2,14799251980577
146;5,693;2,04324910589479
147;5,697;2,00188321791333
148;5,701;1,84140520791591
149;5,705;1,82216854141857
150;5,709;1,78056748636501
151;5,713;1,63189486338674
152;5,717;1,61830220661967
153;5,722;1,59337449697763
154;5,726;1,51936741938943
155;5,730;1,51012535345611
156;5,734;1,38080698051123
157;5,738;1,3749983538305
158;5,742;1,35903050963527
159;5,746;1,332056846466
160;5,750;1,2786504043933
161;5,755;1,24208192468257
162;5,759;1,27787435305538
163;5,763;1,24480986271887
164;5,767;1,1713907028109
165;5,771;1,16529987564365
166;5,775;1,19434300904735
167;5,779;1,16746341270692
168;5,783;1,10751932602998
169;5,787;1,07466648605836
170;5,792;1,14274735342977
171;5,796;1,06424858476456
172;5,800;1,07960499457234
173;5,804;1,05900435905685
174;5,808;1,04313058169046
175;5,812;1,04226046352371
176;5,816;1,05249023115983
177;5,820;1,03661645379343
178;5,825;1,04684622142955
179;5,829;1,03186607893712
180;5,833;1,07337306716183
181;5,837;1,01001905793952
182;5,841;1,01439316548048
183;5,845;1,02532843433289
184;5,849;1,07492516983766
185;5,853;1,04950360934422
186;5,858;1,01820287204842
187;5,862;1,01011312476836
188;5,866;1,0211424604496
189;5,870;1,07986367835165
190;5,874;0,972039575796229
191;5,878;0,97596686590021
192;5,882;1,04875107471352
193;5,886;1,15405888959753
194;5,891;1,35402145099965
195;5,895;1,75225337088481
196;5,899;2,60179441882691
197;5,903;3,80474454271293
198;5,907;5,629664538875
199;5,911;7,57421402461165
200;5,915;9,54641915802663
201;5,919;11,410776672179
202;5,924;12,7341323369775
203;5,928;13,272406248295
204;5,932;13,5468462214296
205;5,936;13,5352054513609
206;5,940;13,2338858818859
207;5,944;12,8218496548688
208;5,948;12,4986595476891
209;5,952;11,8804053151521
210;5,956;11,5659399063471
211;5,961;11,0620474209698
212;5,965;10,6558433373406
213;5,969;10,2971194855673
214;5,973;9,77123887894916
215;5,977;9,36435281081091
216;5,981;9,06776009948508
217;5,985;8,63618148877689
218;5,989;8,35743795822304
219;5,994;7,81977548129293
220;5,998;7,56022158382201
221;6,002;7,17741662386626
222;6,006;6,93914534641991
223;6,010;6,54806250552643
224;6,014;6,2477541544615
225;6,018;5,86250345695596
226;6,022;5,44251858290204
227;6,027;5,18531635615206
228;6,031;4,89497908894395
229;6,035;4,38628919529591
230;6,039;4,08391137399654
231;6,043;3,74560002408111
232;6,047;3,48242455369993
233;6,051;3,2052096091147
234;6,055;3,03915813950863
235;6,060;2,7095479712607
236;6,064;2,55316186831773
237;6,068;2,31157473515484
238;6,072;2,21849560801976
239;6,076;2,05279688902184
240;6,080;1,93892899271358
241;6,084;1,80681213161078
242;6,088;1,71093451631777
243;6,093;1,60562670143377
244;6,097;1,52835080154345
245;6,101;1,42092648301059
246;6,105;1,35733730671618
247;6,109;1,2925722950613
248;6,113;1,21539046199982
249;6,117;1,20351452485904
250;6,121;1,17705822924839
251;6,125;1,11243431783676
252;6,130;1,09096356415452
253;6,134;1,06735279011621
254;6,138;1,01321733012001
255;6,142;0,976484233458819
256;6,146;0,981352191851179
257;6,150;0,969099987395045
258;6,154;0,890271984828902
259;6,158;0,877902196836721
260;6,163;0,928416083922662
261;6,167;0,884910175585143
262;6,171;0,83710070982829
263;6,175;0,863956789461505
264;6,179;0,853656471703757
265;6,183;0,772876582439228
266;6,187;0,820051097101425
267;6,191;0,765069035645684
268;6,196;0,755615319347477
269;6,200;0,746326219999737
270;6,204;0,768690608555943
271;6,208;0,727160103624019
272;6,212;0,74439785000856
273;6,216;0,705665833234563
274;6,220;0,699998306797081
275;6,224;0,686570266980474
276;6,229;0,710604341748552
277;6,233;0,705759900063401
278;6,237;0,733180380669643
279;6,241;0,731910478480332
280;6,245;0,687746102340947
281;6,249;0,696611900958917
282;6,253;0,709875323825058
283;6,257;0,685958832593027
284;6,262;0,677633918240875
285;6,266;0,653105992621398
286;6,270;0,685018164304649
287;6,274;0,639090035124554
288;6,278;0,693554729021686
289;6,282;0,678527553114835
290;6,286;0,677751501776922
291;6,290;0,658138567964225
292;6,294;0,65388204395931
293;6,299;0,601839570904754
294;6,303;0,678598103236463
295;6,307;0,609247333675737
296;6,311;0,631070837966125
297;6,315;0,622604823370716
298;6,319;0,624250992875378
299;6,323;0,622487239834668
300;6,327;0,625826612258413
301;6,332;0,627025964326096
302;6,336;0,571197301410814
303;6,340;0,551701951134164
304;6,344;0,55718134391397
305;6,348;0,592856188750736
306;6,352;0,564941857293095
307;6,356;0,600287468228929
308;6,360;0,582885104893921
309;6,365;0,601439786882193
310;6,369;0,593020805701202
311;6,373;0,554312305634415
312;6,377;0,537356759736387
313;6,381;0,554900223314652
314;6,385;0,553559771003712
315;6,389;0,562025785599121
316;6,393;0,588811315110707
317;6,398;0,571126751289186
318;6,402;0,58822339743047
319;6,406;0,712579745154147
320;6,410;0,941608956667175
321;6,414;1,6009939101135
322;6,418;2,76770478818972
323;6,422;4,57322350090398
324;6,426;7,43015067624643
325;6,431;11,2857618566534
326;6,435;15,6528379021592
327;6,439;20,1914212933436
328;6,443;24,0936190707326
329;6,447;27,4023962583978
330;6,451;29,2321842129523
331;6,455;29,8650658373735
332;6,459;29,9722079554199
333;6,463;29,36855759806
334;6,468;28,370720194455
335;6,472;27,1740255146867
336;6,476;26,0015295266369
337;6,480;24,9340826696919
338;6,484;23,6993379576586
339;6,488;22,7274629988129
340;6,492;21,7352931216453
341;6,496;20,3851989607497
342;6,501;19,6368503039299
343;6,505;18,3147410246135
344;6,509;17,4529242555081
345;6,513;16,4180950714626
346;6,517;15,3339043189844
347;6,521;14,344556446682
348;6,525;13,3857097436303
349;6,529;12,6220046770027
350;6,534;11,4309775236719
351;6,538;10,3641656178215
352;6,542;9,4671208213163
353;6,546;8,57550838417646
354;6,550;7,66552939870602
355;6,554;6,88145886363508
356;6,558;6,12182218735478
357;6,562;5,410629927926
358;6,567;4,84138451321357
359;6,571;4,34457055670631
360;6,575;4,01686524174234
361;6,579;3,4612360005042
362;6,583;3,08769662318898
363;6,587;2,76229594553154
364;6,591;2,49688638796547
365;6,595;2,19253316326051
366;6,600;2,09677313150355
367;6,604;1,85276377749809
368;6,608;1,70804196133101
369;6,612;1,53201940786813
370;6,616;1,44270295388656
371;6,620;1,2861052005787
372;6,624;1,22804245047852
373;6,628;1,13856137954649
374;6,632;0,988195553649134
375;6,637;0,978059852841853
376;6,641;0,960869139871731
377;6,645;0,868754197732237
378;6,649;0,845895958324632
379;6,653;0,859982465943105
380;6,657;0,756508954221437
381;6,661;0,736496236386178
382;6,665;0,72664273606541
383;6,670;0,715448783433703
384;6,674;0,662018824653787
385;6,678;0,612704289635529
386;6,682;0,638055300007337
387;6,686;0,587071078777207
388;6,690;0,597677113728677
389;6,694;0,596430728246576
390;6,698;0,598805915674732
391;6,703;0,556522876112105
392;6,707;0,577052961505972
393;6,711;0,556381775868848
394;6,715;0,564659656806582
395;6,719;0,541589767034092
396;6,723;0,558662896468167
397;6,727;0,537262692907549
398;6,731;0,536016307425447
399;6,736;0,512781800702491
400;6,740;0,505632721710812
401;6,744;0,509324844742699
402;6,748;0,496884506628889
403;6,752;0,471180745648939
404;6,756;0,458669857413501
405;6,760;0,484655818879965
406;6,764;0,430614425712603
407;6,769;0,472709331617554
408;6,773;0,463420232269814
409;6,777;0,453425631705789
410;6,781;0,444230599186886
411;6,785;0,464854751409591
412;6,789;0,455518618647432
413;6,793;0,482892065839255
414;6,797;0,438116255312424
415;6,801;0,45958700899467
416;6,806;0,405545615827308
417;6,810;0,460104376553279
418;6,814;0,420619825148579
419;6,818;0,418620905035774
420;6,822;0,420455208198112
421;6,826;0,393434511614431
422;6,830;0,385438831163212
423;6,834;0,412318427503636
424;6,839;0,429673757424224
425;6,843;0,403499662300084
426;6,847;0,406768484602201
427;6,851;0,413306129206433
428;6,855;0,427815937554676
429;6,859;0,423959197572323
430;6,863;0,381699674716906
431;6,867;0,432495762289361
432;6,872;0,41168347640898
433;6,876;0,382217042275514
434;6,880;0,368883069287745
435;6,884;0,357947800435341
436;6,888;0,37085847269334
437;6,892;0,38948370480324
438;6,896;0,363027409192587
439;6,900;0,379348003995959
440;6,905;0,382569792883656
441;6,909;0,375891048036167
442;6,913;0,394140012830715
443;6,917;0,37309255987824
444;6,921;0,384827396775765
445;6,925;0,358112417385808
446;6,929;0,38064142289248
447;6,933;0,353244458993447
448;6,938;0,347553415848756
449;6,942;0,380735489721318
450;6,946;0,358723851773254
451;6,950;0,37662006595966
452;6,954;0,403099878277523
453;6,958;0,353009291921353
454;6,962;0,364908745769344
455;6,966;0,328904667031646
456;6,970;0,341932922825692
457;6,975;0,359546936525585
458;6,979;0,399878089389826
459;6,983;0,311267136624544
460;6,987;0,331914805554458
461;6,991;0,361733990296066
462;6,995;0,340874671001266
463;6,999;0,383087160442265
464;7,003;0,393881329051411
465;7,008;0,374691695968484
466;7,012;0,397879169277021
467;7,016;0,488394975326271
468;7,020;0,688192919777927
469;7,024;1,09910034484899
470;7,028;1,83122247369421
471;7,032;3,02152060910153
472;7,036;4,67363984068842
473;7,041;6,75576206360046
474;7,045;9,28552480824477
475;7,049;11,7235488780649
476;7,053;13,8427804649535
477;7,057;15,5832519655264
478;7,061;16,6758616991856
479;7,065;17,3885119944613
480;7,069;17,3936856700474
481;7,074;17,0524817651452
482;7,078;16,6563898656161
483;7,082;15,8188423383509
484;7,086;15,2031514268997
485;7,090;14,2823077226985
486;7,094;13,4126128566779
487;7,098;12,591503507752
488;7,102;11,8428021003242
489;7,107;11,1464253664373
490;7,111;10,3587097417489
491;7,115;9,67844195230059
492;7,119;8,730836235295
493;7,123;8,14270690469337
494;7,127;7,38657421778728
495;7,131;6,61388576900573
496;7,135;5,96284924661877
497;7,139;5,32216007540397
498;7,144;4,80954289165195
499;7,148;4,09273013920009
500;7,152;3,65684797107257
501;7,156;3,21913149978271
502;7,160;2,92844148196645
503;7,164;2,4594713067952
504;7,168;2,09432739395376
505;7,172;1,97157018232033
506;7,177;1,79528894507814
507;7,181;1,50062460374348
508;7,185;1,35987711109481
509;7,189;1,23907178615976
510;7,193;1,15530527507963
511;7,197;1,025116783968
512;7,201;0,965501931191996
513;7,205;0,908497432916241
514;7,210;0,825977307318211
515;7,214;0,764245950893353
516;7,218;0,710181041018781
517;7,222;0,681608241759275
518;7,226;0,607036763198046
519;7,230;0,580651017709021
520;7,234;0,533358919510777
521;7,238;0,550573149188109
522;7,243;0,487195623258588
523;7,247;0,500976413683337
524;7,251;0,444160049065258
525;7,255;0,446793920272719
526;7,259;0,484985052780898
527;7,263;0,424029747693952
528;7,267;0,459892726188393
529;7,271;0,396703333916548
530;7,276;0,400371940241225
531;7,280;0,411072042021534
532;7,284;0,433977314843557
533;7,288;0,398490603664467
534;7,292;0,348870351452486
535;7,296;0,353785343259265
536;7,300;0,411777543237818
537;7,304;0,333372841401445
538;7,308;0,370247038305894
539;7,313;0,322555156085089
540;7,317;0,343532058915936
541;7,321;0,335113077734946
542;7,325;0,300143734114464
543;7,329;0,345295811956646
544;7,333;0,333819658838425
545;7,337;0,32608266216651
546;7,341;0,318886549760412
547;7,346;0,302495404835411
548;7,350;0,303036289101229
549;7,354;0,331444471410269
550;7,358;0,278038029337563
551;7,362;0,320956019994845
552;7,366;0,310585152115469
553;7,370;0,325283094121388
554;7,374;0,315029809778059
555;7,379;0,369024169531002
556;7,383;0,361969157368161
557;7,387;0,348211883650621
558;7,391;0,397573452083298
559;7,395;0,369776704161705
560;7,399;0,407285852160809
561;7,403;0,354514361182759
562;7,407;0,364532478453993
563;7,412;0,345554495735951
564;7,416;0,348846834745276
565;7,420;0,342685457456395
566;7,424;0,341203904902199
567;7,428;0,287750429415074
568;7,432;0,339040367838927
569;7,436;0,319309850490182
570;7,440;0,310773285773145
571;7,445;0,305975877502413
572;7,449;0,255367923587634
573;7,453;0,249912047515037
574;7,457;0,28878516453229
575;7,461;0,273334687895669
576;7,465;0,252781085794592
577;7,469;0,259107080033939
578;7,473;0,286339426982505
579;7,477;0,287186028442046
580;7,482;0,225219504945093
581;7,486;0,253909887740646
582;7,490;0,25111139958272
583;7,494;0,247137076064319
584;7,498;0,238388860982396
585;7,502;0,249512263492476
586;7,506;0,273781505332649
587;7,510;0,239870413536593
588;7,515;0,252381301772031
589;7,519;0,221527381913206
590;7,523;0,220092862773429
591;7,527;0,253486587010876
592;7,531;0,25108788287551
593;7,535;0,231286815405136
594;7,539;0,278249679702448
595;7,543;0,234461570878415
596;7,548;0,237989076959835
597;7,552;0,241163832433114
598;7,556;0,202949183217725
599;7,560;0,234414537463996
600;7,564;0,232180450279096
601;7,568;0,231757149549326
602;7,572;0,19384821752766
603;7,576;0,214613469993622
604;7,581;0,243233302667547
605;7,585;0,232062866743049
606;7,589;0,203842818091685
607;7,593;0,242998135595452
608;7,597;0,249700397150151
609;7,601;0,203748751262847
610;7,605;0,265433074273287
611;7,609;0,260118298443947
612;7,614;0,166263119970952
613;7,618;0,234014753441435
614;7,622;0,229852296265359
615;7,626;0,20896946026335
616;7,630;0,222585633737633
617;7,634;0,240999215482647
618;7,638;0,232274517107934
619;7,642;0,213084884025007
620;7,646;0,204195568699827
621;7,651;0,2324391340584
622;7,655;0,25861322918254
623;7,659;0,240411297802411
624;7,663;0,252052067871098
625;7,667;0,235214105509118
626;7,671;0,243068685717081
627;7,675;0,260823799660231
628;7,679;0,29765096315026
629;7,684;0,282294553342477
630;7,688;0,319098200125297
631;7,692;0,365261496377486
632;7,696;0,450368459768558
633;7,700;0,596924579097974
634;7,704;1,06243779830943
635;7,708;1,8319514916177
636;7,712;3,34915537394386
637;7,717;5,61952883806772
638;7,721;9,09574498106435
639;7,725;13,7678327190769
640;7,729;19,0886288254628
641;7,733;24,853937731522
642;7,737;30,2643324923759
643;7,741;34,6097496505417
644;7,745;37,9650664017745
645;7,750;39,6924861298461
646;7,754;40,4741814774889
647;7,758;40,0670132088641
648;7,762;38,5691165431569
649;7,766;37,0192479545168
650;7,770;34,5878791128369
651;7,774;32,645210963677
652;7,778;30,3479343865055
653;7,783;27,560381497431
654;7,787;25,4455475347906
655;7,791;23,0638224620299
656;7,795;20,5017477616798
657;7,799;18,2370653407006
658;7,803;15,8853005529248
659;7,807;14,0326073255484
660;7,811;12,1340800358206
661;7,815;10,4198061470791
662;7,820;8,95789004340243
663;7,824;7,66734018516115
664;7,828;6,62792524320979
665;7,832;5,63253357715455
666;7,836;4,85180241450736
667;7,840;4,10707533059787
668;7,844;3,56459192868982
669;7,848;3,07662025409332
670;7,853;2,63744574695647
671;7,857;2,36453435979057
672;7,861;2,03426572374077
673;7,865;1,7405655674017
674;7,869;1,62232356355249
675;7,873;1,42433640555596
676;7,877;1,22315097537895
677;7,881;1,12325200315312
678;7,886;1,03123112784246
679;7,890;0,922607457241923
680;7,894;0,862992604465917
681;7,898;0,848553346239302
682;7,902;0,743245531355296
683;7,906;0,693107911584706
684;7,910;0,656092614437001
685;7,914;0,636362097088255
686;7,919;0,569221898005219
687;7,923;0,547022126399479
688;7,927;0,54476452250737
689;7,931;0,485667037289972
690;7,935;0,463820016292375
691;7,939;0,470404694311026
692;7,943;0,444160049065258
693;7,947;0,488677175812784
694;7,952;0,441455627736169
695;7,956;0,485455386925087
696;7,960;0,464643101044706
697;7,964;0,459351841922575
698;7,968;0,5088309938913
699;7,972;0,518519877261602
700;7,976;0,488183324961386
701;7,980;0,458810957656758
702;7,984;0,491005329826522
703;7,989;0,452249796345316
704;7,993;0,422971495869526
705;7,997;0,439456707623364
706;8,001;0,388778203586956
707;8,005;0,412200843967588
708;8,009;0,383345844221569
709;8,013;0,33050380312189
710;8,017;0,332502723234695
711;8,022;0,381746708131325
712;8,026;0,304894108970777
713;8,030;0,297439312785375
714;8,034;0,321026570116474
715;8,038;0,28394072284714
716;8,042;0,302354304592154
717;8,046;0,261317650511629
718;8,050;0,192131497901369
719;8,055;0,278743530553847
720;8,059;0,263293053917225
721;8,063;0,211274097569878
722;8,067;0,228558877368838
723;8,071;0,212567516466398
724;8,075;0,22091594752576
725;8,079;0,232956501617009
726;8,083;0,212873233660122
727;8,088;0,258260478574398
728;8,092;0,257084643213925
729;8,096;0,239799863414965
730;8,100;0,266726493169808
731;8,104;0,256755409312992
732;8,108;0,278343746531286
733;8,112;0,238177210617511
734;8,116;0,274745690328237
735;8,121;0,267620128043767
736;8,125;0,273311171188459
737;8,129;0,255485507123681
738;8,133;0,241375482797999
739;8,137;0,268066945480747
740;8,141;0,261341167218839
741;8,145;0,263481187574901
742;8,149;0,272276436071242
743;8,153;0,248265878010374
744;8,158;0,255556057245309
745;8,162;0,246784325456177
746;8,166;0,273946122283115
747;8,170;0,234602671121672
748;8,174;0,230792964553738
749;8,178;0,232603751008867
750;8,182;0,256473208826479
751;8,186;0,255367923587634
752;8,191;0,23824776073914
753;8,195;0,210309912574289
754;8,199;0,202455332366326
755;8,203;0,240505364631249
756;8,207;0,223973119462991
757;8,211;0,203443034069124
758;8,215;0,182301514287811
759;8,219;0,170637227511914
760;8,224;0,211909048664533
761;8,228;0,213131917439426
762;8,232;0,211956082078952
763;8,236;0,24001151377985
764;8,240;0,223032451174613
765;8,244;0,266373742561666
766;8,248;0,283117638094808
767;8,252;0,322602189499508
768;8,257;0,428286271698866
769;8,261;0,5110650810762
770;8,265;0,735743701755475
771;8,269;1,18778184773591
772;8,273;1,97566208937478
773;8,277;3,18905363126179
774;8,281;4,68937251781155
775;8,285;6,99622039481729
776;8,290;9,45952492488764
777;8,294;12,333172479056
778;8,298;14,7664461740199
779;8,302;17,060430412182
780;8,306;18,2962568927469
781;8,310;19,8344141611967
782;8,314;20,1493028707315
783;8,318;20,2716602983424
784;8,322;19,3972150574654
785;8,327;18,4686108398851
786;8,331;17,510845905365
787;8,335;15,8670986215447
788;8,339;14,4021958960524
789;8,343;13,1453454792423
790;8,347;11,6583135322659
791;8,351;10,3226586295968
792;8,355;9,24683982488519
793;8,360;7,89328870802973
794;8,364;6,90852659363318
795;8,368;5,89086460585058
796;8,372;5,04155872498058
797;8,376;4,3495090652203
798;8,380;3,69433360236446
799;8,384;3,08953092635132
800;8,388;2,66246752342734
801;8,393;2,28603559112536
802;8,397;1,88716872014554
803;8,401;1,62298203135436
804;8,405;1,4395752318277
805;8,409;1,25590974852174
806;8,413;1,08649538978472
807;8,417;0,989042155108675
808;8,421;0,856596060104941
809;8,426;0,787997825174917
810;8,430;0,754392450572585
811;8,434;0,645862846800881
812;8,438;0,643887443395286
813;8,442;0,650965972265336
814;8,446;0,71646000184371
815;8,450;0,950874539307706
816;8,454;1,43797609573746
817;8,459;2,2963123921759
818;8,463;3,84850913482975
819;8,467;5,70237819756668
820;8,471;8,10966593106406
821;8,475;11,1761504843501
822;8,479;14,3492127547095
823;8,483;17,507365432698
824;8,487;19,7609714845815
825;8,491;21,7561994743546
826;8,496;22,8113470934291
827;8,500;22,8902926795312
828;8,504;22,7035229908736
829;8,508;21,8309826032807
830;8,512;20,4423680759759
831;8,516;18,6415291879963
832;8,520;16,8429949373233
833;8,524;15,3217696980643
834;8,529;13,5561823541917
835;8,533;11,7498170400179
836;8,537;10,1503752325802
837;8,541;8,60885507499948
838;8,545;7,30941590143301
839;8,549;6,2683783066842
840;8,553;5,25360887388837
841;8,557;4,39611917890946
842;8,562;3,66879445833498
843;8,566;3,02398986335852
844;8,570;2,60019528273667
845;8,574;2,21962440996582
846;8,578;1,96030567956699
847;8,582;1,63737425616655
848;8,586;1,44138601828283
849;8,590;1,26818546968508
850;8,595;1,05575905346194
851;8,599;0,969970105561795
852;8,603;0,845684307959747
853;8,607;0,802883900838512
854;8,611;0,726384052286106
855;8,615;0,686664333809311
856;8,619;0,621687671789546
857;8,623;0,553865488197435
858;8,628;0,515744905810884
859;8,632;0,505068320737785
860;8,636;0,47379110014919
861;8,640;0,459304808508157
862;8,644;0,395927282578635
863;8,648;0,380664939599689
864;8,652;0,346424613902701
865;8,656;0,327611248135125
866;8,660;0,341086321366151
867;8,665;0,287397678806932
868;8,669;0,266938143534693
869;8,673;0,264304272327232
870;8,677;0,22267970056647
871;8,681;0,196364505199074
872;8,685;0,200385862131893
873;8,689;0,241281415969161
874;8,693;0,217411958151549
875;8,698;0,208710776484045
876;8,702;0,194506685329526
877;8,706;0,173576815913097
878;8,710;0,170731294340751
879;8,714;0,170190410074934
880;8,718;0,147567337739424
881;8,722;0,162712097182322
882;8,726;0,176281237242186
883;8,731;0,219340328142726
884;8,735;0,146532602622207
885;8,739;0,153634648199467
886;8,743;0,14596820164918
887;8,747;0,134539081945377
888;8,751;0,12731945283207
889;8,755;0,14996604187479
890;8,759;0,141758711058685
891;8,764;0,137760870833075
892;8,768;0,143475430684976
893;8,772;0,138231204977264
894;8,776;0,112903711312665
895;8,780;0,104625830374932
896;8,784;0,134209848044445
897;8,788;0,137760870833075
898;8,792;0,103779228915391
899;8,797;0,100510406613274
900;8,801;0,135338649990499
901;8,805;0,133857097436303
902;8,809;0,107635968897744
903;8,813;0,107142118046345
904;8,817;0,099193471009544
905;8,821;0,08162649072407
906;8,825;0,0942784792027648
907;8,829;0,138795605950291
908;8,834;0,133128079512809
909;8,838;0,074218727953087
910;8,842;0,109658405717758
911;8,846;0,107541902068906
912;8,850;0,113891413015463
913;8,854;0,10248581001887
914;8,858;0,0931261605495008
915;8,862;0,0805917556068533
916;8,867;0,0851539968054905
917;8,871;0,0657527133576778
918;8,875;0,0803330718275492
919;8,879;0,101498108316072
920;8,883;0,076170614651473
921;8,887;0,122733694926223
922;8,891;0,0846601459540916
923;8,895;0,0739130107593639
924;8,900;0,0893164539815667
925;8,904;0,0791337197598662
926;8,908;0,0713967230879506
927;8,912;0,0697975869977066
928;8,916;0,0861887319227072
929;8,920;0,0719376073537684
930;8,924;0,0813678069447658
931;8,928;0,0853421304631663
932;8,933;0,0935494612792712
933;8,937;0,0723844247907483
934;8,941;0,0560167965729573
935;8,945;0,0780284345210211
936;8,949;0,0604379375283376
937;8,953;0,0754415967279794
938;8,957;0,0776992006200885
939;8,961;0,0403076361570314
940;8,966;0,062460374348352
941;8,970;0,0389671838460916
942;8,974;0,092538242869264
943;8,978;0,0520895064689758
944;8,982;0,044540643454736
945;8,986;0,0862357653371261
946;8,990;0,0507255374508266
947;8,994;0,0839546447378075
948;8,998;0,100957224050254
949;9,003;0,0477624323424334
950;9,007;0,0911272404366958
951;9,011;0,0742422446602965
952;9,015;0,0689980189525847
953;9,019;0,0883993024003973
954;9,023;0,0822144084043068
955;9,027;0,0574983491271539
956;9,031;0,103167794527944
957;9,036;0,0904217392204117
958;9,040;0,175434635782645
959;9,044;0,35357369289438
960;9,048;0,675282247519928
961;9,052;1,14770937865097
962;9,056;2,07925318463249
963;9,060;3,43162846612748
964;9,064;5,41382820010648
965;9,069;7,78292480109569
966;9,073;10,9699324788303
967;9,077;14,0512090409511
968;9,081;17,3269217382797
969;9,085;20,088959000032
970;9,089;21,7263567729057
971;9,093;22,9755642598728
972;9,097;23,1890959613348
973;9,102;22,549535592066
974;9,106;21,4933297211671
975;9,110;19,9058344009918
976;9,114;18,0877812833349
977;9,118;15,9764748267759
978;9,122;14,1334234493554
979;9,126;12,1205814458824
980;9,130;10,4594082820199
981;9,135;8,78151473933141
982;9,139;7,44750600616702
983;9,143;6,11088691850238
984;9,147;5,18684494212068
985;9,151;4,28455591990774
986;9,155;3,6407860600485
987;9,159;2,98777413425594
988;9,163;2,57056423165274
989;9,167;2,0939276099312
990;9,172;1,85582094943532
991;9,176;1,53183127421045
992;9,180;1,39769197628763
993;9,184;1,23037060449226
994;9,188;1,0184145224133
995;9,192;0,924041976381701
996;9,196;0,800250029631051
997;9,200;0,749971309617204
998;9,205;0,702514594468494
999;9,209;0,589846050227924
1000;9,213;0,562307986085635
1001;9,217;0,495473504196321
1002;9,221;0,466571471035883
1003;9,225;0,511700032170855
1004;9,229;0,658232634793062
1005;9,233;0,990500190955663
1006;9,238;1,8783734716492
1007;9,242;3,38085589526223
1008;9,246;5,98467275090916
1009;9,250;10,4631709551734
1010;9,254;16,4571563221375
1011;9,258;24,916021838555
1012;9,262;34,889433849384
1013;9,266;44,9832984345398
1014;9,271;55,8360471613453
1015;9,275;65,4739933438312
1016;9,279;73,2451597913222
1017;9,283;78,3924496319165
1018;9,287;80,9274330855613
1019;9,291;78,9681151076971
1020;9,295;75,4412910107857
1021;9,299;69,0000178726975
1022;9,304;61,7546614817031
1023;9,308;54,2071389197742
1024;9,312;46,3061837651941
1025;9,316;38,9062520577119
1026;9,320;32,3031839740225
1027;9,324;26,8616060594088
1028;9,328;21,9786675245561
1029;9,332;18,0505073024079
1030;9,336;14,4397755941731
1031;9,341;12,0628479296832
1032;9,345;10,0069468353097
1033;9,349;8,1946788276263
1034;9,353;6,91997923004419
1035;9,357;5,83393065769645
1036;9,361;5,01444396156806
1037;9,365;4,23333653160551
1038;9,369;3,67848334170528
1039;9,374;3,29083394006438
1040;9,378;2,82931856107853
1041;9,382;2,59184685167731
1042;9,386;2,31834754683117
1043;9,390;2,08938888543977
1044;9,394;1,89547011779048
1045;9,398;1,77647557931057
1046;9,402;1,59215162820274
1047;9,407;1,41610555803265
1048;9,411;1,31230281241005
1049;9,415;1,23126423936622
1050;9,419;1,12304035278823
1051;9,423;1,04966822629469
1052;9,427;0,989653589496122
1053;9,431;0,916681247025137
1054;9,435;0,885592160094217
1055;9,440;0,817440742601174
1056;9,444;0,743410148305762
1057;9,448;0,727042520087971
1058;9,452;0,722833029497476
1059;9,456;0,673165743871076
1060;9,460;0,591892003755148
1061;9,464;0,542953736052241
1062;9,468;0,571220818118024
1063;9,473;0,517414592022757
1064;9,477;0,534299587799156
1065;9,481;0,468123573711708
1066;9,485;0,463067481661672
1067;9,489;0,430920142906326
1068;9,493;0,425534816955358
1069;9,497;0,41699825223832
1070;9,501;0,380547356063642
1071;9,505;0,379583171068054
1072;9,510;0,353644243016008
1073;9,514;0,335113077734946
1074;9,518;0,323966158517657
1075;9,522;0,326106178873719
1076;9,526;0,289631765991831
1077;9,530;0,272041268999148
1078;9,534;0,279966399328739
1079;9,538;0,256684859191364
1080;9,543;0,22136276496274
1081;9,547;0,258965979790682
1082;9,551;0,291607169397427
1083;9,555;0,200903229690501
1084;9,559;0,203772267970057
1085;9,563;0,204901069916111
1086;9,567;0,233050568445847
1087;9,571;0,182230964166182
1088;9,576;0,215930405597353
1089;9,580;0,195753070811627
1090;9,584;0,198386942019088
1091;9,588;0,181149195634547
1092;9,592;0,19208446448695
1093;9,596;0,207041090272173
1094;9,600;0,173647366034726
1095;9,604;0,199680360915609
1096;9,609;0,193260299847424
1097;9,613;0,202549399195164
1098;9,617;0,196364505199074
1099;9,621;0,198857276163277
1100;9,625;0,198198808361412
1101;9,629;0,176281237242186
1102;9,633;0,18763980682436
1103;9,637;0,139242423387271
1104;9,642;0,203913368213313
1105;9,646;0,156480169771813
1106;9,650;0,155868735384366
1107;9,654;0,154881033681569
1108;9,658;0,117254302146417
1109;9,662;0,121064008714351
1110;9,666;0,130564758426977
1111;9,670;0,110316873519623
1112;9,674;0,138819122657501
1113;9,679;0,130588275134186
1114;9,683;0,113703279357787
1115;9,687;0,137643287297027
1116;9,691;0,0993816046672198
1117;9,695;0,132540161832572
1118;9,699;0,152247162474108
1119;9,703;0,155962802213204
1120;9,707;0,156009835627623
1121;9,712;0,156574236600651
1122;9,716;0,160713177069517
1123;9,720;0,166968621187236
1124;9,724;0,106624750487737
1125;9,728;0,183994717206892
1126;9,732;0,180349627589425
1127;9,736;0,188204207797388
1128;9,740;0,195988237883722
1129;9,745;0,258989496497892
1130;9,749;0,506103055855002
1131;9,753;0,921337555052612
1132;9,757;1,62625085365647
1133;9,761;2,83277551703832
1134;9,765;4,57552813821051
1135;9,769;7,1159204345135
1136;9,773;9,98858028697908
1137;9,778;13,372093570156
1138;9,782;16,8407608501384
1139;9,786;20,1497732048757
1140;9,790;22,9571036447133
1141;9,794;24,3808050991747
1142;9,798;25,2556266073669
1143;9,802;24,4749895115486
1144;9,806;23,6393938709817
1145;9,811;22,0377414930663
1146;9,815;19,6050557157827
1147;9,819;17,2817696604376
1148;9,823;14,6965074867789
1149;9,827;12,4472755424364
1150;9,831;10,3480096399686
1151;9,835;8,50599299766526
1152;9,839;7,07808205261346
1153;9,843;5,69854497429154
1154;9,848;4,73737011722608
1155;9,852;3,88942820537423
1156;9,856;3,23959103505494
1157;9,860;2,74414104756583
1158;9,864;2,26059051392471
1159;9,868;1,97613242351896
1160;9,872;1,67121479784098
1161;9,876;1,4420680027919
1162;9,881;1,31891100713591
1163;9,885;1,1815499203254
1164;9,889;1,15189535253425
1165;9,893;1,06027426124616
1166;9,897;0,969876038732957
1167;9,901;0,856901777298664
1168;9,905;0,832561985336863
1169;9,909;0,739741541981085
1170;9,914;0,732710046525454
1171;9,918;0,637138148426168
1172;9,922;0,606284228567343
1173;9,926;0,513134551310633
1174;9,930;0,458434690341406
1175;9,934;0,477530256595496
1176;9,938;0,417962437233908
1177;9,942;0,372998493049402
1178;9,947;0,381135273743879
1179;9,951;0,291583652690217
1180;9,955;0,347153631826195
1181;9,959;0,307457430056609
1182;9,963;0,256049908096708
1183;9,967;0,303765307024723
1184;9,971;0,209134077213816
1185;9,975;0,243444953032432
1186;9,980;0,188439374869482
1187;9,984;0,177574656138707
1188;9,988;0,214096102435014
1189;9,992;0,183077565625723
1190;9,996;0,210004195380566
1191;10,000;0,231333848819555
1192;10,004;0,202761049560049
1193;10,008;0,246384541433616
1194;10,013;0,231239781990717
1195;10,017;0,265597691223753
1196;10,021;0,299132515704457
1197;10,025;0,265480107687706
1198;10,029;0,330786003608404
1199;10,033;0,307669080421495
1200;10,037;0,319098200125297
1201;10,041;0,408814438129425
1202;10,045;0,474614184901521
1203;10,050;0,783553167512328
1204;10,054;1,37175304823559
1205;10,058;2,40846356885786
1206;10,062;4,05896014764729
1207;10,066;6,30271269921003
1208;10,070;9,65022190364923
1209;10,074;13,6172552428147
1210;10,078;17,6480423752251
1211;10,083;21,7165267892922
1212;10,087;24,8376406534258
1213;10,091;27,5463185065198
1214;10,095;28,7431778032385
1215;10,099;28,6014661255943
1216;10,103;27,086378746917
1217;10,107;25,0507960875725
1218;10,111;22,4497542033762
1219;10,116;19,6938312854985
1220;10,120;16,6605523227922
1221;10,124;13,7626355267836
1222;10,128;11,3557946107232
1223;10,132;9,10809125234932
1224;10,136;7,45982876074478
1225;10,140;6,09569512564506
1226;10,144;5,03941870462451
1227;10,149;4,1563193154945
1228;10,153;3,30245119342586
1229;10,157;2,87317722002419
1230;10,161;2,4194929045391
1231;10,165;2,03057360070889
1232;10,169;1,77995605197757
1233;10,173;1,57844138789962
1234;10,177;1,37977224539402
1235;10,182;1,19784699842156
1236;10,186;1,07083326278321
1237;10,190;0,954637212461221
1238;10,194;0,870564984187366
1239;10,198;0,765069035645684
1240;10,202;0,717753420740231
1241;10,206;0,662818392698909
1242;10,210;0,60334464016616
1243;10,214;0,598265031408914
1244;10,219;0,471392396013824
1245;10,223;0,479411593172253
1246;10,227;0,401877009502631
1247;10,231;0,346330547073863
1248;10,235;0,382428692640399
1249;10,239;0,349599369375979
1250;10,243;0,325141993878131
1251;10,247;0,323072523643697
1252;10,252;0,29988505033516
1253;10,256;0,261999635020704
1254;10,260;0,259859614664642
1255;10,264;0,252569435429707
1256;10,268;0,24222208425754
1257;10,272;0,220516163503199
1258;10,276;0,228229643467905
1259;10,280;0,184747251837595
1260;10,285;0,23022856358071
1261;10,289;0,168520723863061
1262;10,293;0,218164492782252
1263;10,297;0,205959321740537
1264;10,301;0,175105401881713
1265;10,305;0,167391921917007
1266;10,309;0,170449093854238
1267;10,313;0,143898731414746
1268;10,318;0,115843299713849
1269;10,322;0,159231624515321
1270;10,326;0,12021740725481
1271;10,330;0,131152676107214
1272;10,334;0,122921828583899
1273;10,338;0,0780519512282306
1274;10,342;0,0818616577961647
1275;10,346;0,0872705004543428
1276;10,351;0,0950074971262584
1277;10,355;0,0689980189525847
1278;10,359;0,110293356812414
1279;10,363;0,0904687726348307
1280;10,367;0,079721637440103
1281;10,371;0,060508487649966
1282;10,375;0,0902806389771549
1283;10,379;0,111069408150326
1284;10,383;0,0827082592557056
1285;10,388;0,0812972568231374
1286;10,392;0,0802860384131302
1287;10,396;0,0714907899167885
1288;10,400;0,0790631696382378
1289;10,404;0,0574983491271539
1290;10,408;0,0759824809937972
1291;10,412;0,0715848567456264
1292;10,416;0,0367095799539825
1293;10,421;0,0665287646955903
1294;10,425;0,0478564991712712
1295;10,429;0,0718905739393495
1296;10,433;0,0550761282845785
1297;10,437;0,0586506677804179
1298;10,441;0,0142276078617293
1299;10,445;0,034334392525826
1300;10,449;0,0578746164425054
1301;10,454;0,00352750608142048
1302;10,458;0,0641065438530149
1303;10,462;0,0302660021785878
1304;10,466;0,0306657862011487
1305;10,470;0,0356278114223469
1306;10,474;0,0335583411879135
1307;10,478;0,0116642867758971
1308;10,482;0,072266841254701
1309;10,487;0,0514310386671107
1310;10,491;0,0354396777646711
1311;10,495;0,0255626607366938
1312;10,499;0,0456459286935811
1313;10,503;0,0281730152369449
1314;10,507;0,0430120574861204
1315;10,511;0,038285199337017
1316;10,515;0,0332526239941904
1317;10,520;0
1318;10,524;0,0457635122296284
1319;10,528;0,0328528399716294
1320;10,532;0,0330880070437241
1321;10,536;0,0185311652810623
1322;10,540;0,0417421552968091
1323;10,544;0,0368741969044488
1324;10,548;0,0282200486513639
1325;10,552;0,038285199337017
1326;10,557;0,0615197060599732
1327;10,561;0,0852245469271189
1328;10,565;0,198010674703737
1329;10,569;0,364955779183763
1330;10,573;0,702914378491055
1331;10,577;1,33024606001087
1332;10,581;2,44131640882949
1333;10,585;4,10571136157972
1334;10,590;6,39546259244418
1335;10,594;9,6121483546771
1336;10,598;13,4187507172596
1337;10,602;17,4228463869872
1338;10,606;21,2632657745369
1339;10,610;24,9060742714054
1340;10,614;27,3226981376649
1341;10,618;28,3431586136054
1342;10,623;27,7114528245447
1343;10,627;26,43331978771
1344;10,631;24,1782321832723
1345;10,635;21,3310174080073
1346;10,639;18,5456280559961
1347;10,643;15,3472147752649
1348;10,647;12,6731064817689
1349;10,651;10,4235453035254
1350;10,656;8,50524046303456
1351;10,660;6,91631062371952
1352;10,664;5,73473718668691
1353;10,668;4,67469809251284
1354;10,672;3,85109597262279
1355;10,676;3,28436684558178
1356;10,680;2,71446296306748
1357;10,684;2,24956117824347
1358;10,689;1,99800296122377
1359;10,693;1,71229848533592
1360;10,697;1,52113117243014
1361;10,701;1,31698263714473
1362;10,705;1,19408432526804
1363;10,709;1,10874219480488
1364;10,713;0,92940378562546
1365;10,717;0,830586581931267
1366;10,721;0,784352735557449
1367;10,726;0,673800694965731
1368;10,730;0,604591025648262
1369;10,734;0,630435886871469
1370;10,738;0,540813715696179
1371;10,742;0,508595826819205
1372;10,746;0,475790020261995
1373;10,750;0,421160709414396
1374;10,754;0,406157050214755
1375;10,759;0,349599369375979
1376;10,763;0,33758233199194
1377;10,767;0,345272295249437
1378;10,771;0,35002267010575
1379;10,775;0,261858534777447
1380;10,779;0,249018412641077
1381;10,783;0,212449932930351
1382;10,787;0,262587552700941
1383;10,792;0,2324391340584
1384;10,796;0,199539260672352
1385;10,800;0,230816481260947
1386;10,804;0,199680360915609
1387;10,808;0,214237202678271
1388;10,812;0,164170133029309
1389;10,816;0,192907549239282
1390;10,820;0,150483409433398
1391;10,825;0,153422997834582
1392;10,829;0,137149436445628
1393;10,833;0,10693046768146
1394;10,837;0,176539921021491
1395;10,841;0,121840060052264
1396;10,845;0,0924676927476356
1397;10,849;0,156950503916002
1398;10,853;0,120311474083648
1399;10,858;0,134727215603053
1400;10,862;0,228958661391399
1401;10,866;0,426992852802345
1402;10,870;0,803495335225958
1403;10,874;1,61900770783596
1404;10,878;2,99266560935551
1405;10,882;5,41493348534533
1406;10,886;9,00852151402442
1407;10,890;14,5391807155476
1408;10,895;21,4584544443755
1409;10,899;30,2109730837176
1410;10,903;39,2207174665169
1411;10,907;48,4054026342475
1412;10,911;57,2423227357644
1413;10,915;63,1373968322055
1414;10,919;65,881396779528
1415;10,923;65,6710398335393
1416;10,928;61,220150243539
1417;10,932;55,7136662170272
1418;10,936;47,9352566237158
1419;10,940;40,5793717088368
1420;10,944;33,3664448570843
1421;10,948;27,2967827263201
1422;10,952;21,7381856766321
1423;10,956;17,6897610138147
1424;10,961;14,3800666745683
1425;10,965;11,6484835486523
1426;10,969;9,77735322282362
1427;10,973;8,10945428069918
1428;10,977;6,88705583995093
1429;10,981;5,87757766627723
1430;10,985;5,04677943398108
1431;10,989;4,34130173440419
1432;10,994;3,8660290817008
1433;10,998;3,34593358505617
1434;11,002;2,86445252164948
1435;11,006;2,66524249487806
1436;11,010;2,32533200887238
1437;11,014;2,10970732046875
1438;11,018;1,91496546806713
1439;11,022;1,72203440212064
1440;11,027;1,59226921173879
1441;11,031;1,40098431529696
1442;11,035;1,3479541405396
1443;11,039;1,2314758897311
1444;11,043;1,09625482327665
1445;11,047;1,01173577756581
1446;11,051;0,987631152676107
1447;11,055;0,895210493342891
1448;11,059;0,881547286454189
1449;11,064;0,795922955504509
1450;11,068;0,742563546846222
1451;11,072;0,676716766659706
1452;11,076;0,622440206420249
1453;11,080;0,626202879573764
1454;11,084;0,603015406265227
1455;11,088;0,531312965983553
1456;11,092;0,558169045616768
1457;11,097;0,527738426487714
1458;11,101;0,486349021799047
1459;11,105;0,502881266967304
1460;11,109;0,440326825790114
1461;11,113;0,459116674850481
1462;11,117;0,428921222793521
1463;11,121;0,397973236105859
1464;11,125;0,402159209989145
1465;11,130;0,402276793525192
1466;11,134;0,313548257223862
1467;11,138;0,351621806195994
1468;11,142;0,292030470127197
1469;11,146;0,3345016433475
1470;11,150;0,265009773543516
1471;11,154;0,270348066080066
1472;11,158;0,320767886337169
1473;11,163;0,284881391135518
1474;11,167;0,447734588561097
1475;11,171;0,674953013618996
1476;11,175;1,12823754508153
1477;11,179;1,8731527626487
1478;11,183;3,26037980422812
1479;11,187;5,45150196505605
1480;11,191;8,45510284326397
1481;11,196;12,2303104017218
1482;11,200;16,4807670961758
1483;11,204;21,1606858976892
1484;11,208;25,0384262995803
1485;11,212;28,537665298935
1486;11,216;30,6736172646495
1487;11,220;31,1118981369124
1488;11,224;30,2817583724181
1489;11,228;28,0806180943189
1490;11,233;24,8025772429765
1491;11,237;21,4421808829865
1492;11,241;18,0411006195241
1493;11,245;14,6918276620442
1494;11,249;12,0882224567622
1495;11,253;9,76199681301584
1496;11,257;8,06227976603698
1497;11,261;6,55474125037392
1498;11,266;5,42683293919332
1499;11,270;4,51327941422704
1500;11,274;3,90189206019525
1501;11,278;3,25708746521879
1502;11,282;2,72956068909596
1503;11,286;2,40999215482648
1504;11,290;2,09209330676886
1505;11,294;1,89843322289888
1506;11,299;1,61080037701985
1507;11,303;1,44016314950794
1508;11,307;1,32845879026295
1509;11,311;1,18333719007332
1510;11,315;1,16619351051761
1511;11,319;1,20551344497185
1512;11,323;1,33509050169603
1513;11,327;1,71723699384991
1514;11,332;2,71319306087817
1515;11,336;4,45051332268497
1516;11,340;7,36089397351454
1517;11,344;11,5345686189296
1518;11,348;17,7117256183483
1519;11,352;25,4245471152526
1520;11,356;34,208531108841
1521;11,360;43,3224780212854
1522;11,365;52,5156762370258
1523;11,369;59,1581348052911
1524;11,373;62,7813068516397
1525;11,377;63,2500888931533
1526;11,381;61,0525701879643
1527;11,385;56,5080370698559
1528;11,389;49,7106974679091
1529;11,393;42,1012789326049
1530;11,397;34,904037724561
1531;11,402;28,7996884506629
1532;11,406;23,311382838824
1533;11,410;18,841773949885
1534;11,414;15,1748608281267
1535;11,418;12,3490697731296
1536;11,422;10,0417515619797
1537;11,426;8,60577438635504
1538;11,430;7,23409188824108
1539;11,435;6,1206228352871
1540;11,439;5,34348972884296
1541;11,443;4,48080284157077
1542;11,447;3,95941392602961
1543;11,451;3,52531902765
1544;11,455;3,18070520020243
1545;11,459;2,83385728556996
1546;11,463;2,5394281113074
1547;11,468;2,22684403907912
1548;11,472;2,09223440701212
1549;11,476;1,85316356152065
1550;11,480;1,76871506593144
1551;11,484;1,54314281037821
1552;11,488;1,45140413555406
1553;11,492;1,38908486144897
1554;11,496;1,26853822029323
1555;11,501;1,18865196590266
1556;11,505;1,13383452139738
1557;11,509;1,0318190455227
1558;11,513;0,94668856542442
1559;11,517;0,943043475806952
1560;11,521;0,795617238310786
1561;11,525;0,78611648859816
1562;11,529;0,744656533787864
1563;11,534;0,719728824145826
1564;11,538;0,704419447752461
1565;11,542;0,69959852277452
1566;11,546;0,631776339182409
1567;11,550;0,59090430205235
1568;11,554;0,574536673834559
1569;11,558;0,557910361837464
1570;11,562;0,524516637600017
1571;11,566;0,528843711726559
1572;11,571;0,463232098612138
1573;11,575;0,465771902990761
1574;11,579;0,465301568846571
1575;11,583;0,425346683297682
1576;11,587;0,396773884038176
1577;11,591;0,35757153311999
1578;11,595;0,349928603276912
1579;11,599;0,370129454769847
1580;11,604;0,324460009369056
1581;11,608;0,336782763946818
1582;11,612;0,321449870846244
1583;11,616;0,291607169397427
1584;11,620;0,269172230719592
1585;11,624;0,283070604680389
1586;11,628;0,306798962254744
1587;11,632;0,264233722205604
1588;11,637;0,263551737696529
1589;11,641;0,241516583041256
1590;11,645;0,272699736801013
1591;11,649;0,253580653839714
1592;11,653;0,336594630289143
1593;11,657;0,443854331871535
1594;11,661;0,711662593572978
1595;11,665;1,22319800879337
1596;11,670;2,18594848524186
1597;11,674;3,77370248919642
1598;11,678;6,00510876947419
1599;11,682;9,28926396469108
1600;11,686;13,7204465540499
1601;11,690;18,1366019675018
1602;11,694;23,2117895837919
1603;11,698;28,2169444460122
1604;11,703;32,9226610753344
1605;11,707;37,8713288068375
1606;11,711;42,9754890064097
1607;11,715;47,4062482950387
1608;11,719;53,5286113666593
1609;11,723;59,6011190189959
1610;11,727;65,7103362512864
1611;11,731;71,5595998020834
1612;11,735;75,8009320141401
1613;11,740;77,1226179927268
1614;11,744;75,0357218782512
1615;11,748;69,7428636200302
1616;11,752;61,5019744627373
1617;11,756;52,858902578748
1618;11,760;44,3040888969159
1619;11,764;35,7942861926827
1620;11,768;29,1829637447628
1621;11,773;23,541870086184
1622;11,777;19,0318830109663
1623;11,781;15,6684294790391
1624;11,785;12,9106487412918
1625;11,789;10,7593403657695
1626;11,793;9,2346816872579
1627;11,797;7,89620477972371
1628;11,801;6,80430054728081
1629;11,806;5,92844430397131
1630;11,810;5,13160419688564
1631;11,814;4,61115594963286
1632;11,818;4,14124510617323
1633;11,822;3,81365737474531
1634;11,826;3,35938514157998
1635;11,830;3,09656242180695
1636;11,834;2,75253651203961
1637;11,839;2,51802790774678
1638;11,843;2,30292058690176
1639;11,847;2,138139019485
1640;11,851;2,00515204021545
1641;11,855;1,86452213110282
1642;11,859;1,76471722570583
1643;11,863;1,6367628217791
1644;11,867;1,47680217934029
1645;11,872;1,46967661705582
1646;11,876;1,36079426267598
1647;11,880;1,26021330594107
1648;11,884;1,25078310635008
1649;11,888;1,21896500149566
1650;11,892;1,106061290183
1651;11,896;1,11582072367493
1652;11,900;1,03104299418479
1653;11,904;0,945983064208136
1654;11,909;0,937728699977612
1655;11,913;0,860876100817064
1656;11,917;0,847730261486971
1657;11,921;0,823084752331446
1658;11,925;0,795922955504509
1659;11,929;0,728288905570073
1660;11,933;0,718505955370934
1661;11,937;0,676998967146219
1662;11,942;0,633210858322186
1663;11,946;0,663688510865659
1664;11,950;0,643675793030401
1665;11,954;0,577241095163648
1666;11,958;0,57980441624948
1667;11,962;0,594431808133771
1668;11,966;0,554429889170462
1669;11,970;0,540625582038503
1670;11,975;0,496461205899119
1671;11,979;0,47379110014919
1672;11,983;0,463020448247253
1673;11,987;0,462150330080502
1674;11,991;0,426028667806757
1675;11,995;0,39747938525446
1676;11,999;0,372340025247537
1677;12,003;0,409237738859195
1678;12,008;0,394281113073972
1679;12,012;0,506596906706401
1680;12,016;0,669050320109419
1681;12,020;0,969664388368072
1682;12,024;1,64325343296892
1683;12,028;2,69706059973247
1684;12,032;4,42339855927245
1685;12,036;6,83543666762615
1686;12,041;10,102636316945
1687;12,045;13,9034300528467
1688;12,049;18,0349392422353
1689;12,053;21,8729599256496
1690;12,057;25,2754982249589
1691;12,061;27,2032802984552
1692;12,065;27,9502649862568
1693;12,069;27,2421534154725
1694;12,073;25,3436261257448
1695;12,078;22,5016555761875
1696;12,082;19,3421624458881
1697;12,086;16,5694250823555
1698;12,090;13,5368751375727
1699;12,094;11,105741462965
1700;12,098;9,16479003343135
1701;12,102;7,47709002383653
1702;12,106;6,14336349115866
1703;12,111;5,14928876070716
1704;12,115;4,22816285601943
1705;12,119;3,54112225489477
1706;12,123;3,03497216562535
1707;12,127;2,65851671661615
1708;12,131;2,24812665910369
1709;12,135;1,99849681207517
1710;12,139;1,78364817500945
1711;12,144;1,59123447662157
1712;12,148;1,47372149069585
1713;12,152;1,33038716025413
1714;12,156;1,24234060846188
1715;12,160;1,16972101659903
1716;12,164;1,05486541858798
1717;12,168;1,04635237057815
1718;12,172;0,934530427797124
1719;12,177;0,905416744271801
1720;12,181;0,79806297586057
1721;12,185;0,776662772299953
1722;12,189;0,810903097996941
1723;12,193;0,734003465421974
1724;12,197;0,68405397930906
1725;12,201;0,601886604319173
1726;12,205;0,53234770110077
1727;12,210;0,561720068405398
1728;12,214;0,502152249043811
1729;12,218;0,443125313948041
1730;12,222;0,45779973924675
1731;12,226;0,460198443382116
1732;12,230;0,417962437233908
1733;12,234;0,428427371942123
1734;12,238;0,387931602127415
1735;12,242;0,398114336349116
1736;12,247;0,339910486005678
1737;12,251;0,324906826806036
1738;12,255;0,306469728353812
1739;12,259;0,31406562478247
1740;12,263;0,305834777259156
1741;12,267;0,275756908738244
1742;12,271;0,35046948754273
1743;12,275;0,300261317650512
1744;12,280;0,302048587398431
1745;12,284;0,260776766245812
1746;12,288;0,303412556416581
1747;12,292;0,245349806316399
1748;12,296;0,222891350931356
1749;12,300;0,259624447592548
1750;12,304;0,235472789288422
1751;12,308;0,247842577280603
1752;12,313;0,231616049306069
1753;12,317;0,25419208822716
1754;12,321;0,229969879801406
1755;12,325;0,239752830000546
1756;12,329;0,207958241853342
1757;12,333;0,224984337872999
1758;12,337;0,198104741532574
1759;12,341;0,221597932034835
1760;12,346;0,188768608770415
1761;12,350;0,192131497901369
1762;12,354;0,177692239674755
1763;12,358;0,193260299847424
1764;12,362;0,149189990536877
1765;12,366;0,18453560147271
1766;12,370;0,197164073244196
1767;12,374;0,19074401217601
1768;12,379;0,155610051605062
1769;12,383;0,166709937407932
1770;12,387;0,175999036755673
1771;12,391;0,14286399629753
1772;12,395;0,189097842671347
1773;12,399;0,143851698000327
1774;12,403;0,161559778529058
1775;12,407;0,162618030353484
1776;12,411;0,143828181293118
1777;12,416;0,167721155817939
1778;12,420;0,110951824614279
1779;12,424;0,128565838314172
1780;12,428;0,121698959809007
1781;12,432;0,16101889426324
1782;12,436;0,151071327113635
1783;12,440;0,137078886324
1784;12,444;0,176845638215214
1785;12,449;0,0800979047554545
1786;12,453;0,139853857774717
1787;12,457;0,0987466535725641
1788;12,461;0,163958482664424
1789;12,465;0,114690981060585
1790;12,469;0,0874586341120185
1791;12,473;0,0817440742601174
1792;12,477;0,0891518370311004
1793;12,482;0,112292276925219
1794;12,486;0,11311536167755
1795;12,490;0,165063767903269
1796;12,494;0,27237050290008
1797;12,498;0,419726190274619
1798;12,502;0,774851985844824
1799;12,506;1,6173850550385
1800;12,510;3,11608128879081
1801;12,515;5,85102730383774
1802;12,519;10,2205961203077
1803;12,523;16,7140293149865
1804;12,527;25,9323198573194
1805;12,531;38,0065263565848
1806;12,535;51,9807181814248
1807;12,539;67,1543091073622
1808;12,543;80,8219371370196
1809;12,548;92,1659498774309
1810;12,552;98,8953026788352
1811;12,556;100
1812;12,560;95,1278791504637
1813;12,564;86,726582533295
1814;12,568;75,6614544236808
1815;12,572;63,8602298617029
1816;12,576;52,9257370606374
1817;12,580;43,3332486731874
1818;12,585;35,1345484886283
1819;12,589;28,4402355809661
1820;12,593;23,3751366320689
1821;12,597;19,0599384426672
1822;12,601;15,8468742533445
1823;12,605;13,3439675883335
1824;12,609;11,3640254582466
1825;12,613;9,7000538062261
1826;12,618;8,43636002761802
1827;12,622;7,44167386277907
1828;12,626;6,60346786771194
1829;12,630;5,81655181106866
1830;12,634;5,17960179630016
1831;12,638;4,60570007356026
1832;12,642;4,16480884679712
1833;12,646;3,83588066305826
1834;12,651;3,42610203993325
1835;12,655;3,08144117907126
1836;12,659;2,92465529210572
1837;12,663;2,72177665900963
1838;12,667;2,58368655427562
1839;12,671;2,39992700414082
1840;12,675;2,16499509911822
1841;12,679;1,98749099310114
1842;12,684;1,9215971795002
1843;12,688;1,78047341953618
1844;12,692;1,70460852207843
1845;12,696;1,57451409779564
1846;12,700;1,47437995849772
1847;12,704;1,41876294594732
1848;12,708;1,35804280793247
1849;12,712;1,2416586239528
1850;12,717;1,28196626010983
1851;12,721;1,16433569064806
1852;12,725;1,0981126431462
1853;12,729;1,02093081008472
1854;12,733;1,00651506856531
1855;12,737;0,940856422036472
1856;12,741;0,939257285946228
1857;12,745;0,873528089295759
1858;12,749;0,819133945520255
1859;12,754;0,835901357760607
1860;12,758;0,77012512769572
1861;12,762;0,807728342523663
1862;12,766;0,793477217954724
1863;12,770;0,861369951668463
1864;12,774;0,849799731721404
1865;12,778;0,889637033734246
1866;12,782;0,847024760270687
1867;12,787;0,882205754256054
1868;12,791;0,90188923819038
1869;12,795;0,92719321514777
1870;12,799;0,90412332537528
1871;12,803;0,886180077774454
1872;12,807;0,859935432528686
1873;12,811;0,924300660161005
1874;12,815;1,11067056479605
1875;12,820;1,36752004093788
1876;12,824;1,93069814519027
1877;12,828;2,964092810096
1878;12,832;4,59119026521202
1879;12,836;6,9257173066033
1880;12,840;9,97606939874364
1881;12,844;13,5621555978229
1882;12,848;17,1773789971347
1883;12,853;20,2635705510623
1884;12,857;23,1661436550983
1885;12,861;24,5823197632526
1886;12,865;24,940385147224
1887;12,869;23,9433002782497
1888;12,873;22,0961569937747
1889;12,877;19,3212090597644
1890;12,881;16,6768729175956
1891;12,886;14,074890365111
1892;12,890;11,5712311654692
1893;12,894;9,66035760445651
1894;12,898;7,84674914446219
1895;12,902;6,39362828928184
1896;12,906;5,21831029636695
1897;12,910;4,51424359922263
1898;12,914;3,77205631969176
1899;12,918;3,18689009419852
1900;12,923;2,72485734765407
1901;12,927;2,44505556527579
1902;12,931;2,07711316427643
1903;12,935;1,98396348701972
1904;12,939;1,8557739160209
1905;12,943;1,83806583549217
1906;12,947;1,99967264743564
1907;12,951;2,4080637848353
1908;12,956;3,35515213428228
1909;12,960;4,92865501366791
1910;12,964;7,35699020011777
1911;12,968;10,9383025076335
1912;12,972;15,3017804969362
1913;12,976;20,2565155388995
1914;12,980;25,5138165358197
1915;12,984;30,2643560090831
1916;12,989;33,6901052984082
1917;12,993;34,5690657470694
1918;12,997;34,151385510322
1919;13,001;32,1341929160153
1920;13,005;28,5896842552823
1921;13,009;25,0888931532518
1922;13,013;21,1910224499894
1923;13,017;17,8094845702181
1924;13,022;14,4552731042242
1925;13,026;11,9499442183705
1926;13,030;9,96297059282797
1927;13,034;8,32665458848584
1928;13,038;6,93644092509082
1929;13,042;5,97759422203911
1930;13,046;5,13139254652075
1931;13,050;4,49227899468899
1932;13,055;3,83700946500432
1933;13,059;3,47494624080732
1934;13,063;3,09907870947836
1935;13,067;2,82480335329431
1936;13,071;2,49023115982519
1937;13,075;2,29262026914401
1938;13,079;2,12466394625398
1939;13,083;1,93930526002894
1940;13,087;1,75970816707021
1941;13,092;1,58180427703057
1942;13,096;1,55711173446063
1943;13,100;1,49084165354434
1944;13,104;1,34760138993146
1945;13,108;1,25141805744473
1946;13,112;1,17901011594677
1947;13,116;1,09583152254688
1948;13,120;0,982245826725139
1949;13,125;1,01488701633188
1950;13,129;0,93250799097711
1951;13,133;0,866096809817567
1952;13,137;0,824048937327035
1953;13,141;0,870800151259461
1954;13,145;0,821015282097013
1955;13,149;0,762388131023805
1956;13,153;0,746749520729507
1957;13,158;0,711639076865769
1958;13,162;0,681279007858343
1959;13,166;0,660890022707732
1960;13,170;0,648285067643457
1961;13,174;0,596477761660994
1962;13,178;0,632411290277064
1963;13,182;0,556123092089544
1964;13,186;0,540272831430361
1965;13,191;0,539849530700591
1966;13,195;0,521859249685346
1967;13,199;0,47068689479754
1968;13,203;0,513111034603424
1969;13,207;0,491052363240941
1970;13,211;0,494909103223294
1971;13,215;0,474096817342913
1972;13,219;0,440938260177561
1973;13,224;0,421419393193701
1974;13,228;0,391694275280931
1975;13,232;0,405286932048004
1976;13,236;0,375726431085701
1977;13,240;0,431319926928887
1978;13,244;0,407144751917552
1979;13,248;0,395433431727236
1980;13,252;0,388989853951842
1981;13,256;0,407873769841046
1982;13,261;0,410295990683621
1983;13,265;0,377607767662458
1984;13,269;0,349552335961561
1985;13,273;0,382710893126913
1986;13,277;0,374691695968484
1987;13,281;0,352633024606001
1988;13,285;0,364979295890973
1989;13,289;0,379371520703168
1990;13,294;0,445876768691549
1991;13,298;0,562449086328892
1992;13,302;0,902100888555265
1993;13,306;1,50584531274399
1994;13,310;2,61129516853954
1995;13,314;4,39362640794526
1996;13,318;7,18019159531698
1997;13,322;11,1290230031023
1998;13,327;16,1528971642614
1999;13,331;22,0583421285818
2000;13,335;27,7951723022104
2001;13,339;32,6324884250767
2002;13,343;36,0691964999614
2003;13,347;37,172623918937
2004;13,351;36,6202164665865
2005;13,355;33,8491487892658
2006;13,360;30,5673217480627
2007;13,364;26,2858230000922
2008;13,368;22,0477596103376
2009;13,372;18,311425168897
2010;13,376;15,023554333941
2011;13,380;12,6027680105054
2012;13,384;10,4793739664407
2013;13,388;8,84110607540021
2014;13,393;7,46366198401993
2015;13,397;6,29800935776813
2016;13,401;5,52553255935147
2017;13,405;4,81958452563039
2018;13,409;4,27792420847467
2019;13,413;3,76180303534843
2020;13,417;3,41551952168899
2021;13,421;3,09275271523901
2022;13,425;2,80448491826533
2023;13,430;2,52463610247264
2024;13,434;2,35846704933053
2025;13,438;2,18065722611972
2026;13,442;2,03170240265494
2027;13,446;1,84396852900174
2028;13,450;1,72396277211182
2029;13,454;1,55812295287064
2030;13,458;1,53211347469696
2031;13,463;1,40745140977956
2032;13,467;1,31216171216679
2033;13,471;1,32961110891622
2034;13,475;1,23763726701998
2035;13,479;1,21357967554469
2036;13,483;1,13287033640179
2037;13,487;1,0750192366665
2038;13,491;1,05281946506076
2039;13,496;1,02652778640057
2040;13,500;0,979165138080698
2041;13,504;0,903370790744577
2042;13,508;0,912848023749993
2043;13,512;0,910943170466026
2044;13,516;0,78209513166534
2045;13,520;0,750065376446042
2046;13,524;0,742892780747154
2047;13,529;0,760671411397513
2048;13,533;0,734826550174306
2049;13,537;0,68541794832721
2050;13,541;0,680479439813221
2051;13,545;0,5900341838856
2052;13,549;0,635233295142201
2053;13,553;0,687134667953501
2054;13,557;0,57846396393854
2055;13,562;0,573572488838971
2056;13,566;0,54255395202968
2057;13,570;0,543541653732478
2058;13,574;0,478847192199226
2059;13,578;0,479035325856902
2060;13,582;0,471721629914757
2061;13,586;0,503916002084521
2062;13,590;0,491640280921178
2063;13,594;0,485173186438573
2064;13,599;0,466994771765653
2065;13,603;0,459281291800947
2066;13,607;0,46936995919381
2067;13,611;0,477271572816192
2068;13,615;0,499259694057046
2069;13,619;0,620017985577674
2070;13,623;0,938222550829011
2071;13,627;1,42798149517343
2072;13,632;2,28507140612977
2073;13,636;3,85749251698377
2074;13,640;6,07650549256214
2075;13,644;9,26885146283326
2076;13,648;13,5503502108038
2077;13,652;17,8732148467557
2078;13,656;22,535166883961
2079;13,660;26,2403652050563
2080;13,665;29,1693005378741
2081;13,669;30,2195566818491
2082;13,673;29,7380991351496
2083;13,677;27,7085367528507
2084;13,681;24,9340356362774
2085;13,685;21,6351589823474
2086;13,689;18,2427799005525
2087;13,693;15,467573282763
2088;13,698;12,8043767414122
2089;13,702;10,6149242667961
2090;13,706;8,69492622338614
2091;13,710;7,33114533889456
2092;13,714;6,2408167258347
2093;13,718;5,28794326641419
2094;13,722;4,46537588164135
2095;13,726;3,94948987558721
2096;13,731;3,46986663205007
2097;13,735;3,09272919853181
2098;13,739;2,73489898163251
2099;13,743;2,40590024777203
2100;13,747;2,2600731463661
2101;13,751;2,04125018578199
2102;13,755;1,83759550134798
2103;13,759;1,72492695710741
2104;13,763;1,56741205221838
2105;13,768;1,47200477106956
2106;13,772;1,2960292510211
2107;13,776;1,27373541258652
2108;13,780;1,21849466735147
2109;13,784;1,0976187922948
2110;13,788;1,04108462816323
2111;13,792;1,00900783952952
2112;13,796;0,988125003527506
2113;13,801;0,935400545963875
2114;13,805;0,927240248562189
2115;13,809;0,876303060746477
2116;13,813;0,810738481046475
2117;13,817;0,777274206687399
2118;13,821;0,792254349179831
2119;13,825;0,700209957161966
2120;13,829;0,718035621226744
2121;13,834;0,698328620585209
2122;13,838;0,689956672818637
2123;13,842;0,672342659118744
2124;13,846;0,59534895971494
2125;13,850;0,613245173901346
2126;13,854;0,641865006575271
2127;13,858;0,555347040751632
2128;13,862;0,555252973922794
2129;13,867;0,558921580247471
2130;13,871;0,57893429808273
2131;13,875;0,601369236760564
2132;13,879;0,562543153157729
2133;13,883;0,51282883411691
2134;13,887;0,525104555280253
2135;13,891;0,474308467707798
2136;13,895;0,512899384238538
2137;13,900;0,462197363494921
2138;13,904;0,507255374508266
2139;13,908;0,439997591889182
2140;13,912;0,452861230732762
2141;13,916;0,457776222539541
2142;13,920;0,434823916303098
2143;13,924;0,405216381926376
2144;13,928;0,442513879560595
2145;13,932;0,428756605843055
2146;13,937;0,343061724771747
2147;13,941;0,391576691744883
2148;13,945;0,362768725413283
2149;13,949;0,368036467828204
2150;13,953;0,391482624916045
2151;13,957;0,329469068004673
2152;13,961;0,396726850623757
2153;13,965;0,419514539909733
2154;13,970;0,362157291025836
2155;13,974;0,356748448367658
2156;13,978;0,364720612111669
2157;13,982;0,389413154681612
2158;13,986;0,354232160696245
2159;13,990;0,363685876994452
2160;13,994;0,389248537731146
2161;13,998;0,335700995415183
2162;14,003;0,403123394984733
2163;14,007;0,357195265804638
2164;14,011;0,340851154294057
2165;14,015;0,365402596620743
2166;14,019;0,326835196797213
2167;14,023;0,33981641917684
2168;14,027;0,348188366943411
2169;14,031;0,370999572936597
2170;14,036;0,327869931914429
2171;14,040;0,325071443756502
2172;14,044;0,371140673179854
2173;14,048;0,280695417252233
2174;14,052;0,319239300368554
2175;14,056;0,321050086823683
2176;14,060;0,354255677403455
2177;14,064;0,347482865727127
2178;14,069;0,377842934734553
2179;14,073;0,499988711980539
2180;14,077;0,64948441971114
2181;14,081;1,12423970485592
2182;14,085;1,89271866304698
2183;14,089;3,26242575775534
2184;14,093;5,5812436387307
2185;14,097;9,29497852454298
2186;14,101;14,7943605054775
2187;14,106;22,5373539377315
2188;14,110;32,6111117382233
2189;14,114;44,7059423897113
2190;14,118;58,3592017112638
2191;14,122;71,4912602509327
2192;14,126;83,9521049334289
2193;14,130;93,1022205415616
2194;14,134;98,4433821163908
2195;14,139;98,5169658932492
2196;14,143;94,0786342248987
2197;14,147;85,7072038258861
2198;14,151;76,1430060372091
2199;14,155;66,2653305414299
2200;14,159;56,5882995915618
2201;14,163;47,6539968054905
2202;14,167;40,0109258621695
2203;14,172;33,2927434966898
2204;14,176;27,6105426339088
2205;14,180;23,2988014004669
2206;14,184;19,8509699230721
2207;14,188;16,8604913674871
2208;14,192;14,328165301757
2209;14,196;12,5469393475901
2210;14,200;10,9922733506793
2211;14,205;9,80145784771333
2212;14,209;8,70061726653083
2213;14,213;7,85657912807575
2214;14,217;7,02738003186984
2215;14,221;6,58731188985903
2216;14,225;5,84183227131884
2217;14,229;5,38697212047327
2218;14,233;4,98464829353366
2219;14,238;4,6467837610552
2220;14,242;4,24897514189981
2221;14,246;3,99800484256035
2222;14,250;3,72822117745331
2223;14,254;3,52534254435721
2224;14,258;3,39186171423626
2225;14,262;3,17064004951678
2226;14,266;2,99713378372531
2227;14,270;2,85725640924338
2228;14,275;2,6417493043758
2229;14,279;2,65082675335866
2230;14,283;2,44566699966324
2231;14,287;2,35792616506471
2232;14,291;2,22406906762841
2233;14,295;2,20193984614429
2234;14,299;2,15032067381951
2235;14,303;1,94353826732664
2236;14,308;1,91823429036925
2237;14,312;1,75984926731347
2238;14,316;1,78421257598248
2239;14,320;1,71187518460615
2240;14,324;1,66808707578212
2241;14,328;1,56665951758767
2242;14,332;1,53662868248118
2243;14,336;1,50401100958165
2244;14,341;1,4720988378984
2245;14,345;1,3901666299806
2246;14,349;1,33852394094861
2247;14,353;1,30113237648555
2248;14,357;1,33469071767346
2249;14,361;1,26613951615786
2250;14,365;1,19951668463343
2251;14,369;1,22599649695129
2252;14,374;1,21437924358982
2253;14,378;1,19243815576338
2254;14,382;1,1639359066255
2255;14,386;1,23053522144272
2256;14,390;1,36335758376181
2257;14,394;1,52809211776414
2258;14,398;1,96599672271168
2259;14,402;2,80718933959442
2260;14,407;4,11629387982398
2261;14,411;6,08116180058961
2262;14,415;9,07864833492306
2263;14,419;12,8092211830973
2264;14,423;16,9600140723976
2265;14,427;21,269450668533
2266;14,431;24,6229095998962
2267;14,435;27,2091124418432
2268;14,439;28,2872594005685
2269;14,444;27,7701270090323
2270;14,448;26,3253781016185
2271;14,452;23,8117713348271
2272;14,456;21,0716046107797
2273;14,460;18,5756353743954
2274;14,464;16,303404090402
2275;14,468;14,9581778878987
2276;14,472;14,5894359188542
2277;14,477;15,0793359634419
2278;14,481;16,6312740223164
2279;14,485;19,0513313278285
2280;14,489;21,7142456686929
2281;14,493;24,3475289584733
2282;14,497;26,9935583035612
2283;14,501;28,2753834634278
2284;14,505;28,6254296502407
2285;14,510;28,6769312390295
2286;14,514;27,8719073178349
2287;14,518;26,3479071071252
2288;14,522;25,7565089542214
2289;14,526;26,1294604138564
2290;14,530;27,4455494161272
2291;14,534;29,8104600432331
2292;14,538;32,8555443929585
2293;14,543;36,2473590737804
2294;14,547;38,7631528943423
2295;14,551;40,4539571092887
2296;14,555;40,4311459032955
2297;14,559;38,699916468656
2298;14,563;35,607610570854
2299;14,567;31,5893578433863
2300;14,571;27,7672109373383
2301;14,576;23,8526433719572
2302;14,580;20,3021379508858
2303;14,584;17,3607857966614
2304;14,588;14,7856122903956
2305;14,592;12,7121442157366
2306;14,596;11,0173656772718
2307;14,600;9,47829125724079
2308;14,604;8,52233710917584
2309;14,608;7,52760391092248
2310;14,613;6,87214624758013
2311;14,617;6,25130517725013
2312;14,621;5,67230032904577
2313;14,625;5,11850539096996
2314;14,629;4,74197939183914
2315;14,633;4,34365340512514
2316;14,637;4,10300694025063
2317;14,641;3,7888002152249
2318;14,646;3,50401289091822
2319;14,650;3,30176920891678
2320;14,654;3,14498332195125
2321;14,658;2,9608475045011
2322;14,662;2,80058114486856
2323;14,666;2,62375902336056
2324;14,670;2,46850172236364
2325;14,674;2,2995576977708
2326;14,679;2,23018341150287
2327;14,683;2,17461343236689
2328;14,687;2,08475609411951
2329;14,691;1,97923662887061
2330;14,695;1,87113032582868
2331;14,699;1,82073402227879
2332;14,703;1,75107753552434
2333;14,707;1,66724047432258
2334;14,712;1,60945992470891
2335;14,716;1,61578591894826
2336;14,720;1,59219866161716
2337;14,724;1,47358039045259
2338;14,728;1,44416098973355
2339;14,732;1,33800657339
2340;14,736;1,37005984531651
2341;14,740;1,33193926292996
2342;14,745;1,26571621542809
2343;14,749;1,26240035971155
2344;14,753;1,23004137059132
2345;14,757;1,16320688870201
2346;14,761;1,19354344100223
2347;14,765;1,13787939503741
2348;14,769;1,0879299089245
2349;14,773;1,04096704462719
2350;14,777;1,08078082993282
2351;14,782;0,998895655429443
2352;14,786;0,996308817636402
2353;14,790;0,99104107522148
2354;14,794;0,959881438168933
2355;14,798;0,996191234100354
2356;14,802;0,957929551470547
2357;14,806;0,980105806369077
2358;14,810;0,946053614329764
2359;14,815;0,921337555052612
2360;14,819;0,903747058059928
2361;14,823;0,97996470612582
2362;14,827;0,962303659011508
2363;14,831;1,05253726457424
2364;14,835;1,27930887219516
2365;14,839;1,59208107808111
2366;14,843;2,27550010629552
2367;14,848;3,35451718318762
2368;14,852;5,20015539840124
2369;14,856;7,84449154057008
2370;14,860;11,5969584431564
2371;14,864;16,4253147005759
2372;14,868;21,9896027934086
2373;14,872;27,9025025539144
2374;14,876;32,8261955423611
2375;14,881;35,7884305325876
2376;14,885;37,1322927660727
2377;14,889;36,2964384417265
2378;14,893;33,9571610254789
2379;14,897;30,2963857643024
2380;14,901;26,2969699193095
2381;14,905;22,7054983942792
2382;14,909;19,4251764223375
2383;14,914;16,3901337065905
2384;14,918;14,0620267262674
2385;14,922;12,1252612706171
2386;14,926;10,463123921759
2387;14,930;9,2783992459603
2388;14,934;8,19625444700933
2389;14,938;7,36771381860529
2390;14,942;6,68669349452625
2391;14,947;6,01223433175865
2392;14,951;5,48915221329842
2393;14,955;4,98961031875486
2394;14,959;4,61952789739943
2395;14,963;4,27364416776255
2396;14,967;3,85267159200582
2397;14,971;3,69649713942774
2398;14,975;3,46939629790588
2399;14,979;3,25179620609666
2400;14,984;3,06189879538019
2401;14,988;2,83011812912365
2402;14,992;2,7823086633668
2403;14,996;2,6146815743777
2404;15,000;2,45495609901098
2405;15,004;2,4495472563528
2406;15,008;2,34419240805438
2407;15,012;2,26811586023174
2408;15,017;2,21637910437091
2409;15,021;2,04776431367901
2410;15,025;2,00691579325616
2411;15,029;1,93895250942079
2412;15,033;1,83931222097427
2413;15,037;1,83253940929794
2414;15,041;1,70959406400683
2415;15,045;1,66067931301114
2416;15,050;1,65599948827645
2417;15,054;1,71359190423244
2418;15,058;1,56924635538072
2419;15,062;1,54147312416633
2420;15,066;1,45979960002784
2421;15,070;1,46617262768161
2422;15,074;1,41467103889287
2423;15,078;1,38797957621012
2424;15,083;1,34369761653469
2425;15,087;1,26073067349968
2426;15,091;1,26842063675718
2427;15,095;1,29642903504366
2428;15,099;1,20320880766532
2429;15,103;1,16887441513949
2430;15,107;1,25590974852174
2431;15,111;1,18590051115915
2432;15,116;1,21148668860305
2433;15,120;1,13764422796532
2434;15,124;1,1438056052542
2435;15,128;1,12574477411732
2436;15,132;1,09780692595247
2437;15,136;1,0730438332609
2438;15,140;1,14020754905115
2439;15,144;1,11730227622912
2440;15,148;1,19935206768296
2441;15,153;1,42523004042992
2442;15,157;1,79491267776279
2443;15,161;2,43040465668429
2444;15,165;3,67770729036737
2445;15,169;5,64302202856998
2446;15,173;8,50834466838621
2447;15,177;12,362356712703
2448;15,181;16,6618222249815
2449;15,186;21,6505389088624
2450;15,190;26,2252204456134
2451;15,194;29,4378848509135
2452;15,198;31,5560817026849
2453;15,202;31,7969398179242
2454;15,206;30,3261343989224
2455;15,210;27,6988949028948
2456;15,214;24,6130796162826
2457;15,219;21,4339030020488
2458;15,223;18,286168225354
2459;15,227;15,5587240399069
2460;15,231;13,1812084577367
2461;15,235;11,1600415399116
2462;15,239;9,54253890133707
2463;15,243;8,4951517956417
2464;15,247;7,62174128988198
2465;15,252;7,13823778965528
2466;15,256;7,13917845794366
2467;15,260;7,65327719424988
2468;15,264;8,75077840300863
2469;15,268;10,2875481857331
2470;15,272;12,7831176380948
2471;15,276;15,5608170268486
2472;15,280;18,8951803919577
2473;15,285;22,0895487990488
2474;15,289;24,2163527656588
2475;15,293;25,211956082079
2476;15,297;25,3944692467316
2477;15,301;24,7864212651236
2478;15,305;22,8356868853909
2479;15,309;20,4736217798573
2480;15,313;18,0135860720891
2481;15,317;15,4976276345767
2482;15,322;13,1180660988793
2483;15,326;11,1936704312212
2484;15,330;9,38161407390266
2485;15,334;8,03330718275492
2486;15,338;7,18858705979076
2487;15,342;6,07502394000794
2488;15,346;5,44931491128557
2489;15,350;4,86123261409836
2490;15,355;4,24500081838141
2491;15,359;3,91056972515554
2492;15,363;3,61353019639273
2493;15,367;3,37311889859031
2494;15,371;3,03713570268862
2495;15,375;2,82981241192993
2496;15,379;2,67989340346956
2497;15,383;2,57310403603136
2498;15,388;2,29353742072518
2499;15,392;2,15323674551348
2500;15,396;2,17564816748411
2501;15,400;2,04508340905713
2502;15,404;1,96515012125214
2503;15,408;1,88317087991993
2504;15,412;1,81384362706641
2505;15,416;1,74896103187549
2506;15,421;1,65331858365457
2507;15,425;1,5908111758918
2508;15,429;1,51772124988477
2509;15,433;1,48587962832315
2510;15,437;1,56294387784858
2511;15,441;1,39799769348136
2512;15,445;1,41417718804147
2513;15,449;1,40011419713021
2514;15,454;1,35312781612569
2515;15,458;1,28596410033544
2516;15,462;1,27810952012748
2517;15,466;1,29386571395782
2518;15,470;1,23168754009599
2519;15,474;1,19824678244412
2520;15,478;1,22886553523085
2521;15,482;1,18291388934355
2522;15,486;1,26458741348203
2523;15,491;1,22124612209498
2524;15,495;1,15079006729541
2525;15,499;1,22324504220779
2526;15,503;1,17717581278443
2527;15,507;1,09237456658709
2528;15,511;1,11090573186815
2529;15,515;1,07906411030653
2530;15,519;1,01763847107539
2531;15,524;1,05183176335796
2532;15,528;1,04153144560021
2533;15,532;1,05030317738934
2534;15,536;1,03715733805925
2535;15,540;0,98351572891445
2536;15,544;0,931849523175245
2537;15,548;0,951203773208638
2538;15,552;0,894975326270796
2539;15,557;0,877361312570903
2540;15,561;0,968653169958065
2541;15,565;0,955507330627971
2542;15,569;1,09576097242525
2543;15,573;1,2116042721391
2544;15,577;1,48571501137268
2545;15,581;1,92982802702352
2546;15,585;2,76587048502738
2547;15,590;4,14218577446161
2548;15,594;6,27592716969844
2549;15,598;9,38029713829893
2550;15,602;14,004269693361
2551;15,606;20,2980930772458
2552;15,610;28,0312094924718
2553;15,614;37,4792112308268
2554;15,618;47,4096817342913
2555;15,623;57,1814850142135
2556;15,627;65,8534824480704
2557;15,631;71,6560888517639
2558;15,635;72,7309199547727
2559;15,639;70,5961673411258
2560;15,643;65,0624039342511
2561;15,647;57,3997200571174
2562;15,651;49,4734374088728
2563;15,655;41,4798499445946
2564;15,660;34,9380428831859
2565;15,664;29,3697804668349
2566;15,668;25,0204595352722
2567;15,672;21,7242167525497
2568;15,676;18,6210461360169
2569;15,680;16,4675036733097
2570;15,684;14,2703612354361
2571;15,688;12,861052005787
2572;15,693;11,697515883184
2573;15,697;10,720561315581
2574;15,701;9,6571122988616
2575;15,705;8,91527776993887
2576;15,709;8,1879765660716
2577;15,713;7,65351236132198
2578;15,717;7,01310539059369
2579;15,721;6,55050824307621
2580;15,726;6,18971492106852
2581;15,730;5,72072122919007
2582;15,734;5,32002005504791
2583;15,738;5,10566526883359
2584;15,742;4,75895845444438
2585;15,746;4,61308431962403
2586;15,750;4,39983481864856
2587;15,754;4,25508948577427
2588;15,759;3,95922579237193
2589;15,763;3,79435015812634
2590;15,767;3,75430120574861
2591;15,771;3,55229269081927
2592;15,775;3,41309730084641
2593;15,779;3,31108182497173
2594;15,783;3,19476819111369
2595;15,787;3,06403881573625
2596;15,792;2,9841995947601
2597;15,796;2,8540581370629
2598;15,800;2,76500036686063
2599;15,804;2,74806833766981
2600;15,808;2,69099328927243
2601;15,812;2,53281991658154
2602;15,816;2,55017524650213
2603;15,820;2,39769291695592
2604;15,824;2,43640141702271
2605;15,829;2,4026079087627
2606;15,833;2,30682436029853
2607;15,837;2,25330033468978
2608;15,841;2,15093210820695
2609;15,845;2,13007278891215
2610;15,849;2,06949375114056
2611;15,853;2,02556454207327
2612;15,857;2,00150695059798
2613;15,862;1,96613782295494
2614;15,866;1,94330310025454
2615;15,870;1,91346039880573
2616;15,874;1,80377847638076
2617;15,878;1,76977331775587
2618;15,882;1,79277265740673
2619;15,886;1,76847989885935
2620;15,890;1,80269670784912
2621;15,895;1,65432980206458
2622;15,899;1,69026333068065
2623;15,903;1,64024329444611
2624;15,907;1,6218532294083
2625;15,911;1,59285712941902
2626;15,915;1,62317016501203
2627;15,919;1,59817190524836
2628;15,923;1,48931306757573
2629;15,928;1,6014877609649
2630;15,932;1,49467487681949
2631;15,936;1,46273918842903
2632;15,940;1,49253485646343
2633;15,944;1,55967505554646
2634;15,948;1,49027725257132
2635;15,952;1,52091952206526
2636;15,956;1,49674434705392
2637;15,961;1,41142573329796
2638;15,965;1,46577284365905
2639;15,969;1,35402145099965
2640;15,973;1,46657241170417
2641;15,977;1,39141301546271
2642;15,981;1,49690896400439
2643;15,985;1,64120747944169
2644;15,989;1,9864092245695
2645;15,993;2,51247796484534
2646;15,998;3,37206064676589
2647;16,002;4,69720358131231
2648;16,006;6,73807749977894
2649;16,010;9,50265456590981
2650;16,014;13,0330296856098
2651;16,018;17,3879240767811
2652;16,022;21,813838923725
2653;16,026;26,3374656891242
2654;16,031;30,3765307024723
2655;16,035;32,3976976202974
2656;16,039;32,9068343313824
2657;16,043;32,1892455275926
2658;16,047;30,234372207391
2659;16,051;27,5413564812986
2660;16,055;24,4373392633062
2661;16,059;21,398110573676
2662;16,064;18,6372961806986
2663;16,068;16,1537907991353
2664;16,072;14,2187420631113
2665;16,076;12,2844223450108
2666;16,080;10,9684038928616
2667;16,084;9,84312945288851
2668;16,088;8,7665816302534
2669;16,092;8,02926230911489
2670;16,097;7,27573997670905
2671;16,101;6,67023179947962
2672;16,105;6,1037378395107
2673;16,109;5,72300234978938
2674;16,113;5,34595898309995
2675;16,117;4,96491777618491
2676;16,121;4,77847732142824
2677;16,125;4,38892306650337
2678;16,130;4,16911240421645
2679;16,134;4,03019921473011
2680;16,138;3,7346647552287
2681;16,142;3,59859708731471
2682;16,146;3,3308593757349
2683;16,150;3,26045035434974
2684;16,154;3,23495824373468
2685;16,158;2,96672668130347
2686;16,162;2,90426630695511
2687;16,167;2,81899472661358
2688;16,171;2,77221999597394
2689;16,175;2,66575986243667
2690;16,179;2,52595303807637
2691;16,183;2,50008466014595
2692;16,187;2,42998135595452
2693;16,191;2,33520902590036
2694;16,195;2,28930441342748
2695;16,200;2,1935208649633
2696;16,204;2,22764360712425
2697;16,208;2,06942320101893
2698;16,212;2,09124670530932
2699;16,216;2,03464199105613
2700;16,220;2,00240058547194
2701;16,224;1,99797944451656
2702;16,228;1,92373719985627
2703;16,233;1,87303517911265
2704;16,237;1,87388178057219
2705;16,241;1,80747059941265
2706;16,245;1,83721923403263
2707;16,249;1,76706889642678
2708;16,253;1,77988550185594
2709;16,257;1,67215546612936
2710;16,261;1,62072442746225
2711;16,266;1,51797993366407
2712;16,270;1,62041871026852
2713;16,274;1,62801460669718
2714;16,278;1,5143113273394
2715;16,282;1,55236135960432
2716;16,286;1,52263624169155
2717;16,290;1,48068243602985
2718;16,294;1,42979228162856
2719;16,299;1,44634804350403
2720;16,303;1,49241727292738
2721;16,307;1,39261236753039
2722;16,311;1,4077806436805
2723;16,315;1,44425505656238
2724;16,319;1,3986091278688
2725;16,323;1,3814654483131
2726;16,327;1,37669155674958
2727;16,331;1,33598413656998
2728;16,336;1,43233208600718
2729;16,340;1,31020982546841
2730;16,344;1,30966894120259
2731;16,348;1,30468339927418
2732;16,352;1,38924947839943
2733;16,356;1,27206572637465
2734;16,360;1,3325506973174
2735;16,364;1,30463636585976
2736;16,369;1,30336646367045
2737;16,373;1,29831037162041
2738;16,377;1,24732615039028
2739;16,381;1,26218870934667
2740;16,385;1,2230333918429
2741;16,389;1,22355075940151
2742;16,393;1,19643599598899
2743;16,397;1,22566726305036
2744;16,402;1,18869899931707
2745;16,406;1,21151020531026
2746;16,410;1,20901743434606
2747;16,414;1,14674519365538
2748;16,418;1,22632573085223
2749;16,422;1,19006296833522
2750;16,426;1,3064706690221
2751;16,430;1,33445555060137
2752;16,435;1,50789126627121
2753;16,439;1,62777943962509
2754;16,443;1,68337293546827
2755;16,447;1,98398700372693
2756;16,451;2,00489335643615
2757;16,455;2,20205742968034
2758;16,459;2,39423596099613
2759;16,463;2,51586437068351
2760;16,468;2,57714890967139
2761;16,472;2,56468505485037
2762;16,476;2,47094745991342
2763;16,480;2,41732936747583
2764;16,484;2,27524142251621
2765;16,488;2,11088315582923
2766;16,492;1,98645625798392
2767;16,496;1,92305521534719
2768;16,500;1,75841474817369
2769;16,505;1,54991562205453
2770;16,509;1,56769425270489
2771;16,513;1,44514869143634
2772;16,517;1,41119056622587
2773;16,521;1,36935434410022
2774;16,525;1,24342237699351
2775;16,529;1,25574513157127
2776;16,533;1,13750312772206
2777;16,538;1,2046433268051
2778;16,542;1,1246865222929
2779;16,546;1,08461405320796
2780;16,550;1,089670145258
2781;16,554;1,14500495732188
2782;16,558;1,06700003950807
2783;16,562;1,05065592799749
2784;16,566;1,03823910659089
2785;16,571;1,05046779433981
2786;16,575;1,07838212579745
2787;16,579;1,00726760319601
2788;16,583;0,978247986499529
2789;16,587;0,982716160869328
2790;16,591;1,06029777795337
2791;16,595;1,0303139762613
2792;16,599;1,05467728493031
2793;16,604;1,02605745225638
2794;16,608;0,985514649027255
2795;16,612;1,00084754212783
2796;16,616;0,956706682695654
2797;16,620;0,993604396307313
2798;16,624;1,02086025996309
2799;16,628;0,979188654787908
2800;16,632;1,07570122117557
2801;16,637;1,01547493401212
2802;16,641;0,945112946041386
2803;16,645;0,968065252277828
2804;16,649;0,984503430617248
2805;16,653;0,964184995588266
2806;16,657;1,01928464058005
2807;16,661;0,970887257142965
2808;16,665;0,966089848872233
2809;16,669;0,965125663876645
2810;16,674;0,944736678726034
2811;16,678;0,943654910194399
2812;16,682;0,923124824800531
2813;16,686;0,941514889838337
2814;16,690;0,932272823905015
2815;16,694;0,980905374414199
2816;16,698;0,970158239219471
2817;16,702;0,90943810120462
2818;16,707;0,931355672323846
2819;16,711;0,981258125022341
2820;16,715;0,968606136543646
2821;16,719;0,924300660161005
2822;16,723;1,00406933101553
2823;16,727;0,91962083542632
2824;16,731;0,945465696649528
2825;16,735;1,02864429004942
2826;16,740;0,961645191209643
2827;16,744;0,927734099413587
2828;16,748;0,956941849767749
2829;16,752;1,01820287204842
2830;16,756;0,890507151900997
2831;16,760;0,941115105815776
2832;16,764;0,940409604599492
2833;16,768;0,983445178792822
2834;16,773;0,941303239473452
2835;16,777;0,958399885614736
2836;16,781;0,961621674502434
2837;16,785;0,930697204521981
2838;16,789;1,01347601389931
2839;16,793;1,02048399264774
2840;16,797;0,957271083668682
2841;16,801;0,982081209774672
2842;16,806;0,925288361863803
2843;16,810;0,914870460570007
2844;16,814;0,90631037914576
2845;16,818;0,925500012228688
2846;16,822;0,894034657982417
2847;16,826;0,982739677576537
2848;16,830;0,908215232429727
2849;16,834;0,883075872422804
2850;16,838;0,906380929267389
2851;16,843;0,929427302332669
2852;16,847;0,884886658877933
2853;16,851;0,911977905583243
2854;16,855;0,892317938356126
2855;16,859;0,966936450331774
2856;16,863;0,927687065999169
2857;16,867;0,882487954742567
2858;16,871;0,90278287306434
2859;16,876;0,88944890007657
2860;16,880;0,879125065611613
2861;16,884;0,935776813279226
2862;16,888;0,924159559917748
2863;16,892;0,880418484508134
2864;16,896;0,945771413843251
2865;16,900;0,897397547113371
2866;16,904;1,00968982403859
2867;16,909;0,91830389982259
2868;16,913;0,974273662981128
2869;16,917;0,900360652221764
2870;16,921;0,932531507684319
2871;16,925;0,920138202984929
2872;16,929;0,962092008646623
2873;16,933;0,947511650176752
2874;16,937;0,937187815711794
2875;16,942;1,00056534164132
2876;16,946;0,892388488477754
2877;16,950;0,923830326016815
2878;16,954;0,899772734541528
2879;16,958;0,893376190180552
2880;16,962;0,952144441497017
2881;16,966;0,866120326524776
2882;16,970;0,918680167137942
2883;16,975;0,980058772954658
2884;16,979;0,946806148960468
2885;16,983;0,894716642491492
2886;16,987;0,93203765683292
2887;16,991;0,96002253841219
2888;16,995;0,871552685890164
2889;16,999;0,940409604599492
2890;17,003;0,897515130649419
2891;17,007;0,901207253681305
2892;17,012;0,960986723407778
2893;17,016;0,932296340612225
2894;17,020;0,936270664130625
2895;17,024;0,901701104532704
2896;17,028;0,96531379753432
2897;17,032;0,91654014678188
2898;17,036;0,848976646969073
2899;17,040;0,840628215909711
2900;17,045;0,87839604768812
2901;17,049;0,806129206433419
2902;17,053;0,827317759629151
2903;17,057;0,856854743884245
2904;17,061;0,887426463256556
2905;17,065;0,836018941296655
2906;17,069;0,855867042181447
2907;17,073;0,86416843982639
2908;17,078;0,871834886376677
2909;17,082;0,803565885347586
2910;17,086;0,878960448661147
2911;17,090;0,832561985336863
2912;17,094;0,887097229355623
2913;17,098;0,865697025795006
2914;17,102;0,863627555560572
2915;17,106;0,871952469912725
2916;17,111;0,830845265710571
2917;17,115;0,910613936565093
2918;17,119;0,891965187747984
2919;17,123;0,863768655803829
2920;17,127;0,873410505759712
2921;17,131;0,843850004797408
2922;17,135;0,844531989306483
2923;17,139;0,906380929267389
2924;17,144;0,887497013378184
2925;17,148;0,814853904808132
2926;17,152;0,874210073804834
2927;17,156;0,85353888816771
2928;17,160;0,869389148826893
2929;17,164;0,930367970621048
2930;17,168;0,928580700873128
2931;17,172;0,97109890750785
2932;17,176;1,01745033741772
2933;17,181;1,24330479345746
2934;17,185;1,51889708524524
2935;17,189;1,86423993061631
2936;17,193;2,5908356332673
2937;17,197;3,43609664049727
2938;17,201;4,82073684428365
2939;17,205;6,39988373339956
2940;17,209;8,47518611122086
2941;17,214;10,3881056257608
2942;17,218;12,4933918052741
2943;17,222;14,5282924801096
2944;17,226;15,9435984700971
2945;17,230;16,9672572182181
2946;17,234;17,1459136428885
2947;17,238;17,2543256631241
2948;17,242;16,3817147254095
2949;17,247;15,3302121959525
2950;17,251;14,1310482619272
2951;17,255;12,8717050741529
2952;17,259;11,5404713124392
2953;17,263;10,1288339287764
2954;17,267;9,08840776841499
2955;17,271;7,9925527291609
2956;17,275;6,97491425808551
2957;17,280;6,42892686680325
2958;17,284;5,76756650995133
2959;17,288;5,00562519636451
2960;17,292;4,5906493809462
2961;17,296;4,20361141369274
2962;17,300;3,80126407004592
2963;17,304;3,49310113877303
2964;17,308;3,36566410240491
2965;17,313;3,09524548620322
2966;17,317;2,95976573596946
2967;17,321;2,83893689432721
2968;17,325;2,52251959882379
2969;17,329;2,490772044091
2970;17,333;2,37137772158853
2971;17,337;2,2347221359943
2972;17,341;2,18093942660624
2973;17,345;2,06283852300028
2974;17,350;1,96618485636936
2975;17,354;1,98257600129436
2976;17,358;1,88836807221322
2977;17,362;1,74541000908686
2978;17,366;1,78242530623456
2979;17,370;1,6762473731838
2980;17,374;1,64325343296892
2981;17,378;1,63488148520235
2982;17,383;1,58843598846364
2983;17,387;1,55252597655478
2984;17,391;1,48780799831432
2985;17,395;1,44237371998563
2986;17,399;1,47386259093911
2987;17,403;1,42920436394832
2988;17,407;1,39383523630528
2989;17,411;1,42885161334018
2990;17,416;1,35914809317131
2991;17,420;1,34633148774215
2992;17,424;1,34889480882798
2993;17,428;1,31648878629333
2994;17,432;1,30717617023838
2995;17,436;1,33243311378135
2996;17,440;1,3243433665013
2997;17,444;1,3114326942433
2998;17,449;1,22458549451873
2999;17,453;1,25710910058942
3000;17,457;1,25642711608035
3001;17,461;1,19958723475506
3002;17,465;1,1875231639566
3003;17,469;1,16962694977019
3004;17,473;1,09785395936689
3005;17,477;1,19627137903852
3006;17,482;1,20744181496302
3007;17,486;1,0772533238514
3008;17,490;1,09846539375434
3009;17,494;1,12715577654989
3010;17,498;1,08186259846445
3011;17,502;1,1266854424057
3012;17,506;1,08656593990635
3013;17,510;1,10528523884509
3014;17,514;1,08376745174842
3015;17,519;1,06271999879594
3016;17,523;1,0171681369312
3017;17,527;1,13719741052834
3018;17,531;1,10544985579555
3019;17,535;1,11205805052141
3020;17,539;1,09914737826341
3021;17,543;1,10728415895789
3022;17,547;1,01719165363841
3023;17,552;1,03953252548741
3024;17,556;1,04527060204652
3025;17,560;0,990453157541244
3026;17,564;1,09844187704713
3027;17,568;1,04766930618188
3028;17,572;0,994027697037083
3029;17,576;0,985420582198417
3030;17,580;1,10300411824577
3031;17,585;0,975143781147879
3032;17,589;0,957906034763337
3033;17,593;0,999413022988052
3034;17,597;0,979706022346516
3035;17,601;1,02365874812102
3036;17,605;1,05754632320986
3037;17,609;0,98219879331072
3038;17,613;0,99151140936567
3039;17,618;1,03946197536578
3040;17,622;0,907274564141349
3041;17,626;0,931402705738265
3042;17,630;0,963385427543144
3043;17,634;0,995791450077793
3044;17,638;1,01601581827794
3045;17,642;0,952050374668179
3046;17,646;0,973826845544148
3047;17,651;0,967500851304801
3048;17,655;0,955201613434248
3049;17,659;0,991346792415204
3050;17,663;1,02271807983264
3051;17,667;0,982692644162119
3052;17,671;1,02471699994544
3053;17,675;1,00985444098906
3054;17,679;0,984456397202829
3055;17,683;0,978906454301394
3056;17,688;0,987207851946337
3057;17,692;1,01563955096259
3058;17,696;0,947488133469542
3059;17,700;1,01001905793952
3060;17,704;0,957600317569614
3061;17,708;1,01112434317837
3062;17,712;1,02055454276937
3063;17,716;1,03468808380226
3064;17,721;1,0012708428576
3065;17,725;1,02290621349031
3066;17,729;1,02236532922449
3067;17,733;0,968935370444579
3068;17,737;0,969523288124815
