#"+EI TIC Scan 140C_1ml-min_9C-min_2.d "
#Point;X(Minutes);Y(Counts)
0;5,091;3,78639357529628
1;5,095;3,74331370739995
2;5,099;3,6390109100013
3;5,103;3,57012273503881
4;5,108;3,38298775026432
5;5,112;3,33131171562454
6;5,116;3,21122287008181
7;5,120;3,25109403057621
8;5,124;3,0628300561603
9;5,128;2,94959437580936
10;5,132;2,96997560986238
11;5,136;2,84949062760336
12;5,140;2,72407374322656
13;5,145;2,76228112951254
14;5,149;2,64936235853463
15;5,153;2,65086767805652
16;5,157;2,51431935195202
17;5,161;2,42754560424912
18;5,165;2,4739926342339
19;5,169;2,42263350896715
20;5,173;2,3256196271482
21;5,178;2,38381211077092
22;5,182;2,31829109789687
23;5,186;2,23543910368522
24;5,190;2,12919523637676
25;5,194;2,17017557967676
26;5,198;2,09710816235743
27;5,202;2,08502599251064
28;5,206;2,06468437212925
29;5,211;2,05959401532495
30;5,215;1,97188934633877
31;5,219;1,97880193203799
32;5,223;1,89608858567704
33;5,227;1,94106990981155
34;5,231;1,9037340243014
35;5,235;1,85172127345278
36;5,239;1,87988659398086
37;5,244;1,82718060387873
38;5,248;1,81343465982354
39;5,252;1,79881721499251
40;5,256;1,77180069094166
41;5,260;1,67672787903252
42;5,264;1,68292741864243
43;5,268;1,73593051128178
44;5,272;1,64069924468612
45;5,277;1,65385098366689
46;5,281;1,64648284074393
47;5,285;1,71545024304968
48;5,289;1,81642549203151
49;5,293;2,40334165088392
50;5,297;3,50014518410652
51;5,301;5,64205640907613
52;5,305;8,94199409677065
53;5,309;13,0658565406727
54;5,314;17,3310803717822
55;5,318;20,9776772999004
56;5,322;23,9414731769887
57;5,326;25,5608404595027
58;5,330;26,11650143144
59;5,334;26,0569818898177
60;5,338;25,5935217385965
61;5,342;25,0015548366114
62;5,347;24,3603085271201
63;5,351;23,5259455684384
64;5,355;22,8022830151233
65;5,359;22,0331637736142
66;5,363;21,046981418415
67;5,367;20,4727416344839
68;5,371;19,7779376409504
69;5,375;18,9838023658077
70;5,380;18,2266464531305
71;5,384;17,5157989225874
72;5,388;16,7365187743055
73;5,392;16,0363075145947
74;5,396;15,230961570381
75;5,400;14,7297099764259
76;5,404;13,8048099712365
77;5,408;13,2079507808053
78;5,413;12,5766078892212
79;5,417;11,836525469016
80;5,421;11,4072717232462
81;5,425;10,8708828025563
82;5,429;10,3100126327999
83;5,433;9,72852354696062
84;5,437;9,10446957095621
85;5,441;8,62007359427915
86;5,446;7,94580928948522
87;5,450;7,31359489712527
88;5,454;6,6546610832517
89;5,458;6,23972767977575
90;5,462;5,69008798592605
91;5,466;5,27139128364538
92;5,470;4,80711905215576
93;5,474;4,49280437461699
94;5,478;3,98563053675337
95;5,483;3,69876813365336
96;5,487;3,48818185527462
97;5,491;3,1828792880314
98;5,495;2,97655147935276
99;5,499;2,70696063708291
100;5,503;2,59000127159886
101;5,507;2,37822658307126
102;5,511;2,24153960911606
103;5,516;2,05905923075796
104;5,520;2,02225812981479
105;5,524;1,89139436558903
106;5,528;1,68661149010391
107;5,532;1,768136426316
108;5,536;1,58963722195659
109;5,540;1,58250676106341
110;5,544;1,4863841868561
111;5,549;1,40000657586949
112;5,553;1,39378722942377
113;5,557;1,37978379650298
114;5,561;1,35314360233261
115;5,565;1,3433590254403
116;5,569;1,2534359908429
117;5,573;1,19054928713217
118;5,577;1,21406000124387
119;5,582;1,13657565953792
120;5,586;1,17458497746576
121;5,590;1,12463213754184
122;5,594;1,12336450004971
123;5,598;1,12088864557291
124;5,602;1,0826416456153
125;5,606;1,09727889728215
126;5,610;1,09593203244677
127;5,615;1,0394627435399
128;5,619;1,02627139088751
129;5,623;1,07196576111134
130;5,627;1,05570434890771
131;5,631;1,01282254936953
132;5,635;1,03379798849698
133;5,639;1,04382024741907
134;5,643;1,05796232819055
135;5,647;1,03502601231748
136;5,652;1,12611765022792
137;5,656;1,28276991468404
138;5,660;1,74129816378748
139;5,664;2,61341295153148
140;5,668;3,93991635969372
141;5,672;6,02676458109929
142;5,676;8,20426869002738
143;5,680;10,471359117344
144;5,685;12,3954347620268
145;5,689;13,7114009335358
146;5,693;14,5193613800769
147;5,697;14,7294524875603
148;5,701;14,8168006335018
149;5,705;14,5172024349732
150;5,709;14,1007835188111
151;5,713;13,7060728947017
152;5,718;13,3895398515517
153;5,722;12,865946146798
154;5,726;12,3422137941935
155;5,730;11,8662555295734
156;5,734;11,4688511757932
157;5,738;10,9809295823412
158;5,742;10,6125224361933
159;5,746;10,1415356873626
160;5,751;9,80606730917401
161;5,755;9,28992097468647
162;5,759;8,84890196844296
163;5,763;8,43844490986107
164;5,767;7,98528431326333
165;5,771;7,59667419458473
166;5,775;7,09082741472068
167;5,779;6,69948395269969
168;5,784;6,2873631199094
169;5,788;5,92458111513278
170;5,792;5,54601306221208
171;5,796;5,01340724716277
172;5,800;4,57341819638161
173;5,804;4,26328276119968
174;5,808;3,89283551096289
175;5,812;3,53583710224407
176;5,816;3,2239982791821
177;5,821;3,00453853835851
178;5,825;2,71551719015473
179;5,829;2,4694568688324
180;5,833;2,28152961062534
181;5,837;2,09415694382108
182;5,841;1,89773255304964
183;5,845;1,78059492604326
184;5,849;1,66436841348434
185;5,854;1,56790912306819
186;5,858;1,43767917758849
187;5,862;1,39731284619873
188;5,866;1,24319585672686
189;5,870;1,20603823273904
190;5,874;1,15844240627702
191;5,878;1,09145568755271
192;5,882;1,08434503349534
193;5,887;1,04308739449394
194;5,891;1,00139400510462
195;5,895;0,993728759644444
196;5,899;0,948034389420614
197;5,903;0,952570154822113
198;5,907;0,902815383256331
199;5,911;0,881681489442362
200;5,915;0,862924415926122
201;5,920;0,838126257486489
202;5,924;0,847237401961114
203;5,928;0,886375709530376
204;5,932;0,809228084033274
205;5,936;0,799918871200504
206;5,940;0,802513566692191
207;5,944;0,733308482356665
208;5,948;0,820399139432597
209;5,953;0,764246759898763
210;5,957;0,749886803933321
211;5,961;0,691298183594315
212;5,965;0,743132672920609
213;5,969;0,689258079505431
214;5,973;0,720612300599632
215;5,977;0,728634069104466
216;5,981;0,745866016262997
217;5,985;0,691813161325489
218;5,990;0,696685642935833
219;5,994;0,697656177890738
220;5,998;0,723702166986679
221;6,002;0,673749327062753
222;6,006;0,680741140105238
223;6,010;0,669272982168698
224;6,014;0,684702507268118
225;6,018;0,680582685418722
226;6,023;0,683058539895523
227;6,027;0,648852134444048
228;6,031;0,641840514565749
229;6,035;0,635581554448397
230;6,039;0,63532406558281
231;6,043;0,679889446165218
232;6,047;0,62371725979557
233;6,051;0,618468448304753
234;6,056;0,627084421884018
235;6,060;0,64962460104081
236;6,064;0,663647840797407
237;6,068;0,633264154658112
238;6,072;0,664618375752313
239;6,076;0,668777811273338
240;6,080;0,701142180994073
241;6,084;0,829391442892337
242;6,089;1,18623139692463
243;6,093;2,03479585688531
244;6,097;3,59012763921135
245;6,101;6,35732086400587
246;6,105;10,2647143992923
247;6,109;15,1021973307516
248;6,113;20,3336580333951
249;6,117;24,7406195815925
250;6,122;28,5313508539321
251;6,126;30,7627889767828
252;6,130;31,7462181818038
253;6,134;32,0928378085558
254;6,138;31,729540826048
255;6,142;31,2447289058189
256;6,146;30,2703712316009
257;6,150;29,4442083029463
258;6,154;28,436377076202
259;6,159;27,4755078571737
260;6,163;26,4038193917638
261;6,167;25,3643764550597
262;6,171;24,3400263272462
263;6,175;23,3622816841039
264;6,179;22,2254485357004
265;6,183;21,2180134456724
266;6,187;19,7039591091836
267;6,192;18,7222134852069
268;6,196;17,4643803768132
269;6,200;16,185254919919
270;6,204;14,9064067587262
271;6,208;13,6211807964012
272;6,212;12,2035857503285
273;6,216;11,1083469571352
274;6,220;9,89196955610108
275;6,225;8,53329984657625
276;6,229;7,58041278238111
277;6,233;6,69799844001361
278;6,237;5,86624998365936
279;6,241;5,03620491518515
280;6,245;4,43599836950128
281;6,249;3,82666087250696
282;6,253;3,4126583903143
283;6,258;3,04599424571806
284;6,262;2,57140265276913
285;6,266;2,30337655052862
286;6,270;2,02013879838265
287;6,274;1,83971833094925
288;6,278;1,63554946737438
289;6,282;1,4566739331345
290;6,286;1,33915997624764
291;6,291;1,21041554345402
292;6,295;1,10850937318891
293;6,299;1,05077244678993
294;6,303;0,957898193656187
295;6,307;0,909945844149516
296;6,311;0,856764489987842
297;6,315;0,812793314479866
298;6,319;0,753689716409686
299;6,323;0,734279017311571
300;6,328;0,725227293344388
301;6,332;0,656656027754923
302;6,336;0,684880768790448
303;6,340;0,581726767869034
304;6,344;0,609733633710601
305;6,348;0,558929099846655
306;6,352;0,590936946522732
307;6,356;0,560196737338777
308;6,361;0,554571595967487
309;6,365;0,534170555078651
310;6,369;0,511491728071159
311;6,373;0,53619085233172
312;6,377;0,508104759146896
313;6,381;0,533140599616302
314;6,385;0,46147946763979
315;6,389;0,440286153318378
316;6,394;0,475661162082903
317;6,398;0,476334594500592
318;6,402;0,448882320061829
319;6,406;0,48221722473747
320;6,410;0,481286303454193
321;6,414;0,470491577935343
322;6,418;0,457022929581549
323;6,422;0,423945513771495
324;6,427;0,423866286428237
325;6,431;0,413031947237758
326;6,435;0,416240654639692
327;6,439;0,41596335893829
328;6,443;0,427451323710644
329;6,447;0,393442986617313
330;6,451;0,425985617860378
331;6,455;0,386550207753901
332;6,460;0,39986040142118
333;6,464;0,354562167913639
334;6,468;0,411308752521905
335;6,472;0,388114947783239
336;6,476;0,407743522075313
337;6,480;0,359078126479323
338;6,484;0,378112495696965
339;6,488;0,358404694061633
340;6,492;0,389580653633505
341;6,497;0,393660861811272
342;6,501;0,409704398820939
343;6,505;0,359236581165838
344;6,509;0,348025912094886
345;6,513;0,39140288252843
346;6,517;0,377359835936018
347;6,521;0,341905599828235
348;6,525;0,347431707020454
349;6,530;0,359177160658395
350;6,534;0,334359195382947
351;6,538;0,34057854182867
352;6,542;0,343490146693387
353;6,546;0,340281439291454
354;6,550;0,334814752606679
355;6,554;0,332358704965693
356;6,558;0,320118080432391
357;6,563;0,295577410858345
358;6,567;0,366545303581353
359;6,571;0,324495391147374
360;6,575;0,327585257534421
361;6,579;0,372764650027076
362;6,583;0,449634979822776
363;6,587;0,634313916956276
364;6,591;1,13457516912067
365;6,596;1,96935407135452
366;6,600;3,42268064923639
367;6,604;5,47884808196544
368;6,608;7,99807952919944
369;6,612;10,8290705721521
370;6,616;13,4911687261154
371;6,620;15,7985264506428
372;6,624;17,4277575373923
373;6,629;18,2379957700521
374;6,633;18,6513050129913
375;6,637;18,4882551405671
376;6,641;18,2525934080474
377;6,645;17,8014134950311
378;6,649;17,3204242941141
379;6,653;16,7458676008099
380;6,657;16,0857255699516
381;6,662;15,4683861112883
382;6,666;14,7989150607614
383;6,670;14,0706177078658
384;6,674;13,2546552996556
385;6,678;12,5020747660516
386;6,682;11,4735057822096
387;6,686;10,5355530722185
388;6,690;9,70218045532746
389;6,694;8,68240570658708
390;6,699;7,74698827158024
391;6,703;6,86796089813701
392;6,707;5,99588572406463
393;6,711;5,11390713208505
394;6,715;4,44067278275347
395;6,719;3,83010726193867
396;6,723;3,16945025334924
397;6,727;2,79745806991892
398;6,732;2,33694913723404
399;6,736;2,04127269219662
400;6,740;1,73943632122092
401;6,744;1,58450725148066
402;6,748;1,35199480585538
403;6,752;1,26702348021158
404;6,756;1,03407528419838
405;6,760;0,955699634880789
406;6,765;0,808752719973728
407;6,769;0,831352319637963
408;6,773;0,71403643110925
409;6,777;0,67135269992921
410;6,781;0,63982021731268
411;6,785;0,589827763717125
412;6,789;0,539221298211324
413;6,793;0,55395758405724
414;6,798;0,543063824359318
415;6,802;0,518641995800158
416;6,806;0,480078086469515
417;6,810;0,473363569128432
418;6,814;0,421251784100736
419;6,818;0,450149957553951
420;6,822;0,432204964306101
421;6,826;0,4080010109409
422;6,831;0,388728959693485
423;6,835;0,363871380746409
424;6,839;0,367357383849744
425;6,843;0,323623890371541
426;6,847;0,339984336754238
427;6,851;0,331883340906147
428;6,855;0,36018730928493
429;6,859;0,332675614338723
430;6,863;0,349788720482368
431;6,868;0,359593104210498
432;6,872;0,351254426332634
433;6,876;0,345371796095756
434;6,880;0,342202702365451
435;6,884;0,326416654221371
436;6,888;0,383737637068256
437;6,892;0,390986938976327
438;6,896;0,353631246630362
439;6,901;0,346183876364146
440;6,905;0,337191572904407
441;6,909;0,368981544386525
442;6,913;0,313443176762937
443;6,917;0,33293310320431
444;6,921;0,303420917840849
445;6,925;0,267134794628861
446;6,929;0,287080278293966
447;6,934;0,279117930296576
448;6,938;0,303163428975262
449;6,942;0,302054246169655
450;6,946;0,259667617526831
451;6,950;0,253705759946696
452;6,954;0,27382950513413
453;6,958;0,293636340948534
454;6,962;0,226768463239107
455;6,967;0,244951138516729
456;6,971;0,214943782257908
457;6,975;0,218885342584974
458;6,979;0,214428804526733
459;6,983;0,247347765650272
460;6,987;0,264143962420887
461;6,991;0,193512785906723
462;6,995;0,249269028724269
463;7,000;0,227402281985168
464;7,004;0,195196366950948
465;7,008;0,239761747533356
466;7,012;0,18864030429638
467;7,016;0,187531121490773
468;7,020;0,195632117338864
469;7,024;0,218944763092418
470;7,028;0,199296381964529
471;7,032;0,181866366447854
472;7,037;0,19727608471146
473;7,041;0,213695951601601
474;7,045;0,204763068649305
475;7,049;0,21522107795931
476;7,053;0,203554851664626
477;7,057;0,185510824237704
478;7,061;0,20973458443872
479;7,065;0,190898283579222
480;7,070;0,207951969215423
481;7,074;0,194859650742103
482;7,078;0,222708061897154
483;7,082;0,205476114738623
484;7,086;0,21787519395844
485;7,090;0,235919221385361
486;7,094;0,246298003352109
487;7,098;0,21221043891552
488;7,103;0,245505729919533
489;7,107;0,226035610313974
490;7,111;0,189789100773615
491;7,115;0,188699724803823
492;7,119;0,206565490708415
493;7,123;0,221796947449692
494;7,127;0,171903528033209
495;7,131;0,237939518638431
496;7,136;0,317424350761632
497;7,140;0,657666176381457
498;7,144;1,34932088302043
499;7,148;2,78418748992327
500;7,152;5,35206452591744
501;7,156;9,18143893493098
502;7,160;14,3136475833085
503;7,164;20,6122213722889
504;7,169;27,4381125511561
505;7,173;33,3016093846373
506;7,177;38,1835586624998
507;7,181;41,2393770987818
508;7,185;43,2639526283869
509;7,189;43,7771675511739
510;7,193;44,2511649390484
511;7,197;43,4537219223247
512;7,201;41,9396081653285
513;7,206;40,4949767883691
514;7,210;38,9359609345816
515;7,214;36,9955248435161
516;7,218;34,7031608937003
517;7,222;32,3165362122437
518;7,226;29,2639660970353
519;7,230;26,5786345246617
520;7,234;23,5053266523556
521;7,239;20,50900795086
522;7,243;17,788717313274
523;7,247;15,1941802762737
524;7,251;12,5958205199611
525;7,255;10,6069567153294
526;7,259;8,66059838035542
527;7,263;7,17464994388723
528;7,267;5,96480879867183
529;7,272;4,92487069107239
530;7,276;4,08111929221461
531;7,280;3,37655052862464
532;7,284;2,88425162445764
533;7,288;2,42447554469789
534;7,292;2,01914845659193
535;7,296;1,73753486498274
536;7,300;1,49416827333116
537;7,305;1,36677070537292
538;7,309;1,17123762221313
539;7,313;1,05176278858065
540;7,317;0,937932903155268
541;7,321;0,851456257989582
542;7,325;0,834521413368267
543;7,329;0,737527338385133
544;7,333;0,661211599992236
545;7,338;0,593531642014419
546;7,342;0,549481239163185
547;7,346;0,53686428474941
548;7,350;0,499944342791362
549;7,354;0,484197908318911
550;7,358;0,434561977768015
551;7,362;0,427035380158542
552;7,366;0,423311695025434
553;7,370;0,377221188085317
554;7,375;0,375953550593195
555;7,379;0,36765448638696
556;7,383;0,334359195382947
557;7,387;0,337191572904407
558;7,391;0,361256878418907
559;7,395;0,387936686260909
560;7,399;0,436324786155497
561;7,403;0,393898543841045
562;7,408;0,428402051829736
563;7,412;0,430461962754434
564;7,416;0,40817927246323
565;7,420;0,420340669653273
566;7,424;0,373834219161054
567;7,428;0,420538738011417
568;7,432;0,398553150257429
569;7,436;0,421113136250035
570;7,441;0,378389791398367
571;7,445;0,372031797101943
572;7,449;0,360266536628187
573;7,453;0,373854025996868
574;7,457;0,367931782088361
575;7,461;0,385262763425965
576;7,465;0,395681159064341
577;7,469;0,343668408215717
578;7,474;0,334834559442493
579;7,478;0,331249522160086
580;7,482;0,285079787876711
581;7,486;0,320296341954721
582;7,490;0,306015613332536
583;7,494;0,289179802890293
584;7,498;0,27697879202862
585;7,502;0,266203873345584
586;7,507;0,256973887856072
587;7,511;0,219578581838478
588;7,515;0,215518180496526
589;7,519;0,19943502981523
590;7,523;0,172200630570425
591;7,527;0,184064925223253
592;7,531;0,143025161415808
593;7,535;0,178875534239879
594;7,539;0,175072621763513
595;7,544;0,149145473682459
596;7,548;0,172141210062982
597;7,552;0,163327168125572
598;7,556;0,219598388674293
599;7,560;0,226095030821417
600;7,564;0,279296191818905
601;7,568;0,305064885213444
602;7,572;0,379399940024901
603;7,577;0,359395035852353
604;7,581;0,432581294186575
605;7,585;0,422044057533312
606;7,589;0,467144222682709
607;7,593;0,51028351108648
608;7,597;0,707203072753281
609;7,601;1,09319868910438
610;7,605;1,81303852310725
611;7,610;3,11533797790429
612;7,614;5,03026286444083
613;7,618;7,61871920284616
614;7,622;10,8780132634495
615;7,626;14,2133259599086
616;7,630;17,2242026857277
617;7,634;19,8790317309471
618;7,638;21,8330553113813
619;7,643;22,6350142866707
620;7,647;23,0092842562196
621;7,651;22,7731471596403
622;7,655;22,2845521337706
623;7,659;21,7350312809358
624;7,663;20,290875268036
625;7,667;19,048234002712
626;7,671;17,848910287314
627;7,676;16,2438633470938
628;7,680;14,4911168322056
629;7,684;12,8787809764057
630;7,688;11,0021228966626
631;7,692;9,22770770339343
632;7,696;7,93032034387836
633;7,700;6,59022944634744
634;7,704;5,37951680035621
635;7,708;4,39731561915575
636;7,713;3,63728771528545
637;7,717;2,95686348455324
638;7,721;2,40209382022761
639;7,725;2,0394504633017
640;7,729;1,84671014399173
641;7,733;1,55893662644426
642;7,737;1,63061756525659
643;7,741;1,84001543348647
644;7,746;2,67027837715464
645;7,750;4,00613061182127
646;7,754;6,24739292523593
647;7,758;9,31359014348468
648;7,762;12,785470972884
649;7,766;16,3520878979837
650;7,770;20,1385012801158
651;7,774;23,0938000246397
652;7,779;24,8666306710437
653;7,783;25,8639840816422
654;7,787;26,3931831209314
655;7,791;26,262715493422
656;7,795;25,7396169595636
657;7,799;24,6989261922032
658;7,803;23,1676002948842
659;7,807;21,5168391776043
660;7,812;19,7043750527357
661;7,816;17,5351105875064
662;7,820;15,4007259601463
663;7,824;13,0659555748518
664;7,828;11,0588892881067
665;7,832;9,11163964552102
666;7,836;7,49904630085554
667;7,840;6,20538262647358
668;7,845;5,02634111094958
669;7,849;3,97162710383258
670;7,853;3,24661768568215
671;7,857;2,6782011114804
672;7,861;2,21802889500436
673;7,865;1,81329601197284
674;7,869;1,56196707232387
675;7,873;1,27540177176108
676;7,877;1,15095542233918
677;7,882;0,986657719258701
678;7,886;0,901468518420951
679;7,890;0,79257053511336
680;7,894;0,68448463207416
681;7,898;0,651030886383632
682;7,902;0,552174968833944
683;7,906;0,546292338597066
684;7,910;0,486495501273381
685;7,915;0,460885262565358
686;7,919;0,41065512694003
687;7,923;0,417904428848102
688;7,927;0,355136566152257
689;7,931;0,334141320188989
690;7,935;0,30140062058778
691;7,939;0,277256087730022
692;7,943;0,251705269529441
693;7,948;0,276958985192806
694;7,952;0,226689235895849
695;7,956;0,227105179447952
696;7,960;0,21702350001842
697;7,964;0,178657659045921
698;7,968;0,212368893602036
699;7,972;0,195136946443504
700;7,976;0,181905980119483
701;7,981;0,147045949086132
702;7,985;0,165169203856312
703;7,989;0,138944953238041
704;7,993;0,13484493822446
705;7,997;0,132626572613247
706;8,001;0,119989811363657
707;8,005;0,137221758522188
708;8,009;0,116979172319868
709;8,014;0,0826935395251351
710;8,018;0,128150227719191
711;8,022;0,144114537385601
712;8,026;0,109492188382023
713;8,030;0,0995293499673781
714;8,034;0,108779142292705
715;8,038;0,0804157534064786
716;8,042;0,0799205825111186
717;8,046;0,0697794825741439
718;8,051;0,093290196685841
719;8,055;0,0919235250146472
720;8,059;0,0860012811061405
721;8,063;0,0849713256437915
722;8,067;0,0802572987199634
723;8,071;0,0945380273421484
724;8,075;0,0663925136498809
725;8,079;0,101985397608364
726;8,084;0,0740775659458695
727;8,088;0,0624509533228146
728;8,092;0,0818814592567445
729;8,096;0,0887346244485282
730;8,100;0,0869916228968606
731;8,104;0,0397721263153224
732;8,108;0,0527852174453856
733;8,112;0,0770683981538444
734;8,117;0,0620548166065265
735;8,121;0,0536963318928482
736;8,125;0,0564098683994215
737;8,129;0,0716413251406978
738;8,133;0,0284822299011124
739;8,137;0,0276701496327218
740;8,141;0,0450407446419538
741;8,145;0,0279474453341235
742;8,150;0,0454170745224275
743;8,154;0,0365039984059458
744;8,158;0,00980438372812979
745;8,162;0,0296508332141622
746;8,166;0,0375933743757381
747;8,170;0,0114087374290965
748;8,174;0,053735945564477
749;8,178;0,0400494220167241
750;8,183;0,0194305059339299
751;8,187;0,0520523645202527
752;8,191;0,0123000450407446
753;8,195;0,0288585597815861
754;8,199;0,0185788119939106
755;8,203;0,0687495271117949
756;8,207;0,0341469849440318
757;8,211;0,0729089626328197
758;8,215;0,120782084796233
759;8,220;0,301994825662212
760;8,224;0,679057559061013
761;8,228;1,47655999629216
762;8,232;2,74524725071215
763;8,236;4,73827049086489
764;8,240;7,7019673337741
765;8,244;11,2740113318869
766;8,248;15,4752194696442
767;8,253;19,1739083759543
768;8,257;22,7461306355895
769;8,261;25,4656488065787
770;8,265;27,1251249316169
771;8,269;27,3785533958622
772;8,273;27,2444016968912
773;8,277;26,2841662966089
774;8,281;24,7925927187695
775;8,286;23,090135760014
776;8,290;21,115929013885
777;8,294;18,248473586198
778;8,298;16,0057851806047
779;8,302;13,5999280615723
780;8,306;11,2308918503189
781;8,310;9,14921321306094
782;8,314;7,33647179249091
783;8,319;5,93183041704085
784;8,323;4,70091479851892
785;8,327;3,77122153906245
786;8,331;3,08846010170414
787;8,335;2,4026286047946
788;8,339;2,04430313807623
789;8,343;1,69281102971382
790;8,347;1,43451008385818
791;8,352;1,24763258794928
792;8,356;1,17791252588258
793;8,360;1,38865725894784
794;8,364;2,04224322715153
795;8,368;3,55011783086626
796;8,372;6,58785262604971
797;8,376;11,7147134287574
798;8,380;19,3002759884502
799;8,384;29,9124815152705
800;8,389;42,6501784001702
801;8,393;56,3827132275199
802;8,397;69,3792656496781
803;8,401;80,4566149087638
804;8,405;88,2325805811405
805;8,409;93,4131773294126
806;8,413;94,4788643235708
807;8,417;92,631520360833
808;8,422;88,0954182431257
809;8,426;81,8240194328827
810;8,430;73,2005588696793
811;8,434;64,6448178781254
812;8,438;54,5067681938661
813;8,442;45,6619464336009
814;8,446;36,9737175172844
815;8,450;29,6035542970732
816;8,455;23,3941508829293
817;8,459;18,6815104376083
818;8,463;14,6948895590642
819;8,467;11,5476031549913
820;8,471;9,39925470838197
821;8,475;7,5317275799493
822;8,479;6,20419421632471
823;8,483;5,17473392487109
824;8,488;4,38957114635231
825;8,492;3,72614118074886
826;8,496;3,16497390845518
827;8,500;2,78703967428055
828;8,504;2,41350255765671
829;8,508;2,13941556365699
830;8,512;1,93942594243896
831;8,516;1,76647265210759
832;8,521;1,59286573619434
833;8,525;1,4066220590315
834;8,529;1,27262881474706
835;8,533;1,10947990814382
836;8,537;1,12021521315522
837;8,541;0,975367822844491
838;8,545;0,939022279125061
839;8,549;0,853377521063579
840;8,553;0,780666626788904
841;8,558;0,771377220791949
842;8,562;0,690327648639409
843;8,566;0,645465165519785
844;8,570;0,636254986866087
845;8,574;0,614606115320944
846;8,578;0,551917479968357
847;8,582;0,529595176005524
848;8,586;0,494774758643802
849;8,591;0,531021268184161
850;8,595;0,479582915574155
851;8,599;0,426104458875265
852;8,603;0,411942571267966
853;8,607;0,414814562461055
854;8,611;0,371912956087057
855;8,615;0,320098273596577
856;8,619;0,299994335244957
857;8,624;0,336815243023933
858;8,628;0,283871570892033
859;8,632;0,270046399493579
860;8,636;0,267689386031665
861;8,640;0,280068658415667
862;8,644;0,228075714402858
863;8,648;0,250853575589422
864;8,652;0,2399598158915
865;8,657;0,201851463784587
866;8,661;0,208922504170329
867;8,665;0,255646829856507
868;8,669;0,248357914276807
869;8,673;0,192938387668106
870;8,677;0,237167052041669
871;8,681;0,233740469445777
872;8,685;0,22534237106047
873;8,690;0,194027763637898
874;8,694;0,201514747575742
875;8,698;0,180856217821319
876;8,702;0,144134344221415
877;8,706;0,145520822728423
878;8,710;0,155661922665398
879;8,714;0,121297062527408
880;8,718;0,122921223064189
881;8,722;0,121594165064624
882;8,727;0,127179692764286
883;8,731;0,129199990017355
884;8,735;0,118801401214793
885;8,739;0,141242546192512
886;8,743;0,126664715033111
887;8,747;0,145659470579124
888;8,751;0,147818415682894
889;8,755;0,182262503164142
890;8,760;0,171725266510879
891;8,764;0,166634909706578
892;8,768;0,200544212620837
893;8,772;0,230432727864772
894;8,776;0,447872171435294
895;8,780;0,887346244485282
896;8,784;1,6735389784664
897;8,788;3,02208739489007
898;8,793;5,20899975083
899;8,797;8,26406552735106
900;8,801;12,4621639918855
901;8,805;16,9123044421583
902;8,809;21,3387955304687
903;8,813;25,6040193615781
904;8,817;28,6010313023272
905;8,821;30,3222453345989
906;8,826;30,9957767864677
907;8,830;30,7018433429819
908;8,834;29,2302944761508
909;8,838;26,4595360209097
910;8,842;23,2775876541616
911;8,846;20,1301031817305
912;8,850;16,8476549300601
913;8,854;13,9309597085384
914;8,859;11,2913423132245
915;8,863;8,98119182484736
916;8,867;7,00252854066007
917;8,871;5,59424270742016
918;8,875;4,4358993353222
919;8,879;3,59000879819647
920;8,883;3,00075543271796
921;8,887;2,47492355551717
922;8,891;2,04493695682229
923;8,896;1,83488546301054
924;8,900;1,64071905152194
925;8,904;1,42844919209897
926;8,908;1,29819943978346
927;8,912;1,17811059424073
928;8,916;1,04823717180568
929;8,920;0,936784106678033
930;8,924;0,843909853544295
931;8,929;0,763731782167589
932;8,933;0,66554929703559
933;8,937;0,656834289277253
934;8,941;0,536329500182421
935;8,945;0,45680505438759
936;8,949;0,436007876782467
937;8,953;0,450783776300012
938;8,957;0,404732883031523
939;8,962;0,341370815261246
940;8,966;0,343589180872459
941;8,970;0,28961555327821
942;8,974;0,282187989847808
943;8,978;0,281237261728717
944;8,982;0,223104198613442
945;8,986;0,228729339984733
946;8,990;0,18598618829725
947;8,995;0,259311094482172
948;8,999;0,326931631952546
949;9,003;0,513729900518186
950;9,007;0,96510788189263
951;9,011;1,83114197104161
952;9,015;3,40748880616674
953;9,019;6,01600946925207
954;9,023;9,55517411991296
955;9,028;14,2922958143006
956;9,032;19,7697970314307
957;9,036;24,8601142220608
958;9,040;29,7507983145175
959;9,044;33,3673284658695
960;9,048;35,2394507802111
961;9,052;35,5411088896644
962;9,056;33,7661192981567
963;9,060;31,5575580706716
964;9,065;27,7774036486568
965;9,069;23,7897132009788
966;9,073;19,8920844357488
967;9,077;16,3762720445131
968;9,081;13,2157348672803
969;9,085;10,477439815939
970;9,089;8,16515018929393
971;9,093;6,51777604093835
972;9,098;5,20581085026389
973;9,102;4,14543208810397
974;9,106;3,4173328035665
975;9,110;2,75077335790437
976;9,114;2,31405243503259
977;9,118;2,00970059590846
978;9,122;1,66197178635079
979;9,126;1,51128137947481
980;9,131;1,29691199545552
981;9,135;1,16103710176871
982;9,139;1,01910131632269
983;9,143;0,898913436600893
984;9,147;0,806534354362515
985;9,151;0,766861262226264
986;9,155;0,64962460104081
987;9,159;0,651803352980394
988;9,164;0,554908312176332
989;9,168;0,497409067807118
990;9,172;0,475165991187543
991;9,176;0,401761857659363
992;9,180;0,422994785652403
993;9,184;0,373893639668497
994;9,188;0,368525987162794
995;9,192;0,35186843824288
996;9,197;0,321663013625915
997;9,201;0,272938197522482
998;9,205;0,280108272087296
999;9,209;0,257568092930505
1000;9,213;0,233582014759262
1001;9,217;0,216647170137947
1002;9,221;0,19412679781697
1003;9,225;0,181212740865979
1004;9,229;0,187768803520546
1005;9,234;0,159207346276176
1006;9,238;0,126823169719626
1007;9,242;0,172775028809043
1008;9,246;0,124565190436784
1009;9,250;0,131656037658341
1010;9,254;0,143540139146983
1011;9,258;0,110403302829486
1012;9,262;0,101866556593478
1013;9,267;0,146075414131227
1014;9,271;0,10412453587632
1015;9,275;0,0944587999988908
1016;9,279;0,108145323546644
1017;9,283;0,101866556593478
1018;9,287;0,0542707301314659
1019;9,291;0,0533200020123745
1020;9,295;0,0835650403009688
1021;9,300;0,0820399139432598
1022;9,304;0,0832679377637528
1023;9,308;0,111433258291835
1024;9,312;0,100262202892511
1025;9,316;0,0580934494436458
1026;9,320;0,0566079367575655
1027;9,324;0,0562316068770918
1028;9,328;0,0458132112387155
1029;9,333;0,0642137617102965
1030;9,337;0,0348402241975359
1031;9,341;0,0392175349125191
1032;9,345;0,0442880848810065
1033;9,349;0,0185193914864674
1034;9,353;0,0147164790101019
1035;9,357;0,0331962568249404
1036;9,361;0,0318295851537466
1037;9,366;0,0130328979658776
1038;9,370;0,0402078767032393
1039;9,374;0,0193710854264867
1040;9,378;0,00697200620667007
1041;9,382;0,0566871641008231
1042;9,386;0,0205991092469798
1043;9,390;0,0214309963511847
1044;9,394;0
1045;9,398;0,00895268978811043
1046;9,403;0,0249566131261485
1047;9,407;0,0216092578735143
1048;9,411;0,0479721563424855
1049;9,415;0,0628470900391026
1050;9,419;0,163743111677675
1051;9,423;0,363435630358492
1052;9,427;0,866133123328055
1053;9,431;1,72953290331372
1054;9,436;3,38132397605591
1055;9,440;6,09293921955521
1056;9,444;9,89141496469828
1057;9,448;14,8647529830085
1058;9,452;20,7657045430147
1059;9,456;26,2081278539175
1060;9,460;30,8998126669469
1061;9,464;33,9316450250576
1062;9,469;35,2847886273902
1063;9,473;35,1734147896058
1064;9,477;33,0389311280666
1065;9,481;30,0857121013032
1066;9,485;26,1669098285877
1067;9,489;22,069251828468
1068;9,493;17,9969861918625
1069;9,497;14,5948848450373
1070;9,502;11,5162291270612
1071;9,506;9,00868371295775
1072;9,510;7,0777945167548
1073;9,514;5,62114039045612
1074;9,518;4,50999670810389
1075;9,522;3,69338067431184
1076;9,526;3,01135208987867
1077;9,530;2,48641152028953
1078;9,535;2,16284705042543
1079;9,539;1,79980755678323
1080;9,543;1,55519313447534
1081;9,547;1,42139795854905
1082;9,551;1,24228474227939
1083;9,555;1,03835356073429
1084;9,559;0,984578001498189
1085;9,563;0,870173717834194
1086;9,567;0,766663193868121
1087;9,572;0,694506890996248
1088;9,576;0,637641465373095
1089;9,580;0,561246499636941
1090;9,584;0,552551298714417
1091;9,588;0,472234579487011
1092;9,592;0,463816674265889
1093;9,596;0,480533643693246
1094;9,600;0,392928008886139
1095;9,605;0,346362137886476
1096;9,609;0,337369834426737
1097;9,613;0,282544512892467
1098;9,617;0,287555642353512
1099;9,621;0,255904318722095
1100;9,625;0,262717870242249
1101;9,629;0,256399489617455
1102;9,633;0,237721643444472
1103;9,638;0,232868968669943
1104;9,642;0,334874173114122
1105;9,646;0,483346214378891
1106;9,650;0,962988550460489
1107;9,654;2,00599671761117
1108;9,658;4,10773967954916
1109;9,662;7,7333215548683
1110;9,666;13,6081280915995
1111;9,671;21,8807303651866
1112;9,675;32,3117429579766
1113;9,679;44,7324314356668
1114;9,683;56,9341553434287
1115;9,687;68,2134947141497
1116;9,691;76,4295484714867
1117;9,695;79,2810197826715
1118;9,699;78,4281968530107
1119;9,704;73,2959089772899
1120;9,708;64,6485019495868
1121;9,712;54,687782866374
1122;9,716;44,2539775097341
1123;9,720;35,1211247430558
1124;9,724;27,1532308316375
1125;9,728;21,2780281581901
1126;9,732;16,374786531827
1127;9,736;12,81236865592
1128;9,741;10,12067908925
1129;9,745;8,15855451296773
1130;9,749;6,63673589683966
1131;9,753;5,57992236512634
1132;9,757;4,71929554215469
1133;9,761;3,99604893239174
1134;9,765;3,39160372384359
1135;9,769;2,92929236909959
1136;9,774;2,61985017317117
1137;9,778;2,33819696789035
1138;9,782;2,06135682371243
1139;9,786;1,90353595594326
1140;9,790;1,6683099738114
1141;9,794;1,55961005886195
1142;9,798;1,5222741733518
1143;9,802;1,46548797507191
1144;9,807;1,3226014615068
1145;9,811;1,30067529426026
1146;9,815;1,27359934970197
1147;9,819;1,21035612294658
1148;9,823;1,16052212403754
1149;9,827;1,1086282142038
1150;9,831;1,04841543332801
1151;9,835;0,960235400282287
1152;9,840;0,900062233078129
1153;9,844;0,830421398354686
1154;9,848;0,796551709112056
1155;9,852;0,677473012195861
1156;9,856;0,66752998061703
1157;9,860;0,618428834633124
1158;9,864;0,544450302866326
1159;9,868;0,507530360908278
1160;9,873;0,514403332935876
1161;9,877;0,450823389971641
1162;9,881;0,495804714106151
1163;9,885;0,531318370721377
1164;9,889;0,732139879043615
1165;9,893;1,19789762321932
1166;9,897;2,05383022610295
1167;9,901;3,78730468974374
1168;9,905;6,58816953542274
1169;9,910;10,6376176971701
1170;9,914;16,0747129692388
1171;9,918;22,0694102831546
1172;9,922;28,2094303514406
1173;9,926;33,3969198785762
1174;9,930;36,8396648524925
1175;9,934;38,5166304135548
1176;9,938;37,4727309387925
1177;9,943;34,7606403312337
1178;9,947;30,6276469360211
1179;9,951;25,8231621930287
1180;9,955;21,1731707693886
1181;9,959;16,8780188093636
1182;9,963;13,3405575465827
1183;9,967;10,5491999820946
1184;9,971;8,25360751804106
1185;9,976;6,62924891290182
1186;9,980;5,32659293506012
1187;9,984;4,25718225576884
1188;9,988;3,63178141492905
1189;9,992;3,00982696352096
1190;9,996;2,57615629336459
1191;10,000;2,28283686178909
1192;10,004;1,94625930079493
1193;10,009;1,77992149362557
1194;10,013;1,80725492704944
1195;10,017;2,20059887948768
1196;10,021;3,03304057509544
1197;10,025;5,10275588352154
1198;10,029;8,7441832274922
1199;10,033;14,5421788549351
1200;10,037;23,0098982681299
1201;10,042;33,762989818098
1202;10,046;45,9251792815744
1203;10,050;58,819865147139
1204;10,054;70,0330892999115
1205;10,058;77,1566178005618
1206;10,062;79,0470416311959
1207;10,066;76,9863582399012
1208;10,070;70,2092512976448
1209;10,074;60,7046836432377
1210;10,079;49,9594157934163
1211;10,083;40,1210831487006
1212;10,087;31,6264462456341
1213;10,091;24,5161090976362
1214;10,095;19,0660205412733
1215;10,099;15,0365772836985
1216;10,103;11,8571047714271
1217;10,107;9,64369086916753
1218;10,112;8,03808933754453
1219;10,116;6,55412158465778
1220;10,120;5,43860059159057
1221;10,124;4,78612380619249
1222;10,128;4,0872990249887
1223;10,132;3,51929839433905
1224;10,136;3,09154996809119
1225;10,140;2,75208060906812
1226;10,145;2,44063792272244
1227;10,149;2,24556039678638
1228;10,153;2,04384758085249
1229;10,157;1,83130042572813
1230;10,161;1,69132551702774
1231;10,165;1,5148466099214
1232;10,169;1,37792195393643
1233;10,173;1,32071981210443
1234;10,178;1,2196059152719
1235;10,182;1,14675637314653
1236;10,186;1,05217873213275
1237;10,190;0,996442296151017
1238;10,194;0,99551137486774
1239;10,198;0,887861222216456
1240;10,202;0,845177491036416
1241;10,206;0,763672361660146
1242;10,211;0,786509643354153
1243;10,215;0,739329760444243
1244;10,219;0,701775999740134
1245;10,223;0,648970975458934
1246;10,227;0,63334338200137
1247;10,231;0,600800750758305
1248;10,235;0,564890957426791
1249;10,239;0,592224390850668
1250;10,243;0,526544923290105
1251;10,248;0,493071370763763
1252;10,252;0,529991312721812
1253;10,256;0,482732202468645
1254;10,260;0,499350137716929
1255;10,264;0,505826973028239
1256;10,268;0,554274493430271
1257;10,272;0,730159195462175
1258;10,276;1,17983378895658
1259;10,281;2,03556832348207
1260;10,285;3,67086030199086
1261;10,289;6,53568142051457
1262;10,293;11,1276586220543
1263;10,297;17,7333175935011
1264;10,301;25,8829194166808
1265;10,305;36,1755614544714
1266;10,309;48,0674866432603
1267;10,314;60,1863981704822
1268;10,318;72,4755494515289
1269;10,322;83,9646432135244
1270;10,326;93,2051857465256
1271;10,330;99,0633941548443
1272;10,334;100
1273;10,338;95,5745982876594
1274;10,342;87,0504888129011
1275;10,347;75,8237960117748
1276;10,351;62,2306616948868
1277;10,355;50,0117256468021
1278;10,359;39,1288002880706
1279;10,363;30,2689847530939
1280;10,367;23,5047522541169
1281;10,371;18,4348361043757
1282;10,375;14,6798363638452
1283;10,380;11,9345693062973
1284;10,384;9,8818284561641
1285;10,388;8,45228988809534
1286;10,392;7,05733405535852
1287;10,396;5,95003289915429
1288;10,400;5,26576614227409
1289;10,404;4,64410879340321
1290;10,408;4,06053998980344
1291;10,412;3,69288550341648
1292;10,417;3,31301019933203
1293;10,421;3,01404581954943
1294;10,425;2,62133568585725
1295;10,429;2,37093766749155
1296;10,433;2,27433972922471
1297;10,437;1,9891212934973
1298;10,441;1,89604897200541
1299;10,445;1,84960194202064
1300;10,450;1,68738395670067
1301;10,454;1,57935747416891
1302;10,458;1,50209100765693
1303;10,462;1,45871403722338
1304;10,466;1,3128366914503
1305;10,470;1,24048232022028
1306;10,474;1,25171279612705
1307;10,478;1,20738509757442
1308;10,483;1,11001469271081
1309;10,487;1,04544440795585
1310;10,491;1,0050780765661
1311;10,495;0,980002622425062
1312;10,499;0,917135725550145
1313;10,503;0,889742871618824
1314;10,507;0,836779392651109
1315;10,511;0,787896121861161
1316;10,516;0,81384307677803
1317;10,520;0,751867487514761
1318;10,524;0,739072271578656
1319;10,528;0,765811499928101
1320;10,532;0,704509343082522
1321;10,536;0,635185417732109
1322;10,540;0,613556353022781
1323;10,544;0,608010438994748
1324;10,549;0,591273662731577
1325;10,553;0,562850853337907
1326;10,557;0,605851493890978
1327;10,561;0,711342701438491
1328;10,565;0,98107219155904
1329;10,569;1,53518823030279
1330;10,573;2,71852782919852
1331;10,577;4,95822540258384
1332;10,581;8,13724235763143
1333;10,586;12,7781028299611
1334;10,590;18,6041845505888
1335;10,594;24,6482404993541
1336;10,598;30,3457362418747
1337;10,602;34,0682923853412
1338;10,606;35,3156080639175
1339;10,610;34,8992287614271
1340;10,614;32,3388585162065
1341;10,619;28,3494250669768
1342;10,623;23,961398853818
1343;10,627;19,3792260360065
1344;10,631;15,3624591533528
1345;10,635;12,3475418330276
1346;10,639;9,59940278428652
1347;10,643;7,67443583199208
1348;10,647;5,96011457858382
1349;10,652;4,94861908721386
1350;10,656;3,97043869368372
1351;10,660;3,44668653424344
1352;10,664;2,86579165347861
1353;10,668;2,46193027122293
1354;10,672;2,212304719454
1355;10,676;1,89535573275191
1356;10,680;1,73236528083518
1357;10,685;1,5569163291912
1358;10,689;1,42294289174257
1359;10,693;1,27256939423962
1360;10,697;1,22253732697243
1361;10,701;1,10209195838505
1362;10,705;1,03680862754077
1363;10,709;0,886613391560149
1364;10,713;0,906974818777356
1365;10,718;0,844820967991757
1366;10,722;0,745034129158792
1367;10,726;0,70904510848402
1368;10,730;0,680404423896393
1369;10,734;0,637106680806106
1370;10,738;0,620468938722007
1371;10,742;0,556908802593586
1372;10,746;0,561286113308569
1373;10,750;0,541023720270435
1374;10,755;0,488713866884595
1375;10,759;0,497428874642932
1376;10,763;0,438701606453226
1377;10,767;0,434779852961974
1378;10,771;0,443554281227754
1379;10,775;0,443059110332394
1380;10,779;0,364544813164098
1381;10,783;0,353670860301991
1382;10,788;0,367773327401846
1383;10,792;0,324594425326446
1384;10,796;0,292804453844329
1385;10,800;0,35069983492983
1386;10,804;0,334517650069463
1387;10,808;0,288011199577243
1388;10,812;0,279910203729152
1389;10,816;0,251665655857812
1390;10,821;0,274126607671346
1391;10,825;0,253151168543893
1392;10,829;0,242792193412959
1393;10,833;0,237682029772843
1394;10,837;0,29159623685965
1395;10,841;0,23879121257845
1396;10,845;0,259925106392419
1397;10,849;0,229917750133597
1398;10,854;0,21387421312393
1399;10,858;0,237008597355154
1400;10,862;0,201078997187825
1401;10,866;0,248219266426106
1402;10,870;0,230551568879658
1403;10,874;0,221202742375259
1404;10,878;0,174399189345824
1405;10,882;0,209516709244761
1406;10,887;0,232552059296913
1407;10,891;0,218984376764046
1408;10,895;0,209873232289421
1409;10,899;0,191532102325283
1410;10,903;0,187194405281929
1411;10,907;0,220984867181301
1412;10,911;0,258241525348194
1413;10,915;0,22898682885032
1414;10,919;0,392591292677294
1415;10,924;0,635125997224666
1416;10,928;1,29314869665078
1417;10,932;2,74251390736977
1418;10,936;5,59406444589783
1419;10,940;10,4231294721359
1420;10,944;18,2275971812496
1421;10,948;29,0507851231648
1422;10,952;42,0464264308755
1423;10,957;56,3591827065724
1424;10,961;70,9988111937144
1425;10,965;82,5785212295608
1426;10,969;89,5897053574718
1427;10,973;90,4864400421331
1428;10,977;87,2499832632237
1429;10,981;81,0541079179411
1430;10,985;74,5395801980763
1431;10,990;68,022437975884
1432;10,994;62,1154255241186
1433;10,998;56,6016777974482
1434;11,002;50,6091988491436
1435;11,006;44,4064505318333
1436;11,010;37,7704871015904
1437;11,014;30,8566337648715
1438;11,018;25,244703553069
1439;11,023;20,4137568774286
1440;11,027;16,3978218818792
1441;11,031;13,443830388519
1442;11,035;10,8899765922814
1443;11,039;9,02163738358037
1444;11,043;7,69144990395665
1445;11,047;6,49834553500442
1446;11,051;5,51515401201324
1447;11,056;4,93473449530796
1448;11,060;4,32147524482239
1449;11,064;3,84834935772373
1450;11,068;3,50838482780531
1451;11,072;3,20456777324817
1452;11,076;2,8173639399124
1453;11,080;2,69452194419147
1454;11,084;2,44751089475004
1455;11,088;2,25744449827502
1456;11,093;2,14078223532819
1457;11,097;1,92829450071126
1458;11,101;1,73797061537066
1459;11,105;1,65087995829473
1460;11,109;1,60805757926399
1461;11,113;1,49640644577819
1462;11,117;1,42680522472638
1463;11,121;1,35754071988341
1464;11,126;1,22695425135905
1465;11,130;1,12762296974981
1466;11,134;1,1369519894184
1467;11,138;1,10046779784826
1468;11,142;1,05402076786349
1469;11,146;1,02278538778417
1470;11,150;0,994936976629122
1471;11,154;0,971307421502539
1472;11,159;0,887643347022498
1473;11,163;0,92179033196653
1474;11,167;0,857972706972521
1475;11,171;0,830678887220273
1476;11,175;0,85351616891428
1477;11,179;0,80471212546759
1478;11,183;0,790570044696106
1479;11,187;0,811783165853332
1480;11,192;0,948668208166675
1481;11,196;1,23040064079075
1482;11,200;1,77534611455244
1483;11,204;2,91996334943101
1484;11,208;4,83411576937079
1485;11,212;7,96591322783684
1486;11,216;12,0528359229451
1487;11,220;17,2958043971968
1488;11,225;22,8879673868564
1489;11,229;27,7439300961305
1490;11,233;31,2135133325754
1491;11,237;32,6019923300009
1492;11,241;31,6898281202402
1493;11,245;29,0983809496269
1494;11,249;25,2008908322476
1495;11,253;20,8658082912207
1496;11,257;16,8800985271241
1497;11,262;13,2593297129078
1498;11,266;10,4467788340983
1499;11,270;8,22704655121394
1500;11,274;6,69861245192386
1501;11,278;5,66463620190455
1502;11,282;5,09437759197205
1503;11,286;5,13183231849709
1504;11,290;6,14976503150673
1505;11,295;8,22696732387068
1506;11,299;11,8623733897538
1507;11,303;17,3908772091059
1508;11,307;23,8080543309429
1509;11,311;30,6708654517682
1510;11,315;36,3676283413637
1511;11,319;39,6369446608891
1512;11,323;39,8885310894037
1513;11,328;37,8078626007722
1514;11,332;33,5350923652175
1515;11,336;28,2018641401595
1516;11,340;23,1945375915918
1517;11,344;18,6514634676778
1518;11,348;14,7879024600486
1519;11,352;11,8907961991474
1520;11,356;9,53079190502543
1521;11,361;8,00237761257116
1522;11,365;6,5731163402038
1523;11,369;5,68634449395713
1524;11,373;4,72991200615121
1525;11,377;4,08997294782364
1526;11,381;3,62978092451179
1527;11,385;3,25143074678505
1528;11,389;2,94571223598973
1529;11,394;2,68319243410563
1530;11,398;2,38761502324728
1531;11,402;2,17092823943771
1532;11,406;2,00815566271494
1533;11,410;1,81959458576182
1534;11,414;1,76272916013866
1535;11,418;1,58801306141981
1536;11,422;1,52169977511319
1537;11,426;1,48652283470681
1538;11,431;1,30919223366045
1539;11,435;1,26191331657147
1540;11,439;1,13188143944991
1541;11,443;1,13598145446349
1542;11,447;1,07436238824488
1543;11,451;1,02545931061912
1544;11,455;0,930643987575568
1545;11,459;0,925672471786153
1546;11,464;0,919056988624142
1547;11,468;0,871837492042604
1548;11,472;0,846326287513652
1549;11,476;0,79058985153192
1550;11,480;0,772466596761741
1551;11,484;0,745568913725781
1552;11,488;0,787499985144873
1553;11,492;0,712134974871067
1554;11,497;0,71255091842317
1555;11,501;0,68961460255009
1556;11,505;0,672382655391559
1557;11,509;0,628827423435686
1558;11,513;0,631402312091558
1559;11,517;0,619478596931287
1560;11,521;0,61409113758977
1561;11,525;0,604247140190011
1562;11,530;0,609852474725487
1563;11,534;0,579330140735491
1564;11,538;0,621221598482955
1565;11,542;0,680107321359177
1566;11,546;0,994917169793308
1567;11,550;1,51615386108515
1568;11,554;2,69081806589417
1569;11,558;4,87184779159723
1570;11,563;8,46144064624159
1571;11,567;13,6201112272672
1572;11,571;20,6548060692899
1573;11,575;28,0445978637931
1574;11,579;34,8111477625604
1575;11,583;39,1968763827647
1576;11,587;40,5237561208074
1577;11,591;38,7507670197169
1578;11,596;34,7840718180021
1579;11,600;29,5868571344817
1580;11,604;24,3410166690369
1581;11,608;19,1697489404333
1582;11,612;15,5431371096518
1583;11,616;12,4462987163982
1584;11,620;10,2170987659945
1585;11,624;8,33853923001322
1586;11,628;7,04002288085673
1587;11,633;5,95284546983993
1588;11,637;5,18645957167321
1589;11,641;4,5764288354254
1590;11,645;3,97303338917541
1591;11,649;3,55730771226689
1592;11,653;3,17660052107824
1593;11,657;2,83976547121849
1594;11,661;2,59699308464134
1595;11,666;2,41134361255294
1596;11,670;2,13422617267362
1597;11,674;2,03402339028855
1598;11,678;1,87497449869889
1599;11,682;1,75765861017018
1600;11,686;1,66522010742435
1601;11,690;1,56790912306819
1602;11,694;1,48584940228912
1603;11,699;1,40860274261294
1604;11,703;1,3828340492184
1605;11,707;1,35102427090047
1606;11,711;1,24388909598036
1607;11,715;1,21267352273686
1608;11,719;1,23986830831004
1609;11,723;1,10282481131018
1610;11,727;1,07396625152859
1611;11,732;1,06507298224793
1612;11,736;1,03397625001931
1613;11,740;0,982934034125594
1614;11,744;0,965662473295434
1615;11,748;0,879621578517664
1616;11,752;0,903964179733566
1617;11,756;0,83026294366817
1618;11,760;0,826677906385763
1619;11,765;0,787183075771843
1620;11,769;0,802196657319161
1621;11,773;0,746064084621141
1622;11,777;0,729584797223557
1623;11,781;0,772070460045453
1624;11,785;0,706311765141633
1625;11,789;0,66257827166343
1626;11,793;0,617339458663332
1627;11,797;0,655111094561399
1628;11,802;0,644870960445353
1629;11,806;0,679433888941487
1630;11,810;0,780349717415873
1631;11,814;1,09678372638679
1632;11,818;1,63751034412
1633;11,822;2,75330863288862
1634;11,826;4,86125113443652
1635;11,830;8,16532845081626
1636;11,835;13,0110906396459
1637;11,839;18,6147217872421
1638;11,843;24,7058189710666
1639;11,847;30,2221613932287
1640;11,851;33,5794992911133
1641;11,855;34,7107072981456
1642;11,859;33,3515622245612
1643;11,863;30,0949817004644
1644;11,868;25,9781110696048
1645;11,872;21,4560123848183
1646;11,876;17,3765766736479
1647;11,880;13,7579866113713
1648;11,884;11,1554278058661
1649;11,888;8,78347998974798
1650;11,892;7,18904951352431
1651;11,896;6,02836893480025
1652;11,901;5,12464243709646
1653;11,905;4,3351023478627
1654;11,909;3,67309847443789
1655;11,913;3,2167093636024
1656;11,917;2,83247655563879
1657;11,921;2,58530705151085
1658;11,925;2,34287138114255
1659;11,929;2,1093091732191
1660;11,934;1,92056983474365
1661;11,938;1,87406338425143
1662;11,942;1,67349936479478
1663;11,946;1,56656225823281
1664;11,950;1,46681503307147
1665;11,954;1,37190067584885
1666;11,958;1,316817865449
1667;11,962;1,2410567184589
1668;11,966;1,17557531925648
1669;11,971;1,15665979105373
1670;11,975;1,08006675695943
1671;11,979;1,03130232718437
1672;11,983;1,01708101906963
1673;11,987;0,997135535404521
1674;11,991;0,937101016051064
1675;11,995;0,930287464530909
1676;11,999;0,892238532931439
1677;12,004;0,828896271996977
1678;12,008;0,771139538762176
1679;12,012;0,805860921944825
1680;12,016;0,729089626328197
1681;12,020;0,738161157131194
1682;12,024;0,741270830354055
1683;12,028;0,701241215173145
1684;12,032;0,667728048975174
1685;12,037;0,638196056775899
1686;12,041;0,686762418192816
1687;12,045;0,614863604186531
1688;12,049;0,65709177814284
1689;12,053;0,604722504249557
1690;12,057;0,552868208087448
1691;12,061;0,591531151597164
1692;12,065;0,620508552393636
1693;12,070;0,61589355964888
1694;12,074;0,594898313685612
1695;12,078;0,594997347864684
1696;12,082;0,555720392444722
1697;12,086;0,544351268687254
1698;12,090;0,609535565352457
1699;12,094;0,568198699007796
1700;12,098;0,567802562291508
1701;12,103;0,610684361829692
1702;12,107;0,595274643566086
1703;12,111;0,547837271790589
1704;12,115;0,578934004019203
1705;12,119;0,55346241316188
1706;12,123;0,529416914483194
1707;12,127;0,555066766862847
1708;12,131;0,582974598525341
1709;12,135;0,549005875103639
1710;12,140;0,572833498588367
1711;12,144;0,59897852186338
1712;12,148;0,810099584809108
1713;12,152;1,12580074085489
1714;12,156;1,89038421696249
1715;12,160;3,44995466215282
1716;12,164;6,2666055559759
1717;12,168;10,9403255689216
1718;12,173;18,6032338224697
1719;12,177;28,890904344471
1720;12,181;41,5797773790882
1721;12,185;55,265667108095
1722;12,189;68,1338316205042
1723;12,193;77,4653271435651
1724;12,197;81,42752619355
1725;12,201;79,8727886162984
1726;12,206;74,6069828603527
1727;12,210;67,1206327412542
1728;12,214;60,3941124576678
1729;12,218;55,4548620037942
1730;12,222;53,2028841922039
1731;12,226;51,4995755395085
1732;12,230;50,2026437372172
1733;12,234;47,6207236546306
1734;12,239;44,3934770543749
1735;12,243;39,9151118630666
1736;12,247;34,1981658077762
1737;12,251;29,1664768511568
1738;12,255;24,2158968871973
1739;12,259;19,8717032016958
1740;12,263;16,2648585930571
1741;12,267;13,5449838990232
1742;12,272;11,5028595128865
1743;12,276;9,88979080416149
1744;12,280;8,54302500296112
1745;12,284;7,45830363958531
1746;12,288;6,61530490048848
1747;12,292;5,87395484279116
1748;12,296;5,40267099142324
1749;12,300;4,9089459950776
1750;12,304;4,53479486654352
1751;12,309;4,17813317403355
1752;12,313;3,8568266834523
1753;12,317;3,54381925707728
1754;12,321;3,37219302474547
1755;12,325;3,16677633051429
1756;12,329;2,98796021678186
1757;12,333;2,80494505385677
1758;12,337;2,71240751693187
1759;12,342;2,52483678176947
1760;12,346;2,35521103985492
1761;12,350;2,35580524492935
1762;12,354;2,21792986082529
1763;12,358;2,13331505822616
1764;12,362;1,99963872331475
1765;12,366;1,96200573526738
1766;12,370;1,90517992331585
1767;12,375;1,84138210515766
1768;12,379;1,77718815028318
1769;12,383;1,65024613954867
1770;12,387;1,67439067240642
1771;12,391;1,70608160970947
1772;12,395;1,68011484795679
1773;12,399;1,58726040165886
1774;12,403;1,571771456052
1775;12,408;1,59783725198375
1776;12,412;1,57656471031908
1777;12,416;1,56507674554673
1778;12,420;1,75858953145345
1779;12,424;2,12297588993104
1780;12,428;2,84556887411211
1781;12,432;4,16900222272311
1782;12,436;6,55600323406015
1783;12,441;9,88311590049204
1784;12,445;14,6870856657533
1785;12,449;20,0330100725683
1786;12,453;25,2518142071264
1787;12,457;29,4935273241242
1788;12,461;31,8042720175758
1789;12,465;31,973402588595
1790;12,469;30,0280544022475
1791;12,473;26,7650960770185
1792;12,478;22,8230405790568
1793;12,482;19,3246780101736
1794;12,486;16,534330594312
1795;12,490;14,8776076194521
1796;12,494;14,6046100014221
1797;12,498;16,0313359988053
1798;12,502;19,4751307350198
1799;12,506;24,6788222538515
1800;12,511;31,7222321036325
1801;12,515;39,6311808716671
1802;12,519;47,4978618520738
1803;12,523;54,7686145633326
1804;12,527;59,802224783026
1805;12,531;61,3823151101201
1806;12,535;60,4847089246829
1807;12,539;56,755160968174
1808;12,544;50,769772867091
1809;12,548;44,0684072649889
1810;12,552;37,0197486037171
1811;12,556;30,931384763235
1812;12,560;25,288040909831
1813;12,564;20,9696555313956
1814;12,568;17,3350417389451
1815;12,572;14,6144143851503
1816;12,577;12,420490409332
1817;12,581;10,6563153501789
1818;12,585;9,47404532041716
1819;12,589;8,33976725383371
1820;12,593;7,38462221035573
1821;12,597;6,66200941933884
1822;12,601;5,97457356872833
1823;12,605;5,52943474063543
1824;12,610;5,06520212281743
1825;12,614;4,68944664058238
1826;12,618;4,30830369900582
1827;12,622;4,11591990274051
1828;12,626;3,76244711079667
1829;12,630;3,56768649423364
1830;12,634;3,24053698708713
1831;12,638;3,12436989503565
1832;12,642;2,85757181661564
1833;12,647;2,83439781871279
1834;12,651;2,63607197170316
1835;12,655;2,56621326178576
1836;12,659;2,40756050691239
1837;12,663;2,35663713203356
1838;12,667;2,21276027667773
1839;12,671;2,12588749479575
1840;12,675;1,98680389370701
1841;12,680;1,98567490406559
1842;12,684;1,98611065445351
1843;12,688;1,86182275971812
1844;12,692;1,74565566766665
1845;12,696;1,66937954294538
1846;12,700;1,69776273866742
1847;12,704;1,67076602145239
1848;12,708;1,58248695422759
1849;12,713;1,52471041415698
1850;12,717;1,47119234378646
1851;12,721;1,48650302787099
1852;12,725;1,41812983063967
1853;12,729;1,42306173275746
1854;12,733;1,39418336614006
1855;12,737;1,33892229421787
1856;12,741;1,36219532629979
1857;12,746;1,42294289174257
1858;12,750;1,6399861985968
1859;12,754;1,91106255355273
1860;12,758;2,72886699749364
1861;12,762;4,00700211259711
1862;12,766;6,14667516511969
1863;12,770;9,31372879133538
1864;12,774;13,9350201098804
1865;12,779;19,4990771995194
1866;12,783;25,7580571237068
1867;12,787;30,7674435831992
1868;12,791;34,2298963587509
1869;12,795;35,24234257824
1870;12,799;34,0551406463604
1871;12,803;30,7843784278205
1872;12,807;27,3063574793187
1873;12,811;23,3704619072953
1874;12,816;19,5161308851556
1875;12,820;16,3757570667819
1876;12,824;13,8946537784906
1877;12,828;11,7303014085433
1878;12,832;10,1727314537703
1879;12,836;8,83626520719337
1880;12,840;7,80484403899411
1881;12,844;7,00124109633213
1882;12,849;6,13504855249663
1883;12,853;5,67723334948251
1884;12,857;5,17259478660313
1885;12,861;4,76144448876774
1886;12,865;4,44394091066285
1887;12,869;4,12475375151374
1888;12,873;3,87011707028376
1889;12,877;3,58747352321222
1890;12,882;3,34384944269506
1891;12,886;3,18963341904411
1892;12,890;2,92533100193671
1893;12,894;2,82746542617774
1894;12,898;2,73516557128262
1895;12,902;2,5985776315065
1896;12,906;2,52503485012762
1897;12,910;2,47432935044274
1898;12,915;2,42774367260726
1899;12,919;2,49059076264637
1900;12,923;2,32035100882157
1901;12,927;2,31361668464467
1902;12,931;2,29594898709822
1903;12,935;2,13468172989735
1904;12,939;2,06688293090465
1905;12,943;1,99700441415143
1906;12,948;1,88662091815776
1907;12,952;1,86071357691252
1908;12,956;1,77354369249333
1909;12,960;1,71665846003436
1910;12,964;1,64075866519357
1911;12,968;1,59662903499907
1912;12,972;1,54146699725596
1913;12,976;1,54443802262812
1914;12,980;1,41953611598249
1915;12,985;1,47711458769496
1916;12,989;1,37506976957916
1917;12,993;1,35300495448191
1918;12,997;1,33430730147311
1919;13,001;1,34516144749941
1920;13,005;1,33504015439825
1921;13,009;1,31238113422657
1922;13,013;1,22558757968785
1923;13,018;1,30586468524363
1924;13,022;1,27169789346378
1925;13,026;1,40060078094392
1926;13,030;1,64347220170014
1927;13,034;2,17722681322669
1928;13,038;3,14150280801511
1929;13,042;4,86586612718128
1930;13,046;7,45335193063171
1931;13,051;11,1141701668647
1932;13,055;15,9111283122476
1933;13,059;20,7311614213544
1934;13,063;25,428055432203
1935;13,067;29,0321865043351
1936;13,071;30,4446515799319
1937;13,075;30,1874598168818
1938;13,079;28,0189480114135
1939;13,084;25,2710268378664
1940;13,088;21,9727331175445
1941;13,092;18,7583609605682
1942;13,096;15,5554569615284
1943;13,100;13,0678372242542
1944;13,104;11,1797109865745
1945;13,108;9,58373557715733
1946;13,112;8,2041696558483
1947;13,117;7,23983424055244
1948;13,121;6,26650652179683
1949;13,125;5,58915235061585
1950;13,129;5,16465224544156
1951;13,133;4,62184590994782
1952;13,137;4,71988974722912
1953;13,141;4,89801262170805
1954;13,145;5,61012778974331
1955;13,149;6,9475645712751
1956;13,154;8,88108807664136
1957;13,158;11,8177683954997
1958;13,162;15,563498536869
1959;13,166;19,0209203761239
1960;13,170;22,4568716053559
1961;13,174;25,0232235149924
1962;13,178;26,0699553672762
1963;13,182;25,9732187811586
1964;13,187;24,4716823649045
1965;13,191;22,2203185652245
1966;13,195;19,3288572525304
1967;13,199;16,6374647883976
1968;13,203;13,9486274060849
1969;13,207;11,7682711127995
1970;13,211;9,99033030275541
1971;13,215;8,36214897830399
1972;13,220;7,08371676066331
1973;13,224;6,20043091751998
1974;13,228;5,42544885260981
1975;13,232;4,70650032621859
1976;13,236;4,19795981668377
1977;13,240;3,92308054925148
1978;13,244;3,43781307179859
1979;13,248;3,13482790434566
1980;13,253;2,97342199929408
1981;13,257;2,71692347549756
1982;13,261;2,563519532115
1983;13,265;2,33667184153264
1984;13,269;2,25776140764805
1985;13,273;2,15157696084704
1986;13,277;2,10437727110131
1987;13,281;2,01229529140015
1988;13,286;1,9250461796377
1989;13,290;1,82682408083407
1990;13,294;1,73365272516312
1991;13,298;1,66676504061788
1992;13,302;1,65925824984422
1993;13,306;1,58888456219564
1994;13,310;1,56374968754717
1995;13,314;1,49591127488283
1996;13,318;1,41014767580647
1997;13,323;1,38754807614223
1998;13,327;1,33761504305412
1999;13,331;1,39315341067771
2000;13,335;1,30713232273575
2001;13,339;1,33567397314431
2002;13,343;1,3144806588229
2003;13,347;1,27952159361047
2004;13,351;1,27767955787973
2005;13,356;1,3268599312069
2006;13,360;1,2554959017676
2007;13,364;1,37780311292154
2008;13,368;1,55766898895214
2009;13,372;1,99979717800126
2010;13,376;2,60505446681781
2011;13,380;3,77627228219512
2012;13,384;5,69428703511871
2013;13,389;8,74105374743353
2014;13,393;13,1857275110215
2015;13,397;19,4602161876515
2016;13,401;27,4017868142725
2017;13,405;36,6311186782027
2018;13,409;46,3387262065433
2019;13,413;55,3469147486057
2020;13,417;61,8758222312717
2021;13,422;64,0751732801031
2022;13,426;62,5385985712933
2023;13,430;57,9309541626244
2024;13,434;51,3177091730606
2025;13,438;43,5922509320107
2026;13,442;37,1086020691805
2027;13,446;31,0788070422016
2028;13,450;26,5349604516909
2029;13,455;22,5616101531425
2030;13,459;19,4510060089978
2031;13,463;16,9505118284443
2032;13,467;14,8350229224511
2033;13,471;13,082375441742
2034;13,475;11,8438936119389
2035;13,479;10,7230445800376
2036;13,483;9,6452952228685
2037;13,487;8,89025864162343
2038;13,492;8,1165640210412
2039;13,496;7,48739988139667
2040;13,500;7,00542033868897
2041;13,504;6,52395577371245
2042;13,508;6,09456338009199
2043;13,512;5,64227428427008
2044;13,516;5,33489199926635
2045;13,520;5,08899013263053
2046;13,525;4,75338310659128
2047;13,529;4,50219281479301
2048;13,533;4,28156447065637
2049;13,537;4,02704663044128
2050;13,541;3,89297415881359
2051;13,545;3,77492541735974
2052;13,549;3,68236807359903
2053;13,553;3,40081390249729
2054;13,558;3,30692950073701
2055;13,562;3,15073279350463
2056;13,566;3,07481319182802
2057;13,570;2,97696742290486
2058;13,574;2,87969605222033
2059;13,578;2,75667579497707
2060;13,582;2,73750277790872
2061;13,586;2,62650527000481
2062;13,591;2,53565131412414
2063;13,595;2,46880324325052
2064;13,599;2,38016765298107
2065;13,603;2,32338145470117
2066;13,607;2,17241375212379
2067;13,611;2,26542665310823
2068;13,615;2,20333222283007
2069;13,619;2,08449120794365
2070;13,624;2,06611046430788
2071;13,628;1,97004731060803
2072;13,632;1,93504863172398
2073;13,636;1,90193160224229
2074;13,640;1,81539553656916
2075;13,644;1,91003259809038
2076;13,648;1,80095635326046
2077;13,652;1,73743583080367
2078;13,656;1,73648510268458
2079;13,661;1,6744897065855
2080;13,665;1,64444273665505
2081;13,669;1,61057304741242
2082;13,673;1,6099986491738
2083;13,677;1,63297457871851
2084;13,681;1,58133815775036
2085;13,685;1,57133570566408
2086;13,689;1,49606972956935
2087;13,694;1,45986283370062
2088;13,698;1,49658470730052
2089;13,702;1,43983812269226
2090;13,706;1,41147473380603
2091;13,710;1,37130647077442
2092;13,714;1,40543364888264
2093;13,718;1,36457214659752
2094;13,722;1,42997431845668
2095;13,727;1,42890474932271
2096;13,731;1,46788460220545
2097;13,735;1,5357428217056
2098;13,739;1,94194141058739
2099;13,743;2,28319338483375
2100;13,747;3,09646206337316
2101;13,751;4,40244558963168
2102;13,755;6,1442191174787
2103;13,760;8,74493588725315
2104;13,764;12,2799212955572
2105;13,768;16,2693151311153
2106;13,772;20,7525329971981
2107;13,776;24,2865478705473
2108;13,780;26,9252541514137
2109;13,784;28,2054491774419
2110;13,788;28,2379323881775
2111;13,793;26,8415702700979
2112;13,797;24,7460466546056
2113;13,801;22,1059538952321
2114;13,805;19,6871431055772
2115;13,809;17,0007221572338
2116;13,813;14,804718463655
2117;13,817;12,8587364585615
2118;13,821;11,4093712478425
2119;13,825;10,1543110964629
2120;13,830;9,22441976864823
2121;13,834;8,14070855389896
2122;13,838;7,41997741228444
2123;13,842;6,71992460726016
2124;13,846;6,01224617044733
2125;13,850;5,76901822664645
2126;13,854;5,23019306515142
2127;13,858;4,9088073472269
2128;13,863;4,69289303001409
2129;13,867;4,30418387715642
2130;13,871;4,11463245841258
2131;13,875;3,86116438049565
2132;13,879;3,57529231918637
2133;13,883;3,45187592522682
2134;13,887;3,26382982600487
2135;13,891;3,18618702961241
2136;13,896;3,04232998109239
2137;13,900;2,82510841271583
2138;13,904;2,68840163192482
2139;13,908;2,71680463448267
2140;13,912;2,55965719913119
2141;13,916;2,46785251513143
2142;13,920;2,43069489114361
2143;13,924;2,37060095128271
2144;13,929;2,31232924031674
2145;13,933;2,25867252209552
2146;13,937;2,16510502970827
2147;13,941;2,05466211320716
2148;13,945;2,06151527839894
2149;13,949;2,01887116089053
2150;13,953;1,93330563017231
2151;13,957;1,87022085810343
2152;13,962;1,81672259456873
2153;13,966;1,77372195401566
2154;13,970;1,73581167026689
2155;13,974;1,7286812093737
2156;13,978;1,6317267480622
2157;13,982;1,72218456722658
2158;13,986;1,56798835041145
2159;13,990;1,68017426846423
2160;13,994;1,54954818626824
2161;13,999;1,50684464825238
2162;14,003;1,45197971304649
2163;14,007;1,49577262703213
2164;14,011;1,3928761149763
2165;14,015;1,43338109421676
2166;14,019;1,38935049820134
2167;14,023;1,3518957716763
2168;14,027;1,35518370642149
2169;14,032;1,38733020094827
2170;14,036;1,28490905295199
2171;14,040;1,33307927765262
2172;14,044;1,29176221814377
2173;14,048;1,29594146050061
2174;14,052;1,24588958639762
2175;14,056;1,30903377897393
2176;14,060;1,28459214357896
2177;14,065;1,19767974802536
2178;14,069;1,25200989866427
2179;14,073;1,21514937721366
2180;14,077;1,20484982259017
2181;14,081;1,20124497847195
2182;14,085;1,17579319445044
2183;14,089;1,16422600233483
2184;14,093;1,13754619449283
2185;14,098;1,14166601634222
2186;14,102;1,11417412823183
2187;14,106;1,11249054718761
2188;14,110;1,06499375490467
2189;14,114;1,10482530172743
2190;14,118;1,08351314639113
2191;14,122;1,04900963840244
2192;14,126;1,10177504901202
2193;14,131;1,13372347518065
2194;14,135;1,01167375289229
2195;14,139;1,02761825572289
2196;14,143;1,01117858199693
2197;14,147;1,01199066226532
2198;14,151;0,988618596004327
2199;14,155;1,06402321994976
2200;14,159;1,04267145094183
2201;14,163;1,01228776480254
2202;14,168;0,944904909361939
2203;14,172;0,988697823347585
2204;14,176;0,997551478956623
2205;14,180;1,00046308382134
2206;14,184;0,932188920769091
2207;14,188;0,959878877237628
2208;14,192;0,977724836306405
2209;14,196;0,918938147609255
2210;14,201;0,98336978451351
2211;14,205;0,950510243897415
2212;14,209;0,913352619909594
2213;14,213;0,959086603805052
2214;14,217;0,902954031107032
2215;14,221;0,988024390929895
2216;14,225;0,95399624700075
2217;14,229;1,0158133815775
2218;14,234;1,05588261043004
2219;14,238;1,13633797750815
2220;14,242;1,3395164992923
2221;14,246;1,49276198798834
2222;14,250;1,6898994248491
2223;14,254;1,83617290733847
2224;14,258;2,08385738919759
2225;14,262;2,34463418953003
2226;14,267;2,43770651102191
2227;14,271;2,52951119502167
2228;14,275;2,55294268179011
2229;14,279;2,55234847671568
2230;14,283;2,41754315216285
2231;14,287;2,24522368057754
2232;14,291;2,14064358747748
2233;14,295;1,97050286783176
2234;14,300;1,77279103273238
2235;14,304;1,580842986855
2236;14,308;1,56965212461986
2237;14,312;1,40246262351048
2238;14,316;1,37796156760806
2239;14,320;1,21532763873599
2240;14,324;1,17513956886857
2241;14,328;1,07509524117001
2242;14,332;1,086622819614
2243;14,337;0,976952369709644
2244;14,341;0,993055327226754
2245;14,345;0,991173677824385
2246;14,349;0,946113126346617
2247;14,353;0,963087584639561
2248;14,357;0,885424981411285
2249;14,361;0,876056348071072
2250;14,365;0,88009694257721
2251;14,370;0,858428264196252
2252;14,374;0,864944713179191
2253;14,378;0,844642706469428
2254;14,382;0,823489005819644
2255;14,386;0,776190281894849
2256;14,390;0,785242005862031
2257;14,394;0,857675604435305
2258;14,398;0,825766791938301
2259;14,403;0,810218425823994
2260;14,407;0,764464635092722
2261;14,411;0,767178171599295
2262;14,415;0,767811990345356
2263;14,419;0,791362318128682
2264;14,423;0,778170965476289
2265;14,427;0,83574943718876
2266;14,431;0,846425321692724
2267;14,436;0,770783015717516
2268;14,440;0,810951278749127
2269;14,444;0,807504889317421
2270;14,448;0,768703297957004
2271;14,452;0,762899895063384
2272;14,456;0,808752719973728
2273;14,460;0,832204013577982
2274;14,464;0,840720952978176
2275;14,469;0,742894990890836
2276;14,473;0,817467727732066
2277;14,477;0,795759435679479
2278;14,481;0,704608377261594
2279;14,485;0,763177190764785
2280;14,489;0,708034959857486
2281;14,493;0,737091587997216
2282;14,497;0,725108452329502
2283;14,501;0,748143802381653
2284;14,506;0,733427323371551
2285;14,510;0,751689225992431
2286;14,514;0,737665986235834
2287;14,518;0,702627693680154
2288;14,522;0,673531451868795
2289;14,526;0,733942301102726
2290;14,530;0,701538317710361
2291;14,534;0,705380843858356
2292;14,539;0,681196697328969
2293;14,543;0,661667157215967
2294;14,547;0,720136936540086
2295;14,551;0,725029224986244
2296;14,555;0,746341380322542
2297;14,559;0,697359075353522
2298;14,563;0,6912783767585
2299;14,567;0,73112973041708
2300;14,572;0,734496892505529
2301;14,576;0,677710694225634
2302;14,580;0,698884201711231
2303;14,584;0,714095851616693
2304;14,588;0,683335835596924
2305;14,592;0,736437962415341
2306;14,596;0,763216804436414
2307;14,600;0,740141840712634
2308;14,605;0,758443357005143
2309;14,609;0,668777811273338
2310;14,613;0,696903518129791
2311;14,617;0,727960636686776
2312;14,621;0,685395746521622
2313;14,625;0,656220277367006
2314;14,629;0,705044127649511
2315;14,633;0,684702507268118
2316;14,638;0,663033828887161
2317;14,642;0,685494780700694
2318;14,646;0,663608227125778
2319;14,650;0,677473012195861
2320;14,654;0,755610979483683
2321;14,658;0,68997112559475
2322;14,662;0,729941320268216
2323;14,666;0,66388552282718
2324;14,670;0,692585627922251
2325;14,675;0,763929850525733
2326;14,679;0,709322404185422
2327;14,683;0,716314217227907
2328;14,687;0,687693339476093
2329;14,691;0,736636030773485
2330;14,695;0,682979312552265
2331;14,699;0,71570020531766
2332;14,703;0,703677455978317
2333;14,708;0,716512285586051
2334;14,712;0,720295391226602
2335;14,716;0,6359974980005
2336;14,720;0,692862923623653
2337;14,724;0,684583666253232
2338;14,728;0,703499194455987
2339;14,732;0,668124185691463
2340;14,736;0,695398198607896
2341;14,741;0,681949357089916
2342;14,745;0,700785657949414
2343;14,749;0,668718390765895
2344;14,753;0,713382805527375
2345;14,757;0,639721183133608
2346;14,761;0,614526887977686
2347;14,765;0,643345834087644
2348;14,769;0,614923024693974
2349;14,774;0,720354811734045
2350;14,778;0,675393294435349
2351;14,782;0,669807766735687
2352;14,786;0,66523238766256
2353;14,790;0,695715107980927
2354;14,794;0,662003873424812
2355;14,798;0,683078346731337
2356;14,802;0,710689075856616
2357;14,807;0,737190622176288
2358;14,811;0,638790261850331
2359;14,815;0,64296950420717
2360;14,819;0,678364319807509
2361;14,823;0,657626562709829
2362;14,827;0,717918570928873
2363;14,831;0,702330591142938
2364;14,835;0,726930681224427
2365;14,839;0,887029335112251
2366;14,844;1,0996953312515
2367;14,848;1,35960063080811
2368;14,852;1,8095327131681
2369;14,856;2,59208098935937
2370;14,860;3,60876587171271
2371;14,864;4,82260799776262
2372;14,868;6,59098210610839
2373;14,872;8,39075004921999
2374;14,877;10,477974600506
2375;14,881;12,3458582519834
2376;14,885;13,7531141297609
2377;14,889;14,7842183885871
2378;14,893;15,3238160166789
2379;14,897;15,1580129940766
2380;14,901;14,6302004332943
2381;14,905;13,8094843844887
2382;14,910;12,7253374193515
2383;14,914;11,4386457511762
2384;14,918;10,3318991863748
2385;14,922;8,98156815472783
2386;14,926;8,19280053209084
2387;14,930;7,25474878792068
2388;14,934;6,33620677702771
2389;14,938;5,65909028787651
2390;14,943;5,06963885403986
2391;14,947;4,52267308302511
2392;14,951;4,27560261307624
2393;14,955;3,79843613147144
2394;14,959;3,44018989209632
2395;14,963;3,12981677488462
2396;14,967;2,92634115056325
2397;14,971;2,73532402596914
2398;14,976;2,60281629437078
2399;14,980;2,41789967520751
2400;14,984;2,2157511088857
2401;14,988;2,17898962161417
2402;14,992;2,0765882804537
2403;14,996;1,91290458928347
2404;15,000;1,89587071048308
2405;15,004;1,81177088561513
2406;15,008;1,67569792357017
2407;15,013;1,58514107022672
2408;15,017;1,59421260102972
2409;15,021;1,53916940430149
2410;15,025;1,48899868918361
2411;15,029;1,42466608645842
2412;15,033;1,40258146452536
2413;15,037;1,35866970952483
2414;15,041;1,28425542737012
2415;15,046;1,2366596009081
2416;15,050;1,27247036006055
2417;15,054;1,243393925085
2418;15,058;1,21823924360071
2419;15,062;1,20564209602275
2420;15,066;1,17139607689964
2421;15,070;1,11415432139602
2422;15,074;1,18349805358224
2423;15,079;1,07939332454174
2424;15,083;1,15117329753314
2425;15,087;1,02967816664759
2426;15,091;1,08688030847958
2427;15,095;1,06356766272603
2428;15,099;1,04734586419403
2429;15,103;1,031341940856
2430;15,107;0,969960556667159
2431;15,112;0,952193824941639
2432;15,116;1,02526124226097
2433;15,120;0,970237852368561
2434;15,124;1,01313945874256
2435;15,128;0,963325266669334
2436;15,132;0,896714877825495
2437;15,136;0,93240679596305
2438;15,140;0,913728949790067
2439;15,145;0,940190882438111
2440;15,149;0,917056498206887
2441;15,153;0,947737286883398
2442;15,157;0,870094490490936
2443;15,161;0,859101696613942
2444;15,165;0,813387519554299
2445;15,169;0,869757774282091
2446;15,173;0,872847640669138
2447;15,177;0,878552009383686
2448;15,182;0,886969914604808
2449;15,186;0,881978591979578
2450;15,190;0,853793464615682
2451;15,194;0,824776450147581
2452;15,198;0,825370655222013
2453;15,202;0,777121203178126
2454;15,206;0,784667607623413
2455;15,210;0,853932112466383
2456;15,215;0,817962898627426
2457;15,219;0,844187149245696
2458;15,223;0,803484101647097
2459;15,227;0,77066417470263
2460;15,231;0,791243477113795
2461;15,235;0,829332022384894
2462;15,239;0,773555972731533
2463;15,243;0,768564650106303
2464;15,248;0,807069138929504
2465;15,252;0,761057859332644
2466;15,256;0,789163759353283
2467;15,260;0,75438295566319
2468;15,264;0,789143952517469
2469;15,268;0,729366922029599
2470;15,272;0,779715898669813
2471;15,276;0,740696432115437
2472;15,281;0,69046629649011
2473;15,285;0,779636671326555
2474;15,289;0,705440264365799
2475;15,293;0,757690697244196
2476;15,297;0,788569554278851
2477;15,301;0,747133653755119
2478;15,305;0,763335645451301
2479;15,309;0,755412911125539
2480;15,314;0,732615243103161
2481;15,318;0,715799239496732
2482;15,322;0,76783179718117
2483;15,326;0,736022018863238
2484;15,330;0,703717069649946
2485;15,334;0,741746194413601
2486;15,338;0,736041825699053
2487;15,342;0,777279657864641
2488;15,346;0,700845078456857
2489;15,351;0,694407856817176
2490;15,355;0,765791693092287
2491;15,359;0,70508374132114
2492;15,363;0,725979953105335
2493;15,367;0,731288185103596
2494;15,371;0,709777961409153
2495;15,375;0,696032017353957
2496;15,379;0,709104528991464
2497;15,384;0,65808211993356
2498;15,388;0,733130220834335
2499;15,392;0,707817084663527
2500;15,396;0,704152820037863
2501;15,400;0,718294900809347
2502;15,404;0,752521113096636
2503;15,408;0,682068198104803
2504;15,412;0,712273622721768
2505;15,417;0,755016774409251
2506;15,421;0,692347945892478
2507;15,425;0,684246950044387
2508;15,429;0,706529640335591
2509;15,433;0,731466446625925
2510;15,437;0,732159685879429
2511;15,441;0,683177380910409
2512;15,445;0,641424571013646
2513;15,450;0,689079817983102
2514;15,454;0,702112715948979
2515;15,458;0,745965050442069
2516;15,462;0,654160366442308
2517;15,466;0,731149537252895
2518;15,470;0,659112075395909
2519;15,474;0,676720352434914
2520;15,478;0,675571555957678
2521;15,483;0,700627203262899
2522;15,487;0,686425701983971
2523;15,491;0,70040932806894
2524;15,495;0,712947055139458
2525;15,499;0,706945583887694
2526;15,503;0,68911943165473
2527;15,507;0,701340249352217
2528;15,511;0,693952299593445
2529;15,515;0,666995196050042
2530;15,520;0,696844097622348
2531;15,524;0,697180813831193
2532;15,528;0,71803741194376
2533;15,532;0,705202582336026
2534;15,536;0,74026068172752
2535;15,540;0,659230916410795
2536;15,544;0,715620977974402
2537;15,548;0,660637201753618
2538;15,553;0,681077856314082
2539;15,557;0,644672892087209
2540;15,561;0,663370545096006
2541;15,565;0,664004363842067
2542;15,569;0,688822329117514
2543;15,573;0,672838212615291
2544;15,577;0,703717069649946
2545;15,581;0,667173457572371
2546;15,586;0,716948035973967
2547;15,590;0,684009268014614
2548;15,594;0,676878807121429
2549;15,598;0,6695502778701
2550;15,602;0,650872431697117
2551;15,606;0,673095701480878
2552;15,610;0,631323084748301
2553;15,614;0,666559445662125
2554;15,619;0,667767662646803
2555;15,623;0,679077365896828
2556;15,627;0,637007646627034
2557;15,631;0,703063444068071
2558;15,635;0,675135805569761
2559;15,639;0,659032848052651
2560;15,643;0,685890917416983
2561;15,647;0,642335685461109
2562;15,652;0,670025641929645
2563;15,656;0,605831687055163
2564;15,660;0,607158745054728
2565;15,664;0,661251213663865
2566;15,668;0,643662743460674
2567;15,672;0,664400500558355
2568;15,676;0,67553194228605
2569;15,680;0,659448791604754
2570;15,684;0,674105850107412
2571;15,689;0,648475804563574
2572;15,693;0,688287544550525
2573;15,697;0,61589355964888
2574;15,701;0,705440264365799
2575;15,705;0,64346467510253
2576;15,709;0,641563218864347
2577;15,713;0,662499044320172
2578;15,717;0,639760796805237
2579;15,722;0,706331571977447
2580;15,726;0,628708582420799
2581;15,730;0,673967202256712
2582;15,734;0,639919251491752
2583;15,738;0,662796146857388
2584;15,742;0,655705299635831
2585;15,746;0,668540129243565
2586;15,750;0,658339608799147
2587;15,755;0,694130561115774
2588;15,759;0,6311844368976
2589;15,763;0,651981614502724
2590;15,767;0,637027453462849
2591;15,771;0,651347795756663
2592;15,775;0,636274793701902
2593;15,779;0,631838062479475
2594;15,783;0,657071971307025
2595;15,788;0,640671911252699
2596;15,792;0,695299164428824
2597;15,796;0,672224200705044
2598;15,800;0,639740989969422
2599;15,804;0,655507231277687
2600;15,808;0,688505419744484
2601;15,812;0,672560916913889
2602;15,816;0,672897633122734
2603;15,821;0,67967157097126
2604;15,825;0,613298864157193
2605;15,829;0,656319311546078
2606;15,833;0,656121243187934
2607;15,837;0,714511795168796
2608;15,841;0,661350247842937
2609;15,845;0,642949697371356
2610;15,849;0,618864585021041
2611;15,853;0,666460411483053
2612;15,858;0,686207826790013
2613;15,862;0,665569103871404
2614;15,866;0,64976324889151
2615;15,870;0,686425701983971
2616;15,874;0,629164139644531
2617;15,878;0,565643617187738
2618;15,882;0,63199651716599
2619;15,886;0,633422609344627
2620;15,891;0,61224910185903
2621;15,895;0,610961657531094
2622;15,899;0,676601511420027
2623;15,903;0,614923024693974
2624;15,907;0,663588420289964
2625;15,911;0,68664357717793
2626;15,915;0,592620527566956
2627;15,919;0,628470900391026
2628;15,924;0,66438069372254
2629;15,928;0,614823990514902
2630;15,932;0,616963128782858
2631;15,936;0,67103579055618
2632;15,940;0,614289205947913
2633;15,944;0,613378091500451
2634;15,948;0,660042996679186
2635;15,952;0,645782074892815
2636;15,957;0,670758494854778
2637;15,961;0,649862283070582
2638;15,965;0,669946414586388
2639;15,969;0,675630976465121
2640;15,973;0,631323084748301
2641;15,977;0,673372997182279
2642;15,981;0,665509683363961
2643;15,985;0,67368990655531
2644;15,990;0,680463844403836
2645;15,994;0,667807276318432
2646;15,998;0,685772076402096
2647;16,002;0,697279848010265
2648;16,006;0,67535368076372
2649;16,010;0,655051674053956
2650;16,014;0,642692208505768
2651;16,018;0,65309079730833
2652;16,022;0,627777661137522
2653;16,027;0,666500025154681
2654;16,031;0,613358284664637
2655;16,035;0,661766191395039
2656;16,039;0,606703187830997
2657;16,043;0,669094720646368
2658;16,047;0,636215373194458
2659;16,051;0,658042506261931
2660;16,055;0,611179532725052
2661;16,060;0,646158404773289
2662;16,064;0,612526397560432
2663;16,068;0,581172176466231
2664;16,072;0,631323084748301
2665;16,076;0,608525416725922
2666;16,080;0,559364850234572
2667;16,084;0,575071671035394
2668;16,088;0,612546204396246
2669;16,093;0,575289546229353
2670;16,097;0,573269248976284
2671;16,101;0,619637051617802
2672;16,105;0,623737066631384
2673;16,109;0,584638372733751
2674;16,113;0,611199339560867
2675;16,117;0,606663574159368
2676;16,121;0,556988029936844
2677;16,126;0,62718345606309
2678;16,130;0,608406575711036
2679;16,134;0,641563218864347
2680;16,138;0,573170214797212
2681;16,142;0,58535141882307
2682;16,146;0,599552920101997
2683;16,150;0,59664131523728
2684;16,154;0,628569934570099
2685;16,159;0,587965921150571
2686;16,163;0,620785848095038
2687;16,167;0,613477125679523
2688;16,171;0,64580188172863
2689;16,175;0,618092118424279
2690;16,179;0,631639994121331
2691;16,183;0,592977050611615
2692;16,187;0,615378581917706
2693;16,191;0,603771776130465
2694;16,196;0,590560616642258
2695;16,200;0,621597928363428
2696;16,204;0,628332252540326
2697;16,208;0,591709413119493
2698;16,212;0,619597437946174
2699;16,216;0,552016514147429
2700;16,220;0,651209147905962
2701;16,224;0,6336602913744
2702;16,229;0,583766871957918
2703;16,233;0,609456338009199
2704;16,237;0,554670630146559
2705;16,241;0,648535225071017
2706;16,245;0,577606946019638
2707;16,249;0,584083781330948
2708;16,253;0,597968373236845
2709;16,257;0,59780991855033
2710;16,262;0,60293988902626
2711;16,266;0,596720542580538
2712;16,270;0,565544583008666
2713;16,274;0,550669649312049
2714;16,278;0,582162518256951
2715;16,282;0,553383185818622
2716;16,286;0,604365981204897
2717;16,290;0,557344552981503
2718;16,295;0,567168743545447
2719;16,299;0,596126337506105
2720;16,303;0,562177420920218
2721;16,307;0,597215713475898
2722;16,311;0,604049071831867
2723;16,315;0,60860464406918
2724;16,319;0,637582044865652
2725;16,323;0,645187869818383
2726;16,328;0,636789771433076
2727;16,332;0,611516248933897
2728;16,336;0,670916949541293
2729;16,340;0,59862199881872
2730;16,344;0,677175909658645
2731;16,348;0,636274793701902
2732;16,352;0,658636711336363
2733;16,356;0,61854767564801
2734;16,360;0,602563559145787
2735;16,365;0,682939698880636
2736;16,369;0,62336073675091
2737;16,373;0,617121583469373
2738;16,377;0,644118300684405
2739;16,381;0,627203262898905
2740;16,385;0,674363338973
2741;16,389;0,667411139602144
2742;16,393;0,619597437946174
2743;16,398;0,643048731550428
2744;16,402;0,597691077535443
2745;16,406;0,647426042265411
2746;16,410;0,699498213621478
2747;16,414;0,629282980659417
2748;16,418;0,630213901942694
2749;16,422;0,606604153651925
2750;16,426;0,634373337463719
2751;16,431;0,68299911938808
2752;16,435;0,625460261347237
2753;16,439;0,582162518256951
2754;16,443;0,638275284119156
2755;16,447;0,626648671496101
2756;16,451;0,609258269651055
2757;16,455;0,6168839014396
2758;16,459;0,62803515000311
2759;16,464;0,549342591312484
2760;16,468;0,611872771978556
2761;16,472;0,606564539980296
2762;16,476;0,61175393096367
2763;16,480;0,609991122576188
2764;16,484;0,561979352562074
2765;16,488;0,611357794247382
2766;16,492;0,570753780827854
2767;16,497;0,57006054157435
2768;16,501;0,568060051157095
2769;16,505;0,627401331257049
2770;16,509;0,57653737688566
2771;16,513;0,548292829014321
2772;16,517;0,537834819704316
2773;16,521;0,537300035137327
2774;16,525;0,622667497497406
2775;16,530;0,59614614434192
2776;16,534;0,58917413813525
2777;16,538;0,605990141741678
2778;16,542;0,562355682442547
2779;16,546;0,618607096155454
2780;16,550;0,661370054678751
2781;16,554;0,589887184224568
2782;16,558;0,608901746606396
2783;16,562;0,581370244824375
2784;16,567;0,561345533816013
2785;16,571;0,543459961075606
2786;16,575;0,549619887013886
2787;16,579;0,577428684497308
2788;16,583;0,582756723331383
2789;16,587;0,584341270196535
2790;16,591;0,582776530167197
2791;16,595;0,625816784391896
2792;16,600;0,602108001922055
2793;16,604;0,568594835724084
2794;16,608;0,596225371685177
2795;16,612;0,595195416222828
2796;16,616;0,589906991060383
2797;16,620;0,521276304963474
2798;16,624;0,633600870866957
2799;16,628;0,567564880261735
2800;16,633;0,547777851283146
2801;16,637;0,554749857489816
2802;16,641;0,588342251031045
2803;16,645;0,563861001964442
2804;16,649;0,60527709565236
2805;16,653;0,625440454511423
2806;16,657;0,560652294562509
2807;16,661;0,542826142329545
2808;16,666;0,549402011819927
2809;16,670;0,582835950674641
2810;16,674;0,586935965688222
2811;16,678;0,567168743545447
2812;16,682;0,597770304878701
2813;16,686;0,613080988963235
2814;16,690;0,621815803557387
2815;16,694;0,613160216306493
2816;16,699;0,533655577347476
2817;16,703;0,57221948667812
2818;16,707;0,590580423478072
2819;16,711;0,616230275857725
2820;16,715;0,590322934612485
2821;16,719;0,550550808297163
2822;16,723;0,560731521905766
2823;16,727;0,591749026791122
2824;16,731;0,554056618236312
2825;16,736;0,602900275354631
2826;16,740;0,646891257698422
2827;16,744;0,602860661683003
2828;16,748;0,539538207584354
2829;16,752;0,570020927902722
2830;16,756;0,582122904585322
2831;16,760;0,552373037192088
2832;16,764;0,566990482023118
2833;16,769;0,572556202886965
2834;16,773;0,54401455247841
2835;16,777;0,528010629140371
2836;16,781;0,597077065625197
2837;16,785;0,580597778227613
2838;16,789;0,581310824316931
2839;16,793;0,600681909743418
2840;16,797;0,563346024233267
2841;16,802;0,609139428636169
2842;16,806;0,616131241678653
2843;16,810;0,587965921150571
2844;16,814;0,530486483617172
2845;16,818;0,572278907185564
2846;16,822;0,574437852289333
2847;16,826;0,607158745054728
2848;16,830;0,530803392990202
2849;16,835;0,623638032452312
2850;16,839;0,582400200286724
2851;16,843;0,568238312679425
2852;16,847;0,644039073341148
2853;16,851;0,595175609387014
2854;16,855;0,547599589760817
2855;16,859;0,59929543123641
2856;16,863;0,566812220500788
2857;16,868;0,557839723876863
2858;16,872;0,606802222010069
2859;16,876;0,533497122660961
2860;16,880;0,5592658160555
2861;16,884;0,585014702614225
2862;16,888;0,561761477368115
2863;16,892;0,542766721822102
2864;16,896;0,585311805151441
2865;16,900;0,489030776257625
2866;16,905;0,558136826414079
2867;16,909;0,597334554490784
2868;16,913;0,583885712972804
2869;16,917;0,558849872503398
2870;16,921;0,550273512595761
2871;16,925;0,524168102992377
2872;16,929;0,598443737296391
2873;16,933;0,587193454553809
2874;16,938;0,563246990054195
2875;16,942;0,553224731132107
2876;16,946;0,62686654669006
2877;16,950;0,619775699468503
2878;16,954;0,580122414168067
2879;16,958;0,585965430733316
2880;16,962;0,672481689570631
2881;16,966;0,667985537840762
2882;16,971;0,594621017984211
2883;16,975;0,634115848598132
2884;16,979;0,656141050023748
2885;16,983;0,589392013329208
2886;16,987;0,614962638365603
2887;16,991;0,603256798399291
2888;16,995;0,667668628467731
2889;16,999;0,643207186236943
2890;17,004;0,661845418738297
2891;17,008;0,610347645620847
2892;17,012;0,593571255686047
2893;17,016;0,621399860005284
2894;17,020;0,595393484580973
2895;17,024;0,601929740399726
2896;17,028;0,615299354574448
2897;17,032;0,569109813455259
2898;17,037;0,583667837778846
2899;17,041;0,594502176969324
2900;17,045;0,610545713978991
2901;17,049;0,597691077535443
2902;17,053;0,600206545683873
2903;17,057;0,582756723331383
2904;17,061;0,5664160837845
2905;17,065;0,527357003558496
2906;17,069;0,556255177011711
2907;17,074;0,581924836227178
2908;17,078;0,610624941322249
2909;17,082;0,55611652916101
2910;17,086;0,543558995254678
2911;17,090;0,585490066673771
2912;17,094;0,541875414210454
2913;17,098;0,565009798441677
2914;17,102;0,598661612490349
2915;17,107;0,482553940946315
2916;17,111;0,565009798441677
2917;17,115;0,547104418865456
2918;17,119;0,543856097791894
2919;17,123;0,582459620794167
2920;17,127;0,573546544677685
2921;17,131;0,538666706808521
2922;17,135;0,552630526057675
2923;17,140;0,536666216391266
2924;17,144;0,573724806200015
2925;17,148;0,55049138778972
2926;17,152;0,56061268089088
2927;17,156;0,542014062061155
2928;17,160;0,538706320480149
2929;17,164;0,579112265541533
2930;17,168;0,569327688649217
2931;17,173;0,563009308024423
2932;17,177;0,612110454008329
2933;17,181;0,570020927902722
2934;17,185;0,569842666380392
2935;17,189;0,506619246460815
2936;17,193;0,528287924841773
2937;17,197;0,597968373236845
2938;17,201;0,516799960069419
2939;17,206;0,594125847088851
2940;17,210;0,577745593870339
2941;17,214;0,568773097246414
2942;17,218;0,576497763214031
2943;17,222;0,571130110708328
2944;17,226;0,540944492927177
2945;17,230;0,565069218949121
2946;17,234;0,556651313727999
2947;17,238;0,582776530167197
2948;17,243;0,569367302320846
2949;17,247;0,564296752352359
2950;17,251;0,546609247970096
2951;17,255;0,58683693150915
2952;17,259;0,557800110205234
2953;17,263;0,578042696407555
2954;17,267;0,604564049563041
2955;17,271;0,514957924338679
2956;17,276;0,573308862647912
2957;17,280;0,590263514105042
2958;17,284;0,528466186364103
2959;17,288;0,576517570049846
2960;17,292;0,559424270742016
2961;17,296;0,560731521905766
2962;17,300;0,618012891081021
2963;17,304;0,584539338554679
2964;17,309;0,577191002467536
2965;17,313;0,553977390893055
2966;17,317;0,551026172356708
2967;17,321;0,614566501649315
2968;17,325;0,54815418116362
2969;17,329;0,587629204941726
2970;17,333;0,626886353525874
2971;17,337;0,62038971137875
2972;17,342;0,59911716971408
2973;17,346;0,62704480821239
2974;17,350;0,636849191940519
2975;17,354;0,611833158306928
2976;17,358;0,603236991563476
2977;17,362;0,646277245788175
2978;17,366;0,594026812909779
2979;17,370;0,677770114733077
2980;17,375;0,62322208890021
2981;17,379;0,60991189523293
2982;17,383;0,600028284161543
2983;17,387;0,660973917962463
2984;17,391;0,610228804605961
2985;17,395;0,621895030900644
2986;17,399;0,667094230229114
2987;17,403;0,592719561746028
2988;17,407;0,639939058327566
2989;17,412;0,619102267050814
2990;17,416;0,601375148996922
2991;17,420;0,590719071328773
2992;17,424;0,585628714524472
2993;17,428;0,572239293513935
2994;17,432;0,583152860047671
2995;17,436;0,551838252625099
2996;17,440;0,55760204184709
2997;17,445;0,613595966694409
2998;17,449;0,568812710918043
2999;17,453;0,545539678836119
3000;17,457;0,573843647214901
3001;17,461;0,532071030482324
3002;17,465;0,599176590221524
3003;17,469;0,52373235260446
3004;17,473;0,505391222640322
3005;17,478;0,579211299720605
3006;17,482;0,607851984308232
3007;17,486;0,65673525509818
3008;17,490;0,604187719682568
3009;17,494;0,622112906094603
3010;17,498;0,571645088439503
3011;17,502;0,608228314188706
3012;17,506;0,543044017523504
3013;17,511;0,611892578814371
3014;17,515;0,626708092003545
3015;17,519;0,613972296574883
3016;17,523;0,573328669483727
3017;17,527;0,579250913392234
3018;17,531;0,627955922659852
3019;17,535;0,586500215300305
3020;17,539;0,626331762123071
3021;17,544;0,632055937673434
3022;17,548;0,550768683491121
3023;17,552;0,628708582420799
3024;17,556;0,574140749752117
3025;17,560;0,596581894729837
3026;17,564;0,628451093555212
3027;17,568;0,579250913392234
3028;17,572;0,595928269147961
3029;17,576;0,59713648613264
3030;17,581;0,611139919053423
3031;17,585;0,638275284119156
3032;17,589;0,547104418865456
3033;17,593;0,587847080135685
3034;17,597;0,550887524506008
3035;17,601;0,59133308323902
3036;17,605;0,640156933521525
3037;17,609;0,563445058412339
3038;17,614;0,588540319389189
3039;17,618;0,540409708360188
3040;17,622;0,560394805696921
3041;17,626;0,537834819704316
3042;17,630;0,546510213791024
3043;17,634;0,588144182672901
3044;17,638;0,532328519347911
3045;17,642;0,54365802943375
3046;17,647;0,562316068770918
3047;17,651;0,610347645620847
3048;17,655;0,619973767826647
3049;17,659;0,569803052708763
3050;17,663;0,560889976592281
3051;17,667;0,508164179654339
3052;17,671;0,567723334948251
3053;17,675;0,547896692298033
3054;17,680;0,585074123121668
3055;17,684;0,554036811400498
3056;17,688;0,560315578353664
3057;17,692;0,610426872964105
3058;17,696;0,585945623897502
3059;17,700;0,587530170762654
3060;17,704;0,589055297120363
3061;17,708;0,590322934612485
3062;17,713;0,57954801592945
3063;17,717;0,583152860047671
3064;17,721;0,579746084287594
3065;17,725;0,611139919053423
3066;17,729;0,600404614042017
3067;17,733;0,585866396554244
3068;17,737;0,612209488187401
3069;17,741;0,592006515656709
3070;17,745;0,620112415677348
3071;17,750;0,548787999909681
3072;17,754;0,583945133480247
3073;17,758;0,612268908694844
3074;17,762;0,589253365478507
3075;17,766;0,581390051660189
3076;17,770;0,58103352861553
3077;17,774;0,55746339399639
3078;17,778;0,629956413077107
3079;17,783;0,614942831529789
3080;17,787;0,579052845034089
3081;17,791;0,578834969840131
3082;17,795;0,544272041343997
3083;17,799;0,565445548829594
3084;17,803;0,569822859544577
3085;17,807;0,542449812449072
3086;17,811;0,568475994709198
3087;17,816;0,538151729077346
3088;17,820;0,574794375333993
3089;17,824;0,597948566401031
3090;17,828;0,500597968373237
3091;17,832;0,562989501188608
3092;17,836;0,549738728028772
3093;17,840;0,589906991060383
3094;17,844;0,60329641207092
3095;17,849;0,545777360865891
3096;17,853;0,559047940861542
3097;17,857;0,496002782464295
3098;17,861;0,601909933563911
3099;17,865;0,624667987914661
3100;17,869;0,556096722325196
3101;17,873;0,599651954281069
3102;17,877;0,535596647257288
3103;17,882;0,563682740442112
3104;17,886;0,553581254176767
3105;17,890;0,495388770554049
3106;17,894;0,582816143838826
3107;17,898;0,549005875103639
3108;17,902;0,569585177514805
3109;17,906;0,562632978143949
3110;17,910;0,590144673090156
3111;17,914;0,609377110665941
3112;17,919;0,536606795883823
3113;17,923;0,552947435430706
3114;17,927;0,546331952268695
3115;17,931;0,512462263026065
3116;17,935;0,534150748242836
3117;17,939;0,548570124715722
3118;17,943;0,550927138177636
3119;17,947;0,576458149542403
3120;17,952;0,575685682945641
3121;17,956;0,504004744133314
3122;17,960;0,550887524506008
3123;17,964;0,566614152142644
3124;17,968;0,552095741490686
