#"+EI TIC Scan 120C_1ml-min_9C-min_1.d "
#Point;X(Minutes);Y(Counts)
0;5,591;0,644495552463999
1;5,595;0,592707852339726
2;5,599;0,607822496470033
3;5,603;0,594964655785509
4;5,607;0,566576444020139
5;5,612;0,611088922509981
6;5,616;0,582284983794073
7;5,620;0,628549454432614
8;5,624;0,566754612713227
9;5,628;0,586293779388555
10;5,632;0,56526987360416
11;5,636;0,548017205156796
12;5,640;0,517431579510006
13;5,645;0,582284983794073
14;5,649;0,585878052438016
15;5,653;0,576078774318171
16;5,657;0,592232735824825
17;5,661;0,5529465389989
18;5,665;0,526161845471323
19;5,669;0,587837908061985
20;5,673;0,538752433116215
21;5,677;0,573584412614937
22;5,682;0,552115085097822
23;5,686;0,571238524822611
24;5,690;0,534179436660287
25;5,694;0,536287766195163
26;5,698;0,534506079264282
27;5,702;0,547482699077532
28;5,706;0,52565703417424
29;5,710;0,54590887562192
30;5,715;0,525805508085147
31;5,719;0,561558025831491
32;5,723;0,521173122064856
33;5,727;0,528359259352743
34;5,731;0,530111251501442
35;5,735;0,557964957187548
36;5,739;0,572574790020771
37;5,743;0,579731232526477
38;5,748;0,554965784187232
39;5,752;0,569308363980823
40;5,756;0,524974054184069
41;5,760;0,556895945029019
42;5,764;0,570674323961165
43;5,768;0,548017205156796
44;5,772;0,534327910571194
45;5,776;0,533644930581023
46;5,781;0,583264911606057
47;5,785;0,552441727701817
48;5,789;0,559746644118429
49;5,793;0,545760401711013
50;5,797;0,569991343970994
51;5,801;0,530200335847987
52;5,805;0,516421956915841
53;5,809;0,511878655242094
54;5,814;0,525835202867328
55;5,818;0,52345962029282
56;5,822;0,533318287977028
57;5,826;0,504217401439306
58;5,830;0,514996607371136
59;5,834;0,481797840892388
60;5,838;0,484203118249077
61;5,842;0,483906170427263
62;5,846;0,501485481478622
63;5,851;0,49572469373544
64;5,855;0,436572687630193
65;5,859;0,472770627109257
66;5,863;0,448509990067095
67;5,867;0,469593285415853
68;5,871;0,48426250781344
69;5,875;0,443818214482442
70;5,879;0,487944660803927
71;5,884;0,496526452854337
72;5,888;0,461783557702158
73;5,892;0,456111854305521
74;5,896;0,441591105818841
75;5,900;0,469385421940584
76;5,904;0,447144030086753
77;5,908;0,468346104564237
78;5,912;0,44530295359151
79;5,917;0,44574837532423
80;5,921;0,418399480935207
81;5,925;0,432207554649535
82;5,929;0,442244391026831
83;5,933;0,427872116451058
84;5,937;0,432504502471348
85;5,941;0,478412635723714
86;5,945;0,440997210175214
87;5,950;0,442957065799183
88;5,954;0,498070581527767
89;5,958;0,533674625363204
90;5,962;0,491122002497331
91;5,966;0,508018333558519
92;5,970;0,522687555956105
93;5,974;0,500357079755731
94;5,978;0,513690036955156
95;5,983;0,51752066385655
96;5,987;0,536644103581339
97;5,991;0,529101628907277
98;5,995;0,497536075448503
99;5,999;0,508315281380332
100;6,003;0,488093134714834
101;6,007;0,468108546306786
102;6,011;0,476512169664107
103;6,015;0,467039534148257
104;6,020;0,474789872297589
105;6,024;0,458606216008754
106;6,028;0,462377453345785
107;6,032;0,46006126033564
108;6,036;0,476838812268102
109;6,040;0,430039835550296
110;6,044;0,474344450564869
111;6,048;0,462288368999241
112;6,053;0,42130956958898
113;6,057;0,394317012586133
114;6,061;0,423180340866405
115;6,065;0,418993376578834
116;6,069;0,415073665330896
117;6,073;0,433692293758602
118;6,077;0,380122906703449
119;6,081;0,424635385193291
120;6,086;0,434434663313136
121;6,090;0,432920229421887
122;6,094;0,414301600994181
123;6,098;0,406402788933942
124;6,102;0,384666208377195
125;6,106;0,439334302373059
126;6,110;0,433573514629877
127;6,114;0,441086294521758
128;6,119;0,420804758291897
129;6,123;0,453973829988464
130;6,127;0,484915793021429
131;6,131;0,442303780591193
132;6,135;0,446550134443126
133;6,139;0,440848736264307
134;6,143;0,471345277564553
135;6,147;0,43627573980838
136;6,152;0,408718981944088
137;6,156;0,397850691665714
138;6,160;0,469830843673304
139;6,164;0,411718154944404
140;6,168;0,399097872517331
141;6,172;0,438532543254162
142;6,176;0,417716500945036
143;6,180;0,382706352753226
144;6,184;0,376886175445682
145;6,189;0,394524876061403
146;6,193;0,387101180516066
147;6,197;0,378311524990386
148;6,201;0,389595542219299
149;6,205;0,403314531587082
150;6,209;0,516540736044566
151;6,213;0,774291445378675
152;6,217;1,22443464846574
153;6,222;2,20225413091539
154;6,226;3,84464283858362
155;6,230;6,15834148702561
156;6,234;9,07315161116465
157;6,238;12,1164510578024
158;6,242;15,097183598384
159;6,246;17,4257593326989
160;6,250;19,015736749817
161;6,255;19,7564137017664
162;6,259;19,9912103444743
163;6,263;18,964810198376
164;6,267;18,4773703488691
165;6,271;17,7582518087834
166;6,275;16,8355755368445
167;6,279;16,0847429693891
168;6,283;15,1981458578006
169;6,288;14,2751429432577
170;6,292;13,6807127935515
171;6,296;12,7863059542492
172;6,300;11,965750038232
173;6,304;11,1176967539149
174;6,308;10,300793296106
175;6,312;9,84162287923577
176;6,316;8,95959876410317
177;6,321;8,11745474144011
178;6,325;7,37214540347043
179;6,329;6,50449356291359
180;6,333;5,84256717330914
181;6,337;5,12240931584707
182;6,341;4,5393225729341
183;6,345;4,06141474850747
184;6,349;3,63529462420511
185;6,353;3,22102271799311
186;6,358;2,7832028495113
187;6,362;2,37884900054787
188;6,366;2,1387072970473
189;6,370;1,88885539977343
190;6,374;1,73693689413365
191;6,378;1,50781195482236
192;6,382;1,34713348843908
193;6,386;1,18366371253075
194;6,391;1,06693352377587
195;6,395;0,949104628080277
196;6,399;0,891734308905911
197;6,403;0,831691459335223
198;6,407;0,725859255640895
199;6,411;0,672230479021379
200;6,415;0,614325653767748
201;6,419;0,614860159847012
202;6,424;0,547749952117164
203;6,428;0,545790096493195
204;6,432;0,454894368236085
205;6,436;0,444976310987515
206;6,440;0,400166884675859
207;6,444;0,387992023981506
208;6,448;0,407560885439015
209;6,452;0,396306562992284
210;6,457;0,381340392772884
211;6,461;0,381726424941241
212;6,465;0,315477365894652
213;6,469;0,373530665059189
214;6,473;0,34404374635311
215;6,477;0,345290927204726
216;6,481;0,349893618442835
217;6,485;0,314586522429211
218;6,490;0,346389634145436
219;6,494;0,329760556123881
220;6,498;0,307964586002771
221;6,502;0,315804008498647
222;6,506;0,309805662498014
223;6,510;0,318328064984061
224;6,514;0,304074569537014
225;6,518;0,291187034070308
226;6,522;0,320258225825849
227;6,527;0,293117194912096
228;6,531;0,302767999121034
229;6,535;0,295166134882609
230;6,539;0,2962945366055
231;6,543;0,303688537368656
232;6,547;0,289435041921609
233;6,551;0,310607421616911
234;6,555;0,29540369314006
235;6,560;0,309003903379118
236;6,564;0,320377004954574
237;6,568;0,264224171849643
238;6,572;0,292701467961557
239;6,576;0,282278599415904
240;6,580;0,285841973277666
241;6,584;0,280912639435562
242;6,588;0,277527434266888
243;6,593;0,282130125504997
244;6,597;0,288544198456168
245;6,601;0,265827690087436
246;6,605;0,275448799514193
247;6,609;0,263155159691115
248;6,613;0,252079005937472
249;6,617;0,257424066730115
250;6,621;0,28967260017906
251;6,626;0,273488943890224
252;6,630;0,287653354990728
253;6,634;0,273785891712038
254;6,638;0,241626442609637
255;6,642;0,294126817506262
256;6,646;0,293325058387365
257;6,650;0,268381441355032
258;6,654;0,282813105495168
259;6,659;0,273102911721867
260;6,663;0,274231313444758
261;6,667;0,28043752292066
262;6,671;0,275775442118188
263;6,675;0,236934667024984
264;6,679;0,254662451987249
265;6,683;0,273726502147675
266;6,687;0,265857384869618
267;6,692;0,238449100916233
268;6,696;0,271647867394981
269;6,700;0,263244244037659
270;6,704;0,257127118908301
271;6,708;0,254781231115974
272;6,712;0,253266797224726
273;6,716;0,253207407660363
274;6,720;0,230639373202538
275;6,724;0,259888733651166
276;6,729;0,249495559887694
277;6,733;0,253504355482176
278;6,737;0,219711693359801
279;6,741;0,220929179429237
280;6,745;0,236281381816994
281;6,749;0,243170571283067
282;6,753;0,236103213123906
283;6,757;0,216890689052573
284;6,762;0,262323705790037
285;6,766;0,248248379036078
286;6,770;0,232094417529424
287;6,774;0,233757325331579
288;6,778;0,246199439065565
289;6,782;0,254127945907985
290;6,786;0,248634411204435
291;6,790;0,305885951250076
292;6,795;0,460180039464366
293;6,799;0,71695082098649
294;6,803;1,22942337187221
295;6,807;2,25950567096103
296;6,811;3,59992813862712
297;6,815;5,32127527211556
298;6,819;7,54609743748877
299;6,823;9,77935292100149
300;6,828;11,414585186164
301;6,832;12,7392397244918
302;6,836;13,3549313382399
303;6,840;13,7311642284776
304;6,844;13,3694817815088
305;6,848;13,3486657391996
306;6,852;12,5655846382953
307;6,856;11,9862988275015
308;6,861;11,152914765582
309;6,865;10,4619468790042
310;6,869;9,65442697236455
311;6,873;8,95734196065738
312;6,877;8,14171537848227
313;6,881;7,33568021095173
314;6,885;6,62713301332256
315;6,889;5,9943668998202
316;6,893;5,36023482633749
317;6,898;4,66320920419469
318;6,902;4,04475597570373
319;6,906;3,48958232804123
320;6,910;2,97295250765012
321;6,914;2,55574081800216
322;6,918;2,13852912835421
323;6,922;1,83694892052043
324;6,926;1,58685946498911
325;6,931;1,37807545147204
326;6,935;1,2235438050003
327;6,939;1,02622197740524
328;6,943;0,908749419095824
329;6,947;0,857525919832997
330;6,951;0,701301670776919
331;6,955;0,621808738877448
332;6,959;0,580206349041378
333;6,964;0,545314979978293
334;6,968;0,416736573133052
335;6,972;0,45676513951351
336;6,976;0,399246346428237
337;6,980;0,367472929494194
338;6,984;0,327978869193
339;6,988;0,338579906431741
340;6,992;0,3055296138639
341;6,997;0,294601934021163
342;7,001;0,313220562448869
343;7,005;0,248634411204435
344;7,009;0,266213722255794
345;7,013;0,25534543197742
346;7,017;0,220929179429237
347;7,021;0,246347912976471
348;7,025;0,24456622604559
349;7,030;0,214990222992967
350;7,034;0,234796642707927
351;7,038;0,256236275442861
352;7,042;0,253920082432715
353;7,046;0,249881592056052
354;7,050;0,232331975786875
355;7,054;0,249139222501518
356;7,058;0,258285215413374
357;7,062;0,263511497077291
358;7,067;0,2623830953544
359;7,071;0,27185573087025
360;7,075;0,27230115260297
361;7,079;0,269806790899737
362;7,083;0,259116669314451
363;7,087;0,243200266065248
364;7,091;0,274350092573483
365;7,095;0,279427900326494
366;7,100;0,264164782285281
367;7,104;0,262769127522757
368;7,108;0,279635763801764
369;7,112;0,26128438841369
370;7,116;0,275834831682551
371;7,120;0,265204099661628
372;7,124;0,264461730107094
373;7,128;0,261017135374058
374;7,133;0,23948841829258
375;7,137;0,273370164761499
376;7,141;0,260304460601705
377;7,145;0,229570361044009
378;7,149;0,222443613320485
379;7,153;0,215970150804951
380;7,157;0,214663580388972
381;7,161;0,235004506183196
382;7,166;0,20934821437851
383;7,170;0,188591561633748
384;7,174;0,203854679674961
385;7,178;0,189630879010095
386;7,182;0,184968798207623
387;7,186;0,177693576573192
388;7,190;0,184790629514535
389;7,194;0,187849192079214
390;7,199;0,182830773890566
391;7,203;0,162519542878523
392;7,207;0,190788975515167
393;7,211;0,18820552946539
394;7,215;0,183394974752011
395;7,219;0,162430458531979
396;7,223;0,183216806058923
397;7,227;0,168725752354425
398;7,231;0,171190419275477
399;7,236;0,159253116838575
400;7,240;0,167092539334451
401;7,244;0,188146139901027
402;7,248;0,158896779452399
403;7,252;0,145563822252973
404;7,256;0,155749132541176
405;7,260;0,163202522868694
406;7,264;0,168933615829694
407;7,269;0,145771685728242
408;7,273;0,146038938767874
409;7,277;0,14131746840104
410;7,281;0,143099155331921
411;7,285;0,138496464093812
412;7,289;0,121095321735541
413;7,293;0,133626519816071
414;7,297;0,128815965102692
415;7,302;0,168369414968249
416;7,306;0,142327090995206
417;7,310;0,140545404064325
418;7,314;0,159668843789114
419;7,318;0,151473083907061
420;7,322;0,144197862272631
421;7,326;0,136150576301485
422;7,330;0,148295742213657
423;7,335;0,149602312629636
424;7,339;0,16884453148315
425;7,343;0,142356785777387
426;7,347;0,124272663428946
427;7,351;0,142178617084299
428;7,355;0,156996313392792
429;7,359;0,151770031728875
430;7,363;0,138704327569081
431;7,368;0,163024354175606
432;7,372;0,15672906035316
433;7,376;0,138169821489817
434;7,380;0,162252289838891
435;7,384;0,149513228283092
436;7,388;0,163380691561782
437;7,392;0,175021046176871
438;7,396;0,158599831630585
439;7,400;0,149869565669268
440;7,405;0,131399411152469
441;7,409;0,137516536281827
442;7,413;0,157085397739336
443;7,417;0,130657041597936
444;7,421;0,157857462076051
445;7,425;0,125579233844925
446;7,429;0,141079910143589
447;7,433;0,180039464365519
448;7,438;0,204211017061137
449;7,442;0,433989241580416
450;7,446;0,76250261685268
451;7,450;1,51891780335818
452;7,454;3,08656474427596
453;7,458;5,52483300396871
454;7,462;9,37339555380026
455;7,466;14,1785161220396
456;7,471;19,3763501846273
457;7,475;24,892987428714
458;7,479;29,6920205666061
459;7,483;33,243605599842
460;7,487;35,7918930275167
461;7,491;36,2830447247962
462;7,495;35,5806146522964
463;7,499;34,1079019300124
464;7,504;32,1636657614707
465;7,508;29,6761635529213
466;7,512;26,920309597799
467;7,516;24,5482013128063
468;7,520;21,7415692801539
469;7,524;19,1546786356435
470;7,528;16,297921810669
471;7,532;13,8226538523783
472;7,537;11,7540559360612
473;7,541;9,6611973827019
474;7,545;7,85498256173916
475;7,549;6,44759836025413
476;7,553;5,22951839517519
477;7,557;4,32011569087138
478;7,561;3,56007774093975
479;7,565;2,91160308766345
480;7,569;2,39788335592611
481;7,574;1,98509618882318
482;7,578;1,68220941057342
483;7,582;1,40120768679132
484;7,586;1,13938879229836
485;7,590;1,04985902402159
486;7,594;0,913708447720109
487;7,598;0,791009607746775
488;7,602;0,685504046656442
489;7,607;0,661570052218274
490;7,611;0,573525023050575
491;7,615;0,501040059745902
492;7,619;0,438977964986882
493;7,623;0,444026077957712
494;7,627;0,392832273477066
495;7,631;0,335966765599783
496;7,635;0,364147113889883
497;7,640;0,365156736484049
498;7,644;0,312507887676517
499;7,648;0,273667112583312
500;7,652;0,294661323585526
501;7,656;0,265115015315084
502;7,660;0,255850243274503
503;7,664;0,25819613106683
504;7,668;0,237973984401331
505;7,673;0,222710866360118
506;7,677;0,222087275934309
507;7,681;0,22541309153862
508;7,685;0,244061414748507
509;7,689;0,183899786049094
510;7,693;0,192540967663867
511;7,697;0,200380390159743
512;7,701;0,202488719694619
513;7,706;0,15563035341245
514;7,710;0,17323935924599
515;7,714;0,171012250582389
516;7,718;0,167389487156264
517;7,722;0,144732368351895
518;7,726;0,178465640909908
519;7,730;0,154353477778652
520;7,734;0,159698538571295
521;7,738;0,141228384054496
522;7,743;0,140575098846506
523;7,747;0,166944065423544
524;7,751;0,14660313962932
525;7,755;0,158867084670217
526;7,759;0,146128023114418
527;7,763;0,151770031728875
528;7,767;0,14880055351074
529;7,771;0,135348817182589
530;7,776;0,132023001578278
531;7,780;0,15628363862044
532;7,784;0,119135466111572
533;7,788;0,130657041597936
534;7,792;0,114384300962556
535;7,796;0,125787097320194
536;7,800;0,126618551221272
537;7,804;0,116552020061795
538;7,809;0,140189066678149
539;7,813;0,137932263232366
540;7,817;0,134161025895335
541;7,821;0,136269355430211
542;7,825;0,157115092521518
543;7,829;0,12041234174537
544;7,833;0,133685909380433
545;7,837;0,146038938767874
546;7,842;0,107435721932121
547;7,846;0,113107425328758
548;7,850;0,113968574012017
549;7,854;0,116195682675619
550;7,858;0,109425272338271
551;7,862;0,0998635524758767
552;7,866;0,120204478270101
553;7,870;0,109603441031359
554;7,875;0,113701320972385
555;7,879;0,130122535518671
556;7,883;0,108385954961924
557;7,887;0,118363401774857
558;7,891;0,130775820726661
559;7,895;0,12459930603294
560;7,899;0,121659522596987
561;7,903;0,0974582751191874
562;7,907;0,107732669753934
563;7,912;0,115839345289442
564;7,916;0,118986992200665
565;7,920;0,0887873987222335
566;7,924;0,118957297418484
567;7,928;0,115067280952727
568;7,932;0,110464589714618
569;7,936;0,098527287277716
570;7,940;0,107376332367758
571;7,945;0,127360920775806
572;7,949;0,118155538299588
573;7,953;0,115096975734909
574;7,957;0,101110733327493
575;7,961;0,126113739924189
576;7,965;0,127628173815438
577;7,969;0,109959778417535
578;7,973;0,115542397467629
579;7,978;0,113196509675302
580;7,982;0,137991652796729
581;7,986;0,103189368080188
582;7,990;0,119016686982847
583;7,994;0,113018340982214
584;7,998;0,114087353140743
585;8,002;0,110405200150256
586;8,006;0,118036759170862
587;8,011;0,0860554787615494
588;8,015;0,101377986367125
589;8,019;0,126232519052915
590;8,023;0,0773252128002328
591;8,027;0,0712674772352376
592;8,031;0,090361222177845
593;8,035;0,087807470910249
594;8,039;0,0874808283062542
595;8,044;0,095379640366493
596;8,048;0,0973098012082807
597;8,052;0,073167943294844
598;8,056;0,104258380238716
599;8,060;0,112246276645499
600;8,064;0,118541570467945
601;8,068;0,116433240933069
602;8,072;0,115601787031992
603;8,076;0,149839870887087
604;8,081;0,170329270592218
605;8,085;0,162608627225067
606;8,089;0,215168391686055
607;8,093;0,25005976074914
608;8,097;0,225888208053522
609;8,101;0,224403468944454
610;8,105;0,222146665498672
611;8,109;0,212466166507552
612;8,114;0,23155991145016
613;8,118;0,238419406134051
614;8,122;0,223542320261195
615;8,126;0,225442786320802
616;8,130;0,200053747555748
617;8,134;0,226333629786242
618;8,138;0,295136440100428
619;8,142;0,441472326690116
620;8,147;0,732481192067336
621;8,151;1,47583067441305
622;8,155;2,64482516454621
623;8,159;4,48750517802764
624;8,163;7,18233635576725
625;8,167;10,5370449831408
626;8,171;13,9546768539566
627;8,175;17,1665238842557
628;8,180;20,1698838488595
629;8,184;22,1327089510467
630;8,188;22,827685633219
631;8,192;22,3000390486386
632;8,196;21,4717624892542
633;8,200;19,7071797529097
634;8,204;17,7285867213843
635;8,208;15,4044948991788
636;8,213;13,1703188774185
637;8,217;11,0511804418287
638;8,221;8,8358309119713
639;8,225;7,2223649221477
640;8,229;5,62790359292017
641;8,233;4,46119560101497
642;8,237;3,54306263074984
643;8,241;2,74269916661594
644;8,245;2,20347161698482
645;8,250;1,69292922694089
646;8,254;1,37849117842258
647;8,258;1,087749566085
648;8,262;0,985154093648435
649;8,266;0,810875417026097
650;8,270;0,696728674320992
651;8,274;0,57100096656516
652;8,278;0,550452177295667
653;8,283;0,460803629890174
654;8,287;0,434820695481493
655;8,291;0,388882867446947
656;8,295;0,331185905668585
657;8,299;0,306450152111522
658;8,303;0,297808970496749
659;8,307;0,313339341577595
660;8,311;0,221196432468869
661;8,316;0,227966842806216
662;8,320;0,229065549746926
663;8,324;0,218791155112179
664;8,328;0,220632231607423
665;8,332;0,168903921047513
666;8,336;0,204626744011676
667;8,340;0,146217107460963
668;8,344;0,170685607978394
669;8,349;0,14859269003547
670;8,353;0,13603179717276
671;8,357;0,117531947873779
672;8,361;0,136299050212392
673;8,365;0,119996614794831
674;8,369;0,100190195079872
675;8,373;0,114413995744738
676;8,377;0,121659522596987
677;8,382;0,0996259942184259
678;8,386;0,135289427618226
679;8,390;0,0999229420402394
680;8,394;0,0987054559708041
681;8,398;0,0945481864654152
682;8,402;0,105297697615064
683;8,406;0,100665311594773
684;8,410;0,0928852786632597
685;8,414;0,0933603951781613
686;8,419;0,066961733818942
687;8,423;0,0904800013065704
688;8,427;0,110108252328442
689;8,431;0,0740587867602844
690;8,435;0,0852240248604716
691;8,439;0,101140428109675
692;8,443;0,0631608016997293
693;8,447;0,102120355921659
694;8,452;0,0793444579885645
695;8,456;0,0998635524758767
696;8,460;0,0744745137108233
697;8,464;0,0775033814933209
698;8,468;0,0867681535339018
699;8,472;0,0712080876708749
700;8,476;0,0588550582834337
701;8,480;0,0810667553550828
702;8,485;0,073257027641388
703;8,489;0,070792360720336
704;8,493;0,0632795808284547
705;8,497;0,0685355572745535
706;8,501;0,0704360233341598
707;8,505;0,0667538703436726
708;8,509;0,0583502469863508
709;8,513;0,0775033814933209
710;8,518;0,0842737918306685
711;8,522;0,102654862000924
712;8,526;0,0970425481686485
713;8,530;0,130300704211759
714;8,534;0,170002627988223
715;8,538;0,15583821688772
716;8,542;0,150107123926719
717;8,546;0,171873399265648
718;8,551;0,188146139901027
719;8,555;0,161955342017077
720;8,559;0,143782135322092
721;8,563;0,158213799462227
722;8,567;0,124094494735857
723;8,571;0,123559988656593
724;8,575;0,10081378550568
725;8,579;0,0923804673661767
726;8,583;0,0782457510478546
727;8,588;0,0621808738877448
728;8,592;0,0823436309888808
729;8,596;0,07572169456244
730;8,600;0,0749199354435435
731;8,604;0,065001878194973
732;8,608;0,0702875494232531
733;8,612;0,0599537652241436
734;8,616;0,0581720782932627
735;8,621;0,0413945263608005
736;8,625;0,0716535094035951
737;8,629;0,0823733257710621
738;8,633;0,0745932928395487
739;8,637;0,0463535549850858
740;8,641;0,0494121175497647
741;8,645;0,0462941654207231
742;8,649;0,047392872361433
743;8,654;0,0476898201832465
744;8,658;0,043562245460039
745;8,662;0,0335551038649244
746;8,666;0,0620027051946567
747;8,670;0,0571624556990968
748;8,674;0,0552322948573091
749;8,678;0,0456111854305521
750;8,682;0,0725443528690356
751;8,687;0,0579939096001746
752;8,691;0,0514610575202778
753;8,695;0,0371481725088676
754;8,699;0,0649721834127916
755;8,703;0,0218850544676542
756;8,707;0,0480461575694227
757;8,711;0,0548462626889516
758;8,715;0,0549353470354957
759;8,720;0,0450172897869251
760;8,724;0,0696045694330821
761;8,728;0,0438294984996711
762;8,732;0,0449579002225624
763;8,736;0,0481946314803294
764;8,740;0,0788099519093003
765;8,744;0,0670211233833047
766;8,748;0,0930337525741664
767;8,752;0,0846895187812074
768;8,757;0,118333706992676
769;8,761;0,143336713589372
770;8,765;0,177069986147384
771;8,769;0,164716956759943
772;8,773;0,196371594565261
773;8,777;0,167389487156264
774;8,781;0,133240487647713
775;8,785;0,162430458531979
776;8,790;0,155986690798626
777;8,794;0,108326565397561
778;8,798;0,0975770542479128
779;8,802;0,0876589969993423
780;8,806;0,0751871884831757
781;8,810;0,0626559904026464
782;8,814;0,0702578546410717
783;8,818;0,0707329711559733
784;8,823;0,042374454172785
785;8,827;0,0689512842250924
786;8,831;0,0499763184112104
787;8,835;0,0576969617783611
788;8,839;0,0415430002717073
789;8,843;0,0504811297082933
790;8,847;0,0729303850373932
791;8,851;0,0484024949555989
792;8,856;0,0477492097476092
793;8,860;0,0957656725348505
794;8,864;0,187522549475219
795;8,868;0,446045323146043
796;8,872;1,14503080091282
797;8,876;2,47179366877549
798;8,880;4,73593172575681
799;8,884;8,55904584725895
800;8,889;13,8915457470391
801;8,893;21,2163279729302
802;8,897;29,2038977371091
803;8,901;37,7068501408275
804;8,905;45,3928396971726
805;8,909;50,8507406621046
806;8,913;54,5350316769089
807;8,917;55,1647095330644
808;8,921;52,2303899370322
809;8,926;47,1133256819778
810;8,930;41,0893233895406
811;8,934;33,838154528677
812;8,938;27,0471063177134
813;8,942;20,979838727638
814;8,946;15,8732270359114
815;8,950;11,92284107798
816;8,954;8,96500321446017
817;8,959;6,83042349213608
818;8,963;5,2199566753128
819;8,967;4,00837986753158
820;8,971;3,20186958348614
821;8,975;2,44094079008907
822;8,979;2,09398695508219
823;8,983;1,70355995896181
824;8,987;1,48367009690892
825;8,992;1,22113852764362
826;8,996;1,07141743588525
827;9,000;0,959557191408112
828;9,004;0,851379099921457
829;9,008;0,726601625195429
830;9,012;0,666053964327658
831;9,016;0,595707025340042
832;9,020;0,587273707200539
833;9,025;0,51662982039111
834;9,029;0,523103282906644
835;9,033;0,472800321891439
836;9,037;0,507513522261436
837;9,041;0,500208605844824
838;9,045;0,51443240650969
839;9,049;0,460833324672355
840;9,053;0,520490142074685
841;9,058;0,560815656276957
842;9,062;0,491567424230051
843;9,066;0,496496758072155
844;9,070;0,437344751966908
845;9,074;0,464693646355931
846;9,078;0,342559007244042
847;9,082;0,274201618662577
848;9,086;0,246793334709192
849;9,090;0,262472179700944
850;9,095;0,21439632734934
851;9,099;0,182979247801473
852;9,103;0,160678466383279
853;9,107;0,155986690798626
854;9,111;0,154056529956839
855;9,115;0,128637796409604
856;9,119;0,119135466111572
857;9,123;0,146751613540227
858;9,128;0,115542397467629
859;9,132;0,119907530448287
860;9,136;0,0964486525250216
861;9,140;0,115483007903266
862;9,144;0,109692525377903
863;9,148;0,0914005395541922
864;9,152;0,0984975924955346
865;9,156;0,0990617933569803
866;9,161;0,101199817674037
867;9,165;0,0822842414245181
868;9,169;0,100843480287861
869;9,173;0,0964486525250216
870;9,177;0,0746526824039114
871;9,181;0,0700499911658023
872;9,185;0,0816309562165284
873;9,189;0,099121182921343
874;9,194;0,11776950613123
875;9,198;0,106069761951779
876;9,202;0,165459326314477
877;9,206;0,161955342017077
878;9,210;0,173952034018342
879;9,214;0,173625391414348
880;9,218;0,173061190552902
881;9,222;0,175733720949223
882;9,227;0,197796944109966
883;9,231;0,196044951961266
884;9,235;0,164716956759943
885;9,239;0,197173353684157
886;9,243;0,160114265521834
887;9,247;0,174011423582705
888;9,251;0,139713950163247
889;9,255;0,15957975944257
890;9,259;0,129795892914676
891;9,264;0,177307544404835
892;9,268;0,149988344797994
893;9,272;0,167775519324622
894;9,276;0,153789276917207
895;9,280;0,158807695105854
896;9,284;0,173833254889617
897;9,288;0,108385954961924
898;9,292;0,11557209224981
899;9,297;0,10146707071367
900;9,301;0,0878965552567931
901;9,305;0,086619679622995
902;9,309;0,084659823999026
903;9,313;0,0733758067701134
904;9,317;0,0625966008382837
905;9,321;0,0590629217587032
906;9,325;0,0461753862919977
907;9,330;0,0576078774318171
908;9,334;0,0797007953747407
909;9,338;0,0506296036192001
910;9,342;0,0542226722631433
911;9,346;0,0586471948081643
912;9,350;0,0471553141039822
913;9,354;0,0424932333015104
914;9,358;0,060577355649952
915;9,363;0,0317140273696807
916;9,367;0,0468880610643501
917;9,371;0,044839121093837
918;9,375;0,032842429092572
919;9,379;0,0282694326366443
920;9,383;0,04050368289536
921;9,387;0,04160238983607
922;9,391;0,0527973227184385
923;9,396;0,0364354977365152
924;9,400;0,0484915793021429
925;9,404;0,0474819567079771
926;9,408;0,161094193333818
927;9,412;0,280793860306836
928;9,416;0,69779768647952
929;9,420;1,54522738037086
930;9,424;2,79659519627509
931;9,428;5,13526715653159
932;9,433;8,12933265431265
933;9,437;12,0369581259029
934;9,441;16,4905518626794
935;9,445;20,8700274231313
936;9,449;25,0609411167317
937;9,453;26,9392251740485
938;9,457;27,4201618662577
939;9,461;26,0405719808944
940;9,466;23,8198773902444
941;9,470;20,5863828637351
942;9,474;16,7158164803072
943;9,478;13,5224396045249
944;9,482;10,493363958552
945;9,486;8,04060464515478
946;9,490;5,95148763435033
947;9,494;4,62971348989412
948;9,499;3,40732778139889
949;9,503;2,57043973518193
950;9,507;2,07213159539671
951;9,511;1,6663227021064
952;9,515;1,32976204086299
953;9,519;1,12941134548543
954;9,523;0,93354456221725
955;9,527;0,74599231795985
956;9,532;0,63374604131435
957;9,536;0,583086742912969
958;9,540;0,496140420685979
959;9,544;0,382943911010677
960;9,548;0,373887002445365
961;9,552;0,346508413274162
962;9,556;0,28836602976308
963;9,560;0,245635238204119
964;9,565;0,251396025947301
965;9,569;0,211575323042112
966;9,573;0,200172526684474
967;9,577;0,207625917011992
968;9,581;0,176268227028488
969;9,585;0,172467294909275
970;9,589;0,135051869360775
971;9,593;0,137368062370921
972;9,597;0,155927301234264
973;9,602;0,224611332419724
974;9,606;0,442689812759551
975;9,610;0,895861883629118
976;9,614;1,76565174850301
977;9,618;3,30265367420964
978;9,622;5,92497019386239
979;9,626;9,37966115284053
980;9,630;14,0303094641725
981;9,635;18,9638896601284
982;9,639;23,8923920483312
983;9,643;27,4860842827003
984;9,647;29,9878993762611
985;9,651;29,9121776816987
986;9,655;28,4191834231848
987;9,659;25,265181828575
988;9,663;21,1023593989182
989;9,668;17,0566531901847
990;9,672;13,2653421803988
991;9,676;9,91761182683785
992;9,680;7,29389965242257
993;9,684;5,42197027849252
994;9,688;3,91041678111531
995;9,692;2,99688650208829
996;9,696;2,26149522136718
997;9,701;1,83495937011428
998;9,705;1,47936435349263
999;9,709;1,18624715858053
1000;9,713;0,934405710900509
1001;9,717;0,857555614615178
1002;9,721;0,714753407105071
1003;9,725;0,617770248500785
1004;9,729;0,565032315346709
1005;9,734;0,437760478917447
1006;9,738;0,413232588835653
1007;9,742;0,392535325655253
1008;9,746;0,352714622750063
1009;9,750;0,357584567027805
1010;9,754;0,297512022674936
1011;9,758;0,249940981620415
1012;9,762;0,237409783539885
1013;9,766;0,233193124470134
1014;9,771;0,198895651050676
1015;9,775;0,162074121145803
1016;9,779;0,206111483120743
1017;9,783;0,170477744503125
1018;9,787;0,175110130523415
1019;9,791;0,154561341253922
1020;9,795;0,126232519052915
1021;9,799;0,150196208273263
1022;9,804;0,118393096557038
1023;9,808;0,146335886589688
1024;9,812;0,115542397467629
1025;9,816;0,119610582626474
1026;9,820;0,0915787082472803
1027;9,824;0,103040894169281
1028;9,828;0,108178091486654
1029;9,832;0,0838877596623109
1030;9,837;0,0829375266325078
1031;9,841;0,0935979534356121
1032;9,845;0,114057658358562
1033;9,849;0,0666647859971285
1034;9,853;0,0766719275922431
1035;9,857;0,0661302799178642
1036;9,861;0,0640219503829885
1037;9,865;0,0584987208972575
1038;9,870;0,0602210182637758
1039;9,874;0,039226807261562
1040;9,878;0,0402661246379093
1041;9,882;0,0379202368455827
1042;9,886;0,0342974734194581
1043;9,890;0,0735242806810201
1044;9,894;0,0521440375104489
1045;9,898;0,049174559292314
1046;9,903;0,041097578538987
1047;9,907;0,0205487892694935
1048;9,911;0,0399097872517331
1049;9,915;0,080829197097632
1050;9,919;0,0603397973925012
1051;9,923;0,0284476013297323
1052;9,927;0,0560340539762056
1053;9,931;0,0480461575694227
1054;9,935;0,0394940603011942
1055;9,940;0,0566873391841953
1056;9,944;0,05172831055991
1057;9,948;0,0405630724597227
1058;9,952;0,0350695377561732
1059;9,956;0,0232807092301776
1060;9,960;0,0139268528430527
1061;9,964;0,0698718224727142
1062;9,968;0,0225086448934625
1063;9,973;0,0361979394790644
1064;9,977;0,0434434663313136
1065;9,981;0,0481055471337854
1066;9,985;0,0421072011331529
1067;9,989;0,0387516907466605
1068;9,993;0,0299620352209811
1069;9,997;0,0182622910415296
1070;10,001;0,0408303254993549
1071;10,006;0,0462347758563604
1072;10,010;0,0490854749457699
1073;10,014;0,0624184321451956
1074;10,018;0,0549056522533143
1075;10,022;0,0287742439337272
1076;10,026;0,0452845428265572
1077;10,030;0,030882573468603
1078;10,034;0,0487291375595937
1079;10,039;0,0442155306680287
1080;10,043;0,037949931627764
1081;10,047;0,0389595542219299
1082;10,051;0,0149067806550372
1083;10,055;0,0171932788830011
1084;10,059;0,0314467743300486
1085;10,063;0,0467692819356247
1086;10,067;0,0269034726563022
1087;10,072;0,0262204926661312
1088;10,076;0,0127687563379801
1089;10,080;0,0163024354175606
1090;10,084;0,0223007814181931
1091;10,088;0
1092;10,092;0,0329018186569347
1093;10,096;0,0204597049229495
1094;10,100;0,0258047657155923
1095;10,104;0,0238449100916233
1096;10,109;0,0295760030526236
1097;10,113;0,0340005255976446
1098;10,117;0,0547274835602262
1099;10,121;0,042968349816412
1100;10,125;0,0533912183620655
1101;10,129;0,0511047201341016
1102;10,133;0,060666439996496
1103;10,137;0,0258344604977736
1104;10,142;0,0464426393316298
1105;10,146;0,0704657181163412
1106;10,150;0,136269355430211
1107;10,154;0,304460601705371
1108;10,158;0,681970367576861
1109;10,162;1,48836187249357
1110;10,166;2,980465287542
1111;10,170;5,30993186532228
1112;10,175;8,78938827263967
1113;10,179;13,273567635063
1114;10,183;18,3723992938581
1115;10,187;23,5843977675463
1116;10,191;27,6468815282123
1117;10,195;30,049130017119
1118;10,199;30,4312127794465
1119;10,203;28,4915199125786
1120;10,208;24,9752716701385
1121;10,212;20,9582506209921
1122;10,216;16,6561299681227
1123;10,220;12,6836807870305
1124;10,224;9,4005662794962
1125;10,228;6,92770359856218
1126;10,232;5,10183083179539
1127;10,236;3,82115426587817
1128;10,241;2,93975374117137
1129;10,245;2,19082163977557
1130;10,249;1,76229623811652
1131;10,253;1,42350846820951
1132;10,257;1,10823896579013
1133;10,261;1,04053486241665
1134;10,265;0,837778889682399
1135;10,269;0,718524644442102
1136;10,273;0,615305581579733
1137;10,278;0,485747246922507
1138;10,282;0,453795661295376
1139;10,286;0,411064869736414
1140;10,290;0,366403917335665
1141;10,294;0,311765518121983
1142;10,298;0,316486988488818
1143;10,302;0,265738605740892
1144;10,306;0,240290177411476
1145;10,311;0,236103213123906
1146;10,315;0,187611633821763
1147;10,319;0,164568482849036
1148;10,323;0,202934141427339
1149;10,327;0,158421662937497
1150;10,331;0,221909107241221
1151;10,335;0,350517208868644
1152;10,339;0,744418494504238
1153;10,344;1,5755754477602
1154;10,348;3,39319306508057
1155;10,352;6,63393311844209
1156;10,356;11,7885612729559
1157;10,360;19,7378544629031
1158;10,364;29,7687221889806
1159;10,368;42,5302626948906
1160;10,372;57,5253259373529
1161;10,377;72,1906583184736
1162;10,381;86,2361715111229
1163;10,385;96,1199906758384
1164;10,389;99,6534321971615
1165;10,393;94,5237179648978
1166;10,397;83,7603987415351
1167;10,401;68,0235598401827
1168;10,405;51,8518705485666
1169;10,410;37,4241261196789
1170;10,414;26,0392654104784
1171;10,418;18,3588881679656
1172;10,422;13,0218449665117
1173;10,426;9,56151199891911
1174;10,430;7,36540468791526
1175;10,434;5,64542351440717
1176;10,438;4,67879896483989
1177;10,442;3,74507623392956
1178;10,447;3,12867194540911
1179;10,451;2,64936846621996
1180;10,455;2,27257137512082
1181;10,459;2,00478382940942
1182;10,463;1,69340434345579
1183;10,467;1,53394336314195
1184;10,471;1,36067430911377
1185;10,475;1,18211958385732
1186;10,480;1,08653208001556
1187;10,484;0,970009754735947
1188;10,488;0,905512687838057
1189;10,492;0,796532837232506
1190;10,496;0,747655225762005
1191;10,500;0,684969540577178
1192;10,504;0,598171692261094
1193;10,508;0,566576444020139
1194;10,513;0,529161018471639
1195;10,517;0,534030962749381
1196;10,521;0,522806335084831
1197;10,525;0,439660944977053
1198;10,529;0,424872943450742
1199;10,533;0,392505630873071
1200;10,537;0,348379184551587
1201;10,541;0,374599677217718
1202;10,546;0,320198836261486
1203;10,550;0,292909331436827
1204;10,554;0,28198165159409
1205;10,558;0,248871969461886
1206;10,562;0,243645687797969
1207;10,566;0,227135388905139
1208;10,570;0,249584644234238
1209;10,574;0,218019090775464
1210;10,579;0,175614941820498
1211;10,583;0,216771909923848
1212;10,587;0,170477744503125
1213;10,591;0,229095244529108
1214;10,595;0,241596747827455
1215;10,599;0,281565924643551
1216;10,603;0,312121855508159
1217;10,607;0,293325058387365
1218;10,611;0,250891214650218
1219;10,616;0,206586599635645
1220;10,620;0,15628363862044
1221;10,624;0,156699365570979
1222;10,628;0,136863251073838
1223;10,632;0,0970722429508299
1224;10,636;0,0964783473072029
1225;10,640;0,124391442557671
1226;10,644;0,0834423379295907
1227;10,649;0,108593818437193
1228;10,653;0,0994478255253378
1229;10,657;0,112780782724764
1230;10,661;0,0960923151388454
1231;10,665;0,11821492786395
1232;10,669;0,131815138103008
1233;10,673;0,10280333591183
1234;10,677;0,13098368420193
1235;10,682;0,112454140120769
1236;10,686;0,0899454952273061
1237;10,690;0,087807470910249
1238;10,694;0,0935385638712494
1239;10,698;0,0435325506778576
1240;10,702;0,0527973227184385
1241;10,706;0,102209440268203
1242;10,710;0,063814086907719
1243;10,715;0,0716535094035951
1244;10,719;0,0637843921255377
1245;10,723;0,056924897441646
1246;10,727;0,0462347758563604
1247;10,731;0,0702578546410717
1248;10,735;0,0683573885814654
1249;10,739;0,0780675823547665
1250;10,743;0,0959141464457573
1251;10,748;0,0768797910675126
1252;10,752;0,0980521707628144
1253;10,756;0,111147569704789
1254;10,760;0,114503080091282
1255;10,764;0,081512177087803
1256;10,768;0,096062620356664
1257;10,772;0,0722177102650408
1258;10,776;0,0990024037926176
1259;10,780;0,119432413933386
1260;10,785;0,149958650015812
1261;10,789;0,24896105380843
1262;10,793;0,543978714780132
1263;10,797;1,16632195973684
1264;10,801;2,39898206286682
1265;10,805;4,38859185858157
1266;10,809;7,43019870263497
1267;10,813;11,7380504484654
1268;10,818;17,2447399405214
1269;10,822;22,6496060244774
1270;10,826;27,4571912596378
1271;10,830;30,9401516512526
1272;10,834;31,8951358462048
1273;10,838;30,3492848754081
1274;10,842;26,9526472155945
1275;10,846;22,0873650186557
1276;10,851;17,6560720632974
1277;10,855;13,3478936748629
1278;10,859;9,49760882766485
1279;10,863;6,99297272979678
1280;10,867;5,14646208941396
1281;10,871;3,84200000296948
1282;10,875;2,87023825608483
1283;10,879;2,25321037713858
1284;10,884;1,86293185492911
1285;10,888;1,52408469545774
1286;10,892;1,24373625688362
1287;10,896;1,04421701540714
1288;10,900;0,957953673170319
1289;10,904;0,83581903405843
1290;10,908;0,721731680917688
1291;10,912;0,655987433168181
1292;10,917;0,670330012961772
1293;10,921;0,636863993443392
1294;10,925;0,600309716578151
1295;10,929;0,574801898684373
1296;10,933;0,540385646136189
1297;10,937;0,475235294030309
1298;10,941;0,396484731685372
1299;10,945;0,328543070054445
1300;10,949;0,310844979874361
1301;10,954;0,292612383615013
1302;10,958;0,232331975786875
1303;10,962;0,234618474014838
1304;10,966;0,231856859271973
1305;10,970;0,205903619645474
1306;10,974;0,197945418020872
1307;10,978;0,22541309153862
1308;10,982;0,246377607758653
1309;10,987;0,30068936436834
1310;10,991;0,328305511796995
1311;10,995;0,368631025999267
1312;10,999;0,379261758020189
1313;11,003;0,374718456346443
1314;11,007;0,379380537148915
1315;11,011;0,307133132101693
1316;11,015;0,308202144260221
1317;11,020;0,278121329910515
1318;11,024;0,237706731361699
1319;11,028;0,192867610267862
1320;11,032;0,186067505148333
1321;11,036;0,183691922573825
1322;11,040;0,126470077310365
1323;11,044;0,144227557054812
1324;11,048;0,105832203694328
1325;11,053;0,117235000051966
1326;11,057;0,145326263995522
1327;11,061;0,295611556615329
1328;11,065;0,674754535506793
1329;11,069;1,43333744111154
1330;11,073;2,90471389819738
1331;11,077;5,38915754418212
1332;11,081;9,24707395040081
1333;11,086;14,0397820996884
1334;11,090;19,6173530368111
1335;11,094;25,3546819020696
1336;11,098;30,5931681214635
1337;11,102;33,829157009676
1338;11,106;34,1709142578012
1339;11,110;31,615500082403
1340;11,114;27,0687835087058
1341;11,118;21,7540113938879
1342;11,123;16,6541107229343
1343;11,127;12,4272366481124
1344;11,131;8,90656388312728
1345;11,135;6,37793440125668
1346;11,139;4,62312124824986
1347;11,143;3,30348512811071
1348;11,147;2,57352799252879
1349;11,151;2,02616407257999
1350;11,156;1,69586901037684
1351;11,160;1,36227782735157
1352;11,164;1,1159299143751
1353;11,168;0,948154395050474
1354;11,172;0,838194616632938
1355;11,176;0,730551031225548
1356;11,180;0,66323296002043
1357;11,184;0,601942929598126
1358;11,189;0,533051034937396
1359;11,193;0,481085166120035
1360;11,197;0,383329943179034
1361;11,201;0,3993057359926
1362;11,205;0,388407750932045
1363;11,209;0,312834530280512
1364;11,213;0,292731162743739
1365;11,217;0,270074043939369
1366;11,222;0,250683351174948
1367;11,226;0,249940981620415
1368;11,230;0,207091410932728
1369;11,234;0,203646816199691
1370;11,238;0,184196733870908
1371;11,242;0,162044426363622
1372;11,246;0,180841223484415
1373;11,250;0,151502778689243
1374;11,255;0,153551718659756
1375;11,259;0,160737855947642
1376;11,263;0,149216280461279
1377;11,267;0,138199516271998
1378;11,271;0,145148095302434
1379;11,275;0,130478872904848
1380;11,279;0,147731541352211
1381;11,283;0,151977895204144
1382;11,287;0,12724214164708
1383;11,292;0,152957823016129
1384;11,296;0,153551718659756
1385;11,300;0,167448876720627
1386;11,304;0,127479699904531
1387;11,308;0,126113739924189
1388;11,312;0,151294915213973
1389;11,316;0,145266874431159
1390;11,320;0,130864905073205
1391;11,325;0,141228384054496
1392;11,329;0,123114566923873
1393;11,333;0,12216433389407
1394;11,337;0,0895891578411299
1395;11,341;0,102506388090017
1396;11,345;0,108920461041188
1397;11,349;0,0831156953255959
1398;11,353;0,0884310613360573
1399;11,358;0,0748011563148181
1400;11,362;0,106277625427048
1401;11,366;0,0587362791547083
1402;11,370;0,0773846023645955
1403;11,374;0,0669914286011234
1404;11,378;0,0974879699013688
1405;11,382;0,0489963905992259
1406;11,386;0,0942809334257831
1407;11,391;0,0888764830687776
1408;11,395;0,0730491641661185
1409;11,399;0,0660115007891388
1410;11,403;0,0748308510969995
1411;11,407;0,0698718224727142
1412;11,411;0,069515485086538
1413;11,415;0,0663084486109523
1414;11,419;0,052500374896625
1415;11,424;0,0693076216112686
1416;11,428;0,0727522163443051
1417;11,432;0,0383656585783029
1418;11,436;0,0756623049980773
1419;11,440;0,0914005395541922
1420;11,444;0,0649127938484289
1421;11,448;0,0802946910183677
1422;11,452;0,0522925114213556
1423;11,456;0,0721880154828594
1424;11,461;0,0698124329083515
1425;11,465;0,0754544415228078
1426;11,469;0,0692185372647245
1427;11,473;0,0842440970484871
1428;11,477;0,0697233485618075
1429;11,481;0,0954093351486743
1430;11,485;0,061260335640123
1431;11,489;0,0768500962853312
1432;11,494;0,0955875038417624
1433;11,498;0,0862930370190002
1434;11,502;0,17917831568226
1435;11,506;0,317259052825533
1436;11,510;0,749644776168156
1437;11,514;1,52607424586389
1438;11,518;3,10402527619859
1439;11,522;5,77857491770833
1440;11,527;9,65460514105764
1441;11,531;14,7124580004425
1442;11,535;20,3860321683575
1443;11,539;26,0531328737571
1444;11,543;31,1383643223131
1445;11,547;33,5271610748917
1446;11,551;33,3656511546074
1447;11,555;30,6435898616075
1448;11,560;26,2753389288201
1449;11,564;21,2162982781481
1450;11,568;15,8237852235794
1451;11,572;11,7554218960415
1452;11,576;8,55390864994158
1453;11,580;6,22396695564639
1454;11,584;4,59654441819756
1455;11,588;3,54234995597749
1456;11,593;2,68405197180777
1457;11,597;2,11076450701465
1458;11,601;1,6659960595024
1459;11,605;1,43981090362707
1460;11,609;1,22170272850506
1461;11,613;1,07183316283579
1462;11,617;0,902157177451564
1463;11,621;0,762769869892312
1464;11,626;0,661154325267736
1465;11,630;0,617324826768064
1466;11,634;0,554876699840688
1467;11,638;0,517104936906012
1468;11,642;0,446906471829303
1469;11,646;0,384636513595014
1470;11,650;0,362662374780815
1471;11,654;0,295344303575697
1472;11,658;0,265085320532903
1473;11,663;0,268618999612483
1474;11,667;0,206022398774199
1475;11,671;0,228234095845848
1476;11,675;0,198687787575406
1477;11,679;0,192006461584603
1478;11,683;0,143247629242828
1479;11,687;0,206586599635645
1480;11,691;0,150819798699072
1481;11,696;0,193966317208572
1482;11,700;0,16839910975043
1483;11,704;0,139001275390895
1484;11,708;0,134903395449869
1485;11,712;0,122075249547526
1486;11,716;0,103664484595089
1487;11,720;0,135794238915309
1488;11,724;0,103872348070359
1489;11,729;0,106871521070675
1490;11,733;0,106069761951779
1491;11,737;0,0882528926429692
1492;11,741;0,113938879229836
1493;11,745;0,113196509675302
1494;11,749;0,0528270175006199
1495;11,753;0,0901830534847569
1496;11,757;0,0836205066226788
1497;11,762;0,16002518117529
1498;11,766;0,343093513323306
1499;11,770;0,724849633046729
1500;11,774;1,6161682150021
1501;11,778;3,18731914021728
1502;11,782;5,9543977230041
1503;11,786;10,4258083290895
1504;11,790;16,6390257735862
1505;11,795;24,8926904808921
1506;11,799;34,5681413590411
1507;11,803;45,7550269554385
1508;11,807;56,0702222209025
1509;11,811;65,002531480181
1510;11,815;69,606202646102
1511;11,819;69,1489920848558
1512;11,823;63,5683625851684
1513;11,827;53,3122896310275
1514;11,832;41,5547000158867
1515;11,836;30,9414582216686
1516;11,840;22,1597015080495
1517;11,844;15,9134931605493
1518;11,848;11,4269085207693
1519;11,852;8,5428918857523
1520;11,856;6,58360046264471
1521;11,860;5,02527768333187
1522;11,865;4,05615877206137
1523;11,869;3,26277358174008
1524;11,873;2,73993755187307
1525;11,877;2,28257851671594
1526;11,881;2,01036644845951
1527;11,885;1,75021046176871
1528;11,889;1,58754244497928
1529;11,893;1,3426495763297
1530;11,898;1,16385729281579
1531;11,902;0,995962994362446
1532;11,906;0,968673489537786
1533;11,910;0,847013966940799
1534;11,914;0,793236716410376
1535;11,918;0,76603629593226
1536;11,922;0,602952552192292
1537;11,926;0,643723488127284
1538;11,931;0,588134855883798
1539;11,935;0,529992472372717
1540;11,939;0,548848659057874
1541;11,943;0,486519311259222
1542;11,947;0,441531716254478
1543;11,951;0,441531716254478
1544;11,955;0,424694774757653
1545;11,959;0,371006608573774
1546;11,964;0,368541941652723
1547;11,968;0,333977215193632
1548;11,972;0,343123208105488
1549;11,976;0,350190566264649
1550;11,980;0,310251084230734
1551;11,984;0,29166215058521
1552;11,988;0,306747099933335
1553;11,992;0,235598401826823
1554;11,996;0,255137568502151
1555;12,001;0,217157942092205
1556;12,005;0,228976465400382
1557;12,009;0,234321526193025
1558;12,013;0,312834530280512
1559;12,017;0,44090812582867
1560;12,021;0,830028551533067
1561;12,025;1,66994546553252
1562;12,029;2,9853946213841
1563;12,034;5,40629143350076
1564;12,038;8,98091961770938
1565;12,042;13,6794062231355
1566;12,046;19,2273417676413
1567;12,050;25,1368706747694
1568;12,054;29,974625808626
1569;12,058;33,1832064128852
1570;12,062;34,1218287828554
1571;12,067;31,9021141200174
1572;12,071;28,3193198707089
1573;12,075;22,9774067249773
1574;12,079;18,1051165594438
1575;12,083;13,6080496615537
1576;12,087;10,0236518940074
1577;12,091;7,42001339234676
1578;12,095;5,46297877268496
1579;12,100;4,20365275515613
1580;12,104;3,26520855387896
1581;12,108;2,51298033166102
1582;12,112;1,96398319869224
1583;12,116;1,64749621020342
1584;12,120;1,48889637857284
1585;12,124;1,24694329335921
1586;12,128;1,01184970282947
1587;12,133;0,975948711172216
1588;12,137;0,816309562165284
1589;12,141;0,797393985915765
1590;12,145;0,879559448211558
1591;12,149;1,2286513075355
1592;12,153;1,9925495791507
1593;12,157;3,56319569306879
1594;12,161;6,66193529803911
1595;12,165;11,2955981939633
1596;12,170;18,1273876460798
1597;12,174;27,386814625868
1598;12,178;37,9709555335484
1599;12,182;49,5330347028072
1600;12,186;59,6887986827395
1601;12,190;66,619174811698
1602;12,194;69,387441185772
1603;12,198;64,8637677630475
1604;12,203;56,2637728111605
1605;12,207;45,1082152099644
1606;12,211;34,307777508875
1607;12,215;24,7864722450295
1608;12,219;17,9450913782685
1609;12,223;13,023537569096
1610;12,227;9,63744155695682
1611;12,231;7,16220329344829
1612;12,236;5,60076256200642
1613;12,240;4,4007964140581
1614;12,244;3,67550135927865
1615;12,248;3,05318780910412
1616;12,252;2,66056339910233
1617;12,256;2,29641628521244
1618;12,260;1,938891107749
1619;12,264;1,70727180673448
1620;12,269;1,56503380008582
1621;12,273;1,42356785777387
1622;12,277;1,26612612264836
1623;12,281;1,12258154558372
1624;12,285;1,05434293613098
1625;12,289;0,952549222813313
1626;12,293;0,840005998346001
1627;12,297;0,83647231926642
1628;12,302;0,8060945570949
1629;12,306;0,745249948405316
1630;12,310;0,658808437475409
1631;12,314;0,643723488127284
1632;12,318;0,602596214806115
1633;12,322;0,608149139074028
1634;12,326;0,541395268730355
1635;12,330;0,49836752934958
1636;12,334;0,441828664076292
1637;12,339;0,435325506778576
1638;12,343;0,43826529021453
1639;12,347;0,386210337050625
1640;12,351;0,37596563719806
1641;12,355;0,318179591073155
1642;12,359;0,315596145023377
1643;12,363;0,345914517630535
1644;12,367;0,312478192894336
1645;12,372;0,231856859271973
1646;12,376;0,288158166287811
1647;12,380;0,251188162472031
1648;12,384;0,233965188806849
1649;12,388;0,225888208053522
1650;12,392;0,218553596854729
1651;12,396;0,218702070765635
1652;12,400;0,219771082924164
1653;12,405;0,168458499314793
1654;12,409;0,160233044650559
1655;12,413;0,203557731853147
1656;12,417;0,275864526464732
1657;12,421;0,405214997646689
1658;12,425;0,775004120151028
1659;12,429;1,67187562637431
1660;12,433;3,19786078789166
1661;12,438;6,02519008372444
1662;12,442;9,93566625440411
1663;12,446;15,296791924207
1664;12,450;21,3694045750751
1665;12,454;26,8012335212518
1666;12,458;30,931866807024
1667;12,462;32,5961405691599
1668;12,466;32,1397317670326
1669;12,471;28,5345179571772
1670;12,475;23,6325330094622
1671;12,479;18,8533953756316
1672;12,483;13,9713950163247
1673;12,487;10,2730880643308
1674;12,491;7,60916915484196
1675;12,495;5,55479503918969
1676;12,499;4,25535137093386
1677;12,503;3,31102760278478
1678;12,508;2,56233305964642
1679;12,512;2,06254018075214
1680;12,516;1,78242930043547
1681;12,520;1,47455379877925
1682;12,524;1,20341074268135
1683;12,528;1,04014883024829
1684;12,532;0,963090870487692
1685;12,536;0,796711005925594
1686;12,541;0,768916689803851
1687;12,545;0,649484275870465
1688;12,549;0,616255814609536
1689;12,553;0,570288291792808
1690;12,557;0,491300171190419
1691;12,561;0,492814605081668
1692;12,565;0,447114335304572
1693;12,569;0,442689812759551
1694;12,574;0,416172372271606
1695;12,578;0,358623884404152
1696;12,582;0,358475410493245
1697;12,586;0,355476237492929
1698;12,590;0,324326410984694
1699;12,594;0,315477365894652
1700;12,598;0,284980824594406
1701;12,602;0,378786641505288
1702;12,607;0,344548557650192
1703;12,611;0,346062991541441
1704;12,615;0,331304684797311
1705;12,619;0,371273861613407
1706;12,623;0,369551564246888
1707;12,627;0,383419027525578
1708;12,631;0,346567802838524
1709;12,635;0,299976689595988
1710;12,640;0,303807316497382
1711;12,644;0,320139446697124
1712;12,648;0,27295443781096
1713;12,652;0,272152678692064
1714;12,656;0,261017135374058
1715;12,660;0,260155986690799
1716;12,664;0,288692672367075
1717;12,668;0,278744920336323
1718;12,672;0,216326488191128
1719;12,677;0,242873623461254
1720;12,681;0,242962707807798
1721;12,685;0,246882419055736
1722;12,689;0,156847839481885
1723;12,693;0,20735866397236
1724;12,697;0,190373248564628
1725;12,701;0,235331148787191
1726;12,705;0,203320173595697
1727;12,710;0,181078781741866
1728;12,714;0,234766947925745
1729;12,718;0,467158313276983
1730;12,722;0,91439142771028
1731;12,726;1,77913317961334
1732;12,730;3,60476838812268
1733;12,734;6,3218706524983
1734;12,738;10,3146607593847
1735;12,743;15,5506229222932
1736;12,747;21,1464858452397
1737;12,751;26,7449025194538
1738;12,755;30,6437680303006
1739;12,759;32,032711772051
1740;12,763;30,7180940701005
1741;12,767;26,9456689417819
1742;12,771;22,1541782785638
1743;12,776;17,1294944908755
1744;12,780;12,7113266292413
1745;12,784;9,3473829246094
1746;12,788;6,86691837943696
1747;12,792;5,02465409290607
1748;12,796;3,84268298295965
1749;12,800;2,99964811683115
1750;12,804;2,35461805828789
1751;12,809;1,88722218675345
1752;12,813;1,62813521222118
1753;12,817;1,34063033114136
1754;12,821;1,17463649874762
1755;12,825;1,09751914942266
1756;12,829;0,956944050576153
1757;12,833;0,872848427438573
1758;12,837;0,836591098395146
1759;12,841;0,80015560065863
1760;12,846;0,710091326302599
1761;12,850;0,639209881235719
1762;12,854;0,657680035752518
1763;12,858;0,578098019506502
1764;12,862;0,512175603063908
1765;12,866;0,527527805451665
1766;12,870;0,491240781626057
1767;12,874;0,405541640250683
1768;12,879;0,425080806926011
1769;12,883;0,372580432029386
1770;12,887;0,364978567790961
1771;12,891;0,316457293706636
1772;12,895;0,344607947214555
1773;12,899;0,278566751643235
1774;12,903;0,334927448223435
1775;12,907;0,289791379307785
1776;12,912;0,281773788118821
1777;12,916;0,267490597889592
1778;12,920;0,21659374123076
1779;12,924;0,196846711080163
1780;12,928;0,218672375983454
1781;12,932;0,204775217922583
1782;12,936;0,238270932223144
1783;12,940;0,239132080906404
1784;12,945;0,181880540860763
1785;12,949;0,216059235151495
1786;12,953;0,220275894221247
1787;12,957;0,210179668279588
1788;12,961;0,218939629023086
1789;12,965;0,212614640418459
1790;12,969;0,216445267319853
1791;12,973;0,200885201456826
1792;12,978;0,200439779724106
1793;12,982;0,211991049992651
1794;12,986;0,200053747555748
1795;12,990;0,207982254398168
1796;12,994;0,197054574555432
1797;12,998;0,198865956268494
1798;13,002;0,234173052282118
1799;13,006;0,211278375220298
1800;13,010;0,181078781741866
1801;13,015;0,162489848096342
1802;13,019;0,193669369386758
1803;13,023;0,17478348791942
1804;13,027;0,220364978567791
1805;13,031;0,202369940565893
1806;13,035;0,159431285531663
1807;13,039;0,139713950163247
1808;13,043;0,178198387870275
1809;13,048;0,155897606452082
1810;13,052;0,150404071748533
1811;13,056;0,138437074529449
1812;13,060;0,131963612013915
1813;13,064;0,158213799462227
1814;13,068;0,143158544896284
1815;13,072;0,133121708518988
1816;13,076;0,13558637544004
1817;13,081;0,140099982331605
1818;13,085;0,127925121637252
1819;13,089;0,140486014499962
1820;13,093;0,139387307559252
1821;13,097;0,107554501060846
1822;13,101;0,145593517035154
1823;13,105;0,166023527175922
1824;13,109;0,200172526684474
1825;13,114;0,377390986742765
1826;13,118;0,801343391945884
1827;13,122;1,81435119128042
1828;13,126;3,6918334894784
1829;13,130;7,09657782482751
1830;13,134;12,8810620041899
1831;13,138;21,198600187968
1832;13,142;33,32580075692
1833;13,147;47,2322235898319
1834;13,151;63,928055481731
1835;13,155;79,3115561699076
1836;13,159;92,0175377383563
1837;13,163;100
1838;13,167;99,8750146617987
1839;13,171;93,0402854262463
1840;13,175;78,5067384884465
1841;13,179;61,5245598119726
1842;13,184;45,4679674960914
1843;13,188;32,5126982312303
1844;13,192;23,5963350699832
1845;13,196;16,8343283559929
1846;13,200;12,7047937771614
1847;13,204;9,6022829348541
1848;13,208;7,69947098745544
1849;13,212;6,08915264454306
1850;13,217;5,17666168289239
1851;13,221;4,36946841885678
1852;13,225;3,76853511185282
1853;13,229;3,30538559417032
1854;13,233;2,88268036981882
1855;13,237;2,57444853077641
1856;13,241;2,22292169931361
1857;13,245;2,06010520861327
1858;13,250;1,84576827082829
1859;13,254;1,71160724493296
1860;13,258;1,61610882543774
1861;13,262;1,42751726380399
1862;13,266;1,31981428883224
1863;13,270;1,21623888858369
1864;13,274;1,08596787915411
1865;13,278;1,07991014358912
1866;13,283;1,02838969650448
1867;13,287;0,975978405954398
1868;13,291;0,894466228866595
1869;13,295;0,860287534575862
1870;13,299;0,784833093053054
1871;13,303;0,756326102158959
1872;13,307;0,76095848817925
1873;13,311;0,72508719130418
1874;13,316;0,679476005873628
1875;13,320;0,614414738114292
1876;13,324;0,584036975942772
1877;13,328;0,568684773555015
1878;13,332;0,568655078772833
1879;13,336;0,5080480283407
1880;13,340;0,55074912511748
1881;13,344;0,531952327996686
1882;13,348;0,545879180839739
1883;13,353;0,590540133240488
1884;13,357;0,588313024576887
1885;13,361;0,682000062359043
1886;13,365;0,845766786089182
1887;13,369;1,03278452426732
1888;13,373;1,41373888487184
1889;13,377;2,12962069369981
1890;13,381;3,50487514086462
1891;13,386;5,75158236070549
1892;13,390;8,91707583601947
1893;13,394;13,3674625363204
1894;13,398;18,415130085417
1895;13,402;23,2738200407115
1896;13,406;26,6926693975968
1897;13,410;28,0969356469528
1898;13,414;27,4685940559955
1899;13,419;24,219836411445
1900;13,423;20,5249146646197
1901;13,427;16,1163382176301
1902;13,431;12,2016453878807
1903;13,435;8,9788112881745
1904;13,439;6,71491078945063
1905;13,443;5,10848246300401
1906;13,447;3,80716802347076
1907;13,452;2,98788898308734
1908;13,456;2,41593778349237
1909;13,460;1,95088779975027
1910;13,464;1,7597721816311
1911;13,468;1,50092276535629
1912;13,472;1,5048721713864
1913;13,476;1,69070211827729
1914;13,480;2,35770631563475
1915;13,485;3,48165382119881
1916;13,489;5,75449244935926
1917;13,493;8,89655674153216
1918;13,497;13,3971573185018
1919;13,501;18,8436554870761
1920;13,505;24,8371018486487
1921;13,509;30,3090484455524
1922;13,513;33,6890570273444
1923;13,517;34,4399489843642
1924;13,522;32,9370366686018
1925;13,526;28,6644623240027
1926;13,530;23,5059738478053
1927;13,534;18,3036558731083
1928;13,538;13,6379523072103
1929;13,542;10,0782309036568
1930;13,546;7,64011111787492
1931;13,550;5,77278443518297
1932;13,555;4,45092120638022
1933;13,559;3,64957781443434
1934;13,563;2,95044386275666
1935;13,567;2,55283072934839
1936;13,571;2,12718572156094
1937;13,575;1,89191396233811
1938;13,579;1,64877308583722
1939;13,583;1,455846086005
1940;13,588;1,3762343749768
1941;13,592;1,23800516392262
1942;13,596;1,12317544122734
1943;13,600;1,04644412407074
1944;13,604;0,969534638221045
1945;13,608;0,854972168565401
1946;13,612;0,879232805607563
1947;13,616;0,799650789361547
1948;13,621;0,718910676610459
1949;13,625;0,717336853154848
1950;13,629;0,686483974468426
1951;13,633;0,630835952660578
1952;13,637;0,598646808775996
1953;13,641;0,593955033191343
1954;13,645;0,597874744439281
1955;13,649;0,532457139293769
1956;13,654;0,529457966293453
1957;13,658;0,507810470083249
1958;13,662;0,47327543840634
1959;13,666;0,476868507050284
1960;13,670;0,439957892798867
1961;13,674;0,489577873823901
1962;13,678;0,417627416598492
1963;13,682;0,4367211615411
1964;13,686;0,484410981724346
1965;13,691;0,410352194964062
1966;13,695;0,392416546526527
1967;13,699;0,434701916352768
1968;13,703;0,390248827427289
1969;13,707;0,389476763090574
1970;13,711;0,391139670892729
1971;13,715;0,376292279802055
1972;13,719;0,359722591344862
1973;13,724;0,370769050316324
1974;13,728;0,352684927967882
1975;13,732;0,336649745589954
1976;13,736;0,302827388685397
1977;13,740;0,290741612337588
1978;13,744;0,303183726071573
1979;13,748;0,286257700228204
1980;13,752;0,400285663804585
1981;13,757;0,543949019997951
1982;13,761;0,898801667065072
1983;13,765;1,5884629832269
1984;13,769;3,09817540410887
1985;13,773;5,57534382845918
1986;13,777;9,27454162391855
1987;13,781;14,4447001495132
1988;13,785;20,6439907411669
1989;13,790;27,4153810063265
1990;13,794;32,4612074789278
1991;13,798;36,2666828998143
1992;13,802;36,4317264991782
1993;13,806;33,9602891677889
1994;13,810;28,5141176418186
1995;13,814;22,7205171643265
1996;13,818;17,1426789741641
1997;13,823;12,8056075626671
1998;13,827;9,38405598060337
1999;13,831;6,97521525005234
2000;13,835;5,29119445776585
2001;13,839;4,19008223969925
2002;13,843;3,42294723682628
2003;13,847;2,86070623100462
2004;13,851;2,38033373965694
2005;13,855;2,17817166256631
2006;13,860;1,86011085062188
2007;13,864;1,62279015142854
2008;13,868;1,52352049459629
2009;13,872;1,35396328834079
2010;13,876;1,16650012842993
2011;13,880;1,13846825405074
2012;13,884;1,06075700908215
2013;13,888;1,00507929249212
2014;13,893;0,946729045505769
2015;13,897;0,898207771421445
2016;13,901;0,887517649836159
2017;13,905;0,842381580920509
2018;13,909;0,816398646511828
2019;13,913;0,779992843557494
2020;13,917;0,731976380770253
2021;13,921;0,72663131997761
2022;13,926;0,689839484854919
2023;13,930;0,645208227236351
2024;13,934;0,690403685716364
2025;13,938;0,595113129696415
2026;13,942;0,567793930089574
2027;13,946;0,613226946827038
2028;13,950;0,498991119775389
2029;13,954;0,541038931344179
2030;13,959;0,524439548104805
2031;13,963;0,489399705130813
2032;13,967;0,450351066562339
2033;13,971;0,458724995137479
2034;13,975;0,481500893070574
2035;13,979;0,450172897869251
2036;13,983;0,477046675743372
2037;13,987;0,400731085537305
2038;13,992;0,427218831243068
2039;13,996;0,431732438134633
2040;14,000;0,393277695209786
2041;14,004;0,421190790460254
2042;14,008;0,408570508033181
2043;14,012;0,420389031341358
2044;14,016;0,535426617511904
2045;14,020;0,790356322538785
2046;14,024;1,43461431674533
2047;14,029;2,62424668049454
2048;14,033;4,75469882809542
2049;14,037;8,15418718699844
2050;14,041;12,6693975968013
2051;14,045;18,5290095750825
2052;14,049;23,9635704412199
2053;14,053;28,5239763095028
2054;14,057;31,0467856140658
2055;14,062;31,0436379671546
2056;14,066;28,3929332357365
2057;14,070;24,0040444293331
2058;14,074;19,4753525884199
2059;14,078;14,9209747609199
2060;14,082;11,1315939119758
2061;14,086;8,16965816851492
2062;14,090;6,21179209495204
2063;14,095;4,72797352413221
2064;14,099;3,81785814505604
2065;14,103;2,99264014823635
2066;14,107;2,52592725669209
2067;14,111;2,15996876108915
2068;14,115;1,87347350260349
2069;14,119;1,64740712585688
2070;14,123;1,4197075360903
2071;14,128;1,39556567817686
2072;14,132;1,24299388732909
2073;14,136;1,08537398351049
2074;14,140;1,00870205591824
2075;14,144;0,965882180012739
2076;14,148;0,921636954562529
2077;14,152;0,876797833468692
2078;14,156;0,788812193865355
2079;14,161;0,751456157881218
2080;14,165;0,716297535778501
2081;14,169;0,660916767010285
2082;14,173;0,624896996224308
2083;14,177;0,653255513207497
2084;14,181;0,599804905281069
2085;14,185;0,595855499250949
2086;14,189;0,570050733535357
2087;14,193;0,548254763414247
2088;14,198;0,551461799889832
2089;14,202;0,517401884727825
2090;14,206;0,476007358367025
2091;14,210;0,493111552903482
2092;14,214;0,492398878131129
2093;14,218;0,446936166611484
2094;14,222;0,481530587852755
2095;14,226;0,50276235711242
2096;14,231;0,431791827698996
2097;14,235;0,46953389585149
2098;14,239;0,443966688393349
2099;14,243;0,434434663313136
2100;14,247;0,395089076922849
2101;14,251;0,433721988540784
2102;14,255;0,444441804908251
2103;14,259;0,42505111214383
2104;14,264;0,416112982707244
2105;14,268;0,398058555140983
2106;14,272;0,374183950267179
2107;14,276;0,349210638452664
2108;14,280;0,376708006752593
2109;14,284;0,391080281328366
2110;14,288;0,399335430774781
2111;14,292;0,364028334761157
2112;14,297;0,374124560702816
2113;14,301;0,396900458635911
2114;14,305;0,397702217754807
2115;14,309;0,396365952556647
2116;14,313;0,380746497129257
2117;14,317;0,388971951793491
2118;14,321;0,367651098187282
2119;14,325;0,386358810961532
2120;14,330;0,360643129592484
2121;14,334;0,337837536877208
2122;14,338;0,39072394394219
2123;14,342;0,334244468233264
2124;14,346;0,318832876281144
2125;14,350;0,318031117162248
2126;14,354;0,401532844656201
2127;14,358;0,364325282582971
2128;14,362;0,384280176208837
2129;14,367;0,409105014112445
2130;14,371;0,429831972075027
2131;14,375;0,58795668719071
2132;14,379;0,778626883577152
2133;14,383;1,25947449143974
2134;14,387;2,20445154479681
2135;14,391;3,92502661394853
2136;14,395;6,72518518408538
2137;14,400;11,2501354824437
2138;14,404;17,3617967718802
2139;14,408;25,1543609014742
2140;14,412;35,3840351942558
2141;14,416;47,9414240726691
2142;14,420;60,6158103928768
2143;14,424;74,462843661426
2144;14,428;85,3534050264358
2145;14,433;92,6109582654684
2146;14,437;93,0359202932657
2147;14,441;86,0658422405307
2148;14,445;73,7391224301022
2149;14,449;60,0235182674876
2150;14,453;47,7471905024209
2151;14,457;36,375039159994
2152;14,461;27,7499521171637
2153;14,466;20,8299691619687
2154;14,470;15,85728093788
2155;14,474;12,3260665252205
2156;14,478;9,8492247434742
2157;14,482;8,17482506061447
2158;14,486;6,61706648216309
2159;14,490;5,69477624239257
2160;14,494;4,82944059484588
2161;14,499;4,28376927748141
2162;14,503;3,81254277904558
2163;14,507;3,46594528142487
2164;14,511;3,01785101830832
2165;14,515;2,8506990894095
2166;14,519;2,67003603461818
2167;14,523;2,37941320140931
2168;14,527;2,30793786069881
2169;14,531;2,03073706903591
2170;14,536;1,95546079620619
2171;14,540;1,7671067928299
2172;14,544;1,69343403823797
2173;14,548;1,53572505007283
2174;14,552;1,51407755386262
2175;14,556;1,47939404827481
2176;14,560;1,35797208393527
2177;14,564;1,34413431543876
2178;14,569;1,30196772474125
2179;14,573;1,202698067909
2180;14,577;1,18752403421433
2181;14,581;1,16866784752917
2182;14,585;1,13585511321878
2183;14,589;1,11486090221657
2184;14,593;1,13309349847592
2185;14,597;1,07067506633072
2186;14,602;1,0595692177949
2187;14,606;1,12145314386083
2188;14,610;1,11981993084085
2189;14,614;1,07025933938018
2190;14,618;1,0869478069661
2191;14,622;1,08308748528252
2192;14,626;1,10434894932437
2193;14,630;1,14731729914078
2194;14,635;1,19304726370006
2195;14,639;1,55879789582773
2196;14,643;2,1533468246627
2197;14,647;3,37160495843473
2198;14,651;5,44676542161394
2199;14,655;8,9111368795832
2200;14,659;12,8074189443802
2201;14,663;17,7505905549806
2202;14,668;22,9350322708045
2203;14,672;26,7048442582912
2204;14,676;28,3529937537026
2205;14,680;27,7499521171637
2206;14,684;25,4547533180207
2207;14,688;21,9375548425508
2208;14,692;17,6076101787774
2209;14,696;13,9920922795051
2210;14,700;11,7347543276433
2211;14,705;10,6229519879914
2212;14,709;10,9358459078363
2213;14,713;12,6941927399227
2214;14,717;15,8415427033239
2215;14,721;19,3077552377884
2216;14,725;23,6031054803205
2217;14,729;27,0807505059249
2218;14,733;30,3984297399182
2219;14,738;32,1646456892827
2220;14,742;33,5114525351178
2221;14,746;34,6391712780189
2222;14,750;35,693870551536
2223;14,754;37,7816216023601
2224;14,758;39,2882457658952
2225;14,762;39,6048515335128
2226;14,766;38,5243771890622
2227;14,771;35,4422072725491
2228;14,775;31,0103204215471
2229;14,779;25,9484587665678
2230;14,783;20,5934799166764
2231;14,787;16,0516926768213
2232;14,791;12,543432330788
2233;14,795;9,9240555945712
2234;14,799;7,89658495157523
2235;14,804;6,4438271229171
2236;14,808;5,34595163610826
2237;14,812;4,73967326831166
2238;14,816;4,11210374169103
2239;14,820;3,63122643904626
2240;14,824;3,25529049663038
2241;14,828;3,08796039903848
2242;14,832;2,88181922113556
2243;14,837;2,57700228204401
2244;14,841;2,46211316978437
2245;14,845;2,28192523150795
2246;14,849;2,22508941841284
2247;14,853;1,97984021237708
2248;14,857;1,7573965990566
2249;14,861;1,6773097715135
2250;14,865;1,59128398753413
2251;14,869;1,47615731701704
2252;14,874;1,44542321745934
2253;14,878;1,35437901529133
2254;14,882;1,30440269688012
2255;14,886;1,26164221053898
2256;14,890;1,22924520317912
2257;14,894;1,17511161526252
2258;14,898;1,09864755114555
2259;14,902;1,04213838065444
2260;14,907;0,984916535390984
2261;14,911;0,936098313484846
2262;14,915;0,986460664064414
2263;14,919;0,92561605537483
2264;14,923;0,85892157459552
2265;14,927;0,861861358031474
2266;14,931;0,83911515488056
2267;14,935;0,816368951729647
2268;14,940;0,8193087351656
2269;14,944;0,783140490468717
2270;14,948;0,727937890393589
2271;14,952;0,762086889902141
2272;14,956;0,723840010452563
2273;14,960;0,708487808064806
2274;14,964;0,701361060341282
2275;14,968;0,693699806538494
2276;14,973;0,691383613528349
2277;14,977;0,691116360488717
2278;14,981;0,742221080622818
2279;14,985;0,896455779272745
2280;14,989;1,10642758407706
2281;14,993;1,53569535529065
2282;14,997;2,43218082934557
2283;15,001;3,99302766514382
2284;15,006;6,53864256242214
2285;15,010;10,220557994652
2286;15,014;14,8674647634291
2287;15,018;19,7285896908625
2288;15,022;25,3611553645851
2289;15,026;30,1469743244066
2290;15,030;32,8249982554315
2291;15,034;33,8327203835378
2292;15,038;32,2426241872909
2293;15,043;28,2707985966246
2294;15,047;23,4777341099509
2295;15,051;18,5570117546795
2296;15,055;14,3689784549508
2297;15,059;10,8906207545741
2298;15,063;8,58891879813339
2299;15,067;6,91543965352128
2300;15,071;5,62529045208821
2301;15,076;4,72660756415187
2302;15,080;4,11403390253282
2303;15,084;3,57287619205991
2304;15,088;3,08353587649346
2305;15,092;2,80559271527604
2306;15,096;2,55030667286298
2307;15,100;2,29240748961796
2308;15,104;2,12240486162974
2309;15,109;1,91748116979625
2310;15,113;1,78296380651474
2311;15,117;1,65922564916506
2312;15,121;1,59327353794028
2313;15,125;1,47868137350246
2314;15,129;1,43321866198281
2315;15,133;1,46537811108521
2316;15,137;1,35434932050915
2317;15,142;1,32023001578278
2318;15,146;1,28863476754182
2319;15,150;1,22954215100094
2320;15,154;1,22838405449586
2321;15,158;1,11598930393946
2322;15,162;1,12059199517757
2323;15,166;0,997952544768596
2324;15,170;1,02218348702858
2325;15,175;1,03602125552509
2326;15,179;0,909491788650357
2327;15,183;0,851111846881825
2328;15,187;0,902899547006098
2329;15,191;0,855714538119934
2330;15,195;0,85188391121854
2331;15,199;0,799561705015003
2332;15,203;0,862366169328556
2333;15,207;0,724404211314009
2334;15,212;0,809717320521025
2335;15,216;0,811231754412273
2336;15,220;0,830384888919244
2337;15,224;0,780764907894209
2338;15,228;0,768114930684955
2339;15,232;0,767817982863141
2340;15,236;0,735599144196378
2341;15,240;0,703380305529614
2342;15,245;0,676268969398042
2343;15,249;0,71211057149093
2344;15,253;0,712645077570195
2345;15,257;0,754603804792441
2346;15,261;0,97075212429048
2347;15,265;1,32729737394194
2348;15,269;2,05063257309742
2349;15,273;3,28872682136658
2350;15,278;5,47298591428007
2351;15,282;8,46345834341719
2352;15,286;12,2123058146838
2353;15,290;17,0193862385471
2354;15,294;21,5294297562504
2355;15,298;25,6660613880232
2356;15,302;28,1562361269689
2357;15,306;28,5452080787624
2358;15,311;26,9386906679693
2359;15,315;23,6328893468484
2360;15,319;20,0085520972682
2361;15,323;16,187546305301
2362;15,327;12,7380519332046
2363;15,331;9,91942320855091
2364;15,335;7,98798549112943
2365;15,339;6,25695785864987
2366;15,344;5,12837796706552
2367;15,348;4,38238564910567
2368;15,352;3,78661923420126
2369;15,356;3,4057242631611
2370;15,360;3,40691205444835
2371;15,364;3,79083589327101
2372;15,368;4,59262470694962
2373;15,372;6,11715482414008
2374;15,376;8,37749194900218
2375;15,381;11,2950042983197
2376;15,385;14,8431744316048
2377;15,389;17,8471876814166
2378;15,393;20,7667192759224
2379;15,397;22,1737768348035
2380;15,401;22,5415170173373
2381;15,405;21,3152709871585
2382;15,409;19,1924503985782
2383;15,414;16,3471260647435
2384;15,418;13,5305759748426
2385;15,422;11,0047081077149
2386;15,426;8,64774416163464
2387;15,430;6,9179637100067
2388;15,434;5,51054981373948
2389;15,438;4,56857193338273
2390;15,442;3,75347985728688
2391;15,447;3,12905797757747
2392;15,451;2,80247476314699
2393;15,455;2,49822202491689
2394;15,459;2,1127540574208
2395;15,463;1,99041155483364
2396;15,467;1,81420271736952
2397;15,471;1,68871256787114
2398;15,475;1,48560025775071
2399;15,480;1,42036082129829
2400;15,484;1,36904823768891
2401;15,488;1,21496201294989
2402;15,492;1,19364115934369
2403;15,496;1,19084984981864
2404;15,500;1,12421475860369
2405;15,504;1,04760222057581
2406;15,508;1,01318596802763
2407;15,513;1,00831602374989
2408;15,517;0,969386164310138
2409;15,521;0,948184089832655
2410;15,525;0,916232504205524
2411;15,529;0,873026596131661
2412;15,533;0,855684843337753
2413;15,537;0,840540504425265
2414;15,541;0,808499834451589
2415;15,545;0,804164396253112
2416;15,550;0,790920523400231
2417;15,554;0,801729424114242
2418;15,558;0,781358803537836
2419;15,562;0,738152895463974
2420;15,566;0,761106962090156
2421;15,570;0,745071779712228
2422;15,574;0,761552383822877
2423;15,578;0,750090197900876
2424;15,583;0,664272277396777
2425;15,587;0,665281899990943
2426;15,591;0,67600171635841
2427;15,595;0,608119444291846
2428;15,599;0,646425713305786
2429;15,603;0,608535171242385
2430;15,607;0,663618992188788
2431;15,611;0,799858652836817
2432;15,616;0,949520355030816
2433;15,620;1,22294990935668
2434;15,624;1,87899673208922
2435;15,628;3,00644822195068
2436;15,632;4,56284084042173
2437;15,636;6,98519269686527
2438;15,640;10,4687172893415
2439;15,644;14,8580218226954
2440;15,649;20,3046387703985
2441;15,653;26,7400028803939
2442;15,657;33,7506737003707
2443;15,661;41,2296609301297
2444;15,665;49,2165477143184
2445;15,669;55,6458243939666
2446;15,673;59,0384829529679
2447;15,677;59,9310487157749
2448;15,682;55,6906635150605
2449;15,686;48,3218142324122
2450;15,690;39,667923250866
2451;15,694;31,2183026759453
2452;15,698;24,405696053118
2453;15,702;18,9993452300529
2454;15,706;15,1458236515971
2455;15,710;12,1819280525123
2456;15,714;9,98602860498367
2457;15,719;8,53436948326625
2458;15,723;7,17975290971747
2459;15,727;6,3312542036676
2460;15,731;5,59761491509519
2461;15,735;5,01414214001387
2462;15,739;4,45299984113292
2463;15,743;4,11082686605723
2464;15,747;3,75160908600945
2465;15,752;3,47218118568296
2466;15,756;3,13250257231051
2467;15,760;3,02239431998206
2468;15,764;2,79962406405758
2469;15,768;2,55660196668542
2470;15,772;2,40922676271939
2471;15,776;2,36183389035796
2472;15,780;2,22458460711576
2473;15,785;2,08884975776481
2474;15,789;1,98622459054607
2475;15,793;1,87570061126709
2476;15,797;1,85518151677978
2477;15,801;1,71855582396339
2478;15,805;1,66822316816601
2479;15,809;1,62730375832011
2480;15,813;1,54139675346946
2481;15,818;1,49783450800943
2482;15,822;1,43889036537945
2483;15,826;1,43538638108205
2484;15,830;1,35434932050915
2485;15,834;1,29644449525552
2486;15,838;1,2119331451674
2487;15,842;1,20171814009701
2488;15,846;1,21626858336587
2489;15,851;1,18663319074889
2490;15,855;1,14835661651713
2491;15,859;1,13315288804028
2492;15,863;1,09211469906565
2493;15,867;1,05520408481424
2494;15,871;1,00751426463099
2495;15,875;1,03112161646516
2496;15,879;1,04469213192204
2497;15,883;1,012592072384
2498;15,888;0,979660558944885
2499;15,892;0,965228894804749
2500;15,896;0,920270994582187
2501;15,900;0,951628684565692
2502;15,904;0,885231151608195
2503;15,908;0,946194539426505
2504;15,912;0,998160408243865
2505;15,916;0,917776632878954
2506;15,921;0,856189654634836
2507;15,925;0,893129963668434
2508;15,929;0,853160786852338
2509;15,933;0,8923875941139
2510;15,937;0,871126130072054
2511;15,941;0,852774754683981
2512;15,945;0,853903156406872
2513;15,949;0,847726641713151
2514;15,954;0,817289489977269
2515;15,958;0,809568846610118
2516;15,962;0,823644173364077
2517;15,966;0,808678003144677
2518;15,970;0,754128688277539
2519;15,974;0,838521259236933
2520;15,978;0,928615228375146
2521;15,982;1,15500824772575
2522;15,987;1,50561454094094
2523;15,991;2,28361783409228
2524;15,995;3,42437258637099
2525;15,999;4,96375009465212
2526;16,003;7,40115720566161
2527;16,007;10,343375613754
2528;16,011;14,1872463880009
2529;16,015;18,0444501194473
2530;16,020;21,9069395221219
2531;16,024;25,3708655583584
2532;16,028;27,5949750489593
2533;16,032;28,3499945807023
2534;16,036;26,7228986858574
2535;16,040;24,6596755251151
2536;16,044;21,6499905719067
2537;16,048;18,1449966519133
2538;16,052;14,9240927130489
2539;16,057;12,178453762997
2540;16,061;9,9267578197497
2541;16,065;8,14462546713604
2542;16,069;6,78525772843825
2543;16,073;5,78546410717441
2544;16,077;5,00496645231983
2545;16,081;4,36958719798551
2546;16,085;3,9077145559368
2547;16,090;3,51372418595466
2548;16,094;3,14800324860917
2549;16,098;2,96662751904549
2550;16,102;2,6282851708712
2551;16,106;2,50941695779926
2552;16,110;2,289794348786
2553;16,114;2,14529953869156
2554;16,118;1,98839230964531
2555;16,123;1,97464362549535
2556;16,127;1,78706168645576
2557;16,131;1,75653545037334
2558;16,135;1,70320362157563
2559;16,139;1,64060702073735
2560;16,143;1,57406101386895
2561;16,147;1,48337314908711
2562;16,151;1,35007327187503
2563;16,156;1,39158657736456
2564;16,160;1,29187149879959
2565;16,164;1,20382646963189
2566;16,168;1,15901704332023
2567;16,172;1,087422923481
2568;16,176;1,06657718638969
2569;16,180;1,13784466362493
2570;16,184;1,01957034619662
2571;16,189;0,999080946491487
2572;16,193;0,987232728401129
2573;16,197;1,01473009670106
2574;16,201;0,961338878338993
2575;16,205;0,924547043216301
2576;16,209;0,930426610088208
2577;16,213;0,850725814713468
2578;16,217;0,82435684813643
2579;16,221;0,825396165512777
2580;16,226;0,858149510258805
2581;16,230;0,924814296255933
2582;16,234;0,806064862312719
2583;16,238;0,868037872725194
2584;16,242;0,897316927956004
2585;16,246;0,885171762043833
2586;16,250;0,90800704954129
2587;16,254;0,902008703540657
2588;16,259;0,874095608290189
2589;16,263;0,820526221235036
2590;16,267;0,793593053796552
2591;16,271;0,82919709763199
2592;16,275;0,795137182469982
2593;16,279;0,713981342768355
2594;16,283;0,793058547717288
2595;16,287;0,723008556551486
2596;16,292;0,736519682443999
2597;16,296;0,735688228542922
2598;16,300;0,733045392928782
2599;16,304;0,695748746509007
2600;16,308;0,732273328592067
2601;16,312;0,667360534743638
2602;16,316;0,716683567946858
2603;16,320;0,712645077570195
2604;16,325;0,735094332899295
2605;16,329;0,710685221946226
2606;16,333;0,703053662925619
2607;16,337;0,694026449142489
2608;16,341;0,713357752342547
2609;16,345;0,686959090983328
2610;16,349;0,748456984880902
2611;16,353;0,752703338732835
2612;16,358;0,716030282738869
2613;16,362;0,746081402306394
2614;16,366;0,68173280931941
2615;16,370;0,696609895192266
2616;16,374;0,737469915473803
2617;16,378;0,673715218130446
2618;16,382;0,698599445598417
2619;16,386;0,613939621599391
2620;16,390;0,640100724701159
2621;16,395;0,632706723938003
2622;16,399;0,591401281923747
2623;16,403;0,599953379191975
2624;16,407;0,627925864006806
2625;16,411;0,604288817390452
2626;16,415;0,56681400227759
2627;16,419;0,559657559771885
2628;16,423;0,567675150960849
2629;16,428;0,590094711507767
2630;16,432;0,531892938432323
2631;16,436;0,570704018743347
2632;16,440;0,577266565605425
2633;16,444;0,560785961494776
2634;16,448;0,548492321671697
2635;16,452;0,548908048622236
2636;16,456;0,505286413597835
2637;16,461;0,53248683407595
2638;16,465;0,59983460006325
2639;16,469;0,539791750492562
2640;16,473;0,571149440476067
2641;16,477;0,548818964275692
2642;16,481;0,57011012309972
2643;16,485;0,58596713678456
2644;16,489;0,584036975942772
2645;16,494;0,571208830040429
2646;16,498;0,605625082588613
2647;16,502;0,630509310056583
2648;16,506;0,593598695805167
2649;16,510;0,612573661619049
2650;16,514;0,591638840181198
2651;16,518;0,566665528366683
2652;16,522;0,545314979978293
2653;16,527;0,595855499250949
2654;16,531;0,55404524593961
2655;16,535;0,539643276581655
2656;16,539;0,521173122064856
2657;16,543;0,517787916896183
2658;16,547;0,546057349532827
2659;16,551;0,529101628907277
2660;16,555;0,565358957950704
2661;16,560;0,55778678849446
2662;16,564;0,531566295828328
2663;16,568;0,534476384482101
2664;16,572;0,570050733535357
2665;16,576;0,608980592975105
2666;16,580;0,524142600282991
2667;16,584;0,577533818645057
2668;16,588;0,562478564079113
2669;16,592;0,536941051403153
2670;16,597;0,529131323689458
2671;16,601;0,545374369542656
2672;16,605;0,597399627924379
2673;16,609;0,575395794328
2674;16,613;0,528834375867644
2675;16,617;0,54216733306707
2676;16,621;0,507186879657441
2677;16,625;0,541840690463075
2678;16,630;0,511670791766825
2679;16,634;0,524706801144437
2680;16,638;0,489162146873362
2681;16,642;0,503712590142223
2682;16,646;0,506147562281094
2683;16,650;0,496288894596886
2684;16,654;0,501930903211342
2685;16,658;0,533555846234479
2686;16,663;0,517194021252556
2687;16,667;0,507810470083249
2688;16,671;0,534030962749381
2689;16,675;0,515679587361307
2690;16,679;0,533110424501759
2691;16,683;0,545730706928832
2692;16,687;0,535218754036634
2693;16,691;0,524083210718629
2694;16,696;0,494477512883824
2695;16,700;0,471137414089283
2696;16,704;0,498634782389212
2697;16,708;0,517609748203094
2698;16,712;0,480817913080403
2699;16,716;0,500564943231
2700;16,720;0,509265514410135
2701;16,724;0,526518182857499
2702;16,729;0,47965981657533
2703;16,733;0,518767844708167
2704;16,737;0,485390909536331
2705;16,741;0,464871815049019
2706;16,745;0,452993902176479
2707;16,749;0,485895720833414
2708;16,753;0,480164627872413
2709;16,757;0,499585015419016
2710;16,761;0,487825881675201
2711;16,766;0,444115162304256
2712;16,770;0,457685677761132
2713;16,774;0,488182219061378
2714;16,778;0,419171545271923
2715;16,782;0,472028257554724
2716;16,786;0,448420905720551
2717;16,790;0,440492398878131
2718;16,794;0,454359862156821
2719;16,799;0,519213266440887
2720;16,803;0,464159140276666
2721;16,807;0,483520138258906
2722;16,811;0,496912485022694
2723;16,815;0,555856627652672
2724;16,819;0,522093660312478
2725;16,823;0,495991946775072
2726;16,827;0,532546223640313
2727;16,832;0,47149375147546
2728;16,836;0,528596817610194
2729;16,840;0,52960644020436
2730;16,844;0,452993902176479
2731;16,848;0,435236422432032
2732;16,852;0,46424822462321
2733;16,856;0,520163499470691
2734;16,860;0,465228152435195
2735;16,865;0,414242211429819
2736;16,869;0,468761831514775
2737;16,873;0,467514650663159
2738;16,877;0,40613553589431
2739;16,881;0,456141549087702
2740;16,885;0,474611703604501
2741;16,889;0,430039835550296
2742;16,893;0,48052096525859
2743;16,898;0,454894368236085
2744;16,902;0,498812951082301
2745;16,906;0,461783557702158
2746;16,910;0,490973528586424
2747;16,914;0,481144555684398
2748;16,918;0,525538255045515
2749;16,922;0,492963078992575
2750;16,926;0,455458569097531
2751;16,930;0,454864673453904
2752;16,935;0,471642225386366
2753;16,939;0,475858884456118
2754;16,943;0,467692819356247
2755;16,947;0,491181392061694
2756;16,951;0,474463229693594
2757;16,955;0,496615537200881
2758;16,959;0,454953757800448
2759;16,963;0,470484128881294
2760;16,968;0,455161621275718
2761;16,972;0,455844601265889
2762;16,976;0,446134407492587
2763;16,980;0,459675228167283
2764;16,984;0,500505553666638
2765;16,988;0,47149375147546
2766;16,992;0,470751381920926
2767;16,996;0,470899855831833
2768;17,001;0,481025776555673
2769;17,005;0,453290849998293
2770;17,009;0,483015326961823
2771;17,013;0,459734617731645
2772;17,017;0,451538857849593
2773;17,021;0,49064688598243
2774;17,025;0,455963380394614
2775;17,029;0,513600952608612
2776;17,034;0,479273784406973
2777;17,038;0,507365048350529
2778;17,042;0,521232511629219
2779;17,046;0,484143728684714
2780;17,050;0,491478339883507
2781;17,054;0,507661996172343
2782;17,058;0,482332346971652
2783;17,062;0,463921582019216
2784;17,067;0,460417597721816
2785;17,071;0,493556974636202
2786;17,075;0,547482699077532
2787;17,079;0,604882713034079
2788;17,083;0,692452625686877
2789;17,087;0,923121693671596
2790;17,091;1,36370317689627
2791;17,095;1,91362084811267
2792;17,099;2,91970976319896
2793;17,104;4,1947740152839
2794;17,108;5,77596177687638
2795;17,112;7,73745061386539
2796;17,116;9,89860716624178
2797;17,120;11,7809297139353
2798;17,124;13,7242156494472
2799;17,128;14,8780064111035
2800;17,132;15,4953312378715
2801;17,137;15,4204409972102
2802;17,141;14,8784815276184
2803;17,145;13,7821204747008
2804;17,149;12,1703767822437
2805;17,153;10,5540600933307
2806;17,157;9,18020130092841
2807;17,161;7,7549408405702
2808;17,165;6,530268633847
2809;17,170;5,54645080539673
2810;17,174;4,71363094433862
2811;17,178;4,0860317229358
2812;17,182;3,4378837122635
2813;17,186;3,14945829293606
2814;17,190;2,73058369548595
2815;17,194;2,46481539496287
2816;17,198;2,2122612725105
2817;17,203;1,97877120021855
2818;17,207;1,83184141798524
2819;17,211;1,74774579484766
2820;17,215;1,58056417116666
2821;17,219;1,42439931167495
2822;17,223;1,38918130000787
2823;17,227;1,29196058314613
2824;17,231;1,22176211806942
2825;17,236;1,15474099468612
2826;17,240;1,12534316032658
2827;17,244;1,09582654683832
2828;17,248;1,04148509544645
2829;17,252;1,03513041205964
2830;17,256;1,03560552857455
2831;17,260;0,938236337801903
2832;17,264;0,961992163546982
2833;17,268;0,962496974844065
2834;17,273;0,910501411244523
2835;17,277;0,908511860838373
2836;17,281;0,912580045997218
2837;17,285;0,860139060664955
2838;17,289;0,880569070805723
2839;17,293;0,833859178434461
2840;17,297;0,779666200953499
2841;17,301;0,796354668539418
2842;17,306;0,743883988424974
2843;17,310;0,74753644663328
2844;17,314;0,800066516312086
2845;17,318;0,7215535122246
2846;17,322;0,747387972722373
2847;17,326;0,685266488398991
2848;17,330;0,700173269054028
2849;17,334;0,66433166696114
2850;17,339;0,663975329574964
2851;17,343;0,681198303240146
2852;17,347;0,650850235850807
2853;17,351;0,656432854900901
2854;17,355;0,649157633266471
2855;17,359;0,671963225981747
2856;17,363;0,646633576781056
2857;17,367;0,659135080079404
2858;17,372;0,614741380718287
2859;17,376;0,644139215077823
2860;17,380;0,64122912642405
2861;17,384;0,703617863787065
2862;17,388;0,660501040059746
2863;17,392;0,614949244193557
2864;17,396;0,591341892359384
2865;17,400;0,581750477714808
2866;17,405;0,608119444291846
2867;17,409;0,597369933142198
2868;17,413;0,602447740895209
2869;17,417;0,579434284704663
2870;17,421;0,562062837128574
2871;17,425;0,637368804740475
2872;17,429;0,57563335258545
2873;17,433;0,599923684409794
2874;17,437;0,557460145890465
2875;17,442;0,582284983794073
2876;17,446;0,577652597773782
2877;17,450;0,511700486549006
2878;17,454;0,577147786476699
2879;17,458;0,534773332303914
2880;17,462;0,539286939195479
2881;17,466;0,577088396912337
2882;17,470;0,541395268730355
2883;17,475;0,561023519752227
2884;17,479;0,530794231491613
2885;17,483;0,524291074193898
2886;17,487;0,535070280125728
2887;17,491;0,524291074193898
2888;17,495;0,548700185146967
2889;17,499;0,507305658786166
2890;17,503;0,534981195779184
2891;17,508;0,556183270256667
2892;17,512;0,516926768212923
2893;17,516;0,602299266984302
2894;17,520;0,520549531639048
2895;17,524;0,548225068632065
2896;17,528;0,570199207446264
