#"+EI TIC Scan 100C_1ml-min_10C-min_1.d "
#Point;X(Minutes);Y(Counts)
0;5,841;0,792219042237551
1;5,845;0,787251854153234
2;5,849;0,8303430017382
3;5,853;0,831861632490093
4;5,858;0,991602604704845
5;5,862;0,944588327677488
6;5,866;1,00840245739766
7;5,870;1,00878211508564
8;5,874;1,09562881120952
9;5,878;1,05870710105412
10;5,882;1,05443595206442
11;5,886;1,09445820000494
12;5,891;1,12125570514772
13;5,895;1,17823599648437
14;5,899;1,18617716979114
15;5,903;1,21879609281618
16;5,907;1,21180406372934
17;5,911;1,29017173815515
18;5,915;1,29703721467934
19;5,919;1,28023736198652
20;5,924;1,29681574769469
21;5,928;1,36458464499792
22;5,932;1,31333085712152
23;5,936;1,23622870832229
24;5,940;1,26391208140367
25;5,944;1,26033697150859
26;5,948;1,19465619148921
27;5,952;1,30918626069448
28;5,957;1,24037330474933
29;5,961;1,21866954025352
30;5,965;1,23252704586455
31;5,969;1,21012724227412
32;5,973;1,21053853810276
33;5,977;1,13058895664372
34;5,981;1,21250010282396
35;5,985;1,11916758786386
36;5,990;1,16703609468916
37;5,994;1,11002416521184
38;5,998;1,13270871206824
39;6,002;1,05896020617944
40;6,006;1,0291887158142
41;6,010;1,05962460713339
42;6,014;1,12362856569755
43;6,018;1,01862157683228
44;6,022;1,05541673442502
45;6,027;0,98679360732385
46;6,031;1,01479336181188
47;6,035;1,03782592821559
48;6,039;1,00773805644371
49;6,043;0,983250135569433
50;6,047;0,929908230409189
51;6,051;0,915417961984876
52;6,055;0,857045592458986
53;6,060;0,954111408017485
54;6,064;0,940696836375763
55;6,068;1,04621003549167
56;6,072;1,26935384159795
57;6,076;1,53732889302575
58;6,080;2,04347586737545
59;6,084;2,59780772995708
60;6,088;3,28147631157494
61;6,093;3,88699868575164
62;6,097;4,26137280423394
63;6,101;4,50074697650109
64;6,105;4,52602585089197
65;6,109;4,52270384612221
66;6,113;4,31617006386475
67;6,117;4,04686621052905
68;6,121;3,72703624655223
69;6,126;3,41938696673123
70;6,130;3,25426751060352
71;6,134;3,01103348517532
72;6,138;2,778841170839
73;6,142;2,60600200838917
74;6,146;2,45296832199528
75;6,150;2,33094001345254
76;6,154;2,13503664645833
77;6,159;1,9432462377505
78;6,163;1,86642883221725
79;6,167;1,83570819763208
80;6,171;1,61873382895535
81;6,175;1,52141490827154
82;6,179;1,41438307840374
83;6,183;1,38296640472395
84;6,187;1,34512718848929
85;6,191;1,27634587068479
86;6,196;1,12065458047509
87;6,200;1,12033819906845
88;6,204;1,09433164744228
89;6,208;0,989324658577005
90;6,212;1,008275904835
91;6,216;0,85315410115726
92;6,220;0,873370873041836
93;6,224;0,794307159521404
94;6,229;0,745141488928866
95;6,233;0,724893078903625
96;6,237;0,678005354438926
97;6,241;0,593088584895572
98;6,245;0,638995526999673
99;6,249;0,588817435905873
100;6,253;0,58331239943026
101;6,257;0,545188439929612
102;6,262;0,589893132688464
103;6,266;0,524402181513075
104;6,270;0,518675678052812
105;6,274;0,523073379605169
106;6,278;0,471756315447449
107;6,282;0,498870201996873
108;6,286;0,441510252972245
109;6,290;0,408385119696578
110;6,295;0,464004970984661
111;6,299;0,438346438905801
112;6,303;0,438662820312446
113;6,307;0,378233971643367
114;6,311;0,391458714441103
115;6,315;0,387693775702035
116;6,319;0,402278958548341
117;6,323;0,42151494807232
118;6,328;0,373330059840379
119;6,332;0,365547077236927
120;6,336;0,3436851220378
121;6,340;0,34482409510172
122;6,344;0,354821747551682
123;6,348;0,335838863153019
124;6,352;0,350360769717997
125;6,356;0,359599106792013
126;6,360;0,344191332288431
127;6,365;0,338085171140194
128;6,369;0,3332761737592
129;6,373;0,37696844601679
130;6,377;0,346595830978928
131;6,381;0,361845414779188
132;6,385;0,345583410477666
133;6,389;0,351373190219259
134;6,393;0,357099693679522
135;6,398;0,317488741567645
136;6,402;0,302903558721338
137;6,406;0,31438820378253
138;6,410;0,31945030628884
139;6,414;0,315558814987114
140;6,418;0,336598178528966
141;6,422;0,317520379708309
142;6,426;0,309958864089508
143;6,431;0,341438814050625
144;6,435;0,333972212853817
145;6,439;0,317520379708309
146;6,443;0,32622086839103
147;6,447;0,286135344169186
148;6,451;0,329795978286111
149;6,455;0,332738325367904
150;6,459;0,32707509818897
151;6,464;0,342166491285907
152;6,468;0,304580380176554
153;6,472;0,284331970151313
154;6,476;0,317963313677611
155;6,480;0,292747715568053
156;6,484;0,296702483151108
157;6,488;0,300688888874828
158;6,492;0,276137691719223
159;6,497;0,290311578736892
160;6,501;0,27939642020766
161;6,505;0,289647177782938
162;6,509;0,316349768503725
163;6,513;0,291165808534831
164;6,517;0,30448546575456
165;6,521;0,313787079109905
166;6,525;0,308218766352964
167;6,529;0,311635685544723
168;6,534;0,289109329391643
169;6,538;0,300435783749512
170;6,542;0,311129475294092
171;6,546;0,280472116990251
172;6,550;0,266045124847267
173;6,554;0,315052604736483
174;6,558;0,289963559189583
175;6,562;0,291387275519482
176;6,567;0,319861602117477
177;6,571;0,290279940596227
178;6,575;0,300815441437485
179;6,579;0,297968008777686
180;6,583;0,28929915823563
181;6,587;0,307364536555024
182;6,591;0,282212214726795
183;6,595;0,28616698230985
184;6,600;0,289710454064267
185;6,604;0,248296127934517
186;6,608;0,253579697425478
187;6,612;0,261172851184943
188;6,616;0,278605466691049
189;6,620;0,279364782066996
190;6,624;0,280408840708922
191;6,628;0,261615785154245
192;6,633;0,243075834724884
193;6,637;0,264305027110723
194;6,641;0,263514073594112
195;6,645;0,268196518412449
196;6,649;0,257059892898566
197;6,653;0,26898747192906
198;6,657;0,263419159172118
199;6,661;0,247188793011261
200;6,666;0,234533536745486
201;6,670;0,219663610633199
202;6,674;0,20890664280729
203;6,678;0,275536567046599
204;6,682;0,257629379430526
205;6,686;0,223966397763563
206;6,690;0,295373681243202
207;6,694;0,256079110537969
208;6,699;0,272720772527464
209;6,703;0,257566103149197
210;6,707;0,257977398977835
211;6,711;0,273163706496766
212;6,715;0,259432753448399
213;6,719;0,246176372509999
214;6,723;0,256427130085277
215;6,727;0,251270113156974
216;6,731;0,265507276455971
217;6,736;0,264684684798696
218;6,740;0,252440724361558
219;6,744;0,268734366803744
220;6,748;0,242126690504951
221;6,752;0,277719598752445
222;6,756;0,251871237829598
223;6,760;0,244626103617442
224;6,764;0,284964732964601
225;6,769;0,256332215663284
226;6,773;0,23371094508821
227;6,777;0,253674611847471
228;6,781;0,259179648323084
229;6,785;0,240449869049736
230;6,789;0,229629624942498
231;6,793;0,197548550308757
232;6,797;0,219252314804562
233;6,802;0,232635248305619
234;6,806;0,241747032816978
235;6,810;0,225042094546154
236;6,814;0,224504246154859
237;6,818;0,200807278797194
238;6,822;0,211690799185761
239;6,826;0,22665563972004
240;6,830;0,246650944619966
241;6,835;0,228395737456585
242;6,839;0,236336910763359
243;6,843;0,259116372041755
244;6,847;0,251681408985612
245;6,851;0,235261213980768
246;6,855;0,211848989889083
247;6,859;0,251649770844947
248;6,863;0,214506593704896
249;6,868;0,235640871668741
250;6,872;0,235166299558775
251;6,876;0,257819208274513
252;6,880;0,274555784686001
253;6,884;0,274967080514639
254;6,888;0,26813324213112
255;6,892;0,304675294598547
256;6,896;0,290596322002871
257;6,900;0,27376483116939
258;6,905;0,277719598752445
259;6,909;0,274587422826665
260;6,913;0,281136517944204
261;6,917;0,275315100061947
262;6,921;0,250637350343685
263;6,925;0,238678133172527
264;6,929;0,270379550118295
265;6,933;0,204888598942906
266;6,938;0,193119210615735
267;6,942;0,211564246623103
268;6,946;0,219568696211206
269;6,950;0,20947612933925
270;6,954;0,23456517488615
271;6,958;0,20919138607327
272;6,962;0,211659161045096
273;6,966;0,216911092395393
274;6,971;0,235197937699439
275;6,975;0,221561899073066
276;6,979;0,198371141966032
277;6,983;0,189290995595338
278;6,987;0,203401606331678
279;6,991;0,189670653283311
280;6,995;0,193973440413675
281;6,999;0,17960972455202
282;7,004;0,19286610549042
283;7,008;0,226845468564027
284;7,012;0,200206154124569
285;7,016;0,184924932183646
286;7,020;0,204730408239584
287;7,024;0,192454809661782
288;7,028;0,213589087625627
289;7,032;0,176097890938267
290;7,037;0,23598889121605
291;7,041;0,18210913766451
292;7,045;0,180685421334611
293;7,049;0,206027572006826
294;7,053;0,208685175822639
295;7,057;0,209729234464566
296;7,061;0,177964541237469
297;7,065;0,198750799654005
298;7,069;0,170592854462655
299;7,074;0,171478722401259
300;7,078;0,179451533848698
301;7,082;0,189322633736003
302;7,086;0,186475201076203
303;7,090;0,17960972455202
304;7,094;0,184640188917666
305;7,098;0,194701117648957
306;7,102;0,179894467818
307;7,107;0,182014223242517
308;7,111;0,153887916191831
309;7,115;0,176540824907569
310;7,119;0,150565911422065
311;7,123;0,18581080012225
312;7,127;0,180021020380657
313;7,131;0,217290750083367
314;7,135;0,187614174140123
315;7,140;0,163822292360465
316;7,144;0,189923758408627
317;7,148;0,193245763178393
318;7,152;0,172301314058534
319;7,156;0,181413098569893
320;7,160;0,183912511682383
321;7,164;0,155216718099737
322;7,168;0,16578385708166
323;7,173;0,167429040396211
324;7,177;0,171478722401259
325;7,181;0,175560042546972
326;7,185;0,175718233250294
327;7,189;0,150629187703394
328;7,193;0,178945323598067
329;7,197;0,138575056110242
330;7,201;0,15423593573914
331;7,206;0,158696913572826
332;7,210;0,155628013928375
333;7,214;0,165087817987042
334;7,218;0,155881119053691
335;7,222;0,180938526459926
336;7,226;0,173725030388434
337;7,230;0,186570115498196
338;7,234;0,176730653751556
339;7,238;0,203971092863638
340;7,243;0,20947612933925
341;7,247;0,186222095950888
342;7,251;0,173819944810427
343;7,255;0,203559797035
344;7,259;0,187455983436801
345;7,263;0,178344198925442
346;7,267;0,172427866621192
347;7,271;0,189227719314009
348;7,276;0,161765813217276
349;7,280;0,135569432747121
350;7,284;0,15252747614326
351;7,288;0,164581607736411
352;7,292;0,154014468754489
353;7,296;0,160342096887376
354;7,300;0,138068845859611
355;7,304;0,143478967913231
356;7,309;0,155944395335019
357;7,313;0,157494664227577
358;7,317;0,164043759345116
359;7,321;0,147402097355621
360;7,325;0,194669479508293
361;7,329;0,303757788519278
362;7,333;0,508076900930225
363;7,337;0,957591603490573
364;7,342;1,88689870922714
365;7,346;3,5684342474014
366;7,350;5,78769162430847
367;7,354;8,85105459414277
368;7,358;12,5469272721405
369;7,362;15,7421580122642
370;7,366;18,9578269912571
371;7,370;20,7477547993477
372;7,375;21,8262673764578
373;7,379;21,2504848545057
374;7,383;20,3034287518564
375;7,387;18,8335523747272
376;7,391;16,8590476540002
377;7,395;14,9489898258067
378;7,399;13,0943620200573
379;7,403;11,499008777053
380;7,407;9,90976169519689
381;7,412;8,57561294151816
382;7,416;7,44252457176195
383;7,420;6,30257072548155
384;7,424;5,36690435347143
385;7,428;4,63688589578017
386;7,432;3,89649012795097
387;7,436;3,3303572389015
388;7,440;2,77298811481608
389;7,445;2,26813830423363
390;7,449;1,98092726328185
391;7,453;1,59703006445955
392;7,457;1,35142317848151
393;7,461;1,14207360170492
394;7,465;0,956389354145324
395;7,469;0,92478285162155
396;7,473;0,813321682060731
397;7,478;0,726538262218175
398;7,482;0,633395576102067
399;7,486;0,626182080030575
400;7,490;0,573409661402291
401;7,494;0,497225018682322
402;7,498;0,467896462286387
403;7,502;0,374374118482306
404;7,506;0,356340378303576
405;7,511;0,341090794503316
406;7,515;0,324828790201794
407;7,519;0,291577104363469
408;7,523;0,228553928159907
409;7,527;0,240386592768407
410;7,531;0,251270113156974
411;7,535;0,227066935548678
412;7,539;0,20833715627533
413;7,544;0,223048891684294
414;7,548;0,182552071633813
415;7,552;0,190936178909889
416;7,556;0,195871728853541
417;7,560;0,209381214917257
418;7,564;0,199699943873938
419;7,568;0,181887670679859
420;7,572;0,171099064713286
421;7,576;0,176002976516274
422;7,581;0,158190703322195
423;7,585;0,185968990825572
424;7,589;0,196441215385501
425;7,593;0,185083122886968
426;7,597;0,146674420120339
427;7,601;0,137309530483665
428;7,605;0,151040483532031
429;7,609;0,149300385795487
430;7,614;0,135316327621805
431;7,618;0,133860973151241
432;7,622;0,147781755043594
433;7,626;0,130665520944133
434;7,630;0,13756263560898
435;7,634;0,119370704726928
436;7,638;0,117630606990384
437;7,642;0,138891437516887
438;7,647;0,159044933120134
439;7,651;0,138923075657551
440;7,655;0,130064396271508
441;7,659;0,126710753361078
442;7,663;0,130697159084797
443;7,667;0,128925423207589
444;7,671;0,145851828463063
445;7,675;0,156482243726315
446;7,680;0,129558186020877
447;7,684;0,133797696869912
448;7,688;0,138385227266256
449;7,692;0,135695985309779
450;7,696;0,131899408430046
451;7,700;0,153002048253227
452;7,704;0,127533345018353
453;7,708;0,147338821074292
454;7,713;0,162240385327243
455;7,717;0,119782000555566
456;7,721;0,105544837256568
457;7,725;0,135442880184463
458;7,729;0,156039309757013
459;7,733;0,112378675640087
460;7,737;0,143826987460539
461;7,741;0,124654274217889
462;7,745;0,121775203417425
463;7,750;0,125413589593836
464;7,754;0,116776377192444
465;7,758;0,0867201435612271
466;7,762;0,155786204631697
467;7,766;0,0952624415406256
468;7,770;0,0805190679909971
469;7,774;0,111587722123476
470;7,778;0,104310949770655
471;7,783;0,10541828469391
472;7,787;0,110733492325536
473;7,791;0,12380004441995
474;7,795;0,107379849415106
475;7,799;0,114403516642611
476;7,803;0,107791145243743
477;7,807;0,0994070379676671
478;7,811;0,114624983627262
479;7,816;0,0948511457119879
480;7,820;0,103678186957366
481;7,824;0,0803292391470104
482;7,828;0,101305326407533
483;7,832;0,0889031752670734
484;7,836;0,141865422739344
485;7,840;0,0819427843208968
486;7,844;0,078209483722493
487;7,849;0,106715448461152
488;7,853;0,0921619037555106
489;7,857;0,0707745206663499
490;7,861;0,0988059132950427
491;7,865;0,104121120926668
492;7,869;0,0896308525023555
493;7,873;0,104216035348662
494;7,877;0,107569678259092
495;7,882;0,118643027491646
496;7,886;0,091687331645544
497;7,890;0,0966545197298609
498;7,894;0,114340240361282
499;7,898;0,111745912826798
500;7,902;0,104152759067333
501;7,906;0,117852073975035
502;7,910;0,0763111952826267
503;7,914;0,10263412831544
504;7,919;0,11275833332806
505;7,923;0,0813732977889369
506;7,927;0,108487184338361
507;7,931;0,0962115857605588
508;7,935;0,0779563785971775
509;7,939;0,101874812939493
510;7,943;0,0983313411850762
511;7,947;0,103361805550722
512;7,952;0,107854421525072
513;7,956;0,106209238210521
514;7,960;0,103804739520024
515;7,964;0,111556083982812
516;7,968;0,0882387743131202
517;7,972;0,0859608281852806
518;7,976;0,0943132973206924
519;7,980;0,0870365249678715
520;7,985;0,0726728091062162
521;7,989;0,0994070379676671
522;7,993;0,0822908038682056
523;7,997;0,0902952534563087
524;8,001;0,0637508534388444
525;8,005;0,0964963290265387
526;8,009;0,0893461092363755
527;8,013;0,0974771113871363
528;8,018;0,0979833216377673
529;8,022;0,0901370627529865
530;8,026;0,114783174330584
531;8,030;0,0871947156711937
532;8,034;0,0820693368835546
533;8,038;0,0968443485738475
534;8,042;0,0888398989857445
535;8,046;0,088586793860429
536;8,051;0,0896624906430199
537;8,055;0,12038312522819
538;8,059;0,261299403747601
539;8,063;0,455779054411907
540;8,067;0,958888767257815
541;8,071;1,90350873307597
542;8,075;3,24607323217143
543;8,079;5,19726064322871
544;8,083;7,78383683324992
545;8,088;10,3075163996302
546;8,092;12,5962827715771
547;8,096;14,2982565486205
548;8,100;15,11961431841
549;8,104;15,1319531932692
550;8,108;14,3188213400524
551;8,112;13,0543714102575
552;8,116;11,4049802229983
553;8,121;9,88498903105663
554;8,125;8,28248556826214
555;8,129;6,94881138669338
556;8,133;5,66284752124659
557;8,137;4,59436423472716
558;8,141;3,70083986608208
559;8,145;2,89691471179869
560;8,149;2,34773986614535
561;8,154;1,91992892808081
562;8,158;1,46674420120339
563;8,162;1,15754465248983
564;8,166;0,969835563927711
565;8,170;0,788960313749113
566;8,174;0,649973961810233
567;8,178;0,582236702647669
568;8,182;0,507285947413614
569;8,187;0,387155927310739
570;8,191;0,380353727067885
571;8,195;0,337041112498268
572;8,199;0,312300086498677
573;8,203;0,277213388501814
574;8,207;0,231053341272397
575;8,211;0,220264735305824
576;8,215;0,181413098569893
577;8,220;0,222574319574328
578;8,224;0,183216472587766
579;8,228;0,142782928818613
580;8,232;0,146990801526983
581;8,236;0,151515055641998
582;8,240;0,132279066118019
583;8,244;0,134936669933832
584;8,248;0,126742391501742
585;8,252;0,136075642997752
586;8,257;0,128261022253635
587;8,261;0,118358284225666
588;8,265;0,134746841089845
589;8,269;0,141960337161337
590;8,273;0,142213442286653
591;8,277;0,156039309757013
592;8,281;0,173788306669763
593;8,285;0,196662682370152
594;8,290;0,213715640188285
595;8,294;0,179546448270691
596;8,298;0,169295690695413
597;8,302;0,201092022063174
598;8,306;0,190366692377929
599;8,310;0,178882047316738
600;8,314;0,163948844923123
601;8,318;0,176382634204247
602;8,323;0,123198919747325
603;8,327;0,15081901654738
604;8,331;0,131456474460744
605;8,335;0,146294762432366
606;8,339;0,119054323320284
607;8,343;0,103393443691386
608;8,347;0,129083613910911
609;8,351;0,141580679473364
610;8,356;0,122914176481345
611;8,360;0,110164005793576
612;8,364;0,143953540023197
613;8,368;0,118706303772975
614;8,372;0,183121558165772
615;8,376;0,152907133831233
616;8,380;0,148129774590903
617;8,384;0,125635056578487
618;8,389;0,131519750742073
619;8,393;0,121743565276761
620;8,397;0,106051047507199
621;8,401;0,112979800312711
622;8,405;0,0982047886224184
623;8,409;0,111967379811449
624;8,413;0,0825755471341856
625;8,417;0,0988691895763716
626;8,421;0,093269238678766
627;8,426;0,0604288486690783
628;8,430;0,0947245931493301
629;8,434;0,0620740319836292
630;8,438;0,0723247895589074
631;8,442;0,0812467452262792
632;8,446;0,0677372591625637
633;8,450;0,0658389707226974
634;8,454;0,0629598999222335
635;8,459;0,0518865506896798
636;8,463;0,0685914889605036
637;8,467;0,069414080617779
638;8,471;0,0976985783717874
639;8,475;0,0700784815717322
640;8,479;0,0622005845462869
641;8,483;0,0608717826383805
642;8,487;0,0720716844335919
643;8,492;0,0479001449659605
644;8,496;0,0565057192266879
645;8,500;0,0429329568816436
646;8,504;0,0397058665338708
647;8,508;0,0543543256615061
648;8,512;0,0634977483135289
649;8,516;0,0532786288789151
650;8,520;0,0763744715639556
651;8,525;0,0441668443675567
652;8,529;0,0576763304312722
653;8,533;0,0450210741654966
654;8,537;0,057739606712601
655;8,541;0,0335997053856341
656;8,545;0,0486278222012426
657;8,549;0,0526775042062908
658;8,553;0,0737801440294716
659;8,558;0,0590051323391786
660;8,562;0,0531837144569218
661;8,566;0,065807332582033
662;8,570;0,0517916362676865
663;8,574;0,047931783106625
664;8,578;0,0425849373343348
665;8,582;0,0473939347153295
666;8,586;0,051823274408351
667;8,590;0,0502097292344646
668;8,595;0,0732739337788405
669;8,599;0,0664084572546573
670;8,603;0,0527407804876197
671;8,607;0,0720716844335919
672;8,611;0,0476786779813095
673;8,615;0,0509057683290822
674;8,619;0,081088554522957
675;8,623;0,062928261781569
676;8,628;0,0672943251932616
677;8,632;0,0617892887176492
678;8,636;0,069129337351799
679;8,640;0,0731157430755184
680;8,644;0,0417623456770594
681;8,648;0,0722931514182429
682;8,652;0,0466662574800474
683;8,656;0,0561893378200435
684;8,661;0,0616943742956559
685;8,665;0,0685914889605036
686;8,669;0,0639090441421666
687;8,673;0,0536899247075528
688;8,677;0,0522978465183175
689;8,681;0,0734321244821627
690;8,685;0,0570752057586478
691;8,689;0,0594480663084807
692;8,694;0,0632762813288778
693;8,698;0,0594164281678163
694;8,702;0,0615045454516693
695;8,706;0,0619474794209714
696;8,710;0,0531204381755929
697;8,714;0,061915841280307
698;8,718;0,0582458169632321
699;8,722;0,0532153525975863
700;8,727;0,0514119785797132
701;8,731;0,0647949120807709
702;8,735;0,0560311471167213
703;8,739;0,0522345702369887
704;8,743;0,0521080176743309
705;8,747;0,0457487514007787
706;8,751;0,0603972105284139
707;8,755;0,0357827370914804
708;8,759;0,0454956462754632
709;8,764;0,060840144497716
710;8,768;0,044040291804899
711;8,772;0,0557464038507414
712;8,776;0,0424267466310126
713;8,780;0,0507159394850956
714;8,784;0,0612514403263538
715;8,788;0,0447996071808455
716;8,792;0,0457803895414431
717;8,797;0,0781778455818286
718;8,801;0,0968443485738475
719;8,805;0,120826059197492
720;8,809;0,287211040951777
721;8,813;0,643551419255352
722;8,817;1,54087236478017
723;8,821;3,162295435692
724;8,825;6,10179508482502
725;8,830;10,457924120349
726;8,834;16,5372561253022
727;8,838;22,8176168760373
728;8,842;29,9341104082522
729;8,846;35,2294176494
730;8,850;39,2513846432262
731;8,854;39,9601106322503
732;8,858;38,5986265250375
733;8,863;34,7575347813899
734;8,867;30,0576889856875
735;8,871;24,678066099669
736;8,875;19,3992106916667
737;8,879;15,0910450773901
738;8,883;11,2874128922892
739;8,887;8,61313577634619
740;8,891;6,36037360847548
741;8,896;4,76717175903633
742;8,900;3,63693082193991
743;8,904;2,80013363950617
744;8,908;2,15987258687992
745;8,912;1,79097186673256
746;8,916;1,45399403051562
747;8,920;1,16181580147953
748;8,924;0,994291846661322
749;8,928;0,837018649418396
750;8,933;0,750709801685807
751;8,937;0,707808482944828
752;8,941;0,581477387271723
753;8,945;0,501812549078666
754;8,949;0,479381107347579
755;8,953;0,44489553402334
756;8,957;0,373614803106359
757;8,961;0,348652310122117
758;8,966;0,334510061245113
759;8,970;0,296607568729115
760;8,974;0,263608988016105
761;8,978;0,261805613998232
762;8,982;0,266930992785871
763;8,986;0,248011384668537
764;8,990;0,213842192750943
765;8,994;0,202262633267758
766;8,999;0,183627768416404
767;9,003;0,176382634204247
768;9,007;0,166448258035613
769;9,011;0,172206399636541
770;9,015;0,13420899269855
771;9,019;0,160057353621397
772;9,023;0,15702009211761
773;9,027;0,137151339780343
774;9,032;0,129083613910911
775;9,036;0,139492562189511
776;9,040;0,128609041800944
777;9,044;0,132722000087321
778;9,048;0,152369285439938
779;9,052;0,209159747932606
780;9,056;0,205584638037524
781;9,060;0,202041166283107
782;9,065;0,15537490880306
783;9,069;0,159266400104786
784;9,073;0,138828161235558
785;9,077;0,0790637135204329
786;9,081;0,0925415614434839
787;9,085;0,0920353511928528
788;9,089;0,0883969650164424
789;9,093;0,083682882057441
790;9,097;0,0762795571419622
791;9,102;0,0681485549912014
792;9,106;0,0767857673925933
793;9,110;0,0805190679909971
794;9,114;0,0635926627355222
795;9,118;0,081310021507608
796;9,122;0,0734004863414983
797;9,126;0,0541961349581839
798;9,130;0,0635293864541934
799;9,135;0,0532153525975863
800;9,139;0,068907870367148
801;9,143;0,0948511457119879
802;9,147;0,0863721240139183
803;9,151;0,0662819046919995
804;9,155;0,0792219042237551
805;9,159;0,0520763795336665
806;9,163;0,0571068438993123
807;9,168;0,060112467262434
808;9,172;0,0629598999222335
809;9,176;0,0655542274567174
810;9,180;0,0625169659529313
811;9,184;0,0592582374644941
812;9,188;0,0605870393724005
813;9,192;0,0709327113696721
814;9,196;0,0543226875208416
815;9,201;0,0484063552165916
816;9,205;0,0538164772702106
817;9,209;0,0495453282805113
818;9,213;0,0599226384184473
819;9,217;0,0408764777384551
820;9,221;0,0523611227996464
821;9,225;0,0508741301884178
822;9,229;0,0428696806003147
823;9,234;0,0545125163648283
824;9,238;0,0737485058888071
825;9,242;0,0553351080221037
826;9,246;0,0618842031396425
827;9,250;0,0593531518864874
828;9,254;0,0375228348280246
829;9,258;0,0543543256615061
830;9,262;0,0688445940858191
831;9,266;0,0440719299455634
832;9,271;0,058530560229212
833;9,275;0,0461916853700808
834;9,279;0,0601441054030984
835;9,283;0,0696355476024301
836;9,287;0,0524876753623042
837;9,291;0,0616943742956559
838;9,295;0,0821642513055479
839;9,299;0,0733688482008339
840;9,304;0,0648898265027642
841;9,308;0,0528989711909419
842;9,312;0,0722615132775785
843;9,316;0,0418888982397171
844;9,320;0,0393262088458976
845;9,324;0,0490074798892159
846;9,328;0,0783043981444863
847;9,332;0,0385352553292866
848;9,337;0,0596695332931318
849;9,341;0,0298347666465659
850;9,345;0,0466662574800474
851;9,349;0,0549554503341304
852;9,353;0,051823274408351
853;9,357;0,0303409768971969
854;9,361;0,0410030303011128
855;9,365;0,0381555976413133
856;9,370;0,06371921529818
857;9,374;0,0666932005206372
858;9,378;0,0617892887176492
859;9,382;0,0908014637069397
860;9,386;0,117567330709055
861;9,390;0,124685912358554
862;9,394;0,168441460897473
863;9,398;0,188025469968761
864;9,403;0,189987034689956
865;9,407;0,203243415628356
866;9,411;0,231432998960371
867;9,415;0,208147327431344
868;9,419;0,216563072848084
869;9,423;0,209507767479915
870;9,427;0,189955396549291
871;9,431;0,186317010372881
872;9,435;0,13620219556041
873;9,440;0,142941119521935
874;9,444;0,129241804614233
875;9,448;0,134905031793168
876;9,452;0,101368602688862
877;9,456;0,0541961349581839
878;9,460;0,0760897282979756
879;9,464;0,0857393612006295
880;9,468;0,0535317340042307
881;9,473;0,0591000467611719
882;9,477;0,0553667461627681
883;9,481;0,0613779928890115
884;9,485;0,0685282126791747
885;9,489;0,0667881149426306
886;9,493;0,0403702674878241
887;9,497;0,0509690446104111
888;9,501;0,0314483118204523
889;9,506;0,0356878226694871
890;9,510;0,0240449869049736
891;9,514;0,0322392653370633
892;9,518;0,0219885077617851
893;9,522;0,038566893469951
894;9,526;0,0348968691528761
895;9,530;0,0309421015698213
896;9,534;0,052044741393002
897;9,539;0,0349285072935406
898;9,543;0,0363205854827759
899;9,547;0,0150913930969374
900;9,551;0,0268607814241086
901;9,555;0,0443250350708789
902;9,559;0,0534368195822373
903;9,563;0,100324544046936
904;9,567;0,272847325090121
905;9,572;0,611185601355631
906;9,576;1,42352650105576
907;9,580;2,80260141447799
908;9,584;5,07478940071667
909;9,588;8,39625632209146
910;9,592;12,6563952388395
911;9,596;17,3388716953171
912;9,600;20,9958610984383
913;9,604;23,2614999895594
914;9,609;24,2029877794518
915;9,613;23,2281217511584
916;9,617;20,7912572427614
917;9,621;17,1019336598811
918;9,625;13,492180000772
919;9,629;10,3370031467295
920;9,633;7,58274481118674
921;9,637;5,40730625909992
922;9,642;4,01984723840162
923;9,646;2,94810522339375
924;9,650;2,2382718994464
925;9,654;1,68166209073692
926;9,658;1,30026430502711
927;9,662;1,05411957065778
928;9,666;0,841827646799391
929;9,670;0,719419680568677
930;9,675;0,579231079284548
931;9,679;0,499376412247504
932;9,683;0,377569570689414
933;9,687;0,404398713972858
934;9,691;0,366939155426163
935;9,695;0,328119156830896
936;9,699;0,249561653561094
937;9,703;0,222890700980972
938;9,708;0,213241068078318
939;9,712;0,209412853057921
940;9,716;0,172775886168501
941;9,720;0,154014468754489
942;9,724;0,170656130743984
943;9,728;0,132943467071972
944;9,732;0,137973931437618
945;9,736;0,127976278987655
946;9,741;0,133259848478617
947;9,745;0,10570302795989
948;9,749;0,115289384581215
949;9,753;0,100292905906271
950;9,757;0,0817845936175746
951;9,761;0,075615156188009
952;9,765;0,0675474303185771
953;9,769;0,0586571127918698
954;9,773;0,0702999485563833
955;9,778;0,0451792648688188
956;9,782;0,0768174055332577
957;9,786;0,0841574541674075
958;9,790;0,05723339646197
959;9,794;0,0630231762035623
960;9,798;0,0468877244646985
961;9,802;0,058530560229212
962;9,806;0,0591949611831652
963;9,811;0,0429013187409792
964;9,815;0,0607768682163872
965;9,819;0,0490074798892159
966;9,823;0,0595113425898096
967;9,827;0,0447363308995166
968;9,831;0,0446414164775233
969;9,835;0,0259432753448399
970;9,839;0,0467928100427052
971;9,844;0,0371748152807157
972;9,848;0,0416357931144016
973;9,852;0,0751722222187069
974;9,856;0,0404651819098174
975;9,860;0,0364787761860981
976;9,864;0,0463182379327386
977;9,868;0,0355296319661649
978;9,872;0,040939754019784
979;9,877;0,0322392653370633
980;9,881;0,0324923704623788
981;9,885;0,0360991184981248
982;9,889;0,0237918817796581
983;9,893;0,0207229821352075
984;9,897;0,0354030794035072
985;9,901;0,0155659652069039
986;9,905;0,0355929082474938
987;9,910;0,0550503647561237
988;9,914;0,0316065025237745
989;9,918;0,0407815633164618
990;9,922;0,0360991184981248
991;9,926;0,0418572600990527
992;9,930;0,0430911475849658
993;9,934;0,0270822484087597
994;9,938;0,0283794121760017
995;9,942;0,0311319304138079
996;9,947;0,0344222970429095
997;9,951;0,0205331532912209
998;9,955;0,0580559881192454
999;9,959;0,0617892887176492
1000;9,963;0,073811782170136
1001;9,967;0,0913709502388996
1002;9,971;0,10291887158142
1003;9,975;0,0908014637069397
1004;9,980;0,135094860637154
1005;9,984;0,112821609609389
1006;9,988;0,114150411517296
1007;9,992;0,102792319018762
1008;9,996;0,0768806818145866
1009;10,000;0,0744445449834248
1010;10,004;0,0643519781114688
1011;10,008;0,0614096310296759
1012;10,013;0,0249624929842423
1013;10,017;0,047931783106625
1014;10,021;0,040655010753804
1015;10,025;0,0199003904779321
1016;10,029;0,0414143261297506
1017;10,033;0,0349285072935406
1018;10,037;0,0355612701068293
1019;10,041;0,0342957444802518
1020;10,046;0,0196156472119521
1021;10,050;0,0358143752321449
1022;10,054;0,0305308057411836
1023;10,058;0,0263545711734776
1024;10,062;0,023064204544376
1025;10,066;0,0110417110918892
1026;10,070;0,0337578960889563
1027;10,074;0,0244879208742757
1028;10,079;0,0200269430405898
1029;10,083;0,0290754512706194
1030;10,087;0,0181602927413879
1031;10,091;0,0109784348105603
1032;10,095;0,0239817106236447
1033;10,099;0,0145219065649775
1034;10,103;0,029771490365237
1035;10,107;0,0191410751019855
1036;10,111;0,0174009773654414
1037;10,116;0,026670952580122
1038;10,120;0,0371748152807157
1039;10,124;0,0232223952476982
1040;10,128;0,023064204544376
1041;10,132;0,0727360853875451
1042;10,136;0,0782727600038219
1043;10,140;0,0889348134077378
1044;10,144;0,101083859422882
1045;10,149;0,105196817709259
1046;10,153;0,0998183337963048
1047;10,157;0,120224934524868
1048;10,161;0,0752987747813646
1049;10,165;0,078209483722493
1050;10,169;0,0923200944588328
1051;10,173;0,0727360853875451
1052;10,177;0,0350550598561983
1053;10,182;0,0602073816844273
1054;10,186;0,0255636176568666
1055;10,190;0,0544808782241638
1056;10,194;0,0467295337613763
1057;10,198;0,0299929573498881
1058;10,202;0,0564108048046946
1059;10,206;0,0571068438993123
1060;10,210;0,0698570145870811
1061;10,215;0,0180653783193946
1062;10,219;0,0258167227821822
1063;10,223;0,0345172114649029
1064;10,227;0,0265127618767998
1065;10,231;0,00588469416358564
1066;10,235;0,00632762813288778
1067;10,239;0,0302460624752036
1068;10,243;0,0133196572197288
1069;10,248;0,00866885054205626
1070;10,252;0,0198054760559388
1071;10,256;0,0185083122886968
1072;10,260;0
1073;10,264;0,00901687008936509
1074;10,268;0,0160405373168705
1075;10,272;0,00721349607149207
1076;10,276;0,0172111485214548
1077;10,280;0,0229376519817182
1078;10,285;0,0115162832018558
1079;10,289;0,0191410751019855
1080;10,293;0,0259749134855044
1081;10,297;0,0295183852399215
1082;10,301;0,0371431771400513
1083;10,305;0,0585621983698764
1084;10,309;0,153128600815884
1085;10,313;0,420882185259031
1086;10,318;1,12865903006319
1087;10,322;2,74464034078074
1088;10,326;5,52053916453795
1089;10,330;10,6194684665816
1090;10,334;17,9438245829619
1091;10,338;26,9681929116644
1092;10,342;37,0426627671604
1093;10,346;47,0487626006805
1094;10,351;54,3531234121608
1095;10,355;56,5957930131596
1096;10,359;54,2895940257066
1097;10,363;47,8520549921506
1098;10,367;39,3433567181377
1099;10,371;30,3453745987493
1100;10,375;22,1337901037162
1101;10,379;15,5057894633602
1102;10,384;10,8505534459946
1103;10,388;7,51216011936438
1104;10,392;5,57574771999739
1105;10,396;4,17129901776229
1106;10,400;3,17659587527233
1107;10,404;2,50567746434223
1108;10,408;1,99835987878796
1109;10,412;1,6454680578168
1110;10,417;1,47348312516491
1111;10,421;1,25527486900228
1112;10,425;1,16355589921607
1113;10,429;0,997677127712417
1114;10,433;0,914563732186936
1115;10,437;0,852964272313273
1116;10,441;0,771021487992377
1117;10,445;0,698854889136791
1118;10,449;0,556356703584158
1119;10,454;0,511367267559326
1120;10,458;0,493997928334549
1121;10,462;0,375639644108883
1122;10,466;0,377854313955394
1123;10,470;0,325018619045781
1124;10,474;0,313692164687912
1125;10,478;0,267532117458496
1126;10,482;0,260128792543017
1127;10,487;0,233173096696915
1128;10,491;0,225991238766087
1129;10,495;0,201408403469818
1130;10,499;0,164708160299069
1131;10,503;0,167840336224848
1132;10,507;0,155469823225053
1133;10,511;0,146389676854359
1134;10,515;0,139998772440142
1135;10,520;0,144523026555157
1136;10,524;0,151356864938676
1137;10,528;0,111872465389456
1138;10,532;0,121300631307459
1139;10,536;0,10348835811338
1140;10,540;0,133860973151241
1141;10,544;0,144238283289177
1142;10,548;0,216974368676722
1143;10,553;0,191189284035204
1144;10,557;0,208875004666626
1145;10,561;0,187898917406103
1146;10,565;0,174389431342387
1147;10,569;0,161133050403987
1148;10,573;0,18973392956464
1149;10,577;0,206565420398122
1150;10,581;0,208463708837988
1151;10,586;0,187740726702781
1152;10,590;0,205616276178189
1153;10,594;0,183880873541719
1154;10,598;0,219979992039844
1155;10,602;0,174167964357736
1156;10,606;0,173851582951092
1157;10,610;0,157494664227577
1158;10,614;0,132848552649979
1159;10,618;0,0968127104331831
1160;10,623;0,0922568181775039
1161;10,627;0,0698570145870811
1162;10,631;0,0918771604895306
1163;10,635;0,0602073816844273
1164;10,639;0,0711541783543231
1165;10,643;0,0530888000349285
1166;10,647;0,0471091914493496
1167;10,651;0,0447996071808455
1168;10,656;0,0641305111268177
1169;10,660;0,0459069421041009
1170;10,664;0,0352765268408494
1171;10,668;0,0389781892985888
1172;10,672;0,0506526632037667
1173;10,676;0,0578345211345943
1174;10,680;0,0635610245948578
1175;10,684;0,0331251332756676
1176;10,689;0,0534051814415729
1177;10,693;0,0478052305439672
1178;10,697;0,0336313435262986
1179;10,701;0,104374226051984
1180;10,705;0,122566156934036
1181;10,709;0,129842929286857
1182;10,713;0,105481560975239
1183;10,717;0,107854421525072
1184;10,722;0,118168455381679
1185;10,726;0,125635056578487
1186;10,730;0,0700468434310678
1187;10,734;0,0757417087506668
1188;10,738;0,0679587261472148
1189;10,742;0,0563158903827013
1190;10,746;0,0369849864367291
1191;10,750;0,0534684577229018
1192;10,755;0,0358143752321449
1193;10,759;0,0414776024110794
1194;10,763;0,027461906096733
1195;10,767;0,025879999063511
1196;10,771;0,0498300715464913
1197;10,775;0,0504311962191156
1198;10,779;0,0410346684417773
1199;10,783;0,0266393144394576
1200;10,787;0,0330302188536742
1201;10,792;0,0173377010841125
1202;10,796;0,014490268424313
1203;10,800;0,0142055251583331
1204;10,804;0,0220517840431139
1205;10,808;0,0335680672449697
1206;10,812;0,0299613192092237
1207;10,816;0,0202800481659054
1208;10,820;0,0185083122886968
1209;10,825;0,0338844486516141
1210;10,829;0,0111366255138825
1211;10,833;0,0357194608101515
1212;10,837;0,0444199494928723
1213;10,841;0,138100484000276
1214;10,845;0,354473728004374
1215;10,849;0,822117085165445
1216;10,853;1,84171944435832
1217;10,858;3,66081761814156
1218;10,862;6,58788347799346
1219;10,866;10,7197613724879
1220;10,870;15,5775764045278
1221;10,874;20,7294995921844
1222;10,878;24,4537833204988
1223;10,882;26,7315396194944
1224;10,886;26,5424068146024
1225;10,891;23,7273399727026
1226;10,895;19,8401198199663
1227;10,899;15,6083603153943
1228;10,903;11,6061355213428
1229;10,907;8,47680702822312
1230;10,911;5,98327860989603
1231;10,915;4,29902219162463
1232;10,919;3,11895118298172
1233;10,924;2,28193253356332
1234;10,928;1,80134917687049
1235;10,932;1,37629075704376
1236;10,936;1,12894377332917
1237;10,940;0,971607299804919
1238;10,944;0,728879484627344
1239;10,948;0,615931322455297
1240;10,952;0,588279587514577
1241;10,956;0,460872795058882
1242;10,961;0,395666587149473
1243;10,965;0,343463655053149
1244;10,969;0,273891383732048
1245;10,973;0,232002485492331
1246;10,977;0,244246445929468
1247;10,981;0,240861164878374
1248;10,985;0,170244834915346
1249;10,989;0,19735872146477
1250;10,994;0,15702009211761
1251;10,998;0,128514127378951
1252;11,002;0,112600142624738
1253;11,006;0,137436083046323
1254;11,010;0,153128600815884
1255;11,014;0,0787473321137885
1256;11,018;0,0925415614434839
1257;11,022;0,114150411517296
1258;11,027;0,0900105101903287
1259;11,031;0,120066743821546
1260;11,035;0,0961166713385655
1261;11,039;0,201788061157791
1262;11,043;0,484791229401198
1263;11,047;1,16384064248205
1264;11,051;2,35618724970276
1265;11,055;4,71057112538765
1266;11,060;8,39600321696614
1267;11,064;13,3039330638186
1268;11,068;19,1496173999649
1269;11,072;24,744442918783
1270;11,076;28,9914203690146
1271;11,080;30,7469258800623
1272;11,084;29,142713957672
1273;11,088;25,3393981539778
1274;11,093;20,3724948129268
1275;11,097;15,550399241697
1276;11,101;11,2385319649627
1277;11,105;7,79579605042107
1278;11,109;5,49057784532872
1279;11,113;3,86203619276739
1280;11,117;2,80298107216597
1281;11,121;2,16458666983892
1282;11,125;1,57140317052135
1283;11,130;1,29697393839801
1284;11,134;1,03228925359931
1285;11,138;0,846288624633077
1286;11,142;0,693413128942508
1287;11,146;0,552781593689077
1288;11,150;0,539493574610012
1289;11,154;0,43477132901072
1290;11,158;0,420154508023749
1291;11,163;0,352796906549158
1292;11,167;0,338717933953483
1293;11,171;0,272119647854839
1294;11,175;0,228553928159907
1295;11,179;0,216721263551407
1296;11,183;0,204508941254933
1297;11,187;0,208368794415995
1298;11,191;0,154742145989771
1299;11,196;0,147655202480936
1300;11,200;0,166479896176278
1301;11,204;0,135601070887785
1302;11,208;0,111682636545469
1303;11,212;0,138321950984927
1304;11,216;0,138227036562934
1305;11,220;0,117598968849719
1306;11,224;0,10541828469391
1307;11,229;0,0932059623974371
1308;11,233;0,0664400953953217
1309;11,237;0,0807088968349837
1310;11,241;0,0928579428501282
1311;11,245;0,0433126145696169
1312;11,249;0,0596062570118029
1313;11,253;0,101874812939493
1314;11,257;0,0871947156711937
1315;11,262;0,0628333473595757
1316;11,266;0,0535000958635662
1317;11,270;0,0405917344724751
1318;11,274;0,0798230288963794
1319;11,278;0,0762479190012978
1320;11,282;0,0377443018126756
1321;11,286;0,041445964270415
1322;11,290;0,0784625888478085
1323;11,294;0,0715654741829608
1324;11,299;0,0400855242218441
1325;11,303;0,0589102179171853
1326;11,307;0,053626648426224
1327;11,311;0,0686864033824969
1328;11,315;0,0683700219758525
1329;11,319;0,0305308057411836
1330;11,323;0,0341059156362652
1331;11,327;0,035466355684836
1332;11,332;0,0609983352010382
1333;11,336;0,0416990693957305
1334;11,340;0,0316697788051034
1335;11,344;0,0369217101554002
1336;11,348;0,0552085554594459
1337;11,352;0,0253421506722156
1338;11,356;0,0399906097998508
1339;11,360;0,0311319304138079
1340;11,365;0,0417939838177238
1341;11,369;0,0379024925159978
1342;11,373;0,0423001940683548
1343;11,377;0,0237602436389936
1344;11,381;0,0268291432834442
1345;11,385;0,0325556467437077
1346;11,389;0,0217037644958051
1347;11,393;0,0320177983524122
1348;11,398;0,0348968691528761
1349;11,402;0,0233805859510204
1350;11,406;0,0189196081173345
1351;11,410;0,0356561845288227
1352;11,414;0,0297082140839081
1353;11,418;0,0304675294598547
1354;11,422;0,0381872357819778
1355;11,426;0,0239500724829803
1356;11,431;0,024582835296269
1357;11,435;0,0280946689100218
1358;11,439;0,0483430789352627
1359;11,443;0,0401171623625086
1360;11,447;0,0366686050300847
1361;11,451;0,0472357440120073
1362;11,455;0,0264178474548065
1363;11,459;0,0219252314804562
1364;11,463;0,0327138374470298
1365;11,468;0,038566893469951
1366;11,472;0,0262596567514843
1367;11,476;0,0290438131299549
1368;11,480;0,0211342779638452
1369;11,484;0,0352132505595205
1370;11,488;0,0309737397104857
1371;11,492;0,0480899738099472
1372;11,496;0,0396109521118775
1373;11,501;0,0401171623625086
1374;11,505;0,0303726150378614
1375;11,509;0,0237918817796581
1376;11,513;0,0245195590149402
1377;11,517;0,0189196081173345
1378;11,521;0,0278415637847063
1379;11,525;0,00132880190790643
1380;11,529;0,0216404882144762
1381;11,534;0,0221783366057717
1382;11,538;0,0263862093141421
1383;11,542;0,00711858164949876
1384;11,546;0,0306257201631769
1385;11,550;0,0208495346978653
1386;11,554;0,0525825897842975
1387;11,558;0,0964330527452098
1388;11,562;0,233584392525553
1389;11,567;0,607294110053905
1390;11,571;1,52331319671141
1391;11,575;3,0164752453696
1392;11,579;5,78177529200422
1393;11,583;9,95418164468976
1394;11,587;15,1527394516857
1395;11,591;20,7579739187824
1396;11,595;25,6023111028993
1397;11,600;28,2939891962077
1398;11,604;28,4958721717875
1399;11,608;26,5592699435765
1400;11,612;22,5533118489266
1401;11,616;17,8884261986584
1402;11,620;13,368000298664
1403;11,624;9,51355725965612
1404;11,628;6,66795961201515
1405;11,633;4,75600349538178
1406;11,637;3,4164762577901
1407;11,641;2,48998494657267
1408;11,645;1,884082914708
1409;11,649;1,50584894306463
1410;11,653;1,14232670683023
1411;11,657;0,96170456177695
1412;11,661;0,788359189076489
1413;11,665;0,672025745853347
1414;11,670;0,545789564602236
1415;11,674;0,492321106879334
1416;11,678;0,41246643984229
1417;11,682;0,341660281035276
1418;11,686;0,318153142521598
1419;11,690;0,317298912723658
1420;11,694;0,2774032173458
1421;11,698;0,223555101934925
1422;11,703;0,196188110260186
1423;11,707;0,185146399168297
1424;11,711;0,15281221940924
1425;11,715;0,198276227544039
1426;11,719;0,149996424890105
1427;11,723;0,160468649450034
1428;11,727;0,108139164791052
1429;11,731;0,140346791987451
1430;11,736;0,187361069014807
1431;11,740;0,189544100720654
1432;11,744;0,511303991277997
1433;11,748;1,07689903193617
1434;11,752;2,70262488997837
1435;11,756;5,86039607155535
1436;11,760;11,385775871615
1437;11,764;20,1077152137062
1438;11,769;31,8105052547788
1439;11,773;47,0546472948441
1440;11,777;63,47303892567
1441;11,781;79,2467718023173
1442;11,785;91,3877500915924
1443;11,789;95,6704153644935
1444;11,793;91,7862008351204
1445;11,797;79,4425486167489
1446;11,802;62,6791430619772
1447;11,806;45,2604799759044
1448;11,810;31,3166338790069
1449;11,814;21,1229198713467
1450;11,818;14,2672828089101
1451;11,822;10,1062029105824
1452;11,826;7,24902570345824
1453;11,830;5,45716796878708
1454;11,834;4,36264649250081
1455;11,839;3,37398623487776
1456;11,843;2,82104645048536
1457;11,847;2,38804685735185
1458;11,851;2,03006129573372
1459;11,855;1,72196908194342
1460;11,859;1,55390727873392
1461;11,863;1,36075642997752
1462;11,867;1,21316450377791
1463;11,872;1,07072959450661
1464;11,876;0,945189452350113
1465;11,880;0,862550628934598
1466;11,884;0,805823442723259
1467;11,888;0,773014690854236
1468;11,892;0,647347996135085
1469;11,896;0,65158750698412
1470;11,900;0,577839001095312
1471;11,905;0,531394210599916
1472;11,909;0,4440413042254
1473;11,913;0,453121450596094
1474;11,917;0,393357002880969
1475;11,921;0,396773922072729
1476;11,925;0,363016025983772
1477;11,929;0,323563264575217
1478;11,933;0,306099010928447
1479;11,938;0,303694512237949
1480;11,942;0,283477740353373
1481;11,946;0,25402263139478
1482;11,950;0,223618378216254
1483;11,954;0,182520433493148
1484;11,958;0,194606203226964
1485;11,962;0,200838916937858
1486;11,966;0,212102095014399
1487;11,971;0,203021948643705
1488;11,975;0,268386347256435
1489;11,979;0,270790845946933
1490;11,983;0,335617396168368
1491;11,987;0,286293534872508
1492;11,991;0,240386592768407
1493;11,995;0,184798379620988
1494;11,999;0,133766058729248
1495;12,003;0,135442880184463
1496;12,008;0,140378430128115
1497;12,012;0,120857697338157
1498;12,016;0,124274616529916
1499;12,020;0,11082840674753
1500;12,024;0,11981363869623
1501;12,028;0,096591243448532
1502;12,032;0,0614729073110048
1503;12,036;0,0982997030444117
1504;12,041;0,0804241535690037
1505;12,045;0,0981415123410895
1506;12,049;0,11731422558374
1507;12,053;0,0933641531007593
1508;12,057;0,127090411049051
1509;12,061;0,114087135235967
1510;12,065;0,0989324658577005
1511;12,069;0,0997234193743115
1512;12,074;0,0953257178219545
1513;12,078;0,103045424144078
1514;12,082;0,0913393120982352
1515;12,086;0,0911494832542485
1516;12,090;0,0713756453389742
1517;12,094;0,0729891905128606
1518;12,098;0,0938387252107259
1519;12,102;0,0788738846764462
1520;12,107;0,0464447904953963
1521;12,111;0,0622005845462869
1522;12,115;0,0826388234155145
1523;12,119;0,0721982369962496
1524;12,123;0,0689711466484769
1525;12,127;0,0956737373692633
1526;12,131;0,13107681677277
1527;12,135;0,124401169092574
1528;12,140;0,104121120926668
1529;12,144;0,0946929550086657
1530;12,148;0,0838727109014276
1531;12,152;0,100324544046936
1532;12,156;0,10570302795989
1533;12,160;0,105892856803877
1534;12,164;0,206660334820115
1535;12,168;0,440244727345668
1536;12,172;1,09515423909955
1537;12,177;2,3509036802118
1538;12,181;4,75119449800079
1539;12,185;8,31190903908007
1540;12,189;13,4102055783104
1541;12,193;19,1106392106664
1542;12,197;24,9000709327114
1543;12,201;29,0489068706019
1544;12,205;30,0817972488738
1545;12,210;28,4631583343405
1546;12,214;24,9135487806344
1547;12,218;19,9283269561388
1548;12,222;15,2009243399177
1549;12,226;10,7444391222061
1550;12,230;7,50194099992976
1551;12,234;5,26069511526091
1552;12,238;3,84207252600813
1553;12,243;2,91396766961682
1554;12,247;2,11959723381409
1555;12,251;1,6587244387552
1556;12,255;1,41194694157258
1557;12,259;1,15042607084033
1558;12,263;0,910071116212586
1559;12,267;0,868213856113533
1560;12,271;0,760296158307132
1561;12,276;0,665761394001788
1562;12,280;0,598973279059158
1563;12,284;0,610363009698356
1564;12,288;0,576162179640097
1565;12,292;0,531141105474601
1566;12,296;0,51424633835979
1567;12,300;0,493713185068569
1568;12,304;0,465745068721205
1569;12,309;0,345868153743646
1570;12,313;0,329226491754151
1571;12,317;0,284331970151313
1572;12,321;0,292747715568053
1573;12,325;0,318532800209571
1574;12,329;0,304612018317218
1575;12,333;0,347070403088895
1576;12,337;0,405063114926812
1577;12,341;0,440308003626997
1578;12,346;0,475774359311833
1579;12,350;0,407530889898638
1580;12,354;0,382726587617718
1581;12,358;0,360073678901979
1582;12,362;0,325335000452425
1583;12,366;0,258230504103151
1584;12,370;0,256458768225942
1585;12,374;0,137752464452967
1586;12,379;0,142308356708646
1587;12,383;0,135189775059148
1588;12,387;0,088080583609798
1589;12,391;0,0781145693004997
1590;12,395;0,0805190679909971
1591;12,399;0,0902952534563087
1592;12,403;0,0867517817018915
1593;12,407;0,0773552539245532
1594;12,412;0,113517648704007
1595;12,416;0,114688259908591
1596;12,420;0,160563563872028
1597;12,424;0,414965852954781
1598;12,428;0,897637326931461
1599;12,432;2,07726540160507
1600;12,436;4,25086894153335
1601;12,440;7,90099286813033
1602;12,445;12,8719142530456
1603;12,449;18,8213716905714
1604;12,453;25,1226452522857
1605;12,457;29,9861867877859
1606;12,461;32,2952332078987
1607;12,465;31,7526390955035
1608;12,469;28,1211183956172
1609;12,473;22,859885431965
1610;12,478;17,3869933072677
1611;12,482;12,5934353389173
1612;12,486;8,78648114904665
1613;12,490;6,19209033828133
1614;12,494;4,32790781405126
1615;12,498;3,15223450696071
1616;12,502;2,37181649119099
1617;12,506;1,83077264768842
1618;12,510;1,37749300638901
1619;12,515;1,14628147441329
1620;12,519;0,900737864716576
1621;12,523;0,824869603403252
1622;12,527;0,697652639791543
1623;12,531;0,605237630910717
1624;12,535;0,594575577506801
1625;12,539;0,531900420850547
1626;12,543;0,434296756900753
1627;12,548;0,442870693020816
1628;12,552;0,347703165902184
1629;12,556;0,384403409072933
1630;12,560;0,320715831915417
1631;12,564;0,262533291233514
1632;12,568;0,261963804701554
1633;12,572;0,235545957246748
1634;12,576;0,241272460707011
1635;12,581;0,221087326963099
1636;12,585;0,182425519071155
1637;12,589;0,180274125505973
1638;12,593;0,161765813217276
1639;12,597;0,13756263560898
1640;12,601;0,160310458746712
1641;12,605;0,147402097355621
1642;12,609;0,133860973151241
1643;12,614;0,134240630839214
1644;12,618;0,09529407968129
1645;12,622;0,129305080895562
1646;12,626;0,110227282074905
1647;12,630;0,163379358391163
1648;12,634;0,122787623918687
1649;12,638;0,159519505230101
1650;12,642;0,173883221091756
1651;12,647;0,183343025150424
1652;12,651;0,144175007007848
1653;12,655;0,125476865875165
1654;12,659;0,103899653942017
1655;12,663;0,103077062284742
1656;12,667;0,0934590675227526
1657;12,671;0,100609287312916
1658;12,675;0,0630548143442268
1659;12,679;0,114783174330584
1660;12,684;0,0863721240139183
1661;12,688;0,0636559390168511
1662;12,692;0,086783419842556
1663;12,696;0,0464764286360608
1664;12,700;0,0675790684592415
1665;12,704;0,0747609263900692
1666;12,708;0,072008408152263
1667;12,712;0,0506210250631023
1668;12,717;0,0669463056459528
1669;12,721;0,0577079685719366
1670;12,725;0,0651745697687442
1671;12,729;0,0862772095919249
1672;12,733;0,0538797535515395
1673;12,737;0,0731473812161828
1674;12,741;0,0990590184203583
1675;12,745;0,0618525649989781
1676;12,750;0,083682882057441
1677;12,754;0,0574548634466211
1678;12,758;0,069129337351799
1679;12,762;0,0426482136156637
1680;12,766;0,0754886036253513
1681;12,770;0,0913709502388996
1682;12,774;0,0906116348629531
1683;12,778;0,0589418560578497
1684;12,783;0,0869416105458782
1685;12,787;0,0789055228171107
1686;12,791;0,102950509722084
1687;12,795;0,0532786288789151
1688;12,799;0,0398324190965286
1689;12,803;0,0780196548785064
1690;12,807;0,0724829802622296
1691;12,811;0,0504311962191156
1692;12,816;0,0606819537943939
1693;12,820;0,0527407804876197
1694;12,824;0,0740332491547871
1695;12,828;0,107601316399757
1696;12,832;0,233964050213526
1697;12,836;0,491498515222059
1698;12,840;1,21031707111811
1699;12,844;2,6742138396617
1700;12,848;5,10348519429931
1701;12,853;9,27611301396951
1702;12,857;14,6175170260654
1703;12,861;20,844282766515
1704;12,865;27,2359148579669
1705;12,869;31,0834291441693
1706;12,873;31,9827749306967
1707;12,877;29,7710790694084
1708;12,881;25,2995657348812
1709;12,886;20,2154747208092
1710;12,890;15,1033523141085
1711;12,894;10,7949968709879
1712;12,898;7,70815840078058
1713;12,902;5,31881437966149
1714;12,906;3,96153814515706
1715;12,910;2,92216194804891
1716;12,914;2,28585566300571
1717;12,919;1,70545397251658
1718;12,923;1,42412762572839
1719;12,927;1,19465619148921
1720;12,931;0,985053509587306
1721;12,935;0,798325203385787
1722;12,939;0,734321244821627
1723;12,943;0,637666725091766
1724;12,947;0,548194063292733
1725;12,952;0,51481582489175
1726;12,956;0,456506731647189
1727;12,960;0,404398713972858
1728;12,964;0,346374363994277
1729;12,968;0,351626295344574
1730;12,972;0,311445856700737
1731;12,976;0,266930992785871
1732;12,980;0,27205637157351
1733;12,985;0,244847570602093
1734;12,989;0,233299649259573
1735;12,993;0,186190457810223
1736;12,997;0,156007671616348
1737;13,001;0,158823466135483
1738;13,005;0,152306009158609
1739;13,009;0,160879945278672
1740;13,013;0,159487867089437
1741;13,017;0,184861655902317
1742;13,022;0,143036033943928
1743;13,026;0,124464445373903
1744;13,030;0,131551388882737
1745;13,034;0,118801218194968
1746;13,038;0,117124396739753
1747;13,042;0,0923517325994972
1748;13,046;0,111176426294838
1749;13,050;0,0885551557197646
1750;13,055;0,103646548816702
1751;13,059;0,123831682560614
1752;13,063;0,103646548816702
1753;13,067;0,0761846427199689
1754;13,071;0,149015642529507
1755;13,075;0,263893731282085
1756;13,079;0,589861494547799
1757;13,083;1,44535681811423
1758;13,088;3,24569357448346
1759;13,092;6,36328431741661
1760;13,096;11,5388411961495
1761;13,100;19,3732990544625
1762;13,104;29,4316650963603
1763;13,108;41,1930173358028
1764;13,112;52,6151770691819
1765;13,116;62,559139594437
1766;13,121;67,8072427297135
1767;13,125;66,9941425146374
1768;13,129;60,7310245505644
1769;13,133;49,9117928638276
1770;13,137;37,482812580084
1771;13,141;26,826991889879
1772;13,145;18,8097604929475
1773;13,149;12,8977626139685
1774;13,154;9,0574301856969
1775;13,158;6,76686043973219
1776;13,162;5,03093893775576
1777;13,166;3,89092181519403
1778;13,170;3,14701421375108
1779;13,174;2,6438728627645
1780;13,178;2,1818610946417
1781;13,182;1,86120853900761
1782;13,186;1,58035676432939
1783;13,191;1,42257735683583
1784;13,195;1,29150054006306
1785;13,199;1,07433634254235
1786;13,203;1,02814465717227
1787;13,207;0,924339917652248
1788;13,211;0,847554150259654
1789;13,215;0,752354985000358
1790;13,219;0,673734205449227
1791;13,224;0,654909511753886
1792;13,228;0,609572056181745
1793;13,232;0,531584039443903
1794;13,236;0,474856853232564
1795;13,240;0,542119540285161
1796;13,244;0,453121450596094
1797;13,248;0,393420279162298
1798;13,252;0,398988591919239
1799;13,257;0,380448641489878
1800;13,261;0,374500671044964
1801;13,265;0,339097591641456
1802;13,269;0,313217592577945
1803;13,273;0,310781455746784
1804;13,277;0,253105125315511
1805;13,281;0,274112850716699
1806;13,285;0,249403462857772
1807;13,290;0,228807033285222
1808;13,294;0,207641117180713
1809;13,298;0,231559551523028
1810;13,302;0,348589033840788
1811;13,306;0,486816070403722
1812;13,310;0,982838839740795
1813;13,314;1,99652486662942
1814;13,318;3,91189790245455
1815;13,323;7,15854062115794
1816;13,327;11,7886243166953
1817;13,331;17,250253263316
1818;13,335;23,5627583649662
1819;13,339;28,8320274163472
1820;13,343;31,8794764014273
1821;13,347;31,8804255456472
1822;13,351;29,6977734974889
1823;13,355;24,8234433560221
1824;13,360;20,0566196165331
1825;13,364;15,0437460570967
1826;13,368;11,0240253712578
1827;13,372;7,73562030687731
1828;13,376;5,54502708541222
1829;13,380;3,99615027104395
1830;13,384;2,87429344122361
1831;13,388;2,18907459071319
1832;13,393;1,89854154499165
1833;13,397;1,55991852546016
1834;13,401;1,30706650526997
1835;13,405;1,13707477547993
1836;13,409;1,00960470674291
1837;13,413;0,890423830859969
1838;13,417;0,820408625569566
1839;13,421;0,900990969841892
1840;13,426;1,1512486624976
1841;13,430;1,96479181154299
1842;13,434;3,70770534260626
1843;13,438;6,82567574322738
1844;13,442;12,421482044406
1845;13,446;19,9524352193251
1846;13,450;30,2207836008127
1847;13,454;42,5523500494504
1848;13,459;53,4058142043862
1849;13,463;62,4423632172446
1850;13,467;65,7466822663792
1851;13,471;62,3608000906116
1852;13,475;53,7852504253748
1853;13,479;42,6310024671422
1854;13,483;31,7402369443631
1855;13,487;22,5391696000496
1856;13,492;15,7168474997327
1857;13,496;10,9930199934066
1858;13,500;7,97727242527229
1859;13,504;6,02880589431216
1860;13,508;4,51390844301749
1861;13,512;3,73602147850093
1862;13,516;3,06503979128951
1863;13,520;2,57214919787822
1864;13,524;2,17657752515074
1865;13,529;1,91847357361025
1866;13,533;1,68530047691333
1867;13,537;1,42241916613251
1868;13,541;1,32427765379142
1869;13,545;1,14798993400917
1870;13,549;1,01349619804464
1871;13,553;0,987900942247105
1872;13,557;0,856476105927026
1873;13,562;0,832367842740724
1874;13,566;0,752829557110324
1875;13,570;0,723595915136383
1876;13,574;0,663673276717935
1877;13,578;0,642633913176083
1878;13,582;0,578281935064615
1879;13,586;0,53598174099626
1880;13,590;0,556609808709474
1881;13,595;0,451887563110181
1882;13,599;0,424362380732119
1883;13,603;0,453501108284068
1884;13,607;0,401139985484421
1885;13,611;0,37782267581473
1886;13,615;0,364756123720316
1887;13,619;0,344760818820391
1888;13,623;0,319798325836149
1889;13,628;0,314546394485852
1890;13,632;0,277593046189787
1891;13,636;0,242601262614918
1892;13,640;0,278985124379022
1893;13,644;0,22244776701167
1894;13,648;0,28053539327158
1895;13,652;0,230040920771135
1896;13,656;0,213905469032272
1897;13,661;0,235103023277446
1898;13,665;0,209507767479915
1899;13,669;0,284679989698621
1900;13,673;0,378581991190676
1901;13,677;0,705467260535659
1902;13,681;1,39948151415079
1903;13,685;2,96041246011221
1904;13,689;5,66721358465829
1905;13,693;10,0670032542992
1906;13,698;15,5453687773314
1907;13,702;21,3655211339616
1908;13,706;27,0264703667683
1909;13,710;30,2132220851939
1910;13,714;30,6248659333789
1911;13,718;28,3021834746398
1912;13,722;23,24343461124
1913;13,726;18,34942554628
1914;13,731;13,5010070420174
1915;13,735;9,82838839740795
1916;13,739;6,93476405223837
1917;13,743;4,98968280232933
1918;13,747;3,7133685697852
1919;13,751;2,82019222068742
1920;13,755;2,29091776551202
1921;13,759;1,83235455472164
1922;13,764;1,45665163433143
1923;13,768;1,21170914930735
1924;13,772;1,07990465529929
1925;13,776;0,938577080951245
1926;13,780;0,822496742853419
1927;13,784;0,754696207409526
1928;13,788;0,655985208536477
1929;13,792;0,594132643537499
1930;13,797;0,521270005587296
1931;13,801;0,559868537197911
1932;13,805;0,421293481087669
1933;13,809;0,42123020480634
1934;13,813;0,377917590236723
1935;13,817;0,448945216028388
1936;13,821;0,378360524206025
1937;13,825;0,355138128958327
1938;13,830;0,328214071252889
1939;13,834;0,338401552546839
1940;13,838;0,349285072935406
1941;13,842;0,33071348436538
1942;13,846;0,370387712758586
1943;13,850;0,344317884851089
1944;13,854;0,331757543007307
1945;13,858;0,37946785912928
1946;13,862;0,410789618387075
1947;13,867;0,367287174973471
1948;13,871;0,336471625966308
1949;13,875;0,329511235020131
1950;13,879;0,336313435262986
1951;13,883;0,317615294130302
1952;13,887;0,293507030944
1953;13,891;0,307807470524326
1954;13,895;0,307079793289044
1955;13,900;0,274397593982679
1956;13,904;0,296923950135759
1957;13,908;0,263957007563414
1958;13,912;0,260413535808997
1959;13,916;0,198118036840717
1960;13,920;0,185304589871619
1961;13,924;0,18046395434996
1962;13,928;0,216942730536058
1963;13,933;0,188278575094076
1964;13,937;0,204762046380249
1965;13,941;0,251649770844947
1966;13,945;0,357068055538858
1967;13,949;0,698127211901509
1968;13,953;1,30912298441315
1969;13,957;2,85198855205518
1970;13,961;5,41164068437095
1971;13,966;9,15797619672849
1972;13,970;14,3418539064561
1973;13,974;20,1545396618895
1974;13,978;25,3285146335892
1975;13,982;28,2833271428038
1976;13,986;29,4606456332089
1977;13,990;26,9214950160437
1978;13,994;23,1058403374904
1979;13,999;18,0159279055361
1980;14,003;13,477468265363
1981;14,007;9,88299582819477
1982;14,011;6,96289035928905
1983;14,015;5,11908279764688
1984;14,019;3,7232396696725
1985;14,023;2,76194640372419
1986;14,027;2,16107483622517
1987;14,031;1,76151675777397
1988;14,036;1,4528550574517
1989;14,040;1,18851839220031
1990;14,044;1,0570302795989
1991;14,048;0,953257178219545
1992;14,052;0,83625933404245
1993;14,056;0,792788528769511
1994;14,060;0,7654848133761
1995;14,064;0,697842468635529
1996;14,069;0,648550245480333
1997;14,073;0,567936263067343
1998;14,077;0,575276311701493
1999;14,081;0,504058857065841
2000;14,085;0,474065899715953
2001;14,089;0,475837635593161
2002;14,093;0,439801793376365
2003;14,097;0,407594166179967
2004;14,102;0,373108592855728
2005;14,106;0,35017094087401
2006;14,110;0,319798325836149
2007;14,114;0,319576858851498
2008;14,118;0,304169084347916
2009;14,122;0,28702121210779
2010;14,126;0,265064342486669
2011;14,130;0,2816743663355
2012;14,135;0,26614003926926
2013;14,139;0,237191140561299
2014;14,143;0,244657741758106
2015;14,147;0,291165808534831
2016;14,151;0,227889527205954
2017;14,155;0,246904049745281
2018;14,159;0,249941311249067
2019;14,163;0,220770945556455
2020;14,168;0,249688206123752
2021;14,172;0,204224197988953
2022;14,176;0,223238720528281
2023;14,180;0,240323316487078
2024;14,184;0,23285671529027
2025;14,188;0,248074660949866
2026;14,192;0,253896078832122
2027;14,196;0,175212022999663
2028;14,200;0,204951875224235
2029;14,205;0,187329430874143
2030;14,209;0,241810309098307
2031;14,213;0,268069965849791
2032;14,217;0,222795786558979
2033;14,221;0,23428043162017
2034;14,225;0,268291432834442
2035;14,229;0,222542681433663
2036;14,233;0,201756423017127
2037;14,238;0,242316519348938
2038;14,242;0,199098819201314
2039;14,246;0,228490651878578
2040;14,250;0,148224689012896
2041;14,254;0,17141544611993
2042;14,258;0,149743319764789
2043;14,262;0,159392952667443
2044;14,266;0,153128600815884
2045;14,271;0,175338575562321
2046;14,275;0,169643710242722
2047;14,279;0,142308356708646
2048;14,283;0,132563809383999
2049;14,287;0,180685421334611
2050;14,291;0,158918380557477
2051;14,295;0,163537549094485
2052;14,299;0,189354271876667
2053;14,304;0,263545711734776
2054;14,308;0,506210250631023
2055;14,312;1,06946406888003
2056;14,316;2,39684226045656
2057;14,320;5,25199462657819
2058;14,324;10,305744663753
2059;14,328;18,5887680804064
2060;14,332;30,4564877487628
2061;14,337;45,9446547677729
2062;14,341;63,9356518184654
2063;14,345;81,1709086031065
2064;14,349;94,4049213760566
2065;14,353;100
2066;14,357;96,1432157385829
2067;14,361;82,9457450181002
2068;14,365;65,4336861407859
2069;14,369;48,6226335461737
2070;14,374;34,458649266533
2071;14,378;23,9702259785835
2072;14,382;17,1940955636366
2073;14,386;12,5123467843943
2074;14,390;9,30177154604837
2075;14,394;7,30534159384094
2076;14,398;5,85353059503117
2077;14,402;4,86724319795795
2078;14,407;3,99687794827923
2079;14,411;3,4800056442443
2080;14,415;2,99518277670243
2081;14,419;2,62090357264212
2082;14,423;2,28854490496219
2083;14,427;2,13775752655547
2084;14,431;1,95109249663528
2085;14,435;1,76863533942346
2086;14,440;1,56051965013279
2087;14,444;1,47341984888359
2088;14,448;1,44437603575363
2089;14,452;1,28874802182526
2090;14,456;1,19702905203905
2091;14,460;1,11505462957749
2092;14,464;1,03902817756084
2093;14,468;0,97353722638545
2094;14,473;0,92563708141949
2095;14,477;0,817845936175746
2096;14,481;0,800634787654291
2097;14,485;0,723627553277047
2098;14,489;0,679302518206168
2099;14,493;0,657756944413685
2100;14,497;0,656206675521128
2101;14,501;0,632288241178812
2102;14,506;0,573283108839633
2103;14,510;0,619632984913036
2104;14,514;0,583976800384214
2105;14,518;0,51003846565142
2106;14,522;0,516555922628294
2107;14,526;0,514024871375139
2108;14,530;0,565974698346148
2109;14,534;0,587899929826604
2110;14,538;0,694836845272408
2111;14,543;0,945316004912771
2112;14,547;1,47898816164053
2113;14,551;2,60334440457336
2114;14,555;4,39415808060259
2115;14,559;7,35178638433634
2116;14,563;11,687572095413
2117;14,567;16,3881772064914
2118;14,571;20,9716895589706
2119;14,576;24,4786192609204
2120;14,580;26,1250364629571
2121;14,584;24,8184445297971
2122;14,588;22,0942424278856
2123;14,592;18,3080428582909
2124;14,596;14,191857481566
2125;14,600;10,6313327693307
2126;14,604;7,80759707688891
2127;14,609;5,72558595418418
2128;14,613;4,01386762981604
2129;14,617;3,14964017942622
2130;14,621;2,46106768600538
2131;14,625;2,09833640328758
2132;14,629;1,83235455472164
2133;14,633;1,72880292032694
2134;14,637;2,05515034128062
2135;14,642;2,90254630083696
2136;14,646;4,72971220048963
2137;14,650;7,75400206660335
2138;14,654;12,0677992699183
2139;14,658;18,1652599294723
2140;14,662;24,6090000385985
2141;14,666;30,5031540062428
2142;14,670;33,5737304721486
2143;14,675;33,8292400961546
2144;14,679;30,5887351767401
2145;14,683;25,7778078691649
2146;14,687;20,4237486008032
2147;14,691;15,2969460968342
2148;14,695;10,9845093335679
2149;14,699;8,1130316868634
2150;14,703;5,97834305995238
2151;14,707;4,57892482208292
2152;14,712;3,72463174786174
2153;14,716;2,86312517756906
2154;14,720;2,45325306526126
2155;14,724;2,19866094733452
2156;14,728;1,81508012991886
2157;14,732;1,65264991574763
2158;14,736;1,46918033803455
2159;14,740;1,30950264210113
2160;14,745;1,24274616529916
2161;14,749;1,16643497001653
2162;14,753;1,07050812752196
2163;14,757;0,965596053078676
2164;14,761;0,890898402969936
2165;14,765;0,884982070665686
2166;14,769;0,825818747623185
2167;14,773;0,727519044578773
2168;14,778;0,749191170933914
2169;14,782;0,684870830963109
2170;14,786;0,625454402795293
2171;14,790;0,631022715552234
2172;14,794;0,55629342730283
2173;14,798;0,586223108371389
2174;14,802;0,567936263067343
2175;14,806;0,566006336486812
2176;14,811;0,557558952929407
2177;14,815;0,5088994925875
2178;14,819;0,469921303288911
2179;14,823;0,489600226782192
2180;14,827;0,507159394850956
2181;14,831;0,461727024856822
2182;14,835;0,443630008396763
2183;14,839;0,473717880168644
2184;14,844;0,47140829590014
2185;14,848;0,449293235575697
2186;14,852;0,456791474913169
2187;14,856;0,431259495396967
2188;14,860;0,43249338288288
2189;14,864;0,431987172632249
2190;14,868;0,396330988103426
2191;14,872;0,353050011674474
2192;14,876;0,388864386906619
2193;14,881;0,440466194330319
2194;14,885;0,488239786733621
2195;14,889;0,795129751178679
2196;14,893;1,41941354276939
2197;14,897;2,79576757609447
2198;14,901;5,42394792108942
2199;14,905;9,61907045877202
2200;14,909;15,294984532113
2201;14,914;22,0239424793292
2202;14,918;28,9233350903047
2203;14,922;34,5026262820566
2204;14,926;36,7270723140326
2205;14,930;35,1553527621046
2206;14,934;30,7964712083429
2207;14,938;24,73001592664
2208;14,942;18,6615674420753
2209;14,947;13,9403975395651
2210;14,951;10,0329922530849
2211;14,955;7,19644311367394
2212;14,959;5,48545246654109
2213;14,963;4,17338713504614
2214;14,967;3,40024589162924
2215;14,971;2,98145182365407
2216;14,975;2,47770934799487
2217;14,980;2,19438979834482
2218;14,984;1,7619280536026
2219;14,988;1,69396932745539
2220;14,992;1,49110556951501
2221;14,996;1,36967838564489
2222;15,000;1,24945345112002
2223;15,004;1,16709937097049
2224;15,008;1,1054366348155
2225;15,013;1,05291732131253
2226;15,017;0,948289990135228
2227;15,021;0,955978058316686
2228;15,025;0,818826718536344
2229;15,029;0,846035519507761
2230;15,033;0,834392683743248
2231;15,037;0,878084956000838
2232;15,041;0,800065301122331
2233;15,045;0,756088285598761
2234;15,050;0,740332491547871
2235;15,054;0,610268095276362
2236;15,058;0,644658754178608
2237;15,062;0,574168976778238
2238;15,066;0,593816262130854
2239;15,070;0,572713622307673
2240;15,074;0,605395821614039
2241;15,078;0,596980076197298
2242;15,083;0,560975872121167
2243;15,087;0,627700710782468
2244;15,091;0,538133134561442
2245;15,095;0,493206974817938
2246;15,099;0,488524529999601
2247;15,103;0,486816070403722
2248;15,107;0,476312207703128
2249;15,111;0,491656705925381
2250;15,116;0,423476512793515
2251;15,120;0,39557167272748
2252;15,124;0,483652256337278
2253;15,128;0,645987556086514
2254;15,132;0,932787301209653
2255;15,136;1,69836702900775
2256;15,140;3,13284032673341
2257;15,144;5,93180335503499
2258;15,149;9,92048702488213
2259;15,153;14,8513861618569
2260;15,157;21,0975144443931
2261;15,161;26,0859633592365
2262;15,165;29,1006668687289
2263;15,169;29,4394480789637
2264;15,173;27,0853805846855
2265;15,177;23,0848326120892
2266;15,182;18,1810789998045
2267;15,186;13,8725653659805
2268;15,190;10,1372715647149
2269;15,194;7,42015640631219
2270;15,198;5,40746444980324
2271;15,202;4,13538972810815
2272;15,206;3,29258129894816
2273;15,210;2,68484425492495
2274;15,214;2,25064241244619
2275;15,219;1,95004843799336
2276;15,223;1,68685074580589
2277;15,227;1,52688830660649
2278;15,231;1,35588415631519
2279;15,235;1,18940426013892
2280;15,239;1,13201267297362
2281;15,243;1,0088137532263
2282;15,247;0,925731995841483
2283;15,252;0,909501629680626
2284;15,256;0,851255812717394
2285;15,260;0,823952097323983
2286;15,264;0,730556306082559
2287;15,268;0,733815034570996
2288;15,272;0,693950977333803
2289;15,276;0,653897091252624
2290;15,280;0,629788828066321
2291;15,285;0,607705405882543
2292;15,289;0,595746188711385
2293;15,293;0,620202471444996
2294;15,297;0,573346385120962
2295;15,301;0,552939784392399
2296;15,305;0,561260615387146
2297;15,309;0,522345702369887
2298;15,313;0,488492891858937
2299;15,318;0,495896216774416
2300;15,322;0,50326790354923
2301;15,326;0,52721797603221
2302;15,330;0,434328395041418
2303;15,334;0,416737588831989
2304;15,338;0,422179349026273
2305;15,342;0,454418614363336
2306;15,346;0,437745314233177
2307;15,351;0,431259495396967
2308;15,355;0,38146106199114
2309;15,359;0,348209376152815
2310;15,363;0,391996562832398
2311;15,367;0,418034752599232
2312;15,371;0,366686050300847
2313;15,375;0,43897920171909
2314;15,379;0,384150303947617
2315;15,383;0,424425657013448
2316;15,388;0,409587369041826
2317;15,392;0,350518960421319
2318;15,396;0,357321160664173
2319;15,400;0,403607760456247
2320;15,404;0,389718616704559
2321;15,408;0,339572163751423
2322;15,412;0,384403409072933
2323;15,416;0,348494119418795
2324;15,421;0,391205609315787
2325;15,425;0,366622774019518
2326;15,429;0,409619007182491
2327;15,433;0,338749572094148
2328;15,437;0,378771820034663
2329;15,441;0,364882676282974
2330;15,445;0,398166000261964
2331;15,449;0,413826879890861
2332;15,454;0,503204627267901
2333;15,458;0,708884179727418
2334;15,462;1,19405506681659
2335;15,466;2,06964060970494
2336;15,470;3,77904934980457
2337;15,474;6,90701740287565
2338;15,478;11,4830315160174
2339;15,482;18,1835467747763
2340;15,487;27,1539087973647
2341;15,491;37,4813572256135
2342;15,495;49,7320249485722
2343;15,499;61,7723939505344
2344;15,503;71,690476476726
2345;15,507;78,6174259082203
2346;15,511;79,3262151735257
2347;15,515;75,0130823711648
2348;15,520;67,7177700679144
2349;15,524;59,5035596072062
2350;15,528;50,7161609520802
2351;15,532;42,8171612868118
2352;15,536;35,5215326021548
2353;15,540;28,683075050099
2354;15,544;22,7008088607042
2355;15,548;17,6176986289928
2356;15,552;13,491230856552
2357;15,557;10,6998926201506
2358;15,561;8,37138874352921
2359;15,565;6,80628156300008
2360;15,569;5,69882008718206
2361;15,573;4,89334466400611
2362;15,577;4,33448854730946
2363;15,581;3,668885344011
2364;15,585;3,42767615958531
2365;15,590;3,03314854549976
2366;15,594;2,84243383357452
2367;15,598;2,5331077322983
2368;15,602;2,45084856657076
2369;15,606;2,18192437092303
2370;15,610;2,07849928909098
2371;15,614;1,95824271642545
2372;15,618;1,86766271970316
2373;15,623;1,77154604836459
2374;15,627;1,58253979603523
2375;15,631;1,52701485916914
2376;15,635;1,42817730773344
2377;15,639;1,3637936914813
2378;15,643;1,34914523235367
2379;15,647;1,25480029689231
2380;15,651;1,26141266829118
2381;15,656;1,20050924751213
2382;15,660;1,11154279596373
2383;15,664;1,16599203604723
2384;15,668;1,07604480213823
2385;15,672;1,06598387340694
2386;15,676;0,981699866676875
2387;15,680;0,964457080014756
2388;15,684;0,974486370605383
2389;15,689;0,98002304522166
2390;15,693;1,01640690698576
2391;15,697;1,03681350771433
2392;15,701;1,04988005980874
2393;15,705;1,15884181625707
2394;15,709;1,33215555081687
2395;15,713;1,86149328227359
2396;15,717;2,77539261350658
2397;15,721;4,49650746565205
2398;15,726;7,20334022833879
2399;15,730;10,940469041763
2400;15,734;15,446974159865
2401;15,738;19,8990933141648
2402;15,742;23,2253059566393
2403;15,746;25,0718027602379
2404;15,750;25,0069129337352
2405;15,754;22,9850775545742
2406;15,759;19,7943077922842
2407;15,763;16,0161759485589
2408;15,767;13,1496971280794
2409;15,771;10,7664592681086
2410;15,775;9,73502424430719
2411;15,779;10,0135031584356
2412;15,783;11,522769020692
2413;15,787;14,7447023515364
2414;15,792;19,0658396034855
2415;15,796;24,4828587717694
2416;15,800;30,0836955373137
2417;15,804;35,0018761417414
2418;15,808;40,0466093088269
2419;15,812;42,8623405516806
2420;15,816;44,7042498248829
2421;15,820;44,8197290383081
2422;15,825;43,1651808341206
2423;15,829;39,0117890039744
2424;15,833;33,7003146729471
2425;15,837;27,4293820881299
2426;15,841;22,017836318181
2427;15,845;17,1037053957583
2428;15,849;13,2535967820214
2429;15,853;10,3687045636752
2430;15,858;8,28830698614439
2431;15,862;6,77780723640209
2432;15,866;5,67936263067343
2433;15,870;4,99044211770527
2434;15,874;4,45022086585998
2435;15,878;3,94695296231075
2436;15,882;3,48250505735679
2437;15,886;3,27188995495362
2438;15,890;2,94680805962651
2439;15,895;2,71091408283245
2440;15,899;2,33929248258795
2441;15,903;2,27522524774246
2442;15,907;2,13715640188285
2443;15,911;1,89041054284089
2444;15,915;1,73133397158009
2445;15,919;1,65701597915932
2446;15,923;1,6147790613723
2447;15,928;1,47914635234385
2448;15,932;1,41719887292288
2449;15,936;1,35844684570901
2450;15,940;1,29466435412951
2451;15,944;1,19633301294443
2452;15,948;1,12375511826021
2453;15,952;1,12932343101715
2454;15,956;1,16352426107541
2455;15,961;1,09328758880035
2456;15,965;1,04491287172442
2457;15,969;0,994544951786637
2458;15,973;0,936868621355365
2459;15,977;0,972936101712826
2460;15,981;0,872390090681239
2461;15,985;0,880426178410006
2462;15,989;0,856128086379717
2463;15,994;0,789118504452436
2464;15,998;0,746565205258765
2465;16,002;0,705593813098317
2466;16,006;0,819396205068304
2467;16,010;0,673512738464576
2468;16,014;0,69129337351799
2469;16,018;0,736630829090131
2470;16,022;0,773267795979552
2471;16,027;0,80803811256977
2472;16,031;1,05959296899272
2473;16,035;1,69045749384164
2474;16,039;2,70895251811125
2475;16,043;4,16392733098747
2476;16,047;6,72395912099121
2477;16,051;10,538158445074
2478;16,055;15,3521546522937
2479;16,059;20,782240372672
2480;16,064;26,4472392874838
2481;16,068;30,6269224125221
2482;16,072;32,4547210749881
2483;16,076;31,977649551909
2484;16,080;29,1394552291835
2485;16,084;24,1133569269494
2486;16,088;19,5260796357311
2487;16,092;15,3096646293813
2488;16,097;11,8368724812085
2489;16,101;9,15803947300982
2490;16,105;7,39165044157353
2491;16,109;5,99102995435882
2492;16,113;4,89423053194471
2493;16,117;4,23467021351316
2494;16,121;3,64028446485034
2495;16,125;3,19228839304189
2496;16,130;2,88853060452261
2497;16,134;2,6032178520107
2498;16,138;2,42215277298811
2499;16,142;2,15914490964463
2500;16,146;2,00019489094649
2501;16,150;1,90635616573577
2502;16,154;1,76661049842094
2503;16,158;1,60123793716792
2504;16,163;1,63708395054073
2505;16,167;1,4638018541216
2506;16,171;1,46924361431588
2507;16,175;1,37534161282382
2508;16,179;1,33816679754311
2509;16,183;1,26644313265683
2510;16,187;1,24043658103066
2511;16,191;1,29282934197097
2512;16,196;1,19127091043812
2513;16,200;1,20588773142509
2514;16,204;1,11166934852639
2515;16,208;1,01052221282218
2516;16,212;1,01988710245885
2517;16,216;0,960407398009708
2518;16,220;0,922378352931052
2519;16,224;0,8554320472851
2520;16,228;0,876281581982965
2521;16,233;0,844010678505237
2522;16,237;0,802786181219473
2523;16,241;0,797945545697814
2524;16,245;0,814650483968638
2525;16,249;0,754506378565539
2526;16,253;0,786112881089314
2527;16,257;0,717616306550804
2528;16,261;0,784878993603401
2529;16,266;0,666868728925044
2530;16,270;0,704296649331075
2531;16,274;0,734922369494252
2532;16,278;0,690154400454071
2533;16,282;0,715749656251602
2534;16,286;0,700468434310678
2535;16,290;0,830184811034877
2536;16,294;0,996696345351819
2537;16,299;1,46781989798598
2538;16,303;2,13067058304664
2539;16,307;3,4662114149146
2540;16,311;5,54676718314877
2541;16,315;8,54286746593047
2542;16,319;12,7909206129447
2543;16,323;17,0249580636446
2544;16,327;21,3530240683991
2545;16,332;24,4646352027467
2546;16,336;26,0782752910551
2547;16,340;25,7835976489065
2548;16,344;23,6963662329921
2549;16,348;20,6932422829829
2550;16,352;16,9973696049852
2551;16,356;13,6435685038513
2552;16,360;10,7100168251632
2553;16,365;8,62813225502113
2554;16,369;6,67963408592033
2555;16,373;5,44897369035499
2556;16,377;4,32600952561139
2557;16,381;3,74200108708651
2558;16,385;3,26303127556757
2559;16,389;2,88754982216201
2560;16,393;2,64678357170563
2561;16,397;2,75296117177549
2562;16,402;3,02017690782734
2563;16,406;3,75497272475893
2564;16,410;5,03489370533881
2565;16,414;6,90799818523625
2566;16,418;9,4692638627259
2567;16,422;12,5471171009845
2568;16,426;15,7130509228529
2569;16,430;17,9169321633971
2570;16,435;19,7538742485151
2571;16,439;19,7488121460088
2572;16,443;18,7395238206725
2573;16,447;16,9696229556224
2574;16,451;14,5392759042022
2575;16,455;11,96693687748
2576;16,459;9,48381740743155
2577;16,463;7,5615156188009
2578;16,468;6,0647151839663
2579;16,472;4,96598583497166
2580;16,476;4,03114205461882
2581;16,480;3,35528809374508
2582;16,484;2,80475280804317
2583;16,488;2,48751717160085
2584;16,492;2,18784070322728
2585;16,496;1,97289117555308
2586;16,501;1,72016570792554
2587;16,505;1,61199490499383
2588;16,509;1,55602703415844
2589;16,513;1,4372890922448
2590;16,517;1,34727858205447
2591;16,521;1,30662357130066
2592;16,525;1,18358284225666
2593;16,529;1,16953550780165
2594;16,534;1,1262545313727
2595;16,538;1,01950744477088
2596;16,542;1,01172446216743
2597;16,546;1,00112568504484
2598;16,550;0,887608036340834
2599;16,554;0,95493399967476
2600;16,558;0,946834635664664
2601;16,562;0,866631949080311
2602;16,567;0,821389407930163
2603;16,571;0,79677493449323
2604;16,575;0,810537525682261
2605;16,579;0,82186398004013
2606;16,583;0,845371118553808
2607;16,587;0,816580410549169
2608;16,591;0,773520901104867
2609;16,595;0,74517312706953
2610;16,599;0,766528872018026
2611;16,604;0,773932196933505
2612;16,608;0,755613713488795
2613;16,612;0,707049167568881
2614;16,616;0,79142808872094
2615;16,620;1,01362275060729
2616;16,624;1,26223525994846
2617;16,628;1,85253968846556
2618;16,632;2,84629368673558
2619;16,637;4,63603166598223
2620;16,641;7,30110208299191
2621;16,645;10,9225934922876
2622;16,649;16,0554072429828
2623;16,653;22,2486998306094
2624;16,657;29,3299484741241
2625;16,661;37,5593136042107
2626;16,665;45,0570150932914
2627;16,670;52,3111978136779
2628;16,674;56,7621463567732
2629;16,678;57,7317920918569
2630;16,682;54,5450087352906
2631;16,686;47,8524030116979
2632;16,690;39,5640643874128
2633;16,694;31,2213081611849
2634;16,698;24,2112136960245
2635;16,703;18,9435265516768
2636;16,707;15,0573820957231
2637;16,711;12,0772274358363
2638;16,715;9,84215098859698
2639;16,719;8,35933461193606
2640;16,723;7,26990687629677
2641;16,727;6,34986974577489
2642;16,731;5,63725226544906
2643;16,736;5,08627404577786
2644;16,740;4,54722340513715
2645;16,744;4,09637990066889
2646;16,748;3,79556445923141
2647;16,752;3,53939043427145
2648;16,756;3,26515103099209
2649;16,760;3,05396644205696
2650;16,764;2,88688542120806
2651;16,768;2,65320611426051
2652;16,773;2,57420567702141
2653;16,777;2,35416240870024
2654;16,781;2,24257468657676
2655;16,785;2,05306222399677
2656;16,789;1,96146980677322
2657;16,793;1,96811381631275
2658;16,797;1,82640658427673
2659;16,801;1,75901734466148
2660;16,806;1,69071059896695
2661;16,810;1,59804248496081
2662;16,814;1,55523608064182
2663;16,818;1,51768160767314
2664;16,822;1,42115364050593
2665;16,826;1,39777305455491
2666;16,830;1,2999162854798
2667;16,834;1,32124039228763
2668;16,839;1,22145369663199
2669;16,843;1,2431574611278
2670;16,847;1,17861565417234
2671;16,851;1,19535223058383
2672;16,855;1,12634944579469
2673;16,859;1,15226108299887
2674;16,863;1,12236304007097
2675;16,867;1,02450627099586
2676;16,872;1,01298998779401
2677;16,876;0,966735026142596
2678;16,880;0,97916881542372
2679;16,884;0,975783534372625
2680;16,888;0,990653460484912
2681;16,892;0,928895809907927
2682;16,896;0,859861386978121
2683;16,900;0,967747446643858
2684;16,905;0,87289630093187
2685;16,909;0,931585051864404
2686;16,913;0,810284420556945
2687;16,917;0,887323293074854
2688;16,921;0,882925591522497
2689;16,925;0,871029650632668
2690;16,929;0,914975028015574
2691;16,933;0,827179187671756
2692;16,937;0,797439335447183
2693;16,942;0,835151999119194
2694;16,946;0,779975081800413
2695;16,950;0,802279970968842
2696;16,954;0,786271071792636
2697;16,958;0,728784570205351
2698;16,962;0,751753860327733
2699;16,966;0,838347451326303
2700;16,970;0,848060360510285
2701;16,975;1,09746382336806
2702;16,979;1,47281872421096
2703;16,983;2,20191967582296
2704;16,987;3,39024823917928
2705;16,991;5,09453160049128
2706;16,995;7,56357209794409
2707;16,999;10,6707855307393
2708;17,003;14,5120987413715
2709;17,008;18,6154390329866
2710;17,012;22,5364803580931
2711;17,016;25,3327541444382
2712;17,020;26,9846131066693
2713;17,024;26,4751757656905
2714;17,028;24,6363353921326
2715;17,032;21,8846397459837
2716;17,036;18,4252938075933
2717;17,041;15,3605387595697
2718;17,045;12,592043260728
2719;17,049;10,0813353320201
2720;17,053;8,3455087444657
2721;17,057;7,0091136827998
2722;17,061;5,76491216303007
2723;17,065;5,1089269544936
2724;17,069;4,38200903458745
2725;17,074;3,91468205883302
2726;17,078;3,4704825639043
2727;17,082;3,20706340473218
2728;17,086;2,83294239137519
2729;17,090;2,68598322798887
2730;17,094;2,48077824763932
2731;17,098;2,30078886539933
2732;17,102;2,08976246716752
2733;17,106;2,01727948690529
2734;17,111;1,91717640984301
2735;17,115;1,93201469781463
2736;17,119;1,77009069389403
2737;17,123;1,7293724068589
2738;17,127;1,59177813310925
2739;17,131;1,53388033569333
2740;17,135;1,42877843240606
2741;17,139;1,49945803865042
2742;17,144;1,41441471654441
2743;17,148;1,34901867979101
2744;17,152;1,42643720999689
2745;17,156;1,36670440042243
2746;17,160;1,41197857971324
2747;17,164;1,34784806858643
2748;17,168;1,36107281138416
2749;17,172;1,34215320326683
2750;17,177;1,17640098432583
2751;17,181;1,19683922319506
2752;17,185;1,09610338331949
2753;17,189;1,0409264660007
2754;17,193;0,996759621633148
2755;17,197;0,90674911144282
2756;17,201;1,00530191961255
2757;17,205;0,88615268187027
2758;17,210;0,910830431588532
2759;17,214;0,85707723059965
2760;17,218;0,841542903533411
2761;17,222;0,927535369859356
2762;17,226;0,811012097792227
2763;17,230;0,804431364534024
2764;17,234;0,760707454135769
2765;17,238;0,788264274654496
2766;17,243;0,812467452262791
2767;17,247;0,696197285320978
2768;17,251;0,688825598546164
2769;17,255;0,753272491079626
2770;17,259;0,713155328717118
2771;17,263;0,685566870057727
2772;17,267;0,745679337320161
2773;17,271;0,727519044578773
2774;17,275;0,697937383057523
2775;17,280;0,70711244385021
2776;17,284;0,704106820487088
2777;17,288;0,65073327718618
2778;17,292;0,748874789527269
2779;17,296;0,709295475556056
2780;17,300;0,661173863605445
2781;17,304;0,67639180926504
2782;17,308;0,599764232575769
2783;17,313;0,678796307955537
2784;17,317;0,677182762781651
2785;17,321;0,64225425548811
2786;17,325;0,659908337978867
2787;17,329;0,607578853319885
2788;17,333;0,72486144076296
2789;17,337;0,698190488182838
2790;17,341;0,729702076284619
2791;17,346;0,722203836947147
2792;17,350;0,686737481262311
2793;17,354;0,785669947120012
2794;17,358;0,738940413358635
2795;17,362;0,693033471254535
2796;17,366;0,693950977333803
2797;17,370;0,644089267646648
2798;17,374;0,665191907469828
2799;17,379;0,648834988746313
2800;17,383;0,598150687401882
2801;17,387;0,56413968618761
2802;17,391;0,633300661680074
2803;17,395;0,541708244456523
2804;17,399;0,563981495484288
2805;17,403;0,547592938620109
2806;17,407;0,514847463032415
2807;17,412;0,529147902612741
2808;17,416;0,573061641854982
2809;17,420;0,541518415612537
2810;17,424;0,554521691425621
2811;17,428;0,45195083939151
2812;17,432;0,530033770551345
2813;17,436;0,564392791312926
2814;17,440;0,511525458262649
2815;17,444;0,570657143164485
2816;17,449;0,468877244646985
2817;17,453;0,536013379136924
2818;17,457;0,50583059294305
2819;17,461;0,491973087332025
2820;17,465;0,494092842756543
2821;17,469;0,498901840137537
2822;17,473;0,489916608188837
2823;17,477;0,527439443016861
2824;17,482;0,534241643259716
2825;17,486;0,548826826106022
2826;17,490;0,537658562451475
2827;17,494;0,564171324328275
2828;17,498;0,564456067594255
2829;17,502;0,605522374176697
2830;17,506;0,613779928890115
2831;17,510;0,557685505492065
2832;17,515;0,518992059459456
2833;17,519;0,571954306931727
2834;17,523;0,612039831153571
2835;17,527;0,562810884279704
2836;17,531;0,556926190116118
2837;17,535;0,577807362954648
2838;17,539;0,503109712845908
2839;17,543;0,554490053284957
2840;17,548;0,558444820868011
2841;17,552;0,54496697294496
2842;17,556;0,523041741464504
2843;17,560;0,497541400088967
2844;17,564;0,528293672814801
2845;17,568;0,566892204425417
2846;17,572;0,53712071406018
2847;17,576;0,462865997920741
2848;17,581;0,501464529531357
2849;17,585;0,590494257361088
2850;17,589;0,499502964810162
2851;17,593;0,538544430390079
2852;17,597;0,594607215647465
2853;17,601;0,519846289257396
2854;17,605;0,540632547673932
2855;17,609;0,528831521206097
2856;17,613;0,504217047769163
2857;17,618;0,549586141481968
2858;17,622;0,484791229401198
2859;17,626;0,504944725004445
2860;17,630;0,454450252504001
2861;17,634;0,460809518777553
2862;17,638;0,48210198744472
2863;17,642;0,438567905890452
2864;17,646;0,531520763162574
2865;17,651;0,486879346685051
2866;17,655;0,471566486603462
2867;17,659;0,491656705925381
2868;17,663;0,483304236789969
2869;17,667;0,520637242774007
2870;17,671;0,504090495206505
2871;17,675;0,508646387462185
2872;17,679;0,50155944395335
2873;17,684;0,528040567689486
2874;17,688;0,534304919541045
2875;17,692;0,56869557844329
2876;17,696;0,508678025602849
2877;17,700;0,5074757762576
2878;17,704;0,520257585086034
2879;17,708;0,540316166267288
2880;17,712;0,454545166925994
2881;17,717;0,443313626990118
2882;17,721;0,462802721639413
2883;17,725;0,43727074212321
2884;17,729;0,465333772892568
2885;17,733;0,505229468270425
2886;17,737;0,475109958357879
2887;17,741;0,439358859407063
2888;17,745;0,483335874930633
2889;17,750;0,462043406263466
2890;17,754;0,44745822341716
2891;17,758;0,437492209107861
2892;17,762;0,443028883724138
2893;17,766;0,501401253250028
2894;17,770;0,439453773829057
2895;17,774;0,477198075641732
2896;17,778;0,481500862772096
2897;17,782;0,515638416549026
2898;17,787;0,541771520737852
2899;17,791;0,536962523356857
2900;17,795;0,511019248012017
2901;17,799;0,45815191496174
2902;17,803;0,506811375303647
2903;17,807;0,49450413858518
2904;17,811;0,495579835367771
2905;17,815;0,481121205084123
2906;17,820;0,479159640362927
2907;17,824;0,469320178616287
2908;17,828;0,473528051324657
2909;17,832;0,461094262043533
2910;17,836;0,462612892795426
2911;17,840;0,456380179084531
2912;17,844;0,448122624371113
2913;17,848;0,455177929739283
2914;17,853;0,423191769527535
2915;17,857;0,436163407199955
2916;17,861;0,467769909723729
2917;17,865;0,468023014849045
2918;17,869;0,46099934762154
2919;17,873;0,491023943112092
2920;17,877;0,450052550951644
2921;17,881;0,472483992682731
2922;17,886;0,452646878486128
2923;17,890;0,434423309463411
2924;17,894;0,466314555253165
2925;17,898;0,450463846780281
2926;17,902;0,486626241559735
2927;17,906;0,458278467524398
2928;17,910;0,505292744551754
2929;17,914;0,487132451810366
2930;17,919;0,505609125958398
2931;17,923;0,430088884192383
2932;17,927;0,519529907850752
2933;17,931;0,500768490436739
2934;17,935;0,467801547864394
2935;17,939;0,468529225099676
2936;17,943;0,480140422723525
2937;17,947;0,406012259146745
2938;17,951;0,453121450596094
2939;17,956;0,508235091633547
2940;17,960;0,521807853978591
2941;17,964;0,44182663437889
2942;17,968;0,433569079665471
2943;17,972;0,451507905422208
2944;17,976;0,441446976690916
2945;17,980;0,448628834621744
2946;17,984;0,418699153553185
2947;17,989;0,455272844161276
2948;17,993;0,477071523079075
2949;17,997;0,445085362867327
2950;18,001;0,483272598649305
2951;18,005;0,465112305907917
2952;18,009;0,50269841701727
2953;18,013;0,494345947881858
2954;18,017;0,458626487071707
2955;18,022;0,476818417953759
2956;18,026;0,459828736416955
2957;18,030;0,451602819844201
2958;18,034;0,478083943580337
2959;18,038;0,457424237726458
2960;18,042;0,495579835367771
2961;18,046;0,549491227059975
2962;18,050;0,706479681036921
2963;18,055;0,96534294795336
2964;18,059;1,30301682326492
2965;18,063;1,87433836738336
2966;18,067;2,70990166233119
2967;18,071;3,85517071624321
2968;18,075;5,47532826152846
2969;18,079;7,17556194083541
2970;18,083;9,00816960068237
2971;18,088;10,9009846422138
2972;18,092;12,1644854277888
2973;18,096;13,0826242698708
2974;18,100;13,4630096350794
2975;18,104;13,2902337489109
2976;18,108;12,5615124549868
2977;18,112;11,5483010002082
2978;18,116;10,2161454493913
2979;18,120;8,89895473910873
2980;18,125;7,60122148533477
2981;18,129;6,40058568525998
2982;18,133;5,40626220045799
2983;18,137;4,56184022612412
2984;18,141;3,88892861233217
2985;18,145;3,27815430680517
2986;18,149;2,96427231327328
2987;18,153;2,63134415906139
2988;18,158;2,31955028281334
2989;18,162;2,08754779732101
2990;18,166;1,92964183726479
2991;18,170;1,68859084354243
2992;18,174;1,57779407493557
2993;18,178;1,48844796569919
2994;18,182;1,363350757512
2995;18,186;1,3496514426043
2996;18,191;1,30428234889149
2997;18,195;1,20139511545074
2998;18,199;1,16336607037208
2999;18,203;1,06506636732767
3000;18,207;0,997961870978397
3001;18,211;1,00292905906271
3002;18,215;0,998657910073015
3003;18,219;0,943923926723535
3004;18,224;0,901655370795845
3005;18,228;0,892765053269138
3006;18,232;0,834424321883912
3007;18,236;0,835468380525839
3008;18,240;0,817339725925115
3009;18,244;0,79392750183343
3010;18,248;0,756056647458097
3011;18,252;0,747008139228067
3012;18,257;0,774944617434767
3013;18,261;0,765706280360751
3014;18,265;0,696323837883636
3015;18,269;0,738845498936642
3016;18,273;0,734289606680963
3017;18,277;0,710118067213332
3018;18,281;0,669557970881521
3019;18,285;0,715654741829608
3020;18,289;0,656206675521128
3021;18,294;0,689553275781446
3022;18,298;0,638299487905055
3023;18,302;0,641494940112164
3024;18,306;0,615488388485995
3025;18,310;0,657472201147705
3026;18,314;0,621784378478218
3027;18,318;0,612198021856893
3028;18,322;0,583470590133583
3029;18,327;0,590968829471055
3030;18,331;0,595113425898096
3031;18,335;0,590873915049061
3032;18,339;0,569201788693921
3033;18,343;0,585970003246073
3034;18,347;0,621721102196889
3035;18,351;0,593373328161552
3036;18,355;0,586634404200027
3037;18,360;0,583502228274247
3038;18,364;0,568537387739967
3039;18,368;0,578756507174581
3040;18,372;0,596189122680687
3041;18,376;0,562810884279704
3042;18,380;0,525572792717659
3043;18,384;0,539208831344033
3044;18,388;0,523642866137129
3045;18,393;0,548795187965358
3046;18,397;0,541866435159845
3047;18,401;0,581066091443085
3048;18,405;0,56306398940502
3049;18,409;0,546232498571538
3050;18,413;0,570245847335847
3051;18,417;0,479096364081599
