#"+EI TIC Scan 150C_1ml-min_9C-min_1.d "
#Point;X(Minutes);Y(Counts)
0;0,277;15,5243208206516
1;0,281;15,1459343178146
2;0,285;14,4943260812385
3;0,290;13,8922706947732
4;0,294;13,6287246834254
5;0,299;12,9453650471574
6;0,303;12,6106132341337
7;0,308;12,0837560590689
8;0,312;11,4967309209785
9;0,317;10,9797843159358
10;0,321;10,7953349866607
11;0,325;9,94420020290835
12;0,330;9,56971217074362
13;0,334;8,86314958854695
14;0,339;8,46653890955548
15;0,343;8,03761319655807
16;0,348;7,53334836358171
17;0,352;7,07182579942134
18;0,357;6,73754368165934
19;0,361;6,43008116334122
20;0,365;5,82154398226431
21;0,370;5,64583098485702
22;0,374;5,14894036748957
23;0,379;4,93743659113967
24;0,383;4,5998196370195
25;0,388;4,3072934280239
26;0,392;4,08169879382257
27;0,397;3,83182091459061
28;0,401;3,50477210385902
29;0,405;3,4111148686732
30;0,410;3,24855333859392
31;0,414;2,87646075226393
32;0,419;2,86232292488633
33;0,423;2,67106301431631
34;0,428;2,51996204862285
35;0,432;2,34622177131477
36;0,436;2,2470691015669
37;0,441;2,06553188291437
38;0,445;2,02269567504603
39;0,450;1,86050990117612
40;0,454;1,85097508736332
41;0,459;1,66539848946004
42;0,463;1,6163153346109
43;0,468;1,55520798106189
44;0,472;1,49743546387104
45;0,476;1,38733889452523
46;0,481;1,32219216172547
47;0,485;1,21989253372412
48;0,490;1,18734265208733
49;0,494;1,20753954834104
50;0,499;1,19927291173487
51;0,503;1,15526246571225
52;0,508;0,989225190696276
53;0,512;1,11148686732048
54;0,516;1,00016909029422
55;0,521;0,959352572051253
56;0,525;0,91524818697629
57;0,530;0,887207379851952
58;0,534;0,886878593168752
59;0,539;0,80740615488671
60;0,543;0,712715590125127
61;0,548;0,745500319392778
62;0,552;0,799280426859054
63;0,556;0,709803479502499
64;0,561;0,725350392665239
65;0,565;0,734697328373351
66;0,570;0,6251643933416
67;0,574;0,630424980272799
68;0,579;0,672650584300906
69;0,583;0,622393191297486
70;0,588;0,652688535678052
71;0,592;0,61952805020103
72;0,596;0,511686018111449
73;0,601;0,598861458685605
74;0,605;0,530943523841731
75;0,610;0,540525307180701
76;0,614;0,523710216811333
77;0,619;0,528970803742532
78;0,623;0,583878179836922
79;0,627;0,492287603802653
80;0,632;0,442358997482433
81;0,636;0,473217976177056
82;0,641;0,421128771652952
83;0,645;0,450484725510089
84;0,650;0,426483297636493
85;0,654;0,434796903768835
86;0,659;0,374581971217074
87;0,663;0,407366700484726
88;0,667;0,504969375868936
89;0,672;0,353022958704393
90;0,676;0,404266711757412
91;0,681;0,408118212903468
92;0,685;0,330618494720625
93;0,690;0,398818246721527
94;0,694;0,360960808627363
95;0,699;0,337992710329538
96;0,703;0,364060797354676
97;0,707;0,376789538947131
98;0,712;0,342266937211137
99;0,716;0,39661067899147
100;0,721;0,330336677563597
101;0,725;0,320426107541427
102;0,730;0,320895802803141
103;0,734;0,369415323338218
104;0,739;0,307039792582572
105;0,743;0,321788223800398
106;0,747;0,306523127794687
107;0,752;0,299195881711945
108;0,756;0,336301807387367
109;0,761;0,285011084808176
110;0,765;0,282568669447263
111;0,770;0,281206553188291
112;0,774;0,286936835381205
113;0,779;0,313944312929771
114;0,783;0,287829256378462
115;0,787;0,305865554428287
116;0,792;0,281535339871491
117;0,796;0,332074550031939
118;0,801;0,316809454026228
119;0,805;0,289661067899147
120;0,810;0,362135046781648
121;0,814;0,314367038665314
122;0,818;0,376789538947131
123;0,823;0,339495735167024
124;0,827;0,309294329838801
125;0,832;0,348185097508736
126;0,836;0,28942622026829
127;0,841;0,356639612219592
128;0,845;0,320332168489084
129;0,850;0,342783601999023
130;0,854;0,40022733250667
131;0,858;0,342783601999023
132;0,863;0,383318303084958
133;0,867;0,388531920489986
134;0,872;0,35358659301845
135;0,876;0,327377597414797
136;0,881;0,367066847029647
137;0,885;0,357297185585992
138;0,890;0,370824409123361
139;0,894;0,365235035508962
140;0,898;0,367395633712847
141;0,903;0,36913350618119
142;0,907;0,426389358584151
143;0,912;0,392242513057528
144;0,916;0,419625746815466
145;0,921;0,393416751211814
146;0,925;0,416196971404952
147;0,930;0,354760831172735
148;0,934;0,364483523090219
149;0,938;0,340857851425995
150;0,943;0,347809341299365
151;0,947;0,416337879983467
152;0,952;0,418310600082666
153;0,956;0,42075301544358
154;0,961;0,390363732010671
155;0,965;0,347339646037651
156;0,970;0,345601773569308
157;0,974;0,324982151580055
158;0,978;0,364953218351933
159;0,983;0,31986247322737
160;0,987;0,340435125690452
161;0,992;0,35856536279262
162;0,996;0,301779205651373
163;1,001;0,366033517453876
164;1,005;0,350439634764964
165;1,010;0,36119565625822
166;1,014;0,321741254274227
167;1,018;0,345836621200165
168;1,023;0,347292676511479
169;1,027;0,311736745199714
170;1,032;0,316762484500056
171;1,036;0,335644234020967
172;1,041;0,351660842445421
173;1,045;0,459033179273288
174;1,049;0,39858339909067
175;1,054;0,412862135046782
176;1,058;0,410043963476496
177;1,063;0,388625859542329
178;1,067;0,372562281591703
179;1,072;0,354338105437192
180;1,076;0,43860143538872
181;1,081;0,404642467966783
182;1,085;0,398865216247698
183;1,089;0,353210836809078
184;1,094;0,338791192274452
185;1,098;0,285762597226919
186;1,103;0,380547101040845
187;1,107;0,337147258858453
188;1,112;0,315776124450457
189;1,116;0,326860932626912
190;1,121;0,300182241761545
191;1,125;0,30300041333183
192;1,129;0,330289708037425
193;1,134;0,281300492240634
194;1,138;0,248140006763612
195;1,143;0,303564047645887
196;1,147;0,259083906361553
197;1,152;0,295908014879946
198;1,156;0,244852139931612
199;1,161;0,290036824108518
200;1,165;0,286514109645662
201;1,169;0,313615526246571
202;1,174;0,242832450306241
203;1,178;0,256218765265096
204;1,183;0,309482207943486
205;1,187;0,306429188742344
206;1,192;0,228506744823958
207;1,196;0,309247360312629
208;1,201;0,335221508285424
209;1,205;0,367959268026904
210;1,209;0,351989629128621
211;1,214;0,432965092248149
212;1,218;0,529440499004246
213;1,223;0,748976064329463
214;1,227;0,871660466689212
215;1,232;1,21171983617029
216;1,236;1,5813230376132
217;1,240;1,97318979446135
218;1,245;2,61000263029347
219;1,249;3,18805658888513
220;1,254;3,86131777702627
221;1,258;4,81198098673581
222;1,263;5,73338218164055
223;1,267;6,79813437042047
224;1,272;7,77904595498441
225;1,276;8,63774283245031
226;1,280;9,58821816405516
227;1,285;10,4088697253222
228;1,289;11,2054728891895
229;1,294;11,5836715139218
230;1,298;12,1452861383534
231;1,303;12,5894769473566
232;1,307;12,552605869312
233;1,312;13,0257768759629
234;1,316;13,1426840266035
235;1,320;13,0870721076166
236;1,325;12,9285029872619
237;1,329;12,7551854356893
238;1,334;12,4723819186112
239;1,338;12,397512493894
240;1,343;12,0164956975914
241;1,347;11,9655337616954
242;1,352;11,9835700597452
243;1,356;11,6492879419832
244;1,360;11,4632886183444
245;1,365;11,1223837973923
246;1,369;10,7007853304776
247;1,374;10,5526904144591
248;1,378;10,0429301469207
249;1,383;9,73396460376508
250;1,387;9,4397474918273
251;1,392;8,98038552587082
252;1,396;8,55056739187615
253;1,400;8,17622026828993
254;1,405;7,83207455003194
255;1,409;7,20258896028257
256;1,414;6,88460526810206
257;1,418;6,48982640063127
258;1,423;6,0744748806974
259;1,427;5,66452485627325
260;1,431;5,2585202720475
261;1,436;5,09407996092135
262;1,440;4,59991357607184
263;1,445;4,26736933077819
264;1,449;4,05365798669823
265;1,454;3,74459850449029
266;1,458;3,45052230113103
267;1,463;3,15564761582685
268;1,467;2,94564686431443
269;1,471;2,69431292977116
270;1,476;2,48877428324503
271;1,480;2,39070191259911
272;1,485;2,03274715364671
273;1,489;1,99033367151392
274;1,494;1,75318453387442
275;1,498;1,70663773343854
276;1,503;1,50011272686281
277;1,507;1,49579153045504
278;1,511;1,35408446999587
279;1,516;1,25728027655657
280;1,520;1,17715026490813
281;1,525;1,12430954796528
282;1,529;1,05883402848232
283;1,534;0,917361815654004
284;1,538;0,908484575207605
285;1,543;0,860434749934243
286;1,547;0,799374365911397
287;1,551;0,817504603013565
288;1,556;0,749915454852891
289;1,560;0,603182655093375
290;1,565;0,65691579303348
291;1,569;0,6271371134408
292;1,574;0,567720662833953
293;1,578;0,563117649269154
294;1,583;0,527185961748018
295;1,587;0,58016758726938
296;1,591;0,522066283395333
297;1,596;0,505533010182993
298;1,600;0,527937474166761
299;1,605;0,55372374403487
300;1,609;0,586837259985721
301;1,614;0,649071882162853
302;1,618;0,818256115432307
303;1,622;0,977811595836621
304;1,627;1,2687408409424
305;1,631;1,67944237778529
306;1,636;2,25012212076805
307;1,640;2,71366437455379
308;1,645;3,4104572953068
309;1,649;4,37305076466389
310;1,654;5,45973772216586
311;1,658;6,31270431743885
312;1,662;7,43682598729944
313;1,667;8,3738210648931
314;1,671;9,63462405591252
315;1,676;10,692142937662
316;1,680;11,5623003795138
317;1,685;12,3515293277721
318;1,689;13,1470991620637
319;1,694;13,6611336564837
320;1,698;13,8900631270432
321;1,702;14,4617761996017
322;1,707;14,5576879720437
323;1,711;14,9388456769248
324;1,716;14,8124037124713
325;1,720;14,9710667718784
326;1,725;14,777505354526
327;1,729;14,7455191072032
328;1,734;14,5714970127381
329;1,738;14,2079059106452
330;1,742;13,9894976139481
331;1,747;13,6493912749408
332;1,751;13,0977811595837
333;1,756;12,8765077217901
334;1,760;12,3230188253861
335;1,765;11,9722504039379
336;1,769;11,3521117498967
337;1,774;10,9965054672528
338;1,778;10,243865779882
339;1,782;9,7543024085973
340;1,787;9,47300191635667
341;1,791;8,90603276594146
342;1,796;8,45888287678954
343;1,800;7,9568725810694
344;1,805;7,42372148949761
345;1,809;6,90499004246045
346;1,814;6,4041539848946
347;1,818;6,0082478487957
348;1,822;5,59355390222823
349;1,827;5,10056175553301
350;1,831;4,8606414158494
351;1,836;4,46060196144741
352;1,840;4,0523898094916
353;1,845;3,67921692405967
354;1,849;3,4153890955548
355;1,853;3,15644609777177
356;1,858;2,87073047007102
357;1,862;2,59210724082215
358;1,867;2,39920339683613
359;1,871;2,22865704730771
360;1,876;2,09779994739413
361;1,880;1,75191635666779
362;1,885;1,72706947732311
363;1,889;1,51133844361778
364;1,893;1,46605982038853
365;1,898;1,34370420471198
366;1,902;1,226984932176
367;1,907;1,21073347612069
368;1,911;1,11153383684665
369;1,916;0,960198023522339
370;1,920;0,925158756998459
371;1,925;0,909095179047834
372;1,929;0,801534964115282
373;1,933;0,71083680907827
374;1,938;0,73728065231278
375;1,942;0,687915680306617
376;1,947;0,612858377484688
377;1,951;0,716895877954383
378;1,956;0,631176492691542
379;1,960;0,567908540938639
380;1,965;0,562131289219554
381;1,969;0,489469432232368
382;1,973;0,490080036072596
383;1,978;0,473875549543456
384;1,982;0,524837485439447
385;1,987;0,411640927366325
386;1,991;0,427798444369293
387;1,996;0,393839476947357
388;2,000;0,459596813587345
389;2,005;0,361900199150791
390;2,009;0,368522902340961
391;2,013;0,404783376545297
392;2,018;0,332544245293653
393;2,022;0,352741141547364
394;2,027;0,314977642505542
395;2,031;0,334516965392853
396;2,036;0,320144290384399
397;2,040;0,278482320670349
398;2,044;0,320003381805884
399;2,049;0,268947506857551
400;2,053;0,291633787998347
401;2,058;0,326720024048397
402;2,062;0,331745763348739
403;2,067;0,290882275579604
404;2,071;0,235599143275843
405;2,076;0,251850599331154
406;2,080;0,195956863187164
407;2,084;0,272141434637207
408;2,089;0,225735542779844
409;2,093;0,272986886108293
410;2,098;0,288064104009319
411;2,102;0,241986998835156
412;2,107;0,299900424604517
413;2,111;0,236021869011385
414;2,116;0,239121857738699
415;2,120;0,231747642129786
416;2,124;0,225171908465787
417;2,129;0,265659640025551
418;2,133;0,198023522338707
419;2,138;0,25039454401984
420;2,142;0,233485514598129
421;2,147;0,234237027016871
422;2,151;0,172143313418254
423;2,156;0,258614211099838
424;2,160;0,262653590350581
425;2,164;0,244617292300755
426;2,169;0,230009769661444
427;2,173;0,183462969225566
428;2,178;0,19318566114305
429;2,182;0,212161349716304
430;2,187;0,195628076503964
431;2,191;0,178531168977567
432;2,196;0,209906812460076
433;2,200;0,214274978394018
434;2,204;0,198070491864878
435;2,209;0,178906925186939
436;2,213;0,235035508961786
437;2,218;0,180832675759967
438;2,222;0,21699921091196
439;2,227;0,174209972569797
440;2,231;0,214368917446361
441;2,235;0,193890204035622
442;2,240;0,177920565137339
443;2,244;0,174163003043625
444;2,249;0,13264194190809
445;2,253;0,175008454514711
446;2,258;0,212771953556533
447;2,262;0,169466050426483
448;2,267;0,199291699545335
449;2,271;0,190649306729794
450;2,275;0,215778003231503
451;2,280;0,24015518731447
452;2,284;0,149128245594258
453;2,289;0,18952203810168
454;2,293;0,183932664487281
455;2,298;0,172519069627626
456;2,302;0,18952203810168
457;2,307;0,180175102393567
458;2,311;0,156690339307857
459;2,315;0,142787359561117
460;2,320;0,186515988426709
461;2,324;0,198540187126592
462;2,329;0,214885582234246
463;2,333;0,138982827941232
464;2,338;0,191400819148536
465;2,342;0,200231090068763
466;2,347;0,1538251982114
467;2,351;0,201499267275392
468;2,355;0,162326682448427
469;2,360;0,172049374365911
470;2,364;0,195675046030136
471;2,369;0,146075226393116
472;2,373;0,17134483147334
473;2,378;0,186515988426709
474;2,382;0,199056851914478
475;2,387;0,195722015556307
476;2,391;0,189146281892308
477;2,395;0,151805508586029
478;2,400;0,136446473527975
479;2,404;0,139123736519746
480;2,409;0,158099425093
481;2,413;0,166741817908541
482;2,418;0,17298876488934
483;2,422;0,175947845038139
484;2,426;0,164534250178484
485;2,431;0,17430391162214
486;2,435;0,180644797655281
487;2,440;0,182147822492767
488;2,444;0,169137263743283
489;2,449;0,157394882200428
490;2,453;0,209249239093676
491;2,458;0,205162890316762
492;2,462;0,188770525682937
493;2,466;0,180222071919738
494;2,471;0,164816067335513
495;2,475;0,182147822492767
496;2,480;0,150537331379401
497;2,484;0,175008454514711
498;2,489;0,170264532371397
499;2,493;0,193373539247736
500;2,498;0,143304024349002
501;2,502;0,198868973809792
502;2,506;0,166131214068312
503;2,511;0,192434148724308
504;2,515;0,13231315522489
505;2,520;0,181208431969338
506;2,524;0,161950926239056
507;2,529;0,163219103445684
508;2,533;0,187643257054823
509;2,538;0,141941908090031
510;2,542;0,139969187990832
511;2,546;0,158475181302371
512;2,551;0,194970503137564
513;2,555;0,184308420696652
514;2,560;0,147813098861459
515;2,564;0,128038928343291
516;2,569;0,152791868635629
517;2,573;0,163641829181227
518;2,578;0,124187427197234
519;2,582;0,179705407131853
520;2,586;0,130716191335062
521;2,591;0,18059782812911
522;2,595;0,115216247698493
523;2,600;0,1584282117762
524;2,604;0,103332957577124
525;2,609;0,178343290872882
526;2,613;0,119631383158607
527;2,617;0,165144854018713
528;2,622;0,166131214068312
529;2,626;0,178578138503739
530;2,631;0,143679780558374
531;2,635;0,155891857362943
532;2,640;0,142270694773231
533;2,644;0,121087438469921
534;2,649;0,14057979183106
535;2,653;0,164158493969113
536;2,657;0,149410062751287
537;2,662;0,134097997219404
538;2,666;0,122120768045692
539;2,671;0,141425243302146
540;2,675;0,161856987186713
541;2,680;0,168056964641341
542;2,684;0,154060045842258
543;2,689;0,186093262691166
544;2,693;0,127616202607748
545;2,697;0,136211625897118
546;2,702;0,1557979183106
547;2,706;0,141660090933003
548;2,711;0,167681208431969
549;2,715;0,110519295081351
550;2,720;0,164581219704656
551;2,724;0,199902303385563
552;2,729;0,187596287528651
553;2,733;0,277214143463721
554;2,737;0,429113591102093
555;2,742;0,525307180701161
556;2,746;0,793972870401683
557;2,751;1,11350655694585
558;2,755;1,62927892383422
559;2,760;2,41324728516139
560;2,764;3,21816405516101
561;2,769;4,32669184233269
562;2,773;5,43319993987901
563;2,777;6,85825536391989
564;2,782;8,15160823657611
565;2,786;9,99863788374103
566;2,791;11,3863055649495
567;2,795;12,8513320557622
568;2,800;14,261028444745
569;2,804;15,1648160673355
570;2,809;16,1411716078608
571;2,813;16,6514485401871
572;2,817;17,1792451057754
573;2,822;17,612351106602
574;2,826;17,5921542103483
575;2,831;17,1892026453237
576;2,835;17,2977022507797
577;2,840;17,0680212678015
578;2,844;16,4391932514185
579;2,848;16,2028895652501
580;2,853;15,475660391538
581;2,857;15,0343347236313
582;2,862;14,5641697666554
583;2,866;14,2586329989103
584;2,871;13,6007778153534
585;2,875;13,00360725961
586;2,880;12,0417183331455
587;2,884;11,4501841205426
588;2,888;10,5730282192913
589;2,893;9,58615150490362
590;2,897;8,91321910344568
591;2,902;8,22225040393793
592;2,906;7,45340623003795
593;2,911;6,64816067335513
594;2,915;6,13257618457145
595;2,920;5,69693382933153
596;2,924;5,00821966708
597;2,928;4,50390786457746
598;2,933;4,17601360237478
599;2,937;3,63844737534288
600;2,942;3,32995152744899
601;2,946;3,11544170142412
602;2,951;2,69816443091722
603;2,955;2,43100176605418
604;2,960;2,15792094089355
605;2,964;1,92687784165633
606;2,968;1,76417540299853
607;2,973;1,60217750723331
608;2,977;1,48127794686807
609;2,982;1,26329237590651
610;2,986;1,15300792845602
611;2,991;0,989272160222448
612;2,995;1,0332356367189
613;3,000;0,959446511103596
614;3,004;0,912242137301319
615;3,008;0,74061548867095
616;3,013;0,716942847480555
617;3,017;0,665605155375193
618;3,022;0,653721865253823
619;3,026;0,592567542178634
620;3,031;0,477867959268027
621;3,035;0,557481306128584
622;3,039;0,462274076579115
623;3,044;0,3932758426333
624;3,048;0,456355916281517
625;3,053;0,401119753503927
626;3,057;0,363825949723819
627;3,062;0,38435163266073
628;3,066;0,386418291812272
629;3,071;0,308824634577086
630;3,075;0,321365498064856
631;3,079;0,325686694472626
632;3,084;0,277589899673092
633;3,088;0,32681396310074
634;3,093;0,268336903017322
635;3,097;0,264109645661895
636;3,102;0,287406530642919
637;3,106;0,275805057678578
638;3,111;0,360725960996505
639;3,115;0,41314395220381
640;3,119;0,643670386653139
641;3,124;0,956957126216511
642;3,128;1,43646901890054
643;3,133;2,38140194641716
644;3,137;3,33131364370796
645;3,142;4,74824333972119
646;3,146;6,8570811257656
647;3,151;9,33106000826664
648;3,155;12,2579660316387
649;3,159;16,1274095366926
650;3,164;20,4919118475933
651;3,168;25,2155431556006
652;3,173;30,3201912599106
653;3,177;35,167681208432
654;3,182;41,1277383233758
655;3,186;46,0222447675948
656;3,191;50,7921880284072
657;3,195;55,4136606169917
658;3,199;58,7501878781047
659;3,204;60,6253522714463
660;3,208;61,6948953518957
661;3,213;62,4844061173111
662;3,217;62,6084526359298
663;3,222;62,0042366512607
664;3,226;61,0646582497276
665;3,230;59,3509281178371
666;3,235;58,0976402510051
667;3,239;55,2900837936347
668;3,244;51,913632435276
669;3,248;50,136728290685
670;3,253;46,711428625108
671;3,257;44,3433190545974
672;3,262;41,4159903054898
673;3,266;37,8924303911622
674;3,270;34,8690959305602
675;3,275;31,9244354262954
676;3,279;28,8780389283433
677;3,284;25,9635328598805
678;3,288;23,1226280389283
679;3,293;20,849678728441
680;3,297;17,9968436478413
681;3,302;16,3460526810206
682;3,306;14,1761075414271
683;3,310;12,5009863600496
684;3,315;11,1683199939879
685;3,319;10,0693739901552
686;3,324;8,76864690189005
687;3,328;7,84409874873182
688;3,333;7,07534851388419
689;3,337;6,26056814338857
690;3,342;5,65992184270845
691;3,346;4,99666516364183
692;3,350;4,49653364896855
693;3,355;4,01232480366738
694;3,359;3,78118776537782
695;3,364;3,23023522338707
696;3,368;3,00008454514711
697;3,373;2,66491000638786
698;3,377;2,54518468417691
699;3,382;2,33880058617969
700;3,386;2,10071205801676
701;3,390;2,01602600232969
702;3,395;1,75506331492128
703;3,399;1,71711193777477
704;3,404;1,61321534588359
705;3,408;1,48202945928681
706;3,413;1,37662984255815
707;3,417;1,29457408033668
708;3,421;1,20993499417578
709;3,426;1,12290046218014
710;3,430;1,16038214406493
711;3,435;1,05920978469169
712;3,439;1,00914026979296
713;3,444;0,946623830458798
714;3,448;0,929855709615601
715;3,453;0,826663660616992
716;3,457;0,750150302483749
717;3,461;0,753954834103634
718;3,466;0,773916882726487
719;3,470;0,678333896967647
720;3,475;0,695665652124901
721;3,479;0,65029308984331
722;3,484;0,659123360763537
723;3,488;0,60928869349566
724;3,493;0,57753729380378
725;3,497;0,530990493367903
726;3,501;0,571666103032353
727;3,506;0,508539059857964
728;3,510;0,451471085559689
729;3,515;0,512202682899335
730;3,519;0,465139217675572
731;3,524;0,408587908165182
732;3,528;0,45546349528426
733;3,533;0,41347273888701
734;3,537;0,378950137151016
735;3,541;0,395201593206328
736;3,546;0,355183556908278
737;3,550;0,347903280351708
738;3,555;0,299900424604517
739;3,559;0,322727614323827
740;3,564;0,322868522902341
741;3,568;0,341515424792395
742;3,573;0,315165520610228
743;3,577;0,296518618720174
744;3,581;0,314507947243828
745;3,586;0,260023296884981
746;3,590;0,291258031788975
747;3,595;0,266833878179837
748;3,599;0,276368691992635
749;3,604;0,263874798031037
750;3,608;0,232734002179386
751;3,612;0,261620260774809
752;3,617;0,248609702025326
753;3,621;0,265424792394694
754;3,626;0,215778003231503
755;3,630;0,263217224664638
756;3,635;0,29835043024086
757;3,639;0,211597715402247
758;3,644;0,233156727914929
759;3,648;0,143022207191974
760;3,652;0,152322173373915
761;3,657;0,20342501784842
762;3,661;0,166178183594484
763;3,666;0,193749295457107
764;3,670;0,217750723330703
765;3,675;0,198399278548078
766;3,679;0,184496298801338
767;3,684;0,175525119302596
768;3,688;0,170593319054597
769;3,692;0,144290384398602
770;3,697;0,14654492165483
771;3,701;0,173552399203397
772;3,706;0,157066095517228
773;3,710;0,202156840641792
774;3,715;0,163594859655056
775;3,719;0,103567805207981
776;3,724;0,133346484800661
777;3,728;0,135366174426032
778;3,732;0,0840754518468418
779;3,737;0,164111524442941
780;3,741;0,145135835869688
781;3,746;0,117141998271521
782;3,750;0,13794949836546
783;3,755;0,141284334723631
784;3,759;0,0924360275053545
785;3,764;0,177732687032653
786;3,768;0,20572652463082
787;3,772;0,151100965693458
788;3,777;0,14917521512043
789;3,781;0,148752489384887
790;3,786;0,101454176530267
791;3,790;0,116155638221922
792;3,795;0,157864577462143
793;3,799;0,166084244542141
794;3,804;0,147155525495059
795;3,808;0,133769210536204
796;3,812;0,127146507346034
797;3,817;0,148564611280201
798;3,821;0,137667681208432
799;3,826;0,139170706045917
800;3,830;0,135647991583061
801;3,835;0,0741648818246722
802;3,839;0,0921072408221546
803;3,843;0,125549543456206
804;3,848;0,126441964453463
805;3,852;0,11545109532935
806;3,857;0,091261789351069
807;3,861;0,120523804155864
808;3,866;0,109204148348551
809;3,870;0,116672303009807
810;3,875;0,112726862811408
811;3,879;0,146028256866945
812;3,883;0,122120768045692
813;3,888;0,120570773682035
814;3,892;0,0891481606733551
815;3,897;0,110425356029008
816;3,901;0,0984950963814677
817;3,906;0,157629729831285
818;3,910;0,151194904745801
819;3,915;0,0970860105963251
820;3,919;0,100467816480667
821;3,923;0,0978844925412392
822;3,928;0,129588922706948
823;3,932;0,17364633825574
824;3,937;0,14321008529666
825;3,941;0,120993499417578
826;3,946;0,112163228497351
827;3,950;0,191119001991508
828;3,955;0,154529741103972
829;3,959;0,115310186750836
830;3,963;0,164299402547627
831;3,968;0,157066095517228
832;3,972;0,168526659903055
833;3,977;0,162326682448427
834;3,981;0,177169052718596
835;3,986;0,121322286100778
836;3,990;0,217140119490475
837;3,995;0,220005260586931
838;3,999;0,275476270995378
839;4,003;0,525495058805847
840;4,008;0,695102017810844
841;4,012;1,05376131965581
842;4,017;1,53529290196521
843;4,021;2,23006613309285
844;4,026;3,16034456844399
845;4,030;4,29747679705407
846;4,034;5,75325029121106
847;4,039;7,48332581820915
848;4,043;9,38451132904971
849;4,048;11,4173993912749
850;4,052;13,3692650208545
851;4,057;15,4889527674445
852;4,061;17,1201574418517
853;4,066;18,8074907000338
854;4,070;19,9675910269417
855;4,074;21,1125201968963
856;4,079;22,0539773794762
857;4,083;22,3163021831436
858;4,088;22,3500732724608
859;4,092;22,2646826738812
860;4,097;21,4210630143163
861;4,101;21,1170762409349
862;4,106;20,0221226468267
863;4,110;18,6531018675084
864;4,114;17,6941250516665
865;4,119;16,4074888212528
866;4,123;15,1681978732199
867;4,128;13,7954195318078
868;4,132;12,3477247961523
869;4,137;11,2591120880773
870;4,141;9,90127005598768
871;4,146;9,05323526096269
872;4,150;7,95118926840266
873;4,154;6,88939615977154
874;4,159;6,16770939014767
875;4,163;5,44433171758163
876;4,168;4,74584789388645
877;4,172;4,08902603990531
878;4,177;3,66662909104573
879;4,181;3,23915943335964
880;4,186;2,86246383346485
881;4,190;2,51690902942171
882;4,194;2,34922782098974
883;4,199;1,95895802803141
884;4,203;1,77371021681133
885;4,208;1,6623454702589
886;4,212;1,44149475820088
887;4,217;1,31660278811107
888;4,221;1,29664073948822
889;4,225;1,20500319392778
890;4,230;1,04742043362267
891;4,234;1,0774339608462
892;4,239;1,01656145492804
893;4,243;0,9347875098636
894;4,248;0,89805734039755
895;4,252;0,887254349378123
896;4,257;0,820228835531507
897;4,261;0,762456318340661
898;4,265;0,708300454665013
899;4,270;0,742447300191636
900;4,274;0,655647615826851
901;4,279;0,60764476007966
902;4,283;0,501822417615451
903;4,288;0,489046706496825
904;4,292;0,516946605042648
905;4,297;0,486463382557397
906;4,301;0,387733438545072
907;4,305;0,423618156540037
908;4,310;0,419907563972495
909;4,314;0,326673054522226
910;4,319;0,334141209183482
911;4,323;0,331792732874911
912;4,328;0,324089730582798
913;4,332;0,307321609739601
914;4,337;0,308542817420058
915;4,341;0,29139894036749
916;4,345;0,237243076691842
917;4,350;0,294827715778003
918;4,354;0,227426445722016
919;4,359;0,27453688047195
920;4,363;0,205115920790591
921;4,368;0,199761394807049
922;4,372;0,164534250178484
923;4,377;0,166600909330027
924;4,381;0,227332506669673
925;4,385;0,212912862135047
926;4,390;0,223574944575959
927;4,394;0,206994701837448
928;4,399;0,215871942283846
929;4,403;0,16143426145117
930;4,408;0,249032427760869
931;4,412;0,220193138691617
932;4,416;0,189991733363394
933;4,421;0,193561417352422
934;4,425;0,18524781122008
935;4,430;0,185670536955623
936;4,434;0,17796753466351
937;4,439;0,190555367677451
938;4,443;0,177403900349453
939;4,448;0,156267613572314
940;4,452;0,145417653026716
941;4,456;0,218831022432646
942;4,461;0,186797805583737
943;4,465;0,151805508586029
944;4,470;0,155703979258257
945;4,474;0,176652387930711
946;4,479;0,163125164393342
947;4,483;0,166178183594484
948;4,488;0,191400819148536
949;4,492;0,172096343892083
950;4,496;0,175478149776425
951;4,501;0,163500920602713
952;4,505;0,181819035809567
953;4,510;0,17763874798031
954;4,514;0,187925074211851
955;4,519;0,182946304437681
956;4,523;0,146450982602488
957;4,528;0,177779656558825
958;4,532;0,185200841693909
959;4,536;0,204458347424191
960;4,541;0,235458234697328
961;4,545;0,281018675083606
962;4,550;0,423148461278323
963;4,554;0,66156577612445
964;4,559;1,01073723368279
965;4,563;1,65539398038553
966;4,568;2,53508623605005
967;4,572;3,61313080073648
968;4,576;4,86500958178334
969;4,581;6,70677864201706
970;4,585;8,79490286701988
971;4,590;10,723377672566
972;4,594;13,3517923571187
973;4,599;15,7535790778943
974;4,603;18,0110754142712
975;4,608;20,0669785443204
976;4,612;21,7531375643483
977;4,616;23,1215947093526
978;4,621;24,3755871190771
979;4,625;24,9555198587157
980;4,630;25,8355409010634
981;4,634;25,6719460414083
982;4,639;25,1209934994176
983;4,643;24,3762446924435
984;4,647;23,5934975387968
985;4,652;22,4970409198512
986;4,656;20,9341299364972
987;4,661;19,0378292563785
988;4,665;17,3575883966483
989;4,670;15,5853342351482
990;4,674;14,0110096569346
991;4,679;12,5114135948597
992;4,683;10,7917653026716
993;4,687;9,39197948371097
994;4,692;8,0503889076767
995;4,696;6,96022620523804
996;4,701;6,11980047345282
997;4,705;5,29243226994326
998;4,710;4,44524292638936
999;4,714;3,78287866831999
1000;4,719;3,29359711419231
1001;4,723;2,81342764814189
1002;4,727;2,49746364558674
1003;4,732;2,16534212602863
1004;4,736;1,98568368842295
1005;4,741;1,72833765452974
1006;4,745;1,54971254649983
1007;4,750;1,4592022695675
1008;4,754;1,28151655206102
1009;4,759;1,1142580693646
1010;4,763;1,02130537707136
1011;4,767;0,970954045015594
1012;4,772;0,904116409273663
1013;4,776;0,790966820726713
1014;4,781;0,727229173712096
1015;4,785;0,703274715364671
1016;4,790;0,675656633975876
1017;4,794;0,622815917033029
1018;4,799;0,619715928305715
1019;4,803;0,536298049825273
1020;4,807;0,516289031676248
1021;4,812;0,523428399654304
1022;4,816;0,486792169240597
1023;4,821;0,451658963664375
1024;4,825;0,481202795626198
1025;4,830;0,439634764964491
1026;4,834;0,373689550219817
1027;4,838;0,363403223988276
1028;4,843;0,349594183293879
1029;4,847;0,390880396798557
1030;4,852;0,40586367564724
1031;4,856;0,35161387291925
1032;4,861;0,333107879607711
1033;4,865;0,350674482395822
1034;4,870;0,310421598466915
1035;4,874;0,299853455078345
1036;4,878;0,288862585954233
1037;4,883;0,332403336715139
1038;4,887;0,341139668583023
1039;4,892;0,284823206703491
1040;4,896;0,262606620824409
1041;4,901;0,319439747491827
1042;4,905;0,259835418780295
1043;4,910;0,248891519182354
1044;4,914;0,246543042873783
1045;4,918;0,275992935783264
1046;4,923;0,270638409799722
1047;4,927;0,245086987562469
1048;4,932;0,21333558787059
1049;4,936;0,214274978394018
1050;4,941;0,227332506669673
1051;4,945;0,235411265171157
1052;4,950;0,187502348476309
1053;4,954;0,205491676999962
1054;4,958;0,236867320482471
1055;4,963;0,237149137639499
1056;4,967;0,243959718934355
1057;4,972;0,235646112802014
1058;4,976;0,209624995303047
1059;4,981;0,226158268515387
1060;4,985;0,217891631909217
1061;4,990;0,139170706045917
1062;4,994;0,191259910570022
1063;4,998;0,259553601623267
1064;5,003;0,182006913914252
1065;5,007;0,223574944575959
1066;5,012;0,240718821628527
1067;5,016;0,21930071769436
1068;5,021;0,152932777214143
1069;5,025;0,243724871303498
1070;5,029;0,214321947920189
1071;5,034;0,198399278548078
1072;5,038;0,227003719986473
1073;5,043;0,22094465111036
1074;5,047;0,160870627137113
1075;5,052;0,200747754856649
1076;5,056;0,234565813700071
1077;5,061;0,135319204899861
1078;5,065;0,208779543831962
1079;5,069;0,184496298801338
1080;5,074;0,240577913050013
1081;5,078;0,204129560740991
1082;5,083;0,196238680344193
1083;5,087;0,19384323450945
1084;5,092;0,203190170217563
1085;5,096;0,195909893660993
1086;5,101;0,210000751512419
1087;5,105;0,14621613497163
1088;5,109;0,199667455754706
1089;5,114;0,208873482884305
1090;5,118;0,183744786382595
1091;5,123;0,141425243302146
1092;5,127;0,179329650922481
1093;5,132;0,151523691429001
1094;5,136;0,128743471235862
1095;5,141;0,187737196107166
1096;5,145;0,148235824597001
1097;5,149;0,175431180250254
1098;5,154;0,169043324690941
1099;5,158;0,168479690376883
1100;5,163;0,212724984030361
1101;5,167;0,141613121406831
1102;5,172;0,199761394807049
1103;5,176;0,175806936459625
1104;5,181;0,16603727501597
1105;5,185;0,217374967121332
1106;5,189;0,180879645286138
1107;5,194;0,180973584338481
1108;5,198;0,157160034569571
1109;5,203;0,167493330327284
1110;5,207;0,171297861947169
1111;5,212;0,175384210724082
1112;5,216;0,168996355164769
1113;5,220;0,178061473715853
1114;5,225;0,170405440949912
1115;5,229;0,207464397099162
1116;5,234;0,206618945628077
1117;5,238;0,185952354112652
1118;5,243;0,176746326983053
1119;5,247;0,152603990530944
1120;5,252;0,145981287340773
1121;5,256;0,207088640889791
1122;5,260;0,194265960244993
1123;5,265;0,189569007627851
1124;5,269;0,202485627324992
1125;5,274;0,142411603351745
1126;5,278;0,181959944388081
1127;5,283;0,202015932063277
1128;5,287;0,166647878856198
1129;5,292;0,17430391162214
1130;5,296;0,180691767181453
1131;5,300;0,175666027881111
1132;5,305;0,145699470183745
1133;5,309;0,168479690376883
1134;5,314;0,162373651974599
1135;5,318;0,187690226580994
1136;5,323;0,176041784090482
1137;5,327;0,152369142900086
1138;5,332;0,153731259159058
1139;5,336;0,188019013264194
1140;5,340;0,178108443242025
1141;5,345;0,173082703941683
1142;5,349;0,217187089016646
1143;5,354;0,169184233269455
1144;5,358;0,212161349716304
1145;5,363;0,266646000075151
1146;5,367;0,48392702814414
1147;5,372;0,743668507872093
1148;5,376;1,03013564799158
1149;5,380;1,71828617592906
1150;5,385;2,6765114793522
1151;5,389;3,78532108368091
1152;5,394;5,64493856385977
1153;5,398;7,63569496110923
1154;5,403;10,1914947582009
1155;5,407;13,1712414985158
1156;5,411;16,119847442979
1157;5,416;19,6654830346071
1158;5,420;22,3993443054146
1159;5,425;25,0717694359899
1160;5,429;27,3057810092812
1161;5,434;28,7882801638297
1162;5,438;29,4648292188028
1163;5,443;29,4318566114305
1164;5,447;28,8526284146846
1165;5,451;27,3373445308684
1166;5,456;26,1669109082028
1167;5,460;24,1302652838838
1168;5,465;22,4721940405065
1169;5,469;20,1864690189005
1170;5,474;17,7774489910946
1171;5,478;15,6708187727802
1172;5,483;13,7397136737685
1173;5,487;11,6794893473115
1174;5,491;10,135084357269
1175;5,496;8,36597715402247
1176;5,500;7,07638184345996
1177;5,505;5,93154661255777
1178;5,509;5,08769210536204
1179;5,514;4,27826626084996
1180;5,518;3,70589561492504
1181;5,523;3,19477323112764
1182;5,527;2,76157329124864
1183;5,531;2,32325367301695
1184;5,536;2,1336846653891
1185;5,540;1,84468117085635
1186;5,545;1,64214857400519
1187;5,549;1,43463720737985
1188;5,554;1,20462743771841
1189;5,558;1,09345056927066
1190;5,563;1,09218239206403
1191;5,567;0,906042159846691
1192;5,571;0,874525607785669
1193;5,576;0,843290872881674
1194;5,580;0,746956374704092
1195;5,585;0,667671814526735
1196;5,589;0,601162965468004
1197;5,594;0,682514184796904
1198;5,598;0,579322135798294
1199;5,603;0,496608800210423
1200;5,607;0,529816255213617
1201;5,611;0,473969488595799
1202;5,616;0,441325667906662
1203;5,620;0,509619358959907
1204;5,625;0,373830458798332
1205;5,629;0,406051553751926
1206;5,634;0,457999849697516
1207;5,638;0,473030098072371
1208;5,642;0,433904482771578
1209;5,647;0,387827377597415
1210;5,651;0,531366249577274
1211;5,656;0,464434674783001
1212;5,660;0,517228422199677
1213;5,665;0,553676774508699
1214;5,669;0,576738811858866
1215;5,674;0,597687220531319
1216;5,678;0,536955623191673
1217;5,682;0,558279788073498
1218;5,687;0,630565888851313
1219;5,691;0,595244805170405
1220;5,696;0,63441738999737
1221;5,700;0,593459963175891
1222;5,705;0,572041859241724
1223;5,709;0,532634426783903
1224;5,714;0,49350881148311
1225;5,718;0,520563258557848
1226;5,722;0,42704693195055
1227;5,727;0,403139443129298
1228;5,731;0,39825461240747
1229;5,736;0,467863450193514
1230;5,740;0,315306429188742
1231;5,745;0,317936722654342
1232;5,749;0,348701762296622
1233;5,754;0,306757975425544
1234;5,758;0,33442302634051
1235;5,762;0,284588359072634
1236;5,767;0,324183669635141
1237;5,771;0,2325461240747
1238;5,776;0,206290158944877
1239;5,780;0,211503776349904
1240;5,785;0,250488483072183
1241;5,789;0,252883928906925
1242;5,794;0,264250554240409
1243;5,798;0,204176530267163
1244;5,802;0,202673505429677
1245;5,807;0,226205238041559
1246;5,811;0,211926502085447
1247;5,816;0,239074888212528
1248;5,820;0,195909893660993
1249;5,825;0,16143426145117
1250;5,829;0,206618945628077
1251;5,833;0,217797692856874
1252;5,838;0,17430391162214
1253;5,842;0,196755345132078
1254;5,847;0,157676699357457
1255;5,851;0,230338556344644
1256;5,856;0,260352083568181
1257;5,860;0,274489910945778
1258;5,865;0,450249877879232
1259;5,869;0,681762672378161
1260;5,873;1,1775260211175
1261;5,878;1,84129936497201
1262;5,882;3,26536842896329
1263;5,887;5,21399316123699
1264;5,891;7,87509863600496
1265;5,896;11,5667624845001
1266;5,900;16,4523916882726
1267;5,905;22,243264569947
1268;5,909;28,9239281554128
1269;5,913;35,4566847029647
1270;5,918;42,1093074813061
1271;5,922;48,9715082854244
1272;5,927;54,7195449592305
1273;5,931;58,623135309811
1274;5,936;62,4568350054485
1275;5,940;64,2901025814452
1276;5,945;65,6144083718483
1277;5,949;65,5871660466689
1278;5,953;62,8042216210123
1279;5,958;59,4524762334198
1280;5,962;55,4010258144516
1281;5,967;49,9333972118889
1282;5,971;45,1709221057378
1283;5,976;38,9235523992034
1284;5,980;33,277627475294
1285;5,985;28,0932720850712
1286;5,989;23,2963683162364
1287;5,993;19,4633731634915
1288;5,998;16,1622139555856
1289;6,002;13,2092868147146
1290;6,007;11,0414083342727
1291;6,011;9,1524818697629
1292;6,016;7,49610152932777
1293;6,020;6,57977304324954
1294;6,024;5,54475256453613
1295;6,029;4,7674538759253
1296;6,033;4,22054071318529
1297;6,038;3,50059181602976
1298;6,042;3,1429188742344
1299;6,047;2,7892383421636
1300;6,051;2,60986172171495
1301;6,056;2,23152218840416
1302;6,060;2,01161086686957
1303;6,064;1,94096869950776
1304;6,069;1,73538308345545
1305;6,073;1,53440048096795
1306;6,078;1,41815090369368
1307;6,082;1,26986810957051
1308;6,087;1,24755758463909
1309;6,091;1,21078044564686
1310;6,096;1,11566715514974
1311;6,100;1,05399616728666
1312;6,104;0,90468004358772
1313;6,109;0,815109157178822
1314;6,113;0,787631984368542
1315;6,118;0,680541464697704
1316;6,122;0,751465449216548
1317;6,127;0,675374816818848
1318;6,131;0,638127982564912
1319;6,136;0,666779393529478
1320;6,140;0,574249426971781
1321;6,144;0,512531469582535
1322;6,149;0,529440499004246
1323;6,153;0,466689212039229
1324;6,158;0,43465599519032
1325;6,162;0,47829068500357
1326;6,167;0,451236237928832
1327;6,171;0,457905910645173
1328;6,176;0,400837936346898
1329;6,180;0,397550069514899
1330;6,184;0,323103370533198
1331;6,189;0,28646714011949
1332;6,193;0,288486829744862
1333;6,198;0,272000526058693
1334;6,202;0,304456468643144
1335;6,207;0,295109532935032
1336;6,211;0,278200503513321
1337;6,215;0,201217450118363
1338;6,220;0,232076428812986
1339;6,224;0,277730808251606
1340;6,229;0,258097546311953
1341;6,233;0,208497726674933
1342;6,238;0,152134295269229
1343;6,242;0,18820689136888
1344;6,247;0,202062901589449
1345;6,251;0,196943223236764
1346;6,255;0,198023522338707
1347;6,260;0,174773606883854
1348;6,264;0,132782850486604
1349;6,269;0,139546462255289
1350;6,273;0,138701010784203
1351;6,278;0,138982827941232
1352;6,282;0,143022207191974
1353;6,287;0,136587382106489
1354;6,291;0,161856987186713
1355;6,295;0,183838725434938
1356;6,300;0,284635328598805
1357;6,304;0,562554014955097
1358;6,309;0,833098485702476
1359;6,313;1,52801262540863
1360;6,318;2,63123285612295
1361;6,322;3,9743264569947
1362;6,327;5,80538646526134
1363;6,331;8,0267162664863
1364;6,335;10,7079716679818
1365;6,340;13,6729230075527
1366;6,344;16,5209671964829
1367;6,349;19,9560365235036
1368;6,353;23,4293860143539
1369;6,358;26,0351613872919
1370;6,362;29,3041934392966
1371;6,367;31,307819486717
1372;6,371;33,3391575545786
1373;6,375;33,7482621275317
1374;6,380;33,5133675271484
1375;6,384;32,0555273738399
1376;6,389;29,8083643332206
1377;6,393;26,7418648780671
1378;6,398;23,7357212640439
1379;6,402;20,2569702776838
1380;6,406;17,1928192988389
1381;6,411;14,3723931912975
1382;6,415;11,5349171457558
1383;6,420;9,50094878442866
1384;6,424;7,62183895088866
1385;6,429;6,31843459963176
1386;6,433;5,29398226430692
1387;6,438;4,4318566114305
1388;6,442;3,71632284973509
1389;6,446;3,10783263818435
1390;6,451;2,56082553639199
1391;6,455;2,2602205688949
1392;6,460;1,94284748055462
1393;6,464;1,76262540863488
1394;6,469;1,49687182955698
1395;6,473;1,32782850486604
1396;6,478;1,22087889377372
1397;6,482;1,04887648893398
1398;6,486;1,01115995941833
1399;6,491;0,898667944237779
1400;6,495;0,822013677526021
1401;6,500;0,770957802577688
1402;6,504;0,795804681922369
1403;6,509;0,921401194904746
1404;6,513;1,16230789463796
1405;6,518;1,55652312779469
1406;6,522;2,43142449178973
1407;6,526;3,61735805809191
1408;6,531;5,55640100702664
1409;6,535;8,29899860970202
1410;6,540;11,6973847367828
1411;6,544;16,0221508285424
1412;6,549;21,2300849209033
1413;6,553;27,1369725322211
1414;6,558;33,9194190809003
1415;6,562;41,0004978769774
1416;6,566;47,9913951828054
1417;6,571;55,0845921166347
1418;6,575;60,9991357607184
1419;6,580;65,6781929883891
1420;6,584;69,5744560928869
1421;6,589;69,8056870702288
1422;6,593;67,6805038890768
1423;6,598;64,3699507759366
1424;6,602;58,0251662721226
1425;6,606;51,618804719498
1426;6,611;44,5044714988915
1427;6,615;37,5843102994777
1428;6,620;30,997914553038
1429;6,624;24,9595122684402
1430;6,629;20,5940235974899
1431;6,633;16,773898094916
1432;6,637;13,5257674820576
1433;6,642;11,3482602487506
1434;6,646;9,31602975989178
1435;6,651;7,83108818998234
1436;6,655;6,6274940818397
1437;6,660;5,50309059482208
1438;6,664;4,78304775861421
1439;6,669;4,20480592191786
1440;6,673;3,62398076128208
1441;6,677;3,27974110397174
1442;6,682;2,78289745613046
1443;6,686;2,55556494946079
1444;6,691;2,37684590237854
1445;6,695;2,04993800022545
1446;6,700;1,88051891932514
1447;6,704;1,77371021681133
1448;6,709;1,58151091571788
1449;6,713;1,54346559951903
1450;6,717;1,33999361214444
1451;6,722;1,21392740390035
1452;6,726;1,13835343629053
1453;6,731;1,09936872956826
1454;6,735;0,927084507571488
1455;6,740;0,981475218877992
1456;6,744;0,8593544508323
1457;6,749;0,830515161763048
1458;6,753;0,758276030511404
1459;6,757;0,670865742306392
1460;6,762;0,684486904896103
1461;6,766;0,607550821027318
1462;6,771;0,568096419043325
1463;6,775;0,567767632360125
1464;6,780;0,45053169503626
1465;6,784;0,534935933566302
1466;6,789;0,447901401570661
1467;6,793;0,468004358772029
1468;6,797;0,353868410175478
1469;6,802;0,371528952015932
1470;6,806;0,361101717205877
1471;6,811;0,352177507233307
1472;6,815;0,309482207943486
1473;6,820;0,317138240709428
1474;6,824;0,246449103821441
1475;6,828;0,355653252169992
1476;6,833;0,28050201029572
1477;6,837;0,3099519032052
1478;6,842;0,308073122158344
1479;6,846;0,288158043061662
1480;6,851;0,239403674895728
1481;6,855;0,25833239394281
1482;6,860;0,237665802427385
1483;6,864;0,148000976966144
1484;6,868;0,228835531507158
1485;6,873;0,21831435764476
1486;6,877;0,189052342839965
1487;6,882;0,232405215496186
1488;6,886;0,200371998647278
1489;6,891;0,138231315522489
1490;6,895;0,207370458046819
1491;6,900;0,175055424040882
1492;6,904;0,142505542404088
1493;6,908;0,160447901401571
1494;6,913;0,162467591026942
1495;6,917;0,148423702701687
1496;6,922;0,127616202607748
1497;6,926;0,130951038965919
1498;6,931;0,136117686844775
1499;6,935;0,138466163153346
1500;6,940;0,130199526547176
1501;6,944;0,106714763461466
1502;6,948;0,0582891819787322
1503;6,953;0,0840754518468418
1504;6,957;0,124422274828092
1505;6,962;0,112210198023522
1506;6,966;0,0896178559350693
1507;6,971;0,178719047082253
1508;6,975;0,10685567203998
1509;6,980;0,0657103671138166
1510;6,984;0,0674482395821591
1511;6,988;0,131561642806147
1512;6,993;0,148376733175516
1513;6,997;0,11446473527975
1514;7,002;0,193326569721565
1515;7,006;0,389518280539586
1516;7,011;0,706656521249014
1517;7,015;1,19701837447864
1518;7,019;2,08807725547665
1519;7,024;3,46902829444257
1520;7,028;5,301403449442
1521;7,033;7,89351069026416
1522;7,037;11,1118156540037
1523;7,042;14,4908503363018
1524;7,046;18,1785217750723
1525;7,051;21,8931067523391
1526;7,055;25,2358339909067
1527;7,059;28,1620824409123
1528;7,064;30,0865178672078
1529;7,068;31,5928305715252
1530;7,073;32,0152275203848
1531;7,077;31,894187051441
1532;7,082;30,4186393867659
1533;7,086;28,3508529665953
1534;7,091;26,1210216811333
1535;7,095;23,1175553301018
1536;7,099;19,8281385037388
1537;7,104;16,6302183143576
1538;7,108;13,5349265396611
1539;7,113;11,1857926577237
1540;7,117;9,18780295344381
1541;7,122;7,44081839702401
1542;7,126;6,12604742043362
1543;7,131;4,90606094765716
1544;7,135;4,09851388419194
1545;7,139;3,4960827415173
1546;7,144;2,94837109683238
1547;7,148;2,51892871904708
1548;7,153;2,21583436666291
1549;7,157;1,89822643069177
1550;7,162;1,6429470559501
1551;7,166;1,44055536767745
1552;7,171;1,26794235899748
1553;7,175;1,23722428888137
1554;7,179;1,09335663021831
1555;7,184;0,861796866193214
1556;7,188;0,825536391988878
1557;7,193;0,751418479690377
1558;7,197;0,704308044940443
1559;7,202;0,679789952278961
1560;7,206;0,575094878442866
1561;7,210;0,557904031864127
1562;7,215;0,506002705444707
1563;7,219;0,47566039153797
1564;7,224;0,441795363168376
1565;7,228;0,381580430616616
1566;7,233;0,41150001878781
1567;7,237;0,354338105437192
1568;7,242;0,313098861458686
1569;7,246;0,357156277007478
1570;7,250;0,281065644609777
1571;7,255;0,239873370157442
1572;7,259;0,272000526058693
1573;7,264;0,276697478675835
1574;7,268;0,249314244917897
1575;7,273;0,30530192011423
1576;7,277;0,274630819524293
1577;7,282;0,215355277495961
1578;7,286;0,266692969601323
1579;7,290;0,209624995303047
1580;7,295;0,269135384962236
1581;7,299;0,260680870251381
1582;7,304;0,238699132003156
1583;7,308;0,255983917634239
1584;7,313;0,222776462631045
1585;7,317;0,251756660278811
1586;7,322;0,219582534851388
1587;7,326;0,213053770713561
1588;7,330;0,210282568669447
1589;7,335;0,232827941231729
1590;7,339;0,206243189418705
1591;7,344;0,151946417164544
1592;7,348;0,1541539848946
1593;7,353;0,0963814677037538
1594;7,357;0,172237252470597
1595;7,362;0,140626761357231
1596;7,366;0,137714650734603
1597;7,370;0,206900762785105
1598;7,375;0,196708375605907
1599;7,379;0,185999323638823
1600;7,384;0,156878217412543
1601;7,388;0,232405215496186
1602;7,393;0,19515838124225
1603;7,397;0,119208657423064
1604;7,402;0,161622139555856
1605;7,406;0,241282455942584
1606;7,410;0,241611242625784
1607;7,415;0,160870627137113
1608;7,419;0,154811558261
1609;7,424;0,230714312554015
1610;7,428;0,0579134257693608
1611;7,433;0,133487393379176
1612;7,437;0,153167624845001
1613;7,441;0,126958629241348
1614;7,446;0,131890429489347
1615;7,450;0,117564724007064
1616;7,455;0,206571976101905
1617;7,459;0,232264306917672
1618;7,464;0,434092360876263
1619;7,468;0,711917108180213
1620;7,473;1,1630594070567
1621;7,477;2,13011498140007
1622;7,481;3,29350317513997
1623;7,486;5,09783752301507
1624;7,490;7,30568707022884
1625;7,495;10,3354563559163
1626;7,499;13,987571863375
1627;7,504;17,787970164957
1628;7,508;21,78869349566
1629;7,513;26,1781366249577
1630;7,517;30,3027185961748
1631;7,521;33,0353586593018
1632;7,526;34,6569345808439
1633;7,530;34,5656727914929
1634;7,535;33,4778115958366
1635;7,539;30,8886634351633
1636;7,544;27,8437229925225
1637;7,548;23,7594408747605
1638;7,553;19,809021906587
1639;7,557;16,4127963777101
1640;7,561;13,2963683162364
1641;7,566;10,8641453425018
1642;7,570;8,62642317664299
1643;7,575;6,857738699132
1644;7,579;5,49693758689362
1645;7,584;4,5543061661594
1646;7,588;3,78325442452937
1647;7,593;3,13300830421223
1648;7,597;2,55946342013302
1649;7,601;2,22381918611205
1650;7,606;1,91706121068651
1651;7,610;1,60584113027468
1652;7,615;1,57798820125503
1653;7,619;1,27226355540525
1654;7,624;1,1568124600759
1655;7,628;1,0233720362229
1656;7,632;0,979032803517078
1657;7,637;0,812619772291737
1658;7,641;0,75616240183369
1659;7,646;0,670443016570849
1660;7,650;0,635779506256341
1661;7,655;0,627700747754857
1662;7,659;0,547805583737271
1663;7,664;0,580825160635779
1664;7,668;0,517134483147334
1665;7,672;0,410043963476496
1666;7,677;0,392148574005185
1667;7,681;0,390034945327472
1668;7,686;0,429771164468493
1669;7,690;0,361759290572277
1670;7,695;0,327518505993312
1671;7,699;0,36781835944839
1672;7,704;0,362557772517191
1673;7,708;0,354009318753992
1674;7,712;0,334657873971367
1675;7,717;0,252320294592868
1676;7,721;0,376930447525645
1677;7,726;0,305818584902115
1678;7,730;0,335456355916282
1679;7,735;0,332403336715139
1680;7,739;0,244664261826927
1681;7,744;0,289191372637433
1682;7,748;0,263499041821666
1683;7,752;0,230996129711043
1684;7,757;0,278998985458235
1685;7,761;0,195675046030136
1686;7,766;0,175196332619397
1687;7,770;0,209906812460076
1688;7,775;0,163970615864427
1689;7,779;0,159743358508999
1690;7,784;0,193420508773907
1691;7,788;0,174820576410025
1692;7,792;0,169325141847969
1693;7,797;0,159602449930485
1694;7,801;0,102487506106038
1695;7,806;0,134802540111975
1696;7,810;0,13395708864089
1697;7,815;0,129729831285462
1698;7,819;0,117658663059407
1699;7,823;0,158710028933228
1700;7,828;0,0847799947394131
1701;7,832;0,131091947544433
1702;7,837;0,158710028933228
1703;7,841;0,0941269304475256
1704;7,846;0,124328335775749
1705;7,850;0,13827828504866
1706;7,855;0,075151241874272
1707;7,859;0,125596512982377
1708;7,863;0,126394994927291
1709;7,868;0,0878799834667268
1710;7,872;0,0764663886070717
1711;7,877;0,0957238943373539
1712;7,881;0,0456074099124488
1713;7,886;0,159414571825799
1714;7,890;0,0950193514447826
1715;7,895;0,142740390034945
1716;7,899;0,17298876488934
1717;7,903;0,109626874084094
1718;7,908;0,136728290685004
1719;7,912;0,0794254687558712
1720;7,917;0,135929808740089
1721;7,921;0,07012550257393
1722;7,926;0,0833709089542705
1723;7,930;0,103661744260324
1724;7,935;0,121181377522264
1725;7,939;0,126441964453463
1726;7,943;0,0942208694998685
1727;7,948;0,107137489197009
1728;7,952;0,105916281516552
1729;7,957;0,0561285837748469
1730;7,961;0,0929526922932401
1731;7,966;0,0358847179949649
1732;7,970;0,0820557622214707
1733;7,975;0,109720813136437
1734;7,979;0,113478375230151
1735;7,983;0,120148047946492
1736;7,988;0,122167737571863
1737;7,992;0,0934223875549543
1738;7,997;0,0957238943373539
1739;8,001;0,0725209484086725
1740;8,006;0,0984950963814677
1741;8,010;0,0678709653177019
1742;8,014;0,128461654078834
1743;8,019;0,0539210160447901
1744;8,023;0,111270807500094
1745;8,028;0,111975350392665
1746;8,032;0,066649757637245
1747;8,037;0,0579134257693608
1748;8,041;0,0664149100063879
1749;8,046;0,0890542216210123
1750;8,050;0,0579134257693608
1751;8,054;0
1752;8,059;0,0464058918573629
1753;8,063;0,044621049862849
1754;8,068;0,0637846165407883
1755;8,072;0,112492015180551
1756;8,077;0,0386089505129072
1757;8,081;0,103285988050953
1758;8,086;0,0470164956975914
1759;8,090;0,17463269830534
1760;8,094;0,263123285612295
1761;8,099;0,499098185097509
1762;8,103;0,876122571675497
1763;8,108;1,50044151354601
1764;8,112;2,37585954232894
1765;8,117;4,03801713448315
1766;8,121;6,14849885394356
1767;8,126;8,95009018149025
1768;8,130;12,595066320971
1769;8,134;16,852525081727
1770;8,139;21,38973434036
1771;8,143;26,5755927554203
1772;8,148;30,4881542854996
1773;8,152;33,1147841280577
1774;8,157;34,5678333896968
1775;8,161;34,1369819261263
1776;8,166;33,2111655957615
1777;8,170;30,2426915417277
1778;8,174;27,310384022846
1779;8,179;24,5327001841205
1780;8,183;22,9988633374667
1781;8,188;22,5740239732462
1782;8,192;24,7675008454515
1783;8,197;29,1868165933942
1784;8,201;35,0032408973058
1785;8,205;42,6779205651373
1786;8,210;52,3016476909781
1787;8,214;62,6707811971593
1788;8,219;72,4868955021982
1789;8,223;82,5000939390523
1790;8,228;89,3553432532973
1791;8,232;92,8989591553
1792;8,237;93,3880058617969
1793;8,241;88,0528313230376
1794;8,245;79,1537500469695
1795;8,250;67,9961860744749
1796;8,254;55,2934186299929
1797;8,259;44,8429808740089
1798;8,263;35,0864239281554
1799;8,268;27,9561680381768
1800;8,272;21,6328486078232
1801;8,277;17,2773644459475
1802;8,281;13,9889809491602
1803;8,285;11,2244485777627
1804;8,290;9,392261300868
1805;8,294;7,77190658700635
1806;8,299;6,69747867583512
1807;8,303;5,69331717581633
1808;8,308;4,89915642730996
1809;8,312;4,50019727200992
1810;8,317;3,83510878142261
1811;8,321;3,46686769623868
1812;8,325;3,1067523390824
1813;8,330;2,82634426783903
1814;8,334;2,59830721827678
1815;8,339;2,32917183331455
1816;8,343;2,11010596325104
1817;8,348;2,03213654980649
1818;8,352;1,8669447262616
1819;8,357;1,76586630594071
1820;8,361;1,60020478713411
1821;8,365;1,43801901326419
1822;8,370;1,38395708864089
1823;8,374;1,29034682298125
1824;8,379;1,21909405177921
1825;8,383;1,18931537218653
1826;8,388;1,1449761394807
1827;8,392;1,05277495960621
1828;8,397;1,03896591891181
1829;8,401;0,915107278397776
1830;8,405;0,874290760154812
1831;8,410;0,824550031939278
1832;8,414;0,82760305114042
1833;8,419;0,783921391801
1834;8,423;0,715017096907526
1835;8,428;0,702992898207643
1836;8,432;0,633947694735655
1837;8,436;0,669926351782963
1838;8,441;0,665041521061136
1839;8,445;0,589138766768121
1840;8,450;0,552173749671213
1841;8,454;0,556870702288355
1842;8,459;0,516148123097734
1843;8,463;0,545410137902529
1844;8,468;0,562460075902754
1845;8,472;0,576128208018638
1846;8,476;0,457858941119002
1847;8,481;0,522864765340247
1848;8,485;0,640288580768797
1849;8,490;0,792375906511855
1850;8,494;0,984810055236163
1851;8,499;1,64769097809341
1852;8,503;2,4475820087927
1853;8,508;3,84995115169278
1854;8,512;6,1804851012663
1855;8,516;8,86502836959381
1856;8,521;12,399438244467
1857;8,525;16,5361853229625
1858;8,530;20,7049656183068
1859;8,534;24,7374873182279
1860;8,539;28,647794311051
1861;8,543;31,8068707022884
1862;8,548;33,0531601097208
1863;8,552;33,4005936948108
1864;8,556;31,8752113628678
1865;8,561;29,4261263292376
1866;8,565;25,5602055386465
1867;8,570;21,2560120993499
1868;8,574;17,7002780595949
1869;8,579;14,0739018524781
1870;8,583;11,1024687182956
1871;8,588;8,77221658587908
1872;8,592;6,91635666779394
1873;8,596;5,56076917296058
1874;8,601;4,48779731710067
1875;8,605;3,6887047683463
1876;8,610;3,0457858941119
1877;8,614;2,58482696426558
1878;8,619;2,24514335099387
1879;8,623;1,98713974373427
1880;8,627;1,75107090519671
1881;8,632;1,64181978732199
1882;8,636;1,3435163266073
1883;8,641;1,31660278811107
1884;8,645;1,22388494344869
1885;8,650;1,0384962236501
1886;8,654;0,98570247623342
1887;8,659;0,818068237327622
1888;8,663;0,831313643707962
1889;8,667;0,760483598241461
1890;8,672;0,793174388456769
1891;8,676;0,718257994213354
1892;8,681;0,732865516852666
1893;8,685;0,73300642543118
1894;8,690;0,67312027956262
1895;8,694;0,727229173712096
1896;8,699;0,937464772855371
1897;8,703;1,30490737609439
1898;8,707;2,04627437718408
1899;8,712;3,3626423176643
1900;8,716;5,68575508210273
1901;8,721;8,55803554653741
1902;8,725;13,0292056513734
1903;8,730;18,3914346372074
1904;8,734;24,3435069327021
1905;8,739;30,4603013564799
1906;8,743;35,6283113515951
1907;8,747;39,2552981625521
1908;8,752;42,4229699770789
1909;8,756;42,4561774320821
1910;8,761;41,2630575282757
1911;8,765;38,493264569947
1912;8,770;34,1906680945403
1913;8,774;29,1237834892722
1914;8,779;23,8934449329275
1915;8,783;19,0838124225003
1916;8,787;15,4812027956262
1917;8,792;12,1360801112238
1918;8,796;9,63298012249652
1919;8,801;7,79665952729869
1920;8,805;6,29039379250742
1921;8,810;5,14649795212866
1922;8,814;4,26713448314733
1923;8,818;3,66268365084733
1924;8,823;3,04888588283921
1925;8,827;2,78073685792658
1926;8,832;2,34936872956826
1927;8,836;2,17116634727389
1928;8,841;1,86525382331943
1929;8,845;1,78949197760493
1930;8,850;1,60137902528839
1931;8,854;1,51321722466464
1932;8,858;1,35605719009507
1933;8,863;1,21627588020892
1934;8,867;1,2233682786608
1935;8,872;1,02186901138541
1936;8,876;0,934458723180401
1937;8,881;0,918348175703603
1938;8,885;0,842069665201217
1939;8,890;0,739910945778379
1940;8,894;0,785612294743171
1941;8,898;0,762174501183632
1942;8,903;0,688291436515988
1943;8,907;0,619668958779544
1944;8,912;0,598908428211776
1945;8,916;0,520704167136362
1946;8,921;0,565560064630068
1947;8,925;0,531695036260474
1948;8,930;0,482470972832826
1949;8,934;0,497689099312366
1950;8,938;0,531648066734303
1951;8,943;0,46011347837523
1952;8,947;0,418780295344381
1953;8,952;0,467910419719686
1954;8,956;0,413190921729982
1955;8,961;0,395436440837185
1956;8,965;0,408259121481983
1957;8,970;0,446304437680833
1958;8,974;0,380030436252959
1959;8,978;0,392054634952843
1960;8,983;0,43197873219855
1961;8,987;0,375004696952617
1962;8,992;0,399287941983241
1963;8,996;0,330900311877654
1964;9,001;0,341233607635366
1965;9,005;0,402951565024612
1966;9,009;0,293418629992861
1967;9,014;0,309341299364972
1968;9,018;0,292995904257318
1969;9,023;0,32911546988314
1970;9,027;0,359035058054334
1971;9,032;0,323807913425769
1972;9,036;0,316292789238342
1973;9,041;0,262371773193552
1974;9,045;0,296095892984632
1975;9,049;0,235599143275843
1976;9,054;0,288721677375719
1977;9,058;0,250300604967497
1978;9,063;0,266176304813437
1979;9,067;0,262935407507609
1980;9,072;0,251850599331154
1981;9,076;0,258191485364296
1982;9,081;0,296424679667832
1983;9,085;0,225124938939616
1984;9,089;0,261009656934581
1985;9,094;0,242362755044527
1986;9,098;0,253494532747154
1987;9,103;0,241047608311727
1988;9,107;0,250535452598354
1989;9,112;0,253353624168639
1990;9,116;0,271953556532522
1991;9,121;0,276086874835607
1992;9,125;0,25767482057641
1993;9,129;0,217750723330703
1994;9,134;0,305912523954458
1995;9,138;0,227520384774358
1996;9,143;0,246636981926126
1997;9,147;0,261620260774809
1998;9,152;0,281864126554691
1999;9,156;0,38040619246233
2000;9,161;0,521408710028933
2001;9,165;0,887301318904295
2002;9,169;1,67234997933341
2003;9,174;2,91262728741592
2004;9,178;5,39351069026416
2005;9,183;8,59251117874723
2006;9,187;13,0287829256378
2007;9,192;18,6925562694924
2008;9,196;25,5311783714726
2009;9,200;33,3013940555368
2010;9,205;40,280314132191
2011;9,209;46,3577950625634
2012;9,214;49,0982790365611
2013;9,218;49,0465186187202
2014;9,223;47,3477717656784
2015;9,227;42,6142768571751
2016;9,232;36,8295569834291
2017;9,236;30,0379044076203
2018;9,240;23,9168827264871
2019;9,245;18,8093225115545
2020;9,249;14,7746871829557
2021;9,254;11,3685510840567
2022;9,258;8,92425694209597
2023;9,263;7,26571600345696
2024;9,267;5,82238943373539
2025;9,272;5,0134802540112
2026;9,276;4,13059407056702
2027;9,280;3,66019426596025
2028;9,285;3,1913914252433
2029;9,289;2,82432457821366
2030;9,294;2,6040375004697
2031;9,298;2,3678747228798
2032;9,303;2,17351482358246
2033;9,307;2,01654266711757
2034;9,312;1,83261000263029
2035;9,316;1,61786532897456
2036;9,320;1,44370232593094
2037;9,325;1,31265734791267
2038;9,329;1,24765152369143
2039;9,334;1,1604291135911
2040;9,338;1,16423364521099
2041;9,343;1,0826945477774
2042;9,347;1,01266298425581
2043;9,352;1,12308834028482
2044;9,356;1,00998572126404
2045;9,360;0,909095179047834
2046;9,365;0,939202645323714
2047;9,369;0,91294668019389
2048;9,374;0,721357982940668
2049;9,378;0,832675759966933
2050;9,383;0,742494269717807
2051;9,387;0,715627700747755
2052;9,392;0,663256679066622
2053;9,396;0,574343366024124
2054;9,400;0,652500657573366
2055;9,405;0,511263292375907
2056;9,409;0,535170781197159
2057;9,414;0,529440499004246
2058;9,418;0,508632998910307
2059;9,423;0,454665013339345
2060;9,427;0,473217976177056
2061;9,431;0,47894825836997
2062;9,436;0,449827152143689
2063;9,440;0,50774057791305
2064;9,445;0,440010521173862
2065;9,449;0,45879833164243
2066;9,454;0,42803329200015
2067;9,458;0,443815052793747
2068;9,463;0,397174313305527
2069;9,467;0,481249765152369
2070;9,471;0,408212151955811
2071;9,476;0,416150001878781
2072;9,480;0,419907563972495
2073;9,485;0,439822643069177
2074;9,489;0,544423777852929
2075;9,494;0,649400668846053
2076;9,498;0,98570247623342
2077;9,503;1,729230075527
2078;9,507;2,78068988840041
2079;9,511;4,58197121707436
2080;9,516;7,36604291135911
2081;9,520;11,2515499943637
2082;9,525;16,3094164506068
2083;9,529;22,2912674256942
2084;9,534;28,488614586856
2085;9,538;34,1925938451133
2086;9,543;39,2306391613121
2087;9,547;41,4584037876226
2088;9,551;40,9485495810318
2089;9,556;38,5732536730169
2090;9,560;35,1324540638034
2091;9,565;29,7870401683388
2092;9,569;23,961268928719
2093;9,574;19,1198380490738
2094;9,578;14,8558974937061
2095;9,583;11,6575545785894
2096;9,587;8,91819787321985
2097;9,591;7,04627437718408
2098;9,596;5,64766279637771
2099;9,600;4,61081050614361
2100;9,605;3,8369405929433
2101;9,609;3,32938789313493
2102;9,614;2,78073685792658
2103;9,618;2,40413519708413
2104;9,622;2,23711156201856
2105;9,627;2,0326062450682
2106;9,631;1,68169691504152
2107;9,636;1,64430917220907
2108;9,640;1,40692518693871
2109;9,645;1,4143463720738
2110;9,649;1,16719272535979
2111;9,654;1,10415962123774
2112;9,658;1,12275955360162
2113;9,662;1,01717205876827
2114;9,667;0,944885957990456
2115;9,671;0,867574117912299
2116;9,676;0,906793672265434
2117;9,680;0,847799947394131
2118;9,685;0,782559275542028
2119;9,689;0,831783338969676
2120;9,694;0,707783789877128
2121;9,698;0,75151241874272
2122;9,702;0,690311126141359
2123;9,707;0,640006763611769
2124;9,711;0,625915905760343
2125;9,716;0,591252395445835
2126;9,720;0,616005335738173
2127;9,725;0,467910419719686
2128;9,729;0,566358546574982
2129;9,734;0,523334460601961
2130;9,738;0,518590538458648
2131;9,742;0,515396610678991
2132;9,747;0,470728591289971
2133;9,751;0,432166610303235
2134;9,756;0,447431706308947
2135;9,760;0,463589223311915
2136;9,765;0,568800961935896
2137;9,769;0,484114906248826
2138;9,774;0,394966745575471
2139;9,778;0,447666553939804
2140;9,782;0,404266711757412
2141;9,787;0,448042310149175
2142;9,791;0,435407507609063
2143;9,796;0,43197873219855
2144;9,800;0,362088077255477
2145;9,805;0,432213579829407
2146;9,809;0,480216435576598
2147;9,813;0,439212039228948
2148;9,818;0,388907676699357
2149;9,822;0,374159245481532
2150;9,827;0,46109983842483
2151;9,831;0,438648404914891
2152;9,836;0,355136587382106
2153;9,840;0,347198737459136
2154;9,845;0,356968398902792
2155;9,849;0,342079059106452
2156;9,853;0,374816818847931
2157;9,858;0,356686581745763
2158;9,862;0,438366587757863
2159;9,867;0,366315334610904
2160;9,871;0,384398602186901
2161;9,876;0,449263517829632
2162;9,880;0,392195543531357
2163;9,885;0,358988088528163
2164;9,889;0,342313906737309
2165;9,893;0,423101491752151
2166;9,898;0,460864990793973
2167;9,902;0,472137677075114
2168;9,907;0,436863562920377
2169;9,911;0,442077180325405
2170;9,916;0,394403111261414
2171;9,920;0,40685003569684
2172;9,925;0,397690978093413
2173;9,929;0,334845752076053
2174;9,933;0,338133618908052
2175;9,938;0,399851576297298
2176;9,942;0,405253071807012
2177;9,947;0,376507721790103
2178;9,951;0,389706158644272
2179;9,956;0,377212264682674
2180;9,960;0,401354601134784
2181;9,965;0,389377371961072
2182;9,969;0,435266599030549
2183;9,973;0,38073497914553
2184;9,978;0,384069815503701
2185;9,982;0,472466463758314
2186;9,987;0,421316649757637
2187;9,991;0,423477247961523
2188;9,996;0,480451283207455
2189;10,000;0,542075301544358
2190;10,004;0,561520685379326
2191;10,009;0,611778078382745
2192;10,013;0,528688986585503
2193;10,018;0,559031300492241
2194;10,022;0,834977266749333
2195;10,027;1,02637808589787
2196;10,031;1,63327133355879
2197;10,036;2,63221921617255
2198;10,040;4,22664675158757
2199;10,044;6,80776312328561
2200;10,049;10,4246514861158
2201;10,053;15,0353210836809
2202;10,058;20,7179292075302
2203;10,062;26,809500995754
2204;10,067;32,9341862999286
2205;10,071;38,6917108180213
2206;10,076;43,0091496636982
2207;10,080;45,8158137000714
2208;10,084;47,1455209859843
2209;10,089;48,4687464772855
2210;10,093;48,9286720775561
2211;10,098;51,4540825912148
2212;10,102;54,6528952015932
2213;10,107;61,0314038251982
2214;10,111;67,1075696088378
2215;10,116;73,36968774659
2216;10,120;82,732076428813
2217;10,124;90,9925130575283
2218;10,129;97,270647803705
2219;10,133;100
2220;10,138;98,2808683725999
2221;10,142;89,4246233044001
2222;10,147;75,4221151317026
2223;10,151;60,1076541539849
2224;10,156;45,0259741479728
2225;10,160;34,0503231503401
2226;10,164;25,4315090369368
2227;10,169;19,6204392590088
2228;10,173;15,9471874647729
2229;10,178;13,0329632134671
2230;10,182;10,7422594220869
2231;10,187;8,95976590388156
2232;10,191;8,09303723744035
2233;10,196;6,86328110322023
2234;10,200;6,25309998872731
2235;10,204;5,46589073009431
2236;10,209;5,12705256829369
2237;10,213;4,42119452898959
2238;10,218;4,14139706158644
2239;10,222;3,78865592003908
2240;10,227;3,55728403411866
2241;10,231;3,24348062976741
2242;10,235;2,97284221996768
2243;10,240;2,81798369218051
2244;10,244;2,66669484838237
2245;10,249;2,54532559275542
2246;10,253;2,41714575583362
2247;10,258;2,23213279224439
2248;10,262;2,22565099763274
2249;10,267;1,93148085522113
2250;10,271;1,93697628978319
2251;10,275;1,77070416713636
2252;10,280;1,78836470897682
2253;10,284;1,73129673467854
2254;10,289;1,68831961823169
2255;10,293;1,60353962349228
2256;10,298;1,52063840979972
2257;10,302;1,51692781723218
2258;10,307;1,48545823469733
2259;10,311;1,4057979183106
2260;10,315;1,37742832450306
2261;10,320;1,31979671589073
2262;10,324;1,31486491564273
2263;10,329;1,21031075038515
2264;10,333;1,16794423777853
2265;10,338;1,20129260136024
2266;10,342;1,1627306203735
2267;10,347;1,18250479089167
2268;10,351;1,40537519257506
2269;10,355;1,67202119265021
2270;10,360;2,20986923683914
2271;10,364;3,30609100815391
2272;10,369;5,12329500619998
2273;10,373;7,9552286476534
2274;10,378;12,1385694961109
2275;10,382;17,774818697629
2276;10,387;24,0955548040431
2277;10,391;31,0614643219479
2278;10,395;36,7153270957803
2279;10,400;40,0852966595273
2280;10,404;41,9784973509187
2281;10,409;40,5327753353624
2282;10,413;37,635366174426
2283;10,418;33,5952354112652
2284;10,422;30,304409499117
2285;10,426;28,2349791455304
2286;10,431;27,8319336414534
2287;10,435;29,6817344906625
2288;10,440;32,8419381505279
2289;10,444;36,336846653891
2290;10,449;39,5529440499004
2291;10,453;41,6337879983467
2292;10,458;40,7980592191786
2293;10,462;38,3011592079059
2294;10,466;34,0249126366813
2295;10,471;29,2737102168113
2296;10,475;24,1741817908541
2297;10,480;19,5358001728479
2298;10,484;15,5099011761169
2299;10,489;12,025419907564
2300;10,493;9,47779280802615
2301;10,498;7,66129335287266
2302;10,502;6,43106752339082
2303;10,506;5,56133280727464
2304;10,511;5,12813286739563
2305;10,515;4,97942734753692
2306;10,520;5,30685191447789
2307;10,524;6,20241986998835
2308;10,529;8,07899334911509
2309;10,533;10,5632115883215
2310;10,538;14,756697854432
2311;10,542;19,9952091083305
2312;10,546;26,2680362980498
2313;10,551;33,3245970014654
2314;10,555;39,995350016909
2315;10,560;46,1000263029347
2316;10,564;49,2094559050088
2317;10,569;49,8436854169015
2318;10,573;46,1882820426108
2319;10,578;40,8514635704355
2320;10,582;33,9082403336715
2321;10,586;26,9035809566753
2322;10,591;21,3884191936272
2323;10,595;16,8427084507571
2324;10,600;12,8470578288806
2325;10,604;10,4881542854996
2326;10,609;8,42661481230977
2327;10,613;6,99014579340924
2328;10,617;6,03924773606884
2329;10,622;5,24663698192613
2330;10,626;4,71071468831022
2331;10,631;4,21471649194003
2332;10,635;3,69584413632435
2333;10,640;3,43267388118589
2334;10,644;3,15198399278548
2335;10,649;2,86100777815353
2336;10,653;2,82784729267651
2337;10,657;2,66256153007928
2338;10,662;2,40770488107316
2339;10,666;2,21094953594108
2340;10,671;2,14260887536167
2341;10,675;2,06257280276557
2342;10,680;1,9667079998497
2343;10,684;1,8007176943599
2344;10,689;1,71255589373614
2345;10,693;1,54863224739789
2346;10,697;1,55788524405366
2347;10,702;1,59029421711194
2348;10,706;1,46028256866945
2349;10,711;1,38874798031037
2350;10,715;1,37944801412843
2351;10,720;1,24647728553714
2352;10,724;1,29161500018788
2353;10,729;1,30368616841393
2354;10,733;1,24464547401646
2355;10,737;1,23341975726149
2356;10,742;1,16362304137076
2357;10,746;1,21486679442378
2358;10,751;1,20904257317852
2359;10,755;1,21157892759178
2360;10,760;1,15117611693533
2361;10,764;1,12308834028482
2362;10,769;1,09490662458197
2363;10,773;1,06832187276895
2364;10,777;0,962170743621538
2365;10,782;1,05441889302221
2366;10,786;0,995941832938789
2367;10,791;0,977482809153421
2368;10,795;0,91459061360989
2369;10,800;0,967713147709766
2370;10,804;0,965176793296509
2371;10,808;0,942631420734228
2372;10,813;0,956393491902454
2373;10,817;0,972879795588622
2374;10,822;0,872130161950926
2375;10,826;0,912523954458347
2376;10,831;0,836245443955961
2377;10,835;0,769595686318716
2378;10,840;0,806654642467967
2379;10,844;0,840472701311389
2380;10,848;0,756444218990719
2381;10,853;0,833380302859505
2382;10,857;0,74094427535415
2383;10,862;0,823187915680307
2384;10,866;0,811821290346823
2385;10,871;0,720888287678954
2386;10,875;0,795006199977455
2387;10,880;0,815297035283508
2388;10,884;0,945449592304513
2389;10,888;1,118203509563
2390;10,893;1,39875248938489
2391;10,897;2,1149438244467
2392;10,902;3,33774846879345
2393;10,906;5,42761056626461
2394;10,911;8,52299628001353
2395;10,915;13,0570116108669
2396;10,920;19,7430766918423
2397;10,924;27,3472081313644
2398;10,928;35,8495847893886
2399;10,933;44,4079960921354
2400;10,937;51,8740371247135
2401;10,942;55,2128658926089
2402;10,946;53,9394750685755
2403;10,951;49,5051290722579
2404;10,955;41,7130255889979
2405;10,960;33,5531976853418
2406;10,964;25,7197610190508
2407;10,968;19,9243320933378
2408;10,973;15,6476627963777
2409;10,977;12,1839890279187
2410;10,982;10,0347574493669
2411;10,986;8,14540825912148
2412;10,991;7,03218351933266
2413;10,995;6,00843572690039
2414;10,999;5,37373651974599
2415;11,004;4,74176154510953
2416;11,008;4,29522225979784
2417;11,013;3,9700522301131
2418;11,017;3,68593356630218
2419;11,022;3,35930748130613
2420;11,026;3,0694585353023
2421;11,031;2,90088490587307
2422;11,035;2,71126892871905
2423;11,039;2,51503024837485
2424;11,044;2,48680156314583
2425;11,048;2,38708525908391
2426;11,053;2,25139029797467
2427;11,057;2,14026039905309
2428;11,062;2,03246533648969
2429;11,066;1,92687784165633
2430;11,071;1,88418254236651
2431;11,075;2,02927140871003
2432;11,079;1,86774320820652
2433;11,084;1,82255852402961
2434;11,088;1,693063540375
2435;11,093;1,70480592191786
2436;11,097;1,68052267688724
2437;11,102;1,44083718483448
2438;11,106;1,44121294104385
2439;11,111;1,30951038965919
2440;11,115;1,51636418291812
2441;11,119;1,37587833013941
2442;11,124;1,35380265283884
2443;11,128;1,30697403524593
2444;11,133;1,22867583511818
2445;11,137;1,18241085183933
2446;11,142;1,10890354338105
2447;11,146;1,18748356066584
2448;11,151;1,2325743057904
2449;11,155;1,07917183331455
2450;11,159;1,10364295644986
2451;11,164;1,10617931086311
2452;11,168;1,03328260624507
2453;11,173;1,1172171495134
2454;11,177;1,11298989215797
2455;11,182;1,2753165746064
2456;11,186;1,59893660992748
2457;11,191;2,37393379175591
2458;11,195;3,67184270845076
2459;11,199;5,7983880058618
2460;11,204;8,85756021493255
2461;11,208;13,4942509299966
2462;11,213;19,3196933829332
2463;11,217;26,271652951565
2464;11,222;33,4190527185962
2465;11,226;40,1837917559088
2466;11,230;43,953847743584
2467;11,235;45,3158230939766
2468;11,239;43,4238436102657
2469;11,244;40,1029572013678
2470;11,248;35,1037087137865
2471;11,253;31,4564310675234
2472;11,257;29,1236425806936
2473;11,262;29,3595705106527
2474;11,266;31,4461447412918
2475;11,270;34,894788261376
2476;11,275;37,7364445947469
2477;11,279;39,7809810994627
2478;11,284;40,3653289745613
2479;11,288;39,2247679705407
2480;11,293;35,3259685116297
2481;11,297;30,7538139255251
2482;11,302;25,5675797542554
2483;11,306;20,5575282756548
2484;11,310;16,4330872130162
2485;11,315;13,0723236763988
2486;11,319;10,4614755946342
2487;11,324;8,37945740803367
2488;11,328;6,90583549393154
2489;11,333;5,87490136399504
2490;11,337;5,05392101604479
2491;11,342;4,43847931462067
2492;11,346;4,01716266486304
2493;11,350;3,52520384774358
2494;11,355;3,20036260474204
2495;11,359;2,96105286889866
2496;11,364;2,76218389508887
2497;11,368;2,58665877578627
2498;11,373;2,46791981362492
2499;11,377;2,33950512907226
2500;11,382;2,11630594070567
2501;11,386;2,04758952391688
2502;11,390;1,90339307857062
2503;11,395;1,83932664487281
2504;11,399;1,85111599594183
2505;11,404;1,70922105737797
2506;11,408;1,6630030436253
2507;11,413;1,62923195430804
2508;11,417;1,5412110622628
2509;11,421;1,53740653064292
2510;11,426;1,46469770412956
2511;11,430;1,38461466200729
2512;11,435;1,35680870251381
2513;11,439;1,34060421598467
2514;11,444;1,34600571149438
2515;11,448;1,37686469018901
2516;11,453;1,23013189042949
2517;11,457;1,36037838650284
2518;11,461;1,32275579603953
2519;11,466;1,21453800774058
2520;11,470;1,25643482508548
2521;11,475;1,19142900086424
2522;11,479;1,23403036110172
2523;11,484;1,12304137075865
2524;11,488;1,05648555217375
2525;11,493;1,13074437305076
2526;11,497;1,15014278735956
2527;11,501;0,992513057528276
2528;11,506;1,09067936722654
2529;11,510;1,09067936722654
2530;11,515;1,10415962123774
2531;11,519;1,07795062563409
2532;11,524;1,05075526998084
2533;11,528;0,963767707511367
2534;11,533;1,07442791117123
2535;11,537;1,04976890993124
2536;11,541;0,974617668056965
2537;11,546;0,918395145229775
2538;11,550;0,953199564122797
2539;11,555;1,00406756096644
2540;11,559;0,879504377559839
2541;11,564;0,995472137677075
2542;11,568;0,973396460376508
2543;11,573;0,954185924172397
2544;11,577;0,934881448915943
2545;11,581;1,03375230150678
2546;11,586;1,0052887686469
2547;11,590;0,913698192612633
2548;11,595;0,948972306767369
2549;11,599;0,936243565174914
2550;11,604;0,889321008529666
2551;11,608;0,922011798744974
2552;11,612;0,871472588584526
2553;11,617;0,915013339345433
2554;11,621;0,951696539285312
2555;11,626;0,899466426182693
2556;11,630;0,93145267350543
2557;11,635;0,868137752226356
2558;11,639;0,815860669597565
2559;11,644;0,875324089730583
2560;11,648;0,906934580843948
2561;11,652;0,913040619246233
2562;11,657;0,993076691842333
2563;11,661;1,07128095291775
2564;11,666;1,42876601660842
2565;11,670;1,88343102994777
2566;11,675;2,64057979183106
2567;11,679;4,12890316762484
2568;11,684;6,46559012512682
2569;11,688;9,82738699132003
2570;11,692;14,7511554503438
2571;11,697;21,0737703378048
2572;11,701;28,5575188817495
2573;11,706;37,1195938075377
2574;11,710;47,1190771427498
2575;11,715;58,3983861270807
2576;11,719;70,7920471198287
2577;11,724;81,8718765265096
2578;11,728;91,5646488558223
2579;11,732;96,9764776612934
2580;11,737;96,5607973546763
2581;11,741;88,5378386502837
2582;11,746;75,7781441400819
2583;11,750;60,6447506857551
2584;11,755;46,9133036485928
2585;11,759;35,901204298651
2586;11,764;28,0498722428888
2587;11,768;22,0067730056739
2588;11,772;17,6439146281892
2589;11,777;14,7899053094352
2590;11,781;12,607137489197
2591;11,786;10,8448408672453
2592;11,790;9,45768985082479
2593;11,795;8,42290421974223
2594;11,799;7,54842558148273
2595;11,803;6,81842520572652
2596;11,808;6,15690639912825
2597;11,812;5,68707022883553
2598;11,817;5,32634426783903
2599;11,821;4,80216435576598
2600;11,826;4,46093074813061
2601;11,830;4,22349979333408
2602;11,835;3,92369330778191
2603;11,839;3,90030248374854
2604;11,843;3,58973997670312
2605;11,848;3,3567241573667
2606;11,852;3,39956036523504
2607;11,857;3,20952166234547
2608;11,861;2,96875587119077
2609;11,866;2,93860143538872
2610;11,870;2,81516552061023
2611;11,875;2,77308082516064
2612;11,879;2,55204223499793
2613;11,883;2,34161875774997
2614;11,888;2,34561116747454
2615;11,892;2,29385074963364
2616;11,897;2,17675572088829
2617;11,901;2,24627061962199
2618;11,906;2,11193777477173
2619;11,910;2,07393942809905
2620;11,915;2,0451001390298
2621;11,919;2,00132454063803
2622;11,923;1,89569007627851
2623;11,928;1,93232630669222
2624;11,932;1,80954796528013
2625;11,937;1,87478863713223
2626;11,941;1,84538571374892
2627;11,946;1,94359899297336
2628;11,950;1,71419982715214
2629;11,955;1,78413745162139
2630;11,959;1,78061473715853
2631;11,963;1,66013790252884
2632;11,968;1,64872430766918
2633;11,972;1,61659715176793
2634;11,977;1,53679592680269
2635;11,981;1,67535602900838
2636;11,986;1,51589448765641
2637;11,990;1,51227783414121
2638;11,994;1,47113252921505
2639;11,999;1,39194190809003
2640;12,003;1,47075677300567
2641;12,008;1,44731897944614
2642;12,012;1,31749520910833
2643;12,017;1,37151016420546
2644;12,021;1,37813286739563
2645;12,026;1,29692255664525
2646;12,030;1,29448014128433
2647;12,034;1,27292112877165
2648;12,039;1,29800285574719
2649;12,043;1,20537895013715
2650;12,048;1,30227708262879
2651;12,052;1,3027467778905
2652;12,057;1,19542141058881
2653;12,061;1,18823507308458
2654;12,066;1,32388306466764
2655;12,070;1,26376207116823
2656;12,074;1,44121294104385
2657;12,079;1,75722391312516
2658;12,083;2,26247510615113
2659;12,088;3,18180964190433
2660;12,092;4,98830458798332
2661;12,097;7,34622177131477
2662;12,101;11,0451658963664
2663;12,106;15,6426370570774
2664;12,110;21,2898301581934
2665;12,114;27,9313211588321
2666;12,119;34,6596118438357
2667;12,123;40,2779656558825
2668;12,128;44,2139180099951
2669;12,132;44,9773137188592
2670;12,137;43,7652181264795
2671;12,141;40,2953913500921
2672;12,146;35,4483710968324
2673;12,150;29,8022113252922
2674;12,154;24,5866681696915
2675;12,159;19,9426971780709
2676;12,163;16,5680306617067
2677;12,168;13,4444162627287
2678;12,172;11,3707116822605
2679;12,177;9,58126667418179
2680;12,181;8,17344906624582
2681;12,186;6,97220343441175
2682;12,190;6,22106677187841
2683;12,194;5,83948634126179
2684;12,199;5,08985270356593
2685;12,203;4,45787772892947
2686;12,208;4,32669184233269
2687;12,212;4,03665501822418
2688;12,217;3,62783226242814
2689;12,221;3,35522113252921
2690;12,225;3,22901401570661
2691;12,230;3,06612369894412
2692;12,234;2,87970164956976
2693;12,239;2,7885807687972
2694;12,243;2,57360124751062
2695;12,248;2,45063502799384
2696;12,252;2,21996768496599
2697;12,257;2,21282831698794
2698;12,261;2,25730845827227
2699;12,265;2,16008153909743
2700;12,270;2,01757599669335
2701;12,274;1,96215195581107
2702;12,279;1,93660053357382
2703;12,283;1,75816330364859
2704;12,288;1,91677939352948
2705;12,292;1,75999511516928
2706;12,297;1,77253597865705
2707;12,301;1,70006199977455
2708;12,305;1,57643820689137
2709;12,310;1,68691053244655
2710;12,314;1,58775786269868
2711;12,319;1,56840641791606
2712;12,323;1,53707774395972
2713;12,328;1,45563258557848
2714;12,332;1,42219028294443
2715;12,337;1,49494607898396
2716;12,341;1,43491902453688
2717;12,345;1,36385413143952
2718;12,350;1,37244955472889
2719;12,354;1,29199075639725
2720;12,359;1,34905873069552
2721;12,363;1,37061774320821
2722;12,368;1,35150114605644
2723;12,372;1,35779506256341
2724;12,377;1,26902265809943
2725;12,381;1,37155713373164
2726;12,385;1,25760906323977
2727;12,390;1,23276218389509
2728;12,394;1,36916168789689
2729;12,399;1,39654492165483
2730;12,403;1,34379814376433
2731;12,408;1,42303573441551
2732;12,412;1,32792244391839
2733;12,416;1,3477905534889
2734;12,421;1,32139367978056
2735;12,425;1,32580881524067
2736;12,430;1,34769661443655
2737;12,434;1,30500131514673
2738;12,439;1,32294367414422
2739;12,443;1,3116240183369
2740;12,448;1,32848607823244
2741;12,452;1,31632097095405
2742;12,456;1,30556494946079
2743;12,461;1,20777439597189
2744;12,465;1,21491376394995
2745;12,470;1,14577462142562
2746;12,474;1,19852139931612
2747;12,479;1,2490136399504
2748;12,483;1,20941832938789
2749;12,488;1,12407470033442
2750;12,492;1,02365385337993
2751;12,496;1,07851425994815
2752;12,501;1,12501409085785
2753;12,505;1,15310186750836
2754;12,510;1,04521286589261
2755;12,514;1,01717205876827
2756;12,519;0,946952617141998
2757;12,523;1,12294743170631
2758;12,528;1,08283545635592
2759;12,532;1,04549468304964
2760;12,536;1,07588396648255
2761;12,541;0,966022244767595
2762;12,545;0,980254011197535
2763;12,550;1,08410363356254
2764;12,554;1,1014353887198
2765;12,559;1,10289144403111
2766;12,563;1,16456243189419
2767;12,568;1,03957652275204
2768;12,572;1,06310825536392
2769;12,576;1,07954758952392
2770;12,581;1,08321121256529
2771;12,585;1,0210705294405
2772;12,590;1,07715214368917
2773;12,594;0,945073836095142
2774;12,599;1,00932814789764
2775;12,603;0,987769135384962
2776;12,607;1,01829932739639
2777;12,612;0,96090256641491
2778;12,616;0,979831285461992
2779;12,621;0,992606996580618
2780;12,625;1,03638259497238
2781;12,630;0,967431330552737
2782;12,634;1,03182655093375
2783;12,639;1,00228271897193
2784;12,643;1,0148235824597
2785;12,647;1,09096118438357
2786;12,652;1,04159621237741
2787;12,656;1,05122496524255
2788;12,661;1,01740690639913
2789;12,665;1,00491301243753
2790;12,670;1,08391575545786
2791;12,674;1,10500507270883
2792;12,679;1,1653609138391
2793;12,683;1,20368804719498
2794;12,687;1,1844305414647
2795;12,692;1,11317777026265
2796;12,696;1,13882313155225
2797;12,701;1,10589749370608
2798;12,705;1,09687934468117
2799;12,710;1,10617931086311
2800;12,714;1,13882313155225
2801;12,719;1,05291586818472
2802;12,723;1,02459324390336
2803;12,727;1,01341449667456
2804;12,732;0,990916093638447
2805;12,736;0,970531319280051
2806;12,741;0,943195055048285
2807;12,745;0,953199564122797
2808;12,750;0,948361702927141
2809;12,754;0,949113215345884
2810;12,759;0,912336076353662
2811;12,763;0,920931499643032
2812;12,767;0,899466426182693
2813;12,772;0,999793334084846
2814;12,776;0,958741968211025
2815;12,781;0,858227182204186
2816;12,785;1,00796603163867
2817;12,790;1,01411903956713
2818;12,794;1,08851876902266
2819;12,798;0,932251155450344
2820;12,803;0,959775297786796
2821;12,807;1,08344606019614
2822;12,812;0,959634389208282
2823;12,816;0,948925337241198
2824;12,821;0,998431217825875
2825;12,825;1,0079190621125
2826;12,830;0,967947995340623
2827;12,834;1,03436290534701
2828;12,838;0,959822267312967
2829;12,843;0,920931499643032
2830;12,847;0,972410100326908
2831;12,852;1,01092511178747
2832;12,856;0,931593582083944
2833;12,861;0,985561567654906
2834;12,865;1,04300529816255
2835;12,870;0,916610303235261
2836;12,874;0,954749558486454
2837;12,878;1,02224476759478
2838;12,883;0,980441889302221
2839;12,887;0,975087363318679
2840;12,892;0,972785856536279
2841;12,896;0,956346522376282
2842;12,901;0,967947995340623
2843;12,905;1,07856122947432
2844;12,910;0,977294931048736
2845;12,914;0,999464547401646
2846;12,918;0,93211024687183
2847;12,923;0,939296584376057
2848;12,927;1,070529440499
2849;12,932;0,904398226430692
2850;12,936;0,809050088302709
2851;12,941;0,9384041633788
2852;12,945;0,956957126216511
2853;12,950;0,995613046255589
2854;12,954;0,957379851952054
2855;12,958;0,954467741329425
2856;12,963;0,853905985796415
2857;12,967;0,964801037087138
2858;12,972;0,948972306767369
2859;12,976;0,901720963438921
2860;12,981;0,975181302371022
2861;12,985;1,0016721151317
2862;12,990;1,00270544470747
2863;12,994;0,816518242963965
2864;12,998;0,879269529928982
2865;13,003;0,961794987412167
2866;13,007;0,947985946717769
2867;13,012;0,865507458760756
2868;13,016;1,02590839063616
2869;13,021;0,851557509487844
2870;13,025;0,937042047119829
2871;13,029;0,855315071581558
2872;13,034;0,909658813361891
2873;13,038;0,864755946342013
2874;13,043;0,905948220794349
2875;13,047;0,84512268440236
2876;13,052;0,860716567091271
2877;13,056;0,896554315560065
2878;13,061;0,955407131852854
2879;13,065;0,854093863901101
2880;13,069;0,971799496486679
2881;13,074;0,886784654116409
2882;13,078;0,882557396760981
2883;13,083;0,838218164055161
2884;13,087;0,901627024386578
2885;13,092;0,821543982264307
2886;13,096;0,866258971179499
2887;13,101;0,982790365610792
2888;13,105;0,955078345169654
2889;13,109;0,959634389208282
2890;13,114;0,903881561642806
2891;13,118;0,927413294254688
2892;13,123;0,864333220606471
2893;13,127;0,927413294254688
2894;13,132;0,97081313643708
2895;13,136;0,973678277533536
2896;13,141;0,917643632811032
2897;13,145;0,87555893736144
2898;13,149;0,916422425130575
2899;13,154;0,954984406117311
2900;13,158;0,979361590200278
2901;13,163;0,915154247923947
2902;13,167;0,958741968211025
2903;13,172;0,861045353774471
2904;13,176;0,937699620486229
2905;13,181;0,935492052756172
2906;13,185;1,00294029233833
2907;13,189;0,947798068613084
2908;13,194;0,928446623830459
2909;13,198;0,983260060872506
2910;13,203;0,931828429714801
2911;13,207;0,910034569571262
2912;13,212;0,952495021230226
2913;13,216;0,904820952166235
2914;13,220;0,96024499304851
2915;13,225;0,961137414045767
2916;13,229;0,979549468304964
2917;13,234;0,974101003269079
2918;13,238;0,96287528651411
2919;13,243;0,92252846353286
2920;13,247;1,16573667004847
2921;13,252;1,15963063164619
2922;13,256;1,47094465111036
2923;13,260;1,76539661067899
2924;13,265;2,45763348739338
2925;13,269;3,54136136474655
2926;13,274;5,1748675459362
2927;13,278;7,30733100364484
2928;13,283;10,2675853905986
2929;13,287;13,6705745312441
2930;13,292;17,3417126968023
2931;13,296;20,7843441175365
2932;13,300;23,7512681772066
2933;13,305;25,4060515537519
2934;13,309;26,2877165295156
2935;13,314;25,7617987449743
2936;13,318;23,9435144478262
2937;13,323;21,9338763010559
2938;13,327;19,374459850449
2939;13,332;16,4933960846203
2940;13,336;14,1806166159396
2941;13,340;12,0578288806223
2942;13,345;10,0356029008379
2943;13,349;8,27448051704054
2944;13,354;7,12245894863413
2945;13,358;6,05413707586518
2946;13,363;5,29388832525458
2947;13,367;4,71846466012851
2948;13,372;4,26497388494345
2949;13,376;3,68729568256115
2950;13,380;3,40965881336189
2951;13,385;3,10585991808515
2952;13,389;2,81727914928794
2953;13,394;2,77787171683012
2954;13,398;2,52066659151542
2955;13,403;2,38313981888551
2956;13,407;2,33095667530906
2957;13,411;2,19587231804006
2958;13,416;2,07887122834705
2959;13,420;2,13875737421561
2960;13,425;1,91048547702251
2961;13,429;1,83777665050915
2962;13,434;1,75722391312516
2963;13,438;1,71316649757637
2964;13,443;1,67042422876038
2965;13,447;1,66483485514598
2966;13,451;1,68465599519032
2967;13,456;1,60800172847856
2968;13,460;1,53022019313869
2969;13,465;1,50297786795927
2970;13,469;1,40589185736294
2971;13,474;1,54426408146395
2972;13,478;1,48855822342464
2973;13,483;1,42613572314282
2974;13,487;1,34868297448615
2975;13,491;1,40542216210123
2976;13,496;1,30772554766468
2977;13,500;1,3165558185849
2978;13,505;1,37888437981438
2979;13,509;1,21543042873783
2980;13,514;1,24394093112389
2981;13,518;1,23558035546537
2982;13,523;1,25906511855108
2983;13,527;1,32007853304776
2984;13,531;1,19570322774584
2985;13,536;1,21726224025852
2986;13,540;1,16136850411453
2987;13,545;1,07254913012438
2988;13,549;1,18964415886973
2989;13,554;1,1073535490174
2990;13,558;1,14375493180025
2991;13,563;1,14784128057716
2992;13,567;1,09283996543043
2993;13,571;1,14220493743659
2994;13,576;1,21148498853944
2995;13,580;1,10415962123774
2996;13,585;1,11266110547477
2997;13,589;1,13591102092962
2998;13,594;1,17376845902379
2999;13,598;1,02788111073535
3000;13,602;1,14398977943111
3001;13,607;1,13872919249991
3002;13,611;1,09593995415774
3003;13,616;1,10124751061511
3004;13,620;1,12224288881374
3005;13,625;1,08278848682974
3006;13,629;1,06052493142449
3007;13,634;1,0685567203998
3008;13,638;1,11345958741968
3009;13,642;1,06052493142449
3010;13,647;1,15427610566265
3011;13,651;1,01933265697216
3012;13,656;1,02482809153421
3013;13,660;1,03295381956187
3014;13,665;1,09185360538083
3015;13,669;1,19701837447864
3016;13,674;1,12938225679179
3017;13,678;1,13976252207568
3018;13,682;1,22411979107955
3019;13,687;1,14492916995453
3020;13,691;1,11717017998722
3021;13,696;1,10411265171157
3022;13,700;1,1824578213655
3023;13,705;1,14704279863225
3024;13,709;1,13285800172848
3025;13,714;1,12731559764025
3026;13,718;1,10232780971706
3027;13,722;1,07982940668095
