#"+EI TIC Scan 130C_1ml-min_8C-min_1.d "
#Point;X(Minutes);Y(Counts)
0;5,591;1,17739409805818
1;5,596;1,17205297423717
2;5,600;1,14801791704264
3;5,605;1,12928352060986
4;5,609;1,1247921210331
5;5,613;1,13834724588187
6;5,618;1,16246322919491
7;5,622;1,09909807840932
8;5,627;1,10929476934033
9;5,631;1,10864736039233
10;5,636;1,17302408765917
11;5,640;1,08521924908655
12;5,645;1,12580369751435
13;5,649;1,13057833850586
14;5,653;1,07445607532603
15;5,658;1,19256774527695
16;5,662;1,12070535204885
17;5,667;1,12819101801011
18;5,671;1,13029509709111
19;5,676;1,1236591553741
20;5,680;1,10893060180708
21;5,685;1,03536876009048
22;5,689;1,02521253221871
23;5,693;1,10419642387482
24;5,698;1,0141256539842
25;5,702;1,08177988905029
26;5,707;1,05046148119075
27;5,711;1,07745034171054
28;5,716;1,02978485791397
29;5,720;1,02128761547146
30;5,725;1,03229356758747
31;5,729;0,931702402291828
32;5,733;1,00922962381494
33;5,738;0,992518380344664
34;5,742;0,974512318978389
35;5,747;1,00983656970369
36;5,751;0,972408239897386
37;5,756;1,01198111184394
38;5,760;1,04172146039273
39;5,764;0,973905373089638
40;5,769;0,926765909063321
41;5,773;0,988998094189909
42;5,778;0,945581231614598
43;5,782;0,967957303379879
44;5,787;0,949546611421103
45;5,791;0,976495008881642
46;5,796;0,94044242308984
47;5,800;0,907222251445543
48;5,804;0,910621148422548
49;5,809;0,946390492799599
50;5,813;0,928789062025824
51;5,818;1,00566887460093
52;5,822;1,231088577683
53;5,827;1,74561683910674
54;5,831;2,68395518311557
55;5,836;4,36070389537871
56;5,840;6,86973727335629
57;5,844;9,88083629050858
58;5,849;12,5425367910366
59;5,853;14,8502259861859
60;5,858;16,4599274092717
61;5,862;16,7758629758962
62;5,867;16,6120685120519
63;5,871;16,4672107599367
64;5,876;15,4134313078875
65;5,880;14,7698663505153
66;5,884;14,0143401081982
67;5,889;13,3265490270657
68;5,893;12,5858727274934
69;5,898;11,8727517712704
70;5,902;11,2510773289525
71;5,907;10,5256151396582
72;5,911;9,84535018754628
73;5,916;9,15047807104504
74;5,920;8,60479325399876
75;5,924;8,31402571022785
76;5,929;7,65949526379891
77;5,933;7,0888852022546
78;5,938;6,7016132621723
79;5,942;6,28872820558471
80;5,947;5,93410995431721
81;5,951;5,37774288962891
82;5,956;5,10740919077928
83;5,960;4,83614484156689
84;5,964;4,47877510227038
85;5,969;4,11084450450961
86;5,973;4,02684319350649
87;5,978;3,63192373522593
88;5,982;3,5403962952023
89;5,987;3,22357054127434
90;5,991;2,95805194647547
91;5,995;2,84588834623431
92;6,000;2,61872873160448
93;6,004;2,40743063620068
94;6,009;2,26148038148572
95;6,013;2,02347666697688
96;6,018;1,82994185458386
97;6,022;1,75459963826025
98;6,027;1,64336668838184
99;6,031;1,49608115271163
100;6,035;1,46282051800808
101;6,040;1,31508988868612
102;6,044;1,25281724050029
103;6,049;1,14947458717564
104;6,053;1,15008153306439
105;6,058;1,09626566426181
106;6,062;1,02719522212196
107;6,067;0,960471637418619
108;6,071;0,969454436572131
109;6,075;0,967876377261379
110;6,080;0,918713760272559
111;6,084;0,868377714565488
112;6,089;0,857128984093971
113;6,093;0,889458968434768
114;6,098;0,834510133973189
115;6,102;0,800723479499391
116;6,107;0,803191726113645
117;6,111;0,783162511784866
118;6,115;0,775960087238356
119;6,120;0,79287364600488
120;6,124;0,759451159064332
121;6,129;0,764185336996589
122;6,133;0,771225909306099
123;6,138;0,693294057190488
124;6,142;0,665900566078199
125;6,147;0,679374764808468
126;6,151;0,735618417166048
127;6,155;0,68058865658597
128;6,160;0,744641679378811
129;6,164;0,702438708581001
130;6,169;0,676420961483214
131;6,173;0,685120519221976
132;6,178;0,730762850056041
133;6,182;0,720687548302777
134;6,186;0,684594499451726
135;6,191;0,664201117589696
136;6,195;0,708022610757509
137;6,200;0,642108287239165
138;6,204;0,61718304274113
139;6,209;0,654166278895682
140;6,213;0,587564083370087
141;6,218;0,673022064506209
142;6,222;0,627905753442395
143;6,226;0,648258672245174
144;6,231;0,582789442378581
145;6,235;0,537875446611016
146;6,240;0,584367501689333
147;6,244;0,684594499451726
148;6,249;0,573240160395567
149;6,253;0,635998365292406
150;6,258;0,613500904349374
151;6,262;0,618073230044631
152;6,266;0,578945451749825
153;6,271;0,606258016743614
154;6,275;0,607957465232116
155;6,280;0,606622184276864
156;6,284;0,558066513176795
157;6,289;0,579835639053326
158;6,293;0,558997163539547
159;6,298;0,636402995884907
160;6,302;0,570205430951813
161;6,306;0,56814181493006
162;6,311;0,586390654651836
163;6,315;0,530389780649756
164;6,320;0,550661773334035
165;6,324;0,542771476780273
166;6,329;0,574049421580568
167;6,333;0,721941903139529
168;6,338;1,03868673094898
169;6,342;1,55511675615747
170;6,346;2,62540513638074
171;6,351;3,99455367222494
172;6,355;5,88037501163313
173;6,360;7,63416538870838
174;6,364;9,41344749311116
175;6,369;10,5243607848215
176;6,373;10,9912640255079
177;6,377;11,2064061115405
178;6,382;10,8837132140213
179;6,386;10,359069187785
180;6,391;9,87848943307208
181;6,395;9,31827837775503
182;6,400;8,71728055871392
183;6,404;8,22079882171571
184;6,409;7,50071821930169
185;6,413;7,12384528544665
186;6,417;6,67466486471176
187;6,422;6,12392216525923
188;6,426;5,64564880492355
189;6,431;5,28572989289428
190;6,435;4,90234240649999
191;6,440;4,53841765160497
192;6,444;4,09300029538033
193;6,449;3,84055126871922
194;6,453;3,52862154496053
195;6,457;3,22017164429734
196;6,462;2,97545106195299
197;6,466;2,77309530264345
198;6,471;2,51227042271758
199;6,475;2,3483545696956
200;6,480;2,09109043898373
201;6,484;1,9658572706048
202;6,489;1,67464463318214
203;6,493;1,64364992979659
204;6,497;1,49033539829812
205;6,502;1,30792792719886
206;6,506;1,1584169232699
207;6,511;1,07623644993303
208;6,515;0,955251902775361
209;6,520;0,859435378471225
210;6,524;0,844221268193203
211;6,529;0,75079206438482
212;6,533;0,696409712752742
213;6,537;0,725624041531284
214;6,542;0,62474963482089
215;6,546;0,622726481858387
216;6,551;0,604437179077361
217;6,555;0,572188120855065
218;6,560;0,545887132342528
219;6,564;0,591893630709843
220;6,568;0,518008084519238
221;6,573;0,503603235426218
222;6,577;0,522418557977494
223;6,582;0,517036971097237
224;6,586;0,523268282221746
225;6,591;0,47750456220993
226;6,595;0,494337194857954
227;6,600;0,458608313540154
228;6,604;0,450313386393892
229;6,608;0,436272704834122
230;6,613;0,470585379078171
231;6,617;0,411347460336086
232;6,622;0,431659916079615
233;6,626;0,403457163782325
234;6,631;0,377560805862288
235;6,635;0,391884728836808
236;6,640;0,442827720432631
237;6,644;0,403214385426825
238;6,648;0,424012397881354
239;6,653;0,452215150178644
240;6,657;0,416122101327593
241;6,662;0,40713930217408
242;6,666;0,460631466502656
243;6,671;0,4212204467931
244;6,675;0,43518020223437
245;6,680;0,465446570553413
246;6,684;0,433763995160618
247;6,688;0,423526841170354
248;6,693;0,452457928534145
249;6,697;0,518655493467239
250;6,702;0,448087918135139
251;6,706;0,455573584096399
252;6,711;0,452498391593395
253;6,715;0,460712392621157
254;6,720;0,436394094011872
255;6,724;0,416405342742343
256;6,728;0,41405848530584
257;6,733;0,364046144072769
258;6,737;0,370641622730528
259;6,742;0,352676024423503
260;6,746;0,374890243951784
261;6,751;0,39273445308106
262;6,755;0,39981548844982
263;6,759;0,406127725692829
264;6,764;0,367930597760774
265;6,768;0,351866763238501
266;6,773;0,361901601932516
267;6,777;0,369387267893776
268;6,782;0,351340743468251
269;6,786;0,390387595644556
270;6,791;0,358988261666512
271;6,795;0,331918475028223
272;6,799;0,35777436988901
273;6,804;0,377520342803038
274;6,808;0,361901601932516
275;6,813;0,335924317893979
276;6,817;0,383306560275796
277;6,822;0,383508875572046
278;6,826;0,325039754955713
279;6,831;0,318201497942453
280;6,835;0,382011742379794
281;6,839;0,329288376176969
282;6,844;0,279033256588398
283;6,848;0,34405739280324
284;6,853;0,36457216384302
285;6,857;0,383953969223797
286;6,862;0,338716268982233
287;6,866;0,307397861122688
288;6,871;0,362913178413767
289;6,875;0,346040082706493
290;6,879;0,343490909973739
291;6,884;0,35109796511275
292;6,888;0,257506909067367
293;6,893;0,330380878776721
294;6,897;0,334629499997977
295;6,902;0,306062580167436
296;6,906;0,345149895402992
297;6,911;0,377722658099288
298;6,915;0,365624203383521
299;6,919;0,440925956647878
300;6,924;0,474307980529176
301;6,928;0,889944525145768
302;6,933;1,49482679787488
303;6,937;2,9113575761009
304;6,942;5,18218492427339
305;6,946;8,44852491917504
306;6,951;12,7264413953281
307;6,955;17,5884825948151
308;6,959;21,8283233322139
309;6,964;24,7281084733692
310;6,968;26,8444073982658
311;6,973;27,4696830528569
312;6,977;26,851083803042
313;6,982;25,9095488773524
314;6,986;24,393762214786
315;6,990;22,9024961661251
316;6,995;21,047103047273
317;6,999;19,3796608386374
318;7,004;17,7873989940883
319;7,008;16,0345797304351
320;7,013;14,592961855474
321;7,017;13,1254880856522
322;7,022;11,8408668805814
323;7,026;10,501620545523
324;7,030;9,41231452745216
325;7,035;8,42716042389101
326;7,039;7,62170276645936
327;7,044;6,69125471900429
328;7,048;6,01681644742432
329;7,053;5,32263220293034
330;7,057;4,60238974827931
331;7,062;4,09320261067658
332;7,066;3,46015804870943
333;7,070;2,99985028668078
334;7,075;2,59210403861794
335;7,079;2,24043959067569
336;7,084;1,97350478880306
337;7,088;1,58675886849101
338;7,093;1,44449075216781
339;7,097;1,21267788572423
340;7,102;1,08206313046504
341;7,106;1,03512598173498
342;7,110;0,859920935182225
343;7,115;0,816665924843914
344;7,119;0,749618635666568
345;7,124;0,646680612934422
346;7,128;0,578217116683324
347;7,133;0,579673786816326
348;7,137;0,479406325994683
349;7,142;0,466336757856915
350;7,146;0,526990883672751
351;7,150;0,400381971279321
352;7,155;0,434128162693869
353;7,159;0,441492439477379
354;7,164;0,425549994132856
355;7,168;0,342115165959238
356;7,173;0,381971279320544
357;7,177;0,339727845463484
358;7,181;0,369427730953026
359;7,186;0,375982746551536
360;7,190;0,366352538450022
361;7,195;0,299628953746677
362;7,199;0,343329057736739
363;7,204;0,32957161759172
364;7,208;0,294287829925669
365;7,213;0,327993558280967
366;7,217;0,337380988026981
367;7,221;0,299750342924427
368;7,226;0,327872169103217
369;7,230;0,307397861122688
370;7,235;0,261755530288623
371;7,239;0,303715722730933
372;7,244;0,29473292357742
373;7,248;0,304565446975184
374;7,253;0,315166768498699
375;7,257;0,256333480349115
376;7,261;0,255200514690114
377;7,266;0,258882653081869
378;7,270;0,274744172307891
379;7,275;0,235252226479835
380;7,279;0,285992902779408
381;7,284;0,250425873698607
382;7,288;0,27348981747114
383;7,293;0,265033038087878
384;7,297;0,272721019345389
385;7,301;0,241200296189594
386;7,306;0,286154755016408
387;7,310;0,250385410639357
388;7,315;0,274865561485642
389;7,319;0,305819801811936
390;7,324;0,25969191426687
391;7,328;0,258842190022619
392;7,333;0,240148256649092
393;7,337;0,23857019733834
394;7,341;0,198228527266032
395;7,346;0,228535358644326
396;7,350;0,207656420071296
397;7,355;0,221413860216316
398;7,359;0,246986513662352
399;7,364;0,216315514750808
400;7,368;0,236587507435087
401;7,372;0,248321794617604
402;7,377;0,23885343875309
403;7,381;0,205956971582793
404;7,386;0,28740910985316
405;7,390;0,264345166080627
406;7,395;0,225136461667321
407;7,399;0,194020369104026
408;7,404;0,240067330530592
409;7,408;0,194505925815027
410;7,412;0,243385301389097
411;7,417;0,208748922671047
412;7,421;0,23873204957534
413;7,426;0,251882543831609
414;7,430;0,202639000724289
415;7,435;0,260339323214871
416;7,439;0,186089609491015
417;7,444;0,202598537665039
418;7,448;0,21781264794306
419;7,452;0,228454432525826
420;7,457;0,246946050603102
421;7,461;0,207575493952796
422;7,466;0,198552231740033
423;7,470;0,172048927931245
424;7,475;0,235616394013086
425;7,479;0,204419375331291
426;7,484;0,232581664569331
427;7,488;0,200858626117286
428;7,492;0,23132730973258
429;7,497;0,208384755137797
430;7,501;0,219188391957562
431;7,506;0,223639328475069
432;7,510;0,209598646915299
433;7,515;0,250992356528108
434;7,519;0,215951347217558
435;7,524;0,221211544920065
436;7,528;0,172817726056996
437;7,532;0,205430951812543
438;7,537;0,20316502049454
439;7,541;0,237113527205338
440;7,546;0,218379130772561
441;7,550;0,198228527266032
442;7,555;0,220887840446065
443;7,559;0,204864468983042
444;7,563;0,186656092320516
445;7,568;0,225702944496822
446;7,572;0,214899307677056
447;7,577;0,211176706226051
448;7,581;0,266287392924629
449;7,586;0,255038662453113
450;7,590;0,309461477144441
451;7,595;0,552442147941037
452;7,599;0,983697433428152
453;7,603;1,84119058505537
454;7,608;3,06746405868762
455;7,612;4,99079465402061
456;7,617;7,50177025884219
457;7,621;10,2218994169273
458;7,626;12,8264660777943
459;7,630;14,6524830156309
460;7,635;16,1043380445822
461;7,639;16,9259809257139
462;7,643;16,4857833041325
463;7,648;16,0375739968196
464;7,652;14,8082657937436
465;7,657;13,5787957384306
466;7,661;12,3288918381963
467;7,666;11,037715617527
468;7,670;9,97082613428071
469;7,675;8,91830103706821
470;7,679;7,89859148090751
471;7,683;6,73042296035834
472;7,688;5,90457192106466
473;7,692;4,99395077264212
474;7,697;4,36669242814772
475;7,701;3,80720970789718
476;7,706;3,20099215421281
477;7,710;2,72672463674289
478;7,715;2,29178721286402
479;7,719;1,91839410210448
480;7,723;1,55592601734247
481;7,728;1,38444357224072
482;7,732;1,14911041964239
483;7,737;0,920129967346311
484;7,741;0,770416648121098
485;7,746;0,718907173695775
486;7,750;0,636524385062657
487;7,754;0,534152845160011
488;7,759;0,4561400669259
489;7,763;0,47701900549893
490;7,768;0,400624749634821
491;7,772;0,402162345886323
492;7,777;0,341063126418736
493;7,781;0,323380769526461
494;7,786;0,329288376176969
495;7,790;0,309218698788941
496;7,794;0,248605036032354
497;7,799;0,285385956890657
498;7,803;0,274258615596891
499;7,808;0,267784526116882
500;7,812;0,215101622973307
501;7,817;0,268270082827882
502;7,821;0,244356414811098
503;7,826;0,220887840446065
504;7,830;0,23832741898284
505;7,834;0,254310327386612
506;7,839;0,191228418015773
507;7,843;0,21036744504105
508;7,848;0,180950800966258
509;7,852;0,179494130833256
510;7,857;0,187384427387017
511;7,861;0,187748594920268
512;7,866;0,142227653263953
513;7,870;0,166424562695487
514;7,874;0,151615083009966
515;7,879;0,177956534581754
516;7,883;0,106539235005402
517;7,888;0,138747830168448
518;7,892;0,197904822792032
519;7,897;0,168043085065489
520;7,901;0,187667668801767
521;7,906;0,152626659491218
522;7,910;0,149834708402964
523;7,914;0,143805712574705
524;7,919;0,168771420131991
525;7,923;0,155337684460971
526;7,928;0,158857970615726
527;7,932;0,163430296310983
528;7,937;0,159222138148977
529;7,941;0,137007918620695
530;7,946;0,160355103807979
531;7,950;0,169054661546741
532;7,954;0,149430077810463
533;7,959;0,137453012272446
534;7,963;0,16136668028923
535;7,968;0,169337902961491
536;7,972;0,170106701087242
537;7,977;0,237073064146088
538;7,981;0,192159068378524
539;7,985;0,208141976782297
540;7,990;0,235049911183585
541;7,994;0,190742861304772
542;7,999;0,159950473215478
543;8,003;0,211459947640801
544;8,008;0,222142195282817
545;8,012;0,208506144315547
546;8,017;0,194546388874277
547;8,021;0,176864031982002
548;8,025;0,156956206830974
549;8,030;0,147811555440461
550;8,034;0,145221919648457
551;8,039;0,146476274485209
552;8,043;0,18948850646802
553;8,048;0,174153007012248
554;8,052;0,0946430955858849
555;8,057;0,127458636637682
556;8,061;0,122886310942425
557;8,065;0,144736362937456
558;8,070;0,136158194376444
559;8,074;0,134782450361942
560;8,079;0,108279146553154
561;8,083;0,130614755259186
562;8,088;0,124747611667928
563;8,092;0,11952787702467
564;8,097;0,12612335568243
565;8,101;0,14704275731471
566;8,105;0,104677934279899
567;8,110;0,0742092506646057
568;8,114;0,117423797943667
569;8,119;0,139759406649699
570;8,123;0,104516082042899
571;8,128;0,157482226601224
572;8,132;0,147973407677461
573;8,137;0,116128980047665
574;8,141;0,11220406330041
575;8,145;0,151979250543217
576;8,150;0,1050016387539
577;8,154;0,128591602296683
578;8,159;0,145302845766957
579;8,163;0,135227544013693
580;8,168;0,103342653324647
581;8,172;0,101562278717645
582;8,176;0,143562934219205
583;8,181;0,0972731944371386
584;8,185;0,108198220434654
585;8,190;0,145828865537208
586;8,194;0,116978704291917
587;8,199;0,111111560700658
588;8,203;0,158736581437976
589;8,208;0,116533610640166
590;8,212;0,131626331740438
591;8,216;0,141944411849202
592;8,221;0,156632502356973
593;8,225;0,141539781256702
594;8,230;0,135470322369193
595;8,234;0,150077486758464
596;8,239;0,129886420192685
597;8,243;0,205309562634793
598;8,248;0,171037351449994
599;8,252;0,197581118318032
600;8,256;0,155256758342471
601;8,261;0,215223012151057
602;8,265;0,165251133977235
603;8,270;0,170996888390744
604;8,274;0,163875389962734
605;8,279;0,139880795827449
606;8,283;0,227483319103824
607;8,288;0,13336624328819
608;8,292;0,112811009189161
609;8,296;0,194060832163277
610;8,301;0,151008137121215
611;8,305;0,212188282707302
612;8,310;0,336328948486479
613;8,314;0,744237048786311
614;8,319;1,60557419104229
615;8,323;3,09643560911066
616;8,328;6,01244643702532
617;8,332;10,2908889329487
618;8,336;16,1843335127196
619;8,341;22,6018556358972
620;8,345;29,3281109011528
621;8,350;34,7364034005155
622;8,354;39,1854381542371
623;8,359;40,9396736249641
624;8,363;41,1555035830039
625;8,367;39,5204318217683
626;8,372;36,678589781459
627;8,376;33,1020599743464
628;8,381;28,8710401838641
629;8,385;24,7964505804426
630;8,390;21,076722006644
631;8,394;18,0252813194194
632;8,399;14,9636844043231
633;8,403;12,4197718692719
634;8,407;10,1070247917164
635;8,412;8,02070899372418
636;8,416;6,663537523418
637;8,421;5,27063717179401
638;8,425;4,15025552421916
639;8,430;3,28928254949644
640;8,434;2,69184547966934
641;8,439;2,09974953366324
642;8,443;1,86235276504315
643;8,447;1,47787277604911
644;8,452;1,24500787006502
645;8,456;1,14089641861463
646;8,461;0,951448375205856
647;8,465;0,825122704227176
648;8,470;0,811769894674657
649;8,474;0,760665050841834
650;8,479;0,676623276779464
651;8,483;0,611113583853621
652;8,487;0,587321305014587
653;8,492;0,443272814084382
654;8,496;0,41426080060209
655;8,501;0,417416919223595
656;8,505;0,388404905741303
657;8,510;0,317837330409203
658;8,514;0,340537106648485
659;8,519;0,380514609187542
660;8,523;0,333739312694476
661;8,527;0,37861284540279
662;8,532;0,338028396974982
663;8,536;0,313831487543447
664;8,541;0,325768090022214
665;8,545;0,367040410457273
666;8,550;0,278790478232897
667;8,554;0,285588272186907
668;8,558;0,258518485548618
669;8,563;0,270495551086635
670;8,567;0,264021461606626
671;8,572;0,257102278474866
672;8,576;0,233107684339582
673;8,581;0,214413750966056
674;8,585;0,232177033976831
675;8,590;0,209234479382048
676;8,594;0,160962049696729
677;8,598;0,178644406589005
678;8,603;0,143643860337705
679;8,607;0,16144760640773
680;8,612;0,156025556468222
681;8,616;0,157482226601224
682;8,621;0,116938241232667
683;8,625;0,127782341111682
684;8,630;0,111435265174659
685;8,634;0,143805712574705
686;8,638;0,122845847883175
687;8,643;0,123695572127426
688;8,647;0,123129089297925
689;8,652;0,145707476359458
690;8,656;0,113013324485411
691;8,661;0,0916083661421305
692;8,665;0,102695244376646
693;8,670;0,110909245404408
694;8,674;0,116371758403166
695;8,678;0,0719028562873525
696;8,683;0,113539344255662
697;8,687;0,171927538753495
698;8,692;0,137655327568696
699;8,696;0,178361165174254
700;8,701;0,185563589720764
701;8,705;0,194748704170528
702;8,710;0,218419593831811
703;8,714;0,240512424182343
704;8,718;0,271668979804887
705;8,723;0,286842627023659
706;8,727;0,276726862211144
707;8,732;0,264264239962127
708;8,736;0,289634578111913
709;8,741;0,264992575028628
710;8,745;0,190783324364022
711;8,750;0,185361274424514
712;8,754;0,163147054896232
713;8,758;0,152100639720967
714;8,763;0,160678808281979
715;8,767;0,109533501389906
716;8,772;0,108279146553154
717;8,776;0,162459182888982
718;8,781;0,138221810398197
719;8,785;0,0983656970368902
720;8,789;0,0788220394191123
721;8,794;0,128915306770684
722;8,798;0,113377492018662
723;8,803;0,0748566596126067
724;8,807;0,0903540113053788
725;8,812;0,11916370949142
726;8,816;0,109047944678905
727;8,821;0,0583477314385831
728;8,825;0,0967876377261379
729;8,829;0,111273412937659
730;8,834;0,0929031840381324
731;8,838;0,0727525805316037
732;8,843;0,0559199478835797
733;8,847;0,0742497137238558
734;8,852;0,0690299790805984
735;8,856;0,12600196650468
736;8,861;0,0959379134818867
737;8,865;0,101521815658395
738;8,869;0,150198875936214
739;8,874;0,333415608220475
740;8,878;0,770457111180348
741;8,883;1,62507738560082
742;8,887;2,97124290379098
743;8,892;5,04040236466118
744;8,896;7,72265809928825
745;8,901;10,7664512683146
746;8,905;14,0258720800845
747;8,909;17,0972610555194
748;8,914;18,8880751318084
749;8,918;19,7951759940762
750;8,923;19,61746223785
751;8,927;18,5032309752811
752;8,932;17,1281748327864
753;8,936;15,3103314329183
754;8,941;13,2138189439951
755;8,945;11,2520079793153
756;8,949;9,26903483464771
757;8,954;7,59608964995407
758;8,958;6,16717717559754
759;8,963;4,98788131375461
760;8,967;3,93572038407536
761;8,972;3,09336041660766
762;8,976;2,56560073480916
763;8,980;2,04128041304691
764;8,985;1,54852127749971
765;8,989;1,24221591897677
766;8,994;1,03609709515698
767;8,998;0,834388744795439
768;9,003;0,70207454104775
769;9,007;0,556609843043793
770;9,012;0,493447007554453
771;9,016;0,47689761632118
772;9,020;0,374202371944533
773;9,025;0,305536560397185
774;9,029;0,255038662453113
775;9,034;0,256090701993615
776;9,038;0,26693480187263
777;9,043;0,246784198366102
778;9,047;0,194586851933527
779;9,052;0,187748594920268
780;9,056;0,2104888342188
781;9,060;0,237963251449589
782;9,065;0,288258834097411
783;9,069;0,57522285029882
784;9,074;1,24047600742902
785;9,078;2,3159436592363
786;9,083;4,24376565414605
787;9,087;6,93945512444414
788;9,092;10,3832660972165
789;9,096;14,1184515596486
790;9,100;18,0162580572067
791;9,105;20,9290318403813
792;9,109;22,8903572483501
793;9,114;23,3840874973193
794;9,118;22,8093502037315
795;9,123;21,4024900966662
796;9,127;19,0640894395462
797;9,132;16,5814379761996
798;9,136;13,827724478937
799;9,140;11,1831803155309
800;9,145;9,15088270163754
801;9,149;7,11684517619639
802;9,154;5,52102258243337
803;9,158;4,18238319326371
804;9,163;3,24768652458738
805;9,167;2,53962345077062
806;9,171;2,03003168257539
807;9,176;1,58481664164701
808;9,180;1,35482461286968
809;9,185;1,03136291722472
810;9,189;0,867851694795237
811;9,194;0,740595373453805
812;9,198;0,67346715815796
813;9,203;0,529378204168504
814;9,207;0,438093542500374
815;9,211;0,401231695523572
816;9,216;0,396902148183816
817;9,220;0,388809536333804
818;9,225;0,29473292357742
819;9,229;0,277050566685145
820;9,234;0,232662590687832
821;9,238;0,246662809188352
822;9,243;0,200818163058036
823;9,247;0,205107247338542
824;9,251;0,214656529321556
825;9,256;0,161973626177981
826;9,260;0,146071643892708
827;9,265;0,11960880314317
828;9,269;0,108805166323405
829;9,274;0,117181019588167
830;9,278;0,111192486819158
831;9,283;0,122724458705425
832;9,287;0,113579807314912
833;9,291;0,0767988864566094
834;9,296;0,0505788240625721
835;9,300;0,131990499273688
836;9,305;0,106094141353651
837;9,309;0,130169661607436
838;9,314;0,0923367012086316
839;9,318;0,0591569926235843
840;9,323;0,0868337251506237
841;9,327;0,0725098021761033
842;9,331;0,0740473984276055
843;9,336;0,0746543443163564
844;9,340;0,0740069353683555
845;9,345;0,0656310821035935
846;9,349;0,0495267845220706
847;9,354;0,0560413370613299
848;9,358;0,061787091474838
849;9,362;0,0867123359728736
850;9,367;0,0527233662028251
851;9,371;0,0906372527201292
852;9,376;0,0861863162026228
853;9,380;0,0676946981253465
854;9,385;0,0574575441350819
855;9,389;0,0873597449208745
856;9,394;0,0696773880285993
857;9,398;0,0527638292620752
858;9,402;0,0549083714023282
859;9,407;0,0697987772063495
860;9,411;0,0764347189233589
861;9,416;0,0137169770857695
862;9,420;0,0779318521156111
863;9,425;0,0804810248483647
864;9,429;0,0482319666260687
865;9,434;0,0364167533250519
866;9,438;0,0397347241835566
867;9,442;0,0577812486090823
868;9,447;0,0366190686213022
869;9,451;0,0256535795645366
870;9,456;0,0232662590687832
871;9,460;0,0124221591897677
872;9,465;0,0385612954653049
873;9,469;0,0345959156587993
874;9,474;0,0513880852475732
875;9,478;0,0521164203140743
876;9,482;0,0487579863963195
877;9,487;0,0625154265413391
878;9,491;0,0610992194675871
879;9,496;0,0625963526598392
880;9,500;0,0151331841595216
881;9,505;0,0364167533250519
882;9,509;0,0575789333128321
883;9,514;0,0306305358522936
884;9,518;0,0370641622730528
885;9,522;0,0716600779318521
886;9,527;0,0684634962510976
887;9,531;0,0346363787180494
888;9,536;0,0641339489113414
889;9,540;0,058914214268084
890;9,545;0,0381566648728044
891;9,549;0,0461278875450657
892;9,553;0,0464515920190662
893;9,558;0,0192199531437774
894;9,562;0,0478677990928182
895;9,567;0,0564864307130805
896;9,571;0,063850707496591
897;9,576;0,00861863162026228
898;9,580;0,0395728719465564
899;9,585;0,0499718781738212
900;9,589;0,0442665868195631
901;9,593;0,0325727626962964
902;9,598;0,0712149842801015
903;9,602;0,0280004370010399
904;9,607;0,081371212151866
905;9,611;0,0310351664447942
906;9,616;0,0577003224905822
907;9,620;0,0431740842198115
908;9,625;0,0447926065898138
909;9,629;0,0546251299875778
910;9,633;0,0592783818013345
911;9,638;0,0829897345218683
912;9,642;0,179858298366506
913;9,647;0,323947252355962
914;9,651;0,83471244926944
915;9,656;1,71053536673694
916;9,660;3,23166315312436
917;9,665;5,73228021477792
918;9,669;8,87986113078065
919;9,673;12,7804191163677
920;9,678;16,987808480248
921;9,682;20,1682049373025
922;9,687;22,7017993922449
923;9,691;23,2342123258571
924;9,696;22,6877587106851
925;9,700;21,4573580050093
926;9,705;19,4325055940179
927;9,709;16,326156535391
928;9,713;13,6016978299661
929;9,718;10,554222522548
930;9,722;8,38394587661195
931;9,727;6,42059731568065
932;9,731;4,99107789543536
933;9,736;3,71843375590255
934;9,740;2,94008634816844
935;9,745;2,2096472025864
936;9,749;1,78316655809079
937;9,753;1,39739175120074
938;9,758;1,07830006595479
939;9,762;0,929072303440574
940;9,767;0,787127891591372
941;9,771;0,622240925147387
942;9,776;0,518776882644989
943;9,780;0,445012725632134
944;9,784;0,395243162754563
945;9,789;0,318484739357204
946;9,793;0,252044396068609
947;9,798;0,235575930953836
948;9,802;0,230963142199329
949;9,807;0,196893246310781
950;9,811;0,162661498185232
951;9,816;0,155661388934972
952;9,820;0,155661388934972
953;9,824;0,187789057979518
954;9,829;0,21752940652831
955;9,833;0,44230170066238
956;9,838;1,00736832308944
957;9,842;2,10452417465475
958;9,847;4,47298888479762
959;9,851;8,68033778561862
960;9,856;15,4083734254812
961;9,860;24,7806295242758
962;9,864;36,8503959310348
963;9,869;50,4337235321014
964;9,873;63,8174063988282
965;9,878;75,4788196116356
966;9,882;82,3794706622589
967;9,887;85,0968078692558
968;9,891;81,5253764076087
969;9,896;72,5037731802751
970;9,900;61,5681863242952
971;9,904;49,269237149944
972;9,909;38,0548598157312
973;9,913;28,6118338263083
974;9,918;21,1226475788929
975;9,922;15,6097580713687
976;9,927;11,6620201586961
977;9,931;8,66589247346635
978;9,936;6,80689814234095
979;9,940;5,29281092826304
980;9,944;4,2446963045088
981;9,949;3,45987480729468
982;9,953;2,81477225367101
983;9,958;2,49572103148431
984;9,962;2,07672605294996
985;9,967;1,84786698983163
986;9,971;1,59315203185252
987;9,975;1,34244291673916
988;9,980;1,21571261516798
989;9,984;1,10205188173457
990;9,989;0,978153994310894
991;9,993;0,89136073221952
992;9,998;0,748849837540817
993;10,002;0,674883365231712
994;10,007;0,660276200842441
995;10,011;0,543661664083775
996;10,015;0,555638729621792
997;10,020;0,508944359247225
998;10,024;0,395850108643314
999;10,029;0,459498500843655
1000;10,033;0,408069952536832
1001;10,038;0,353282970312253
1002;10,042;0,369063563419776
1003;10,047;0,280085296128899
1004;10,051;0,345635452113993
1005;10,055;0,287328183734659
1006;10,060;0,278143069284896
1007;10,064;0,21724616511356
1008;10,069;0,310837221158943
1009;10,073;0,242252335730095
1010;10,078;0,24552984352935
1011;10,082;0,226714520978073
1012;10,087;0,177754219285503
1013;10,091;0,15473073857222
1014;10,095;0,18240747109926
1015;10,100;0,138343199575947
1016;10,104;0,134499208947192
1017;10,109;0,170996888390744
1018;10,113;0,178563480470504
1019;10,118;0,167517065295239
1020;10,122;0,151898324424716
1021;10,127;0,222263584460567
1022;10,131;0,228535358644326
1023;10,135;0,255645608341864
1024;10,140;0,208506144315547
1025;10,144;0,185118496069014
1026;10,149;0,145828865537208
1027;10,153;0,114753236033164
1028;10,158;0,125354557556679
1029;10,162;0,108683777145655
1030;10,166;0,0515904005438235
1031;10,171;0,0717005409911022
1032;10,175;0,0916488292013806
1033;10,180;0,0479082621520683
1034;10,184;0,0705271122728505
1035;10,189;0,106094141353651
1036;10,193;0,100712554473394
1037;10,198;0,0956142090078863
1038;10,202;0,095411893711636
1039;10,206;0,0764347189233589
1040;10,211;0,0810070446186154
1041;10,215;0,103909136154148
1042;10,220;0,0678970134215967
1043;10,224;0,0700010925025998
1044;10,229;0,0704461861543504
1045;10,233;0,0902730851868786
1046;10,238;0,0622726481858387
1047;10,242;0,0572956918980816
1048;10,246;0,0642958011483416
1049;10,251;0,0611801455860872
1050;10,255;0,0685848854288477
1051;10,260;0,0593593079198346
1052;10,264;0,0558794848243296
1053;10,269;0,0682207178955972
1054;10,273;0,0698797033248496
1055;10,278;0,0711745212208514
1056;10,282;0,0523591986695746
1057;10,286;0,0927413318011322
1058;10,291;0,0795503744856134
1059;10,295;0,0702843339173502
1060;10,300;0,120215749031921
1061;10,304;0,0625963526598392
1062;10,309;0,0864290945581232
1063;10,313;0,153112216202218
1064;10,318;0,16112390193373
1065;10,322;0,336248022367979
1066;10,326;0,817839353562165
1067;10,331;1,61403097042555
1068;10,335;3,17011884000502
1069;10,340;5,45098102687152
1070;10,344;8,98822120345231
1071;10,349;13,3411966545143
1072;10,353;18,1116699509183
1073;10,357;22,0327022444859
1074;10,362;24,6956570998507
1075;10,366;26,3130060411347
1076;10,371;25,7796624571597
1077;10,375;23,4648113005232
1078;10,380;20,3596761336738
1079;10,384;16,6733700468158
1080;10,389;13,0981755206584
1081;10,393;10,0891401195279
1082;10,397;7,5789737758913
1083;10,402;5,7190892574624
1084;10,406;4,22620468643152
1085;10,411;3,14798554659524
1086;10,415;2,53436325306811
1087;10,420;1,96274161504255
1088;10,424;1,4771444409826
1089;10,429;1,2663319022898
1090;10,433;1,0197904822792
1091;10,437;0,896944634396028
1092;10,442;0,682692735666973
1093;10,446;0,712554473393515
1094;10,451;0,602818656707359
1095;10,455;0,616009614022878
1096;10,460;0,490088573636698
1097;10,464;0,489764869162698
1098;10,469;0,467267408219666
1099;10,473;0,437446133552373
1100;10,477;0,386300826660301
1101;10,482;0,392006118014559
1102;10,486;0,278588162936647
1103;10,491;0,237922788390339
1104;10,495;0,204136133916541
1105;10,500;0,2108125386928
1106;10,504;0,172170317108995
1107;10,509;0,215020696854806
1108;10,513;0,131909573155188
1109;10,517;0,132273740688439
1110;10,522;0,118030743832418
1111;10,526;0,181881451329009
1112;10,531;0,167355213058239
1113;10,535;0,165777153747486
1114;10,540;0,240350571945343
1115;10,544;0,234604817531834
1116;10,548;0,292466992259417
1117;10,553;0,355103807978506
1118;10,557;0,293073938148168
1119;10,562;0,253015509490611
1120;10,566;0,25932774673362
1121;10,571;0,274663246189391
1122;10,575;0,253662918438611
1123;10,580;0,215465790506557
1124;10,584;0,186332387846516
1125;10,588;0,16120482805223
1126;10,593;0,13340670634744
1127;10,597;0,153800088209469
1128;10,602;0,141377929019701
1129;10,606;0,166060395162237
1130;10,611;0,363155956769268
1131;10,615;0,818243984154666
1132;10,620;1,83528297840487
1133;10,624;3,77908788171839
1134;10,628;6,55072651422883
1135;10,633;10,6912304411687
1136;10,637;15,6283306155645
1137;10,642;21,1777987286507
1138;10,646;25,6936379931941
1139;10,651;29,0280368537544
1140;10,655;30,4929209877842
1141;10,660;29,6027741473422
1142;10,664;26,2960924823682
1143;10,668;22,2985445437588
1144;10,673;17,6254253679104
1145;10,677;13,3740121955661
1146;10,682;10,1871821120908
1147;10,686;7,3300045723257
1148;10,691;5,42504420589223
1149;10,695;3,87340727283027
1150;10,700;3,06584553631762
1151;10,704;2,3490019786436
1152;10,708;1,82727129267335
1153;10,713;1,39581369188999
1154;10,717;1,21571261516798
1155;10,722;1,01096953536269
1156;10,726;0,881204504347756
1157;10,731;0,789555675146375
1158;10,735;0,585298152052084
1159;10,740;0,538482392499767
1160;10,744;0,507083058521723
1161;10,748;0,412075795402587
1162;10,753;0,374566539477784
1163;10,757;0,375861357373786
1164;10,762;0,326496425088715
1165;10,766;0,292386066140917
1166;10,771;0,261472288873873
1167;10,775;0,287287720675409
1168;10,779;0,235980561546336
1169;10,784;0,162661498185232
1170;10,788;0,152222028898717
1171;10,793;0,207535030893546
1172;10,797;0,181881451329009
1173;10,802;0,170349479442743
1174;10,806;0,180141539781257
1175;10,811;0,134296893650941
1176;10,815;0,149794245343713
1177;10,819;0,146435811425959
1178;10,824;0,0869551143283739
1179;10,828;0,0438214931678124
1180;10,833;0,0890591934093769
1181;10,837;0,115522034158915
1182;10,842;0,113256102840911
1183;10,846;0,101724130954645
1184;10,851;0,0773249062268602
1185;10,855;0,0698797033248496
1186;10,859;0,0752612902051072
1187;10,864;0,159505379563727
1188;10,868;0,0880880799873755
1189;10,873;0,0823423255738673
1190;10,877;0,0932673515713829
1191;10,882;0,0784578718858618
1192;10,886;0,0833134389958687
1193;10,891;0,0837585326476194
1194;10,895;0,061058756408337
1195;10,899;0,0474631685003176
1196;10,904;0,0553130019948288
1197;10,908;0,0447116804713137
1198;10,913;0,0643767272668417
1199;10,917;0,0514285483068233
1200;10,922;0,0676542350660964
1201;10,926;0,0580240269645827
1202;10,931;0,0657120082220936
1203;10,935;0,00230639437725329
1204;10,939;0,0296998854895423
1205;10,944;0,0172372632405246
1206;10,948;0,0856602964323721
1207;10,953;0,0676946981253465
1208;10,957;0,00732381372426044
1209;10,962;0,0928627209788823
1210;10,966;0,043538251753062
1211;10,970;0,0581858792015829
1212;10,975;0,0373878667470533
1213;10,979;0,00165898542925236
1214;10,984;0,0583072683793331
1215;10,988;0,0728739697093539
1216;10,993;0,0419197293830597
1217;10,997;0,0575789333128321
1218;11,002;0,0446307543528136
1219;11,006;0
1220;11,010;0,0538158688025767
1221;11,015;0,0523591986695746
1222;11,019;0,0533707751508261
1223;11,024;0,0283646045342904
1224;11,028;0,0424457491533105
1225;11,033;0,0122603069527675
1226;11,037;0,0668854369403453
1227;11,042;0,0670472891773456
1228;11,046;0,0637697813780909
1229;11,050;0,068058865658597
1230;11,055;0,05612226317983
1231;11,059;0,0266246929865379
1232;11,064;0,0380352756950542
1233;11,068;0,0632437616078401
1234;11,073;0,0534921643285762
1235;11,077;0,0469776117893169
1236;11,082;0,0571338396610814
1237;11,086;0,104597008161399
1238;11,090;0,132192814569938
1239;11,095;0,417578771460595
1240;11,099;0,899898437721282
1241;11,104;1,86344526764291
1242;11,108;3,60659386013539
1243;11,113;6,71824357952407
1244;11,117;10,7939256855454
1245;11,122;15,6069661202805
1246;11,126;20,7327455399593
1247;11,130;25,3963963599432
1248;11,135;28,08783720902
1249;11,139;28,9045435969232
1250;11,144;27,6450094885874
1251;11,148;24,9624300494863
1252;11,153;20,6462759823419
1253;11,157;16,5622584861151
1254;11,161;12,6944351154613
1255;11,166;9,44306645248221
1256;11,170;6,91598655007911
1257;11,175;5,1261840502713
1258;11,179;3,94118289707412
1259;11,184;2,97492504218274
1260;11,188;2,22619659381967
1261;11,193;1,84940458608314
1262;11,197;1,39828193850424
1263;11,201;1,30096828100785
1264;11,206;1,02266335948596
1265;11,210;0,905806044371791
1266;11,215;0,729103864626789
1267;11,219;0,653114239355181
1268;11,224;0,552118443467037
1269;11,228;0,512666960698231
1270;11,233;0,506840280166222
1271;11,237;0,369346804834526
1272;11,241;0,339242288752483
1273;11,246;0,290686617652414
1274;11,250;0,283848360639154
1275;11,255;0,265720910095129
1276;11,259;0,23844880816059
1277;11,264;0,176783105863502
1278;11,268;0,181557746855009
1279;11,273;0,18940758034952
1280;11,277;0,157684541897475
1281;11,281;0,130776607496186
1282;11,286;0,152990827024468
1283;11,290;0,128551139237433
1284;11,295;0,0907586418978793
1285;11,299;0,0774867584638604
1286;11,304;0,0770821278713598
1287;11,308;0,130412439962936
1288;11,313;0,113620270374162
1289;11,317;0,0714172995763518
1290;11,321;0,0359311966140512
1291;11,326;0,0670877522365956
1292;11,330;0,108926555501155
1293;11,335;0,110180910337907
1294;11,339;0,0853365919583716
1295;11,344;0,0770416648121098
1296;11,348;0,0220523672912814
1297;11,352;0,0690704421398484
1298;11,357;0,0928627209788823
1299;11,361;0,0669663630588454
1300;11,366;0,0972731944371386
1301;11,370;0,210974390929801
1302;11,375;0,39965363621282
1303;11,379;0,924945071397068
1304;11,384;2,21814444502891
1305;11,388;4,58511202197953
1306;11,392;8,69664439849639
1307;11,397;14,3485649776037
1308;11,401;22,6605270718098
1309;11,406;32,9508899849882
1310;11,410;44,6314826878801
1311;11,415;55,8370795382356
1312;11,419;63,9922472778477
1313;11,424;67,194615176075
1314;11,428;66,824054479463
1315;11,432;59,9744678096132
1316;11,437;50,0123412330713
1317;11,441;38,7621945544815
1318;11,446;29,135911369715
1319;11,450;21,23125042992
1320;11,455;15,2132605537774
1321;11,459;11,2352562727858
1322;11,464;8,44083693791753
1323;11,468;6,37070636362533
1324;11,472;4,92087448763651
1325;11,477;4,03246755874225
1326;11,481;3,31101121231372
1327;11,486;2,74250522985041
1328;11,490;2,21146804025265
1329;11,495;1,91345760887598
1330;11,499;1,70644859775268
1331;11,504;1,41515503421152
1332;11,508;1,2970433642606
1333;11,512;1,16865407726017
1334;11,517;1,01105046148119
1335;11,521;0,876874957008
1336;11,526;0,815411570007162
1337;11,530;0,783931309910617
1338;11,535;0,643848198786917
1339;11,539;0,680022173756469
1340;11,544;0,593876320613096
1341;11,548;0,49118107623645
1342;11,552;0,508499265595475
1343;11,557;0,483169390504939
1344;11,561;0,405278001448578
1345;11,566;0,369953750723277
1346;11,570;0,413492002476339
1347;11,575;0,401150769405072
1348;11,579;0,338149786152732
1349;11,583;0,322409656104459
1350;11,588;0,333860701872226
1351;11,592;0,297686726902674
1352;11,597;0,250749578172607
1353;11,601;0,230720363843829
1354;11,606;0,213685415899555
1355;11,610;0,239662699938092
1356;11,615;0,180222465899757
1357;11,619;0,167678917532239
1358;11,623;0,163268444073983
1359;11,628;0,188193688572018
1360;11,632;0,149106373336462
1361;11,637;0,162014089237231
1362;11,641;0,161002512755979
1363;11,646;0,201991591776288
1364;11,650;0,42818009298411
1365;11,655;0,930367121336576
1366;11,659;1,85005199503114
1367;11,663;3,5457374190233
1368;11,668;6,19999271664934
1369;11,672;10,1757715293823
1370;11,677;15,3042215109716
1371;11,681;20,7061208469728
1372;11,686;25,9650237315842
1373;11,690;29,809378527873
1374;11,695;31,4140625316118
1375;11,699;30,3115250931662
1376;11,703;27,5959277977171
1377;11,708;23,153771764068
1378;11,712;18,7464544244332
1379;11,717;14,0334791352235
1380;11,721;10,5520375173485
1381;11,726;7,94188695430507
1382;11,730;5,65560271749906
1383;11,735;4,25469068014356
1384;11,739;3,40229587398185
1385;11,743;2,59056644236644
1386;11,748;2,04925163571917
1387;11,752;1,67201453433088
1388;11,757;1,38602163155148
1389;11,761;1,15732442067015
1390;11,766;1,03799885894173
1391;11,770;1,02039742816795
1392;11,774;0,899170102654781
1393;11,779;0,844464046548703
1394;11,783;0,714496700237518
1395;11,788;0,844666361844954
1396;11,792;1,07000513880852
1397;11,797;1,6827777080914
1398;11,801;3,18917694091179
1399;11,806;5,84561724373733
1400;11,810;10,6088881155949
1401;11,814;17,5816443378018
1402;11,819;26,5947098596336
1403;11,823;37,3874621164608
1404;11,828;48,6021226920883
1405;11,832;57,5824131359276
1406;11,837;63,1360894071757
1407;11,841;63,6156575854074
1408;11,846;58,3484193105904
1409;11,850;49,8252805101583
1410;11,854;39,8711251562886
1411;11,859;30,530753948183
1412;11,863;22,0038925462999
1413;11,868;16,1009796106644
1414;11,872;11,7908545393483
1415;11,877;8,84935198410611
1416;11,881;6,71164810086631
1417;11,886;5,21471722391043
1418;11,890;4,23012960317878
1419;11,894;3,48738968758472
1420;11,899;2,80044833069649
1421;11,903;2,51073282646608
1422;11,908;2,06596287918944
1423;11,912;1,8593180355994
1424;11,917;1,58481664164701
1425;11,921;1,42733441504578
1426;11,926;1,21874734461174
1427;11,930;1,13802354140787
1428;11,934;1,02363447290796
1429;11,939;0,932309348180579
1430;11,943;0,848227111058959
1431;11,948;0,826053354589927
1432;11,952;0,718826247577274
1433;11,957;0,665617324663449
1434;11,961;0,591731778472843
1435;11,965;0,585095836755834
1436;11,970;0,464920550783163
1437;11,974;0,506354723455222
1438;11,979;0,465284718316413
1439;11,983;0,487498937844695
1440;11,988;0,380231367772792
1441;11,992;0,386300826660301
1442;11,997;0,328195873577218
1443;12,001;0,313103152476946
1444;12,005;0,282836784157903
1445;12,010;0,28069224201765
1446;12,014;0,283807897579904
1447;12,019;0,277819364810896
1448;12,023;0,226350353444823
1449;12,028;0,226593131800323
1450;12,032;0,201384645887537
1451;12,037;0,18936711729027
1452;12,041;0,209153553263548
1453;12,045;0,201060941413537
1454;12,050;0,188881560579269
1455;12,054;0,233795556346833
1456;12,059;0,200656310821036
1457;12,063;0,18960989564577
1458;12,068;0,158938896734226
1459;12,072;0,151493693832216
1460;12,077;0,130695681377686
1461;12,081;0,133689947762191
1462;12,085;0,194020369104026
1463;12,090;0,211945504351802
1464;12,094;0,356924645644759
1465;12,099;0,696976195582243
1466;12,103;1,49219669902363
1467;12,108;3,07616361642638
1468;12,112;5,61113381538325
1469;12,117;9,20263495441836
1470;12,121;14,3641027923557
1471;12,125;19,5081310517563
1472;12,130;24,4816479794771
1473;12,134;27,7197447590223
1474;12,139;29,31261354946
1475;12,143;28,1415721517041
1476;12,148;24,9708463658103
1477;12,152;20,8381113462464
1478;12,156;16,2541727529852
1479;12,161;12,3165101420658
1480;12,165;9,29104673887974
1481;12,170;6,7712097240824
1482;12,174;5,18356066828789
1483;12,179;3,82691521775195
1484;12,183;2,9810349641295
1485;12,188;2,3175621816063
1486;12,192;1,87728363390643
1487;12,196;1,50502348880589
1488;12,201;1,28490444648558
1489;12,205;1,12151461323385
1490;12,210;0,916892922606307
1491;12,214;0,804446080950396
1492;12,219;0,740757225690806
1493;12,223;0,64583088869017
1494;12,228;0,556164749392043
1495;12,232;0,464192215716661
1496;12,236;0,460712392621157
1497;12,241;0,354901492682256
1498;12,245;0,375982746551536
1499;12,250;0,338392564508232
1500;12,254;0,345837767410243
1501;12,259;0,303351555197682
1502;12,263;0,28797559268266
1503;12,268;0,258842190022619
1504;12,272;0,279033256588398
1505;12,276;0,287166331497659
1506;12,281;0,181274505440258
1507;12,285;0,278709552114397
1508;12,290;0,248969203565605
1509;12,294;0,289836893408163
1510;12,299;0,284050675935405
1511;12,303;0,279437887180898
1512;12,308;0,27365166970814
1513;12,312;0,276524546914894
1514;12,316;0,244356414811098
1515;12,321;0,253460603142361
1516;12,325;0,241645389841344
1517;12,330;0,21761033264681
1518;12,334;0,247107902840102
1519;12,339;0,228252117229575
1520;12,343;0,237194453323838
1521;12,347;0,213280785307054
1522;12,352;0,172574947701496
1523;12,356;0,207535030893546
1524;12,361;0,18916480199402
1525;12,365;0,139233386879448
1526;12,370;0,171684760397995
1527;12,374;0,152019713602467
1528;12,379;0,155823241171972
1529;12,383;0,177309125633753
1530;12,387;0,0943598541711345
1531;12,392;0,113701196492662
1532;12,396;0,107186643953403
1533;12,401;0,0874811340986247
1534;12,405;0,130210124666686
1535;12,410;0,144898215174456
1536;12,414;0,197136024666281
1537;12,419;0,321317153504708
1538;12,423;0,692768037420237
1539;12,427;1,48289019539611
1540;12,432;2,83905008922105
1541;12,436;5,26946374307576
1542;12,441;8,60410538199151
1543;12,445;13,1385981168492
1544;12,450;18,1867693888864
1545;12,454;22,8917329923646
1546;12,459;26,5238590428868
1547;12,463;27,9013834319958
1548;12,467;26,6537454630795
1549;12,472;24,1721865023327
1550;12,476;20,2785476998774
1551;12,481;16,1227082734817
1552;12,485;12,2225549184872
1553;12,490;9,17795248827583
1554;12,494;6,74142891247436
1555;12,499;5,02102055928041
1556;12,503;3,66882604526198
1557;12,507;2,84026398099855
1558;12,512;2,33528500155783
1559;12,516;1,8931046900732
1560;12,521;1,5120640611154
1561;12,525;1,31197423312387
1562;12,530;1,11107514394733
1563;12,534;0,89099656468627
1564;12,539;0,86283427544823
1565;12,543;0,780127782341112
1566;12,547;0,648987007311675
1567;12,552;0,625639822124392
1568;12,556;0,561950966864801
1569;12,561;0,54026276710677
1570;12,565;0,494094416502454
1571;12,570;0,453105337482146
1572;12,574;0,378167751751039
1573;12,578;0,433076123153367
1574;12,583;0,381283407313293
1575;12,587;0,348225087905996
1576;12,592;0,257871076600617
1577;12,596;0,347334900602495
1578;12,601;0,239055754049341
1579;12,605;0,209962814448549
1580;12,610;0,228737673940576
1581;12,614;0,24536799129235
1582;12,618;0,209800962211549
1583;12,623;0,184349697943263
1584;12,627;0,199482882102784
1585;12,632;0,124504833312427
1586;12,636;0,192927866504275
1587;12,641;0,110747393167408
1588;12,645;0,16840725259874
1589;12,650;0,108602851027155
1590;12,654;0,132556982103189
1591;12,658;0,160355103807979
1592;12,663;0,14764970320346
1593;12,667;0,16840725259874
1594;12,672;0,169499755198492
1595;12,676;0,169014198487491
1596;12,681;0,194910556407528
1597;12,685;0,13344716940669
1598;12,690;0,170996888390744
1599;12,694;0,202841316020539
1600;12,698;0,198673620917783
1601;12,703;0,167274286939738
1602;12,707;0,206766232767795
1603;12,712;0,183135806165761
1604;12,716;0,150684432647215
1605;12,721;0,109088407738155
1606;12,725;0,143562934219205
1607;12,730;0,107793589842154
1608;12,734;0,124221591897677
1609;12,738;0,116735925936416
1610;12,743;0,125637798971429
1611;12,747;0,079995468137364
1612;12,752;0,131869110095938
1613;12,756;0,11952787702467
1614;12,761;0,0802382464928643
1615;12,765;0,0888973411723767
1616;12,769;0,102573855198896
1617;12,774;0,135591711546943
1618;12,778;0,0897470654166279
1619;12,783;0,108400535730904
1620;12,787;0,0903135482461287
1621;12,792;0,0640125597335912
1622;12,796;0,121955660579674
1623;12,801;0,0868337251506237
1624;12,805;0,0876025232763748
1625;12,809;0,0883308583428759
1626;12,814;0,0897470654166279
1627;12,818;0,0902326221276286
1628;12,823;0,0740473984276055
1629;12,827;0,0543418885728274
1630;12,832;0,0782960196488616
1631;12,836;0,0492840061665702
1632;12,841;0,0973136574963887
1633;12,845;0,0445093651750634
1634;12,849;0,112730083070661
1635;12,854;0,189974063179021
1636;12,858;0,307883417833689
1637;12,863;0,880071538688754
1638;12,867;1,8617458191544
1639;12,872;4,08729500402607
1640;12,876;8,31677719825685
1641;12,881;15,0696976195582
1642;12,885;25,3988241434982
1643;12,889;39,1238938411178
1644;12,894;55,4417149863033
1645;12,898;72,1782478686084
1646;12,903;87,7458029691793
1647;12,907;97,4451219758921
1648;12,912;100
1649;12,916;93,9829407742202
1650;12,921;82,0761191070612
1651;12,925;66,7150065347841
1652;12,929;50,1353084701322
1653;12,934;36,5895710511089
1654;12,938;26,7398103901044
1655;12,943;19,5435362286001
1656;12,947;14,3518020223437
1657;12,952;11,0108886092442
1658;12,956;8,60131343090326
1659;12,960;6,73066573871384
1660;12,965;5,70577691096913
1661;12,969;4,77597627246206
1662;12,974;4,02045003014498
1663;12,978;3,49358053564998
1664;12,983;3,0533829140686
1665;12,987;2,631272279972
1666;12,992;2,30740595373454
1667;12,996;2,03869077725491
1668;13,000;1,89597756727995
1669;13,005;1,72587086619271
1670;13,009;1,57749282792275
1671;13,014;1,48847409757262
1672;13,018;1,27349386377706
1673;13,023;1,22457402514375
1674;13,027;1,10634096601508
1675;13,032;1,06450216275052
1676;13,036;0,957072740441614
1677;13,040;0,892008141167521
1678;13,045;0,780370560696612
1679;13,049;0,731288869826292
1680;13,054;0,670715670128956
1681;13,058;0,670351502595705
1682;13,063;0,68795293336948
1683;13,067;0,667235847033451
1684;13,072;0,609211820068868
1685;13,076;0,527800144857752
1686;13,080;0,520961887844492
1687;13,085;0,521204666199993
1688;13,089;0,471556492500172
1689;13,094;0,42093720537835
1690;13,098;0,487903568437195
1691;13,103;0,470544916018921
1692;13,107;0,51242418234273
1693;13,112;0,598853276900853
1694;13,116;0,653802111362432
1695;13,120;0,68091236105997
1696;13,125;0,811891283852407
1697;13,129;0,821561955013171
1698;13,134;0,833700872788188
1699;13,138;0,93319953548408
1700;13,143;1,10710976414083
1701;13,147;1,5437466365082
1702;13,151;2,28923804013126
1703;13,156;3,93086481696535
1704;13,160;6,43241252898167
1705;13,165;10,2251364616673
1706;13,169;14,5932046338295
1707;13,174;18,9625676238878
1708;13,178;22,473668664193
1709;13,183;24,6191009917496
1710;13,187;24,4631968244591
1711;13,191;22,5747049231404
1712;13,196;19,2489246942004
1713;13,200;16,1314078312205
1714;13,205;12,3921355998042
1715;13,209;9,31139965768252
1716;13,214;7,0491909411303
1717;13,218;5,16640433116586
1718;13,223;3,84621609701423
1719;13,227;2,95659527634246
1720;13,231;2,42948300349196
1721;13,236;2,01667887302287
1722;13,240;1,63762093396833
1723;13,245;1,43376804146654
1724;13,249;1,20122683995646
1725;13,254;1,19786840603871
1726;13,258;1,25577104382554
1727;13,263;1,60152788511728
1728;13,267;2,39395643747041
1729;13,271;3,86207761624025
1730;13,276;6,63294745062495
1731;13,280;10,4145440420168
1732;13,285;15,6196310578258
1733;13,289;21,2953843788313
1734;13,294;27,1781467109602
1735;13,298;31,3902297897135
1736;13,303;33,5522924346218
1737;13,307;33,4300535326274
1738;13,311;30,1560255564682
1739;13,316;24,8475958873347
1740;13,320;19,80792185774
1741;13,325;14,895382760309
1742;13,329;11,0740919077928
1743;13,334;8,420848186648
1744;13,338;6,39635994318987
1745;13,342;5,01539619404465
1746;13,347;3,99835719979445
1747;13,351;3,30445619671521
1748;13,356;2,81570290403376
1749;13,360;2,34507706189634
1750;13,365;1,9618109646798
1751;13,369;1,75314296812725
1752;13,374;1,51335887901141
1753;13,378;1,33819429551791
1754;13,382;1,20426156940022
1755;13,387;1,05908011281101
1756;13,391;0,9822003002359
1757;13,396;0,922517287842065
1758;13,400;0,875135045460247
1759;13,405;0,733150170551795
1760;13,409;0,766451268314592
1761;13,414;0,605205977203112
1762;13,418;0,634582158218654
1763;13,422;0,579633323757076
1764;13,427;0,563650415353303
1765;13,431;0,633570581737403
1766;13,436;0,576274889839321
1767;13,440;0,481308089779436
1768;13,445;0,432873807857117
1769;13,449;0,453631357252396
1770;13,454;0,436313167893372
1771;13,458;0,375861357373786
1772;13,462;0,37201736674503
1773;13,467;0,328317262754968
1774;13,471;0,384560915112548
1775;13,476;0,395931034761814
1776;13,480;0,312819911062196
1777;13,485;0,320669744556707
1778;13,489;0,361335119103015
1779;13,494;0,270252772731135
1780;13,498;0,337542840263981
1781;13,502;0,257506909067367
1782;13,507;0,306790915233937
1783;13,511;0,282998636394903
1784;13,516;0,261674604170123
1785;13,520;0,282108449091402
1786;13,525;0,264668870554627
1787;13,529;0,277697975633146
1788;13,534;0,197176487725531
1789;13,538;0,253258287846111
1790;13,542;0,249940316987606
1791;13,547;0,200534921643286
1792;13,551;0,233229073517332
1793;13,556;0,257304593771117
1794;13,560;0,200575384702536
1795;13,565;0,262645717592124
1796;13,569;0,28740910985316
1797;13,573;0,397023537361566
1798;13,578;0,767381918677344
1799;13,582;1,44493584581956
1800;13,587;2,76034943897968
1801;13,591;5,27464301465977
1802;13,596;8,92809309740672
1803;13,600;14,1704870538442
1804;13,605;20,9684023970316
1805;13,609;27,9378811114393
1806;13,613;33,9485876369169
1807;13,618;37,4467809613214
1808;13,622;37,5037934118047
1809;13,627;34,8096415377581
1810;13,631;30,0623535743043
1811;13,636;23,6187327779104
1812;13,640;18,0018936711729
1813;13,645;13,4187238760374
1814;13,649;10,0125435483675
1815;13,653;7,31296962438142
1816;13,658;5,64807658847855
1817;13,662;4,53554477439821
1818;13,667;3,62621844387167
1819;13,671;2,91940972489166
1820;13,676;2,62386754012924
1821;13,680;2,11209076673451
1822;13,685;1,8627978586949
1823;13,689;1,57757375404125
1824;13,693;1,51319702677441
1825;13,698;1,32973751613464
1826;13,702;1,20972408239897
1827;13,707;1,06199345307701
1828;13,711;1,03464042502397
1829;13,716;0,982888172243151
1830;13,720;0,81391443681491
1831;13,725;0,81403582599266
1832;13,729;0,877198661482
1833;13,733;0,732866929137044
1834;13,738;0,755243000902326
1835;13,742;0,738369905195052
1836;13,747;0,701184353744249
1837;13,751;0,594726044857347
1838;13,756;0,639518651447161
1839;13,760;0,580928141653078
1840;13,764;0,598570035486103
1841;13,769;0,558997163539547
1842;13,773;0,48450467146019
1843;13,778;0,468278984700917
1844;13,782;0,434370941049369
1845;13,787;0,421908318800351
1846;13,791;0,424902585184856
1847;13,796;0,362872715354517
1848;13,800;0,437729374967124
1849;13,804;0,398399281376068
1850;13,809;0,396254739235815
1851;13,813;0,425185826599606
1852;13,818;0,384560915112548
1853;13,822;0,352595098305002
1854;13,827;0,382497299090795
1855;13,831;0,305455634278685
1856;13,836;0,296917928776923
1857;13,840;0,359473818377512
1858;13,844;0,307236008885688
1859;13,849;0,345109432343742
1860;13,853;0,360404468740264
1861;13,858;0,434411404108619
1862;13,862;0,511210290565228
1863;13,867;0,829411788507682
1864;13,871;1,70891684436694
1865;13,876;3,19957594713906
1866;13,880;5,74417635419744
1867;13,884;9,53220657201008
1868;13,889;14,3300733595264
1869;13,893;19,7606205414767
1870;13,898;25,1306754498481
1871;13,902;28,3841077288489
1872;13,907;29,7814590169904
1873;13,911;28,4755542427541
1874;13,916;25,103646126269
1875;13,920;20,8209145460652
1876;13,924;16,115627238113
1877;13,929;12,3621120098406
1878;13,933;9,19284289407985
1879;13,938;6,84991037432376
1880;13,942;5,20771711466017
1881;13,947;4,08264175221232
1882;13,951;3,29972201878295
1883;13,955;2,61569400216073
1884;13,960;2,22607520464192
1885;13,964;1,87101185972267
1886;13,969;1,69074893076366
1887;13,973;1,44016120482805
1888;13,978;1,23315219370476
1889;13,982;1,21251603348723
1890;13,987;1,01185972266619
1891;13,991;0,931054993343827
1892;13,995;0,939268994371589
1893;14,000;0,865464374299483
1894;14,004;0,761352922849085
1895;14,009;0,710329005134762
1896;14,013;0,573321086514067
1897;14,018;0,576032111483821
1898;14,022;0,631911596308151
1899;14,027;0,656270357976685
1900;14,031;0,524563100117748
1901;14,035;0,565188011604805
1902;14,040;0,547910285305031
1903;14,044;0,430284172065113
1904;14,049;0,446105228231886
1905;14,053;0,468845467530418
1906;14,058;0,485678100178442
1907;14,062;0,407584395825831
1908;14,067;0,406208651811329
1909;14,071;0,400988917168071
1910;14,075;0,430243709005863
1911;14,080;0,413006445765339
1912;14,084;0,416283953564593
1913;14,089;0,312010649877195
1914;14,093;0,285831050542407
1915;14,098;0,36481494219852
1916;14,102;0,336005244012479
1917;14,107;0,320710207615957
1918;14,111;0,370682085789778
1919;14,115;0,375335337603535
1920;14,120;0,353525748667754
1921;14,124;0,307478787241188
1922;14,129;0,361132803806765
1923;14,133;0,324109104592962
1924;14,138;0,338271175330482
1925;14,142;0,290241524000664
1926;14,146;0,363439198184018
1927;14,151;0,304565446975184
1928;14,155;0,330987824665472
1929;14,160;0,330825972428471
1930;14,164;0,25277273113511
1931;14,169;0,316218808039201
1932;14,173;0,251761154653859
1933;14,178;0,292183750844666
1934;14,182;0,273044723819389
1935;14,186;0,324513735185462
1936;14,191;0,269645826842384
1937;14,195;0,346647028595244
1938;14,200;0,289675041171163
1939;14,204;0,316380660276201
1940;14,209;0,304727299212184
1941;14,213;0,292871622851917
1942;14,218;0,268431935064883
1943;14,222;0,276524546914894
1944;14,226;0,246662809188352
1945;14,231;0,328762356406719
1946;14,235;0,306669526056187
1947;14,240;0,2806517789584
1948;14,244;0,298617377265426
1949;14,249;0,271507127567887
1950;14,253;0,326941518740466
1951;14,258;0,325687163903714
1952;14,262;0,375335337603535
1953;14,266;0,483048001327188
1954;14,271;0,875256434637997
1955;14,275;1,5435847842712
1956;14,280;3,06430794006612
1957;14,284;5,71314118775264
1958;14,289;9,81111843942073
1959;14,293;16,2267387988136
1960;14,298;24,9281983013608
1961;14,302;36,4532914675547
1962;14,306;50,875256434638
1963;14,311;65,9464107243292
1964;14,315;81,7271656840887
1965;14,320;94,3275646498529
1966;14,324;99,6908622273296
1967;14,329;97,6391423449961
1968;14,333;87,7034381461445
1969;14,338;74,0148661279685
1970;14,342;58,7675761413617
1971;14,346;45,7457948765674
1972;14,351;35,1473866933183
1973;14,355;26,4149324873856
1974;14,360;19,971514006288
1975;14,364;15,5087622754806
1976;14,369;12,1664731183666
1977;14,373;9,84684732073853
1978;14,377;8,08447877510227
1979;14,382;6,71257875122907
1980;14,386;5,62460801411352
1981;14,391;4,92601329616127
1982;14,395;4,40003398896977
1983;14,400;3,76302404719611
1984;14,404;3,41953313722237
1985;14,409;3,06714035421362
1986;14,413;2,7386207761624
1987;14,417;2,69358539121709
1988;14,422;2,42571993898171
1989;14,426;2,27718004847475
1990;14,431;2,04722848275667
1991;14,435;1,86728925827166
1992;14,440;1,78401628233504
1993;14,444;1,74614285887699
1994;14,449;1,58963174569777
1995;14,453;1,48584399872137
1996;14,457;1,3322866888674
1997;14,462;1,37934522677522
1998;14,466;1,25520456099604
1999;14,471;1,23493256831176
2000;14,475;1,18055021667968
2001;14,480;1,21105936335423
2002;14,484;1,10439873917107
2003;14,489;1,1207458151081
2004;14,493;1,17872937901343
2005;14,497;1,09408065906231
2006;14,502;1,04087173614848
2007;14,506;0,980784093162148
2008;14,511;1,0159869547097
2009;14,515;0,910985315955798
2010;14,520;0,841307927927199
2011;14,524;0,865019280647733
2012;14,529;0,79971190301814
2013;14,533;0,829533177685432
2014;14,537;0,830018734396433
2015;14,542;0,881973302473507
2016;14,546;0,990333375145161
2017;14,551;1,14862486293139
2018;14,555;1,71312500252894
2019;14,560;2,80056971987424
2020;14,564;4,65725765662239
2021;14,568;7,58471953030481
2022;14,573;11,2715516369331
2023;14,577;16,0668692517166
2024;14,582;20,7686767365733
2025;14,586;24,8268383379394
2026;14,591;27,1579151813352
2027;14,595;27,0953997547939
2028;14,600;24,8125548780241
2029;14,604;21,558434727016
2030;14,608;17,4636540570286
2031;14,613;13,9255236931443
2032;14,617;11,6200599662538
2033;14,622;10,5306730220645
2034;14,626;11,0294206903807
2035;14,631;12,827720432631
2036;14,635;16,0473660571581
2037;14,640;19,9056806088881
2038;14,644;23,4965343389752
2039;14,648;26,2454327321872
2040;14,653;27,705946855818
2041;14,657;27,3075071113827
2042;14,662;26,2400916083661
2043;14,666;26,0848753130829
2044;14,671;26,7089370758966
2045;14,675;29,2299879824714
2046;14,680;32,3989333937582
2047;14,684;36,290549043251
2048;14,688;38,5250810272762
2049;14,693;38,9592901160885
2050;14,697;37,0367283188813
2051;14,702;32,2981803762255
2052;14,706;26,9434205042506
2053;14,711;21,2821529584566
2054;14,715;16,4744536475425
2055;14,720;12,5785489137692
2056;14,724;10,2234774762381
2057;14,728;7,84878145497068
2058;14,733;6,47591031767548
2059;14,737;5,31041235903682
2060;14,742;4,59296185547405
2061;14,746;3,96497517591315
2062;14,751;3,75841125844161
2063;14,755;3,13248819490246
2064;14,759;2,809916686561
2065;14,764;2,5944104329952
2066;14,768;2,37862093801464
2067;14,773;2,13248414859654
2068;14,777;1,93668340488551
2069;14,782;1,85636423227415
2070;14,786;1,76888309817552
2071;14,791;1,62022181849081
2072;14,795;1,47313859811685
2073;14,799;1,49676902471888
2074;14,804;1,35510785428443
2075;14,808;1,27397942048807
2076;14,813;1,20086267242321
2077;14,817;1,16735925936416
2078;14,822;1,09112685573705
2079;14,826;1,08894185053755
2080;14,831;1,07898793796204
2081;14,835;1,05835177774451
2082;14,839;1,05928242810726
2083;14,844;0,994217828833167
2084;14,848;0,983495118131901
2085;14,853;1,09132917103331
2086;14,857;1,12151461323385
2087;14,862;0,9827667830654
2088;14,866;0,99628144485492
2089;14,871;0,878453016318752
2090;14,875;0,816746850962414
2091;14,879;0,727283026960536
2092;14,884;0,763821169463338
2093;14,888;0,751520399451321
2094;14,893;0,845354233852205
2095;14,897;0,670513354832705
2096;14,902;0,776971663719607
2097;14,906;0,660195274723941
2098;14,911;0,685970243466228
2099;14,915;0,629241034397647
2100;14,919;0,723196257976281
2101;14,924;0,653802111362432
2102;14,928;0,755404853139326
2103;14,933;0,722144218435779
2104;14,937;0,89087517550852
2105;14,942;1,29004325501034
2106;14,946;2,01837832151138
2107;14,950;3,48475958873347
2108;14,955;5,80616576096852
2109;14,959;9,44371386143021
2110;14,964;14,7711207053521
2111;14,968;21,3218472195809
2112;14,973;28,3054880047261
2113;14,977;33,9804725276059
2114;14,982;37,9732458252239
2115;14,986;38,3932523802395
2116;14,990;35,6533367861811
2117;14,995;30,5833559252081
2118;14,999;24,4203869077725
2119;15,004;18,7882123015793
2120;15,008;14,7121660280247
2121;15,013;11,0397792335487
2122;15,017;8,56530130817071
2123;15,022;6,7734756554004
2124;15,026;5,56723139609693
2125;15,030;4,76076216218403
2126;15,035;4,02894727258749
2127;15,039;3,46254536920518
2128;15,044;3,04120353323433
2129;15,048;2,66720347658605
2130;15,053;2,40658091195643
2131;15,057;2,25282128680621
2132;15,062;2,10966298317951
2133;15,066;1,91289112604648
2134;15,070;1,80052521050907
2135;15,075;1,72578994007421
2136;15,079;1,56701289557698
2137;15,084;1,40176176159975
2138;15,088;1,43935194364305
2139;15,093;1,30954644956887
2140;15,097;1,3668826045262
2141;15,102;1,28984093971409
2142;15,106;1,25306001885579
2143;15,110;1,20677027907372
2144;15,115;1,21267788572423
2145;15,119;1,20296675150421
2146;15,124;1,04823601293199
2147;15,128;1,02367493596721
2148;15,133;1,02436280797446
2149;15,137;0,97552389545964
2150;15,141;0,916245513658306
2151;15,146;0,866273635484484
2152;15,150;0,900343531373033
2153;15,155;0,944488729014846
2154;15,159;0,830666143344434
2155;15,164;0,888771096427517
2156;15,168;0,832325128773686
2157;15,173;0,905765581312541
2158;15,177;0,931864254528828
2159;15,181;0,860649270248727
2160;15,186;0,779804077867111
2161;15,190;0,811486653259906
2162;15,195;0,748526133066817
2163;15,199;0,785347516984369
2164;15,204;0,72971081051554
2165;15,208;0,661166388145942
2166;15,213;0,746664832341314
2167;15,217;0,800440238084641
2168;15,221;0,850169337902962
2169;15,226;1,18763125204844
2170;15,230;1,71077814509244
2171;15,235;2,983543673803
2172;15,239;4,99374845734587
2173;15,244;8,17734149608115
2174;15,248;12,2892785031905
2175;15,253;17,5003945148277
2176;15,257;22,8377148082658
2177;15,261;27,7801156434233
2178;15,266;30,2911317113042
2179;15,270;29,9000967067116
2180;15,275;27,9588814391901
2181;15,279;24,4751738899971
2182;15,284;19,9796875442565
2183;15,288;15,6765221191313
2184;15,293;12,2599832482935
2185;15,297;9,50703854915655
2186;15,301;7,37301680430851
2187;15,306;5,92350863279369
2188;15,310;4,96526246363383
2189;15,315;4,33816597137643
2190;15,319;3,91694552458333
2191;15,324;4,05298232978203
2192;15,328;4,60603142361181
2193;15,333;6,14196868968475
2194;15,337;8,28578249487131
2195;15,341;11,2964768814311
2196;15,346;14,8021154087376
2197;15,350;18,1559365377379
2198;15,355;20,8754587499342
2199;15,359;22,3331404594176
2200;15,364;22,2830876551253
2201;15,368;20,2706574033236
2202;15,372;18,1002593682098
2203;15,377;14,9412678694985
2204;15,381;11,8073230044631
2205;15,386;9,57299333573414
2206;15,390;7,49893784469469
2207;15,395;5,93410995431721
2208;15,399;4,75760604356253
2209;15,404;4,01276204888747
2210;15,408;3,34427184701727
2211;15,412;2,89270410578662
2212;15,417;2,46913680155702
2213;15,421;2,19483772290088
2214;15,426;2,02897964303489
2215;15,430;1,82371054345935
2216;15,435;1,75031055397974
2217;15,439;1,61892700059481
2218;15,444;1,44857752115206
2219;15,448;1,30456949328111
2220;15,452;1,32540796879489
2221;15,457;1,27482914473232
2222;15,461;1,14101780779238
2223;15,466;1,19997248511971
2224;15,470;1,17257899400742
2225;15,475;1,01092907230344
2226;15,479;1,04398739171074
2227;15,484;0,964639332521375
2228;15,488;0,944003172303845
2229;15,492;0,993975050477666
2230;15,497;0,974107688385888
2231;15,501;0,88403691849526
2232;15,506;0,89852269370678
2233;15,510;0,870603182824241
2234;15,515;0,794370779197132
2235;15,519;0,854215643827967
2236;15,524;0,845475623029955
2237;15,528;0,840336814505197
2238;15,532;0,827307709426679
2239;15,537;0,7371155503583
2240;15,541;0,751844103925321
2241;15,546;0,783526679318117
2242;15,550;0,816827777080914
2243;15,555;0,752977069584323
2244;15,559;0,721577735606278
2245;15,563;0,639033094736161
2246;15,568;0,650565066622427
2247;15,572;0,742375748060808
2248;15,577;0,742982693949559
2249;15,581;0,682328568133722
2250;15,586;0,683218755437224
2251;15,590;0,714577626356018
2252;15,595;0,674357345461461
2253;15,599;0,7018722257515
2254;15,603;0,747231315170815
2255;15,608;1,01105046148119
2256;15,612;1,35417720392168
2257;15,617;2,20382052205439
2258;15,621;3,53626906315879
2259;15,626;5,68388639591485
2260;15,630;9,05729164559216
2261;15,635;13,9410210448371
2262;15,639;20,2748250984264
2263;15,643;28,244793415851
2264;15,648;37,5332505189387
2265;15,652;47,4747409352632
2266;15,657;57,2840385370176
2267;15,661;64,8497808925342
2268;15,666;69,436228195469
2269;15,670;69,6220750266045
2270;15,675;63,351838439097
2271;15,679;52,9700694750727
2272;15,683;41,767345501924
2273;15,688;32,0068868126844
2274;15,692;24,3467036768782
2275;15,697;18,7735242110715
2276;15,701;14,6651884162354
2277;15,706;11,9047985141965
2278;15,710;10,0824637147516
2279;15,715;8,39895767159372
2280;15,719;7,17948199191548
2281;15,723;6,40890349155738
2282;15,728;5,80632761320552
2283;15,732;5,02506686520541
2284;15,737;4,50301247476117
2285;15,741;4,1767992910872
2286;15,746;3,856857881597
2287;15,750;3,51615892271151
2288;15,754;3,30567008849271
2289;15,759;2,99645138970377
2290;15,763;2,79830378855624
2291;15,768;2,64268286268052
2292;15,772;2,50972124998483
2293;15,777;2,42778355500346
2294;15,781;2,23084984563343
2295;15,786;2,15376771776207
2296;15,790;2,07656420071296
2297;15,794;1,93729035077426
2298;15,799;1,84543920627663
2299;15,803;1,79866390978356
2300;15,808;1,73315421685772
2301;15,812;1,67800306709989
2302;15,817;1,57198985186474
2303;15,821;1,53496615265094
2304;15,826;1,55669481546822
2305;15,830;1,42494709455003
2306;15,834;1,34972626740417
2307;15,839;1,40119527877025
2308;15,843;1,30331513844436
2309;15,848;1,34584181371617
2310;15,852;1,28850565875884
2311;15,857;1,2632567097868
2312;15,861;1,20005341123821
2313;15,866;1,24011183989577
2314;15,870;1,18156179316093
2315;15,874;1,11127745924358
2316;15,879;1,14336466522888
2317;15,883;1,09646797955806
2318;15,888;1,08121340622079
2319;15,892;1,11673997224234
2320;15,897;1,1217169285301
2321;15,901;1,13583853620837
2322;15,906;1,13867095035587
2323;15,910;1,01072675700719
2324;15,914;1,049368978591
2325;15,919;1,02695244376646
2326;15,923;0,959945617648368
2327;15,928;0,852718510635715
2328;15,932;0,960957194129619
2329;15,937;0,894274072485524
2330;15,941;1,01246666855494
2331;15,945;0,920979691590562
2332;15,950;0,878817183852002
2333;15,954;0,847175071518457
2334;15,959;0,901840664565285
2335;15,963;0,889620820671768
2336;15,968;0,879869223392504
2337;15,972;0,82140010277617
2338;15,977;0,796839025811386
2339;15,981;0,865423911240233
2340;15,985;0,902407147394786
2341;15,990;0,970668328349633
2342;15,994;1,18856190241119
2343;15,999;1,52913947211893
2344;16,003;2,32812304007057
2345;16,008;3,65300498909521
2346;16,012;5,58697736901096
2347;16,017;8,40389416482223
2348;16,021;12,3554356050644
2349;16,025;16,8898474138036
2350;16,030;21,8669655537977
2351;16,034;26,4818988504445
2352;16,039;29,992392944861
2353;16,043;31,6143951379588
2354;16,048;31,2106142697025
2355;16,052;28,4612707828388
2356;16,057;25,0062110795949
2357;16,061;20,9739053730896
2358;16,065;17,1130416486269
2359;16,070;13,5603041203533
2360;16,074;10,8775628290153
2361;16,079;9,05632053217016
2362;16,083;7,31118924977442
2363;16,088;6,17174950129279
2364;16,092;5,39150032977393
2365;16,097;4,70965731835121
2366;16,101;4,1058270851626
2367;16,105;3,65405702863571
2368;16,110;3,19783603559131
2369;16,114;3,10545887132343
2370;16,119;2,78887589575097
2371;16,123;2,51838034466434
2372;16,128;2,42576040204096
2373;16,132;2,23619096945444
2374;16,136;2,04095670857291
2375;16,141;1,93546951310801
2376;16,145;1,82023072036384
2377;16,150;1,71409611595094
2378;16,154;1,6120482805223
2379;16,159;1,54868312973671
2380;16,163;1,52634752103068
2381;16,168;1,49818523179263
2382;16,172;1,39107951395773
2383;16,176;1,33062770343815
2384;16,181;1,32654093445389
2385;16,185;1,21672419164923
2386;16,190;1,18042882750193
2387;16,194;1,13397723548287
2388;16,199;1,18799541958169
2389;16,203;1,14243401486613
2390;16,208;1,04714351033224
2391;16,212;1,1200984061601
2392;16,216;1,053253432279
2393;16,221;1,09723677768381
2394;16,225;0,97532158016339
2395;16,230;1,01335685585844
2396;16,234;0,984021137902152
2397;16,239;0,906858083912292
2398;16,243;0,861822698966978
2399;16,248;0,887516741590765
2400;16,252;0,873516523090245
2401;16,256;0,850978599087963
2402;16,261;0,882823026717758
2403;16,265;0,885695903924512
2404;16,270;0,831677719825685
2405;16,274;0,822087974783422
2406;16,279;0,844868677141204
2407;16,283;0,756416429620578
2408;16,288;0,769081367165846
2409;16,292;0,780127782341112
2410;16,296;0,766653583610843
2411;16,301;0,762769129922837
2412;16,305;0,767058214203343
2413;16,310;0,757063838568579
2414;16,314;0,844706824904204
2415;16,319;0,742739915594058
2416;16,323;0,790567251627627
2417;16,328;0,85583416619797
2418;16,332;0,843331080889702
2419;16,336;0,807521273453401
2420;16,341;0,794128000841632
2421;16,345;0,837625789535444
2422;16,350;0,88415830767301
2423;16,354;0,943234374178094
2424;16,359;0,963506366862373
2425;16,363;0,955332828893861
2426;16,367;1,10978032605133
2427;16,372;1,02221826583421
2428;16,376;1,01056490477019
2429;16,381;0,922314972545814
2430;16,385;0,983090487539401
2431;16,390;0,821561955013171
2432;16,394;0,761878942619336
2433;16,399;0,853325456524466
2434;16,403;0,795341892619133
2435;16,407;0,7369536981213
2436;16,412;0,765318302655591
2437;16,416;0,77883296444511
2438;16,421;0,672819749209959
2439;16,425;0,683421070733474
2440;16,430;0,675166606646462
2441;16,434;0,661206851205192
2442;16,439;0,690906736694735
2443;16,443;0,650726918859427
2444;16,447;0,676056793949963
2445;16,452;0,639882818980412
2446;16,456;0,670311039536455
2447;16,461;0,617951840866881
2448;16,465;0,678767818919717
2449;16,470;0,699687220551997
2450;16,474;0,696976195582243
2451;16,479;0,669704093647704
2452;16,483;0,686981819947479
2453;16,487;0,745208162208312
2454;16,492;0,65970971801294
2455;16,496;0,702802876114252
2456;16,501;0,690259327746734
2457;16,505;0,655825264324935
2458;16,510;0,664160654530446
2459;16,514;0,682854587903973
2460;16,519;0,637616887662409
2461;16,523;0,668247423514702
2462;16,527;0,637859666017909
2463;16,532;0,649674879318926
2464;16,536;0,61070895326112
2465;16,541;0,681236065533971
2466;16,545;0,676906518194215
2467;16,550;0,591691315413593
2468;16,554;0,640206523454412
2469;16,558;0,567413479863559
2470;16,563;0,717248188266522
2471;16,567;0,618194619222381
2472;16,572;0,627784364264645
2473;16,576;0,672698360032209
2474;16,581;0,669987335062455
2475;16,585;0,698877959366996
2476;16,590;0,601361986574357
2477;16,594;0,67354808427646
2478;16,598;0,675287995824212
2479;16,603;0,670634744010456
2480;16,607;0,663594171700946
2481;16,612;0,644819312208919
2482;16,616;0,725785893768284
2483;16,621;0,658050732583688
2484;16,625;0,593026596368845
2485;16,630;0,629645664990147
2486;16,634;0,604113474603361
2487;16,638;0,576193963720821
2488;16,643;0,598812813841603
2489;16,647;0,614755259186126
2490;16,652;0,615524057311877
2491;16,656;0,601645227989107
2492;16,661;0,619003880407382
2493;16,665;0,584327038630083
2494;16,670;0,594483266501847
2495;16,674;0,564378750419804
2496;16,678;0,685241908399727
2497;16,683;0,532048766079008
2498;16,687;0,584488890867083
2499;16,692;0,599581611967354
2500;16,696;0,657929343405938
2501;16,701;0,584488890867083
2502;16,705;0,644212366320168
2503;16,710;0,554910394555291
2504;16,714;0,643362642075917
2505;16,718;0,668975758581203
2506;16,723;0,644900238327419
2507;16,727;0,668773443284953
2508;16,732;0,636322069766407
2509;16,736;0,671484468254707
2510;16,741;0,650119972970676
2511;16,745;0,617911377807631
2512;16,749;0,618477860637131
2513;16,754;0,597032439234601
2514;16,758;0,704906955195254
2515;16,763;0,581737402838079
2516;16,767;0,628431773212646
2517;16,772;0,682490420370723
2518;16,776;0,619044343466632
2519;16,781;0,636362532825657
2520;16,785;0,578055264446324
2521;16,789;0,663472782523196
2522;16,794;0,608240706646867
2523;16,798;0,478232897276431
2524;16,803;0,60338513953686
2525;16,807;0,56854644552256
2526;16,812;0,686334410999478
2527;16,816;0,576881835728072
2528;16,821;0,615766835667377
2529;16,825;0,608928578654118
2530;16,829;0,5963850302866
2531;16,834;0,606581721217614
2532;16,838;0,591205758702593
2533;16,843;0,608078854409867
2534;16,847;0,632761320552402
2535;16,852;0,604882272729112
2536;16,856;0,655218318436184
2537;16,861;0,68754830277698
2538;16,865;0,55414159642954
2539;16,869;0,598408183249103
2540;16,874;0,604032548484861
2541;16,878;0,601564301870607
2542;16,883;0,546008521520278
2543;16,887;0,611720529742372
2544;16,892;0,609130893950368
2545;16,896;0,597072902293851
2546;16,901;0,683542459911224
2547;16,905;0,595737621338599
2548;16,909;0,590113256102841
2549;16,914;0,582829905437831
2550;16,918;0,560534759791049
2551;16,923;0,599460222789604
2552;16,927;0,612853495401373
2553;16,932;0,686941356888229
2554;16,936;0,688478953139731
2555;16,940;0,63891170555841
2556;16,945;0,640044671217412
2557;16,949;0,68746737665848
2558;16,954;0,651819421459179
2559;16,958;0,719959213236276
2560;16,963;0,637819202958659
2561;16,967;0,560615685909549
2562;16,972;0,655825264324935
2563;16,976;0,58974908856959
2564;16,980;0,633651507855903
2565;16,985;0,558632996006296
2566;16,989;0,619489437118383
2567;16,994;0,537511279077766
2568;16,998;0,586633433007336
2569;17,003;0,641177636876414
2570;17,007;0,554910394555291
2571;17,012;0,559604109428297
2572;17,016;0,543337959609774
2573;17,020;0,600390873152356
2574;17,025;0,584529353926333
2575;17,029;0,611073120794371
2576;17,034;0,586471580770336
2577;17,038;0,579350082342326
2578;17,043;0,566078198908307
2579;17,047;0,594159562027847
2580;17,052;0,585257688992834
2581;17,056;0,599379296671104
2582;17,060;0,633651507855903
2583;17,065;0,620015456888634
2584;17,069;0,605408292499363
2585;17,074;0,642148750298415
2586;17,078;0,67387178875046
2587;17,083;0,658940919887189
2588;17,087;0,604639494373612
2589;17,092;0,622888334095388
2590;17,096;0,614472017771376
2591;17,100;0,663756023937946
2592;17,105;0,639235410032411
2593;17,109;0,640004208158162
2594;17,114;0,693739150842239
2595;17,118;0,576355815957821
2596;17,123;0,627662975086895
2597;17,127;0,713040030104516
2598;17,132;0,718704858399524
2599;17,136;0,87027947835024
2600;17,140;1,11852034684934
2601;17,145;1,53156725567393
2602;17,149;2,37445324291188
2603;17,154;3,23955344967812
2604;17,158;4,77998211532781
2605;17,163;6,7700767584234
2606;17,167;8,88058946584716
2607;17,171;11,0447157267772
2608;17,176;13,3530927939338
2609;17,180;14,7820052682903
2610;17,185;15,8720800844869
2611;17,189;16,0762971445219
2612;17,194;15,3072967034746
2613;17,198;14,3576287028757
2614;17,203;12,7634246314827
2615;17,207;11,1446999461841
2616;17,211;9,3347468428698
2617;17,216;7,80912765690563
2618;17,220;6,65661834028624
2619;17,225;5,48270406532356
2620;17,229;4,85496016411817
2621;17,234;4,08154924961257
2622;17,238;3,41759091037837
2623;17,243;3,06855656128737
2624;17,247;2,77795086975346
2625;17,251;2,50603911159307
2626;17,256;2,16554246800384
2627;17,260;2,01218747344612
2628;17,265;1,83475695863461
2629;17,269;1,74755906595074
2630;17,274;1,55204156365446
2631;17,278;1,5069657156499
2632;17,283;1,40864048167226
2633;17,287;1,42765811951978
2634;17,291;1,32953520083839
2635;17,296;1,35288238602568
2636;17,300;1,13838770894112
2637;17,305;1,24775935809403
2638;17,309;1,17229575259267
2639;17,314;1,15016245918289
2640;17,318;0,994581996366417
2641;17,323;1,0509065748425
2642;17,327;1,0141256539842
2643;17,331;1,04564637713999
2644;17,336;0,91936116922056
2645;17,340;1,00020636160218
2646;17,345;0,953147823694358
2647;17,349;0,907748271215794
2648;17,354;0,845597012207705
2649;17,358;0,82111686136142
2650;17,362;0,80707617980165
2651;17,367;0,808451923816152
2652;17,371;0,842885987237951
2653;17,376;0,778064166319359
2654;17,380;0,867123359728736
2655;17,385;0,839244311905446
2656;17,389;0,817070555436414
2657;17,394;0,872181242134993
2658;17,398;0,830544754166684
2659;17,402;0,808573312993902
2660;17,407;0,769971554469347
2661;17,411;0,861903625085478
2662;17,416;0,727161637782786
2663;17,420;0,704704639899004
2664;17,425;0,736306289173299
2665;17,429;0,798133843707387
2666;17,434;0,736346752232549
2667;17,438;0,804729322365147
2668;17,442;0,730681923937541
2669;17,447;0,713849291289517
2670;17,451;0,706646866743007
2671;17,456;0,797607823937137
2672;17,460;0,76503506124084
2673;17,465;0,815168791651662
2674;17,469;0,794370779197132
2675;17,474;0,754676518072825
2676;17,478;0,726230987420035
2677;17,482;0,69491257956049
2678;17,487;0,739745649209554
2679;17,491;0,720889863599027
2680;17,496;0,761312459789835
2681;17,500;0,745734181978563
2682;17,505;0,678646429741967
2683;17,509;0,737601107069301
2684;17,514;0,708103536876009
2685;17,518;0,691473219524235
2686;17,522;0,662542132160444
2687;17,527;0,731936278774293
2688;17,531;0,596870586997601
2689;17,536;0,667478625388951
2690;17,540;0,675733089475963
2691;17,545;0,697623604530244
2692;17,549;0,69462933814574
2693;17,553;0,684756351688726
2694;17,558;0,620298698303384
2695;17,562;0,64546672115692
2696;17,567;0,697016658641493
2697;17,571;0,733999894796046
2698;17,576;0,672698360032209
2699;17,580;0,616697486030129
2700;17,585;0,637859666017909
2701;17,589;0,619246658762882
2702;17,593;0,709802985364511
2703;17,598;0,642148750298415
