#"+EI TIC Scan 130C_1ml-min_8C-min_3.d "
#Point;X(Minutes);Y(Counts)
0;4,941;24,7699046273191
1;4,945;23,3798104834639
2;4,949;22,3566639709055
3;4,953;21,1314770410176
4;4,958;19,9794231349401
5;4,962;19,0477078150778
6;4,966;18,0614558989523
7;4,970;17,132633688107
8;4,974;16,3899248820648
9;4,978;15,5501477946233
10;4,982;14,7243739513412
11;4,986;13,9865565873483
12;4,991;13,3264057788212
13;4,995;12,7919113444024
14;4,999;12,2948632849404
15;5,003;11,6991214343736
16;5,007;11,0615338935923
17;5,011;10,6410786584146
18;5,015;10,1648043147291
19;5,019;9,69488288053443
20;5,023;9,36593340271824
21;5,028;9,00231135549763
22;5,032;8,76125870523827
23;5,036;8,36036923825782
24;5,040;8,06270709403753
25;5,044;7,68105531072662
26;5,048;7,44839864178971
27;5,052;7,55362429758221
28;5,056;8,16891700341312
29;5,061;9,28264467148225
30;5,065;11,2396241403999
31;5,069;13,9648284438548
32;5,073;16,6188384047993
33;5,077;19,008710495081
34;5,081;20,8327560785488
35;5,085;21,5966859883599
36;5,089;21,4556096414498
37;5,094;21,387233843291
38;5,098;20,8434784774313
39;5,102;20,1433013565251
40;5,106;19,4317605806142
41;5,110;18,7965889349914
42;5,114;18,1813558808928
43;5,118;17,6215094602428
44;5,122;16,7126407538547
45;5,127;16,2819999853853
46;5,131;15,4553910178509
47;5,135;14,9888100806655
48;5,139;14,5358297384465
49;5,143;13,8192782170217
50;5,147;13,339305465933
51;5,151;12,7998748506656
52;5,155;12,3236154199131
53;5,160;11,7266805347002
54;5,164;11,3811329623692
55;5,168;11,0001224351806
56;5,172;10,6092097204287
57;5,176;10,2327774636948
58;5,180;9,74560176592988
59;5,184;9,43360829302243
60;5,188;8,96136044126772
61;5,192;8,62194208443136
62;5,197;8,24965562309291
63;5,201;7,98493614804009
64;5,205;7,51989124296165
65;5,209;7,25648410601962
66;5,213;6,94383446405677
67;5,217;6,5555613384596
68;5,221;6,19565261157521
69;5,225;5,80976555527039
70;5,230;5,52852255036806
71;5,234;5,14965948554258
72;5,238;4,92681552657045
73;5,242;4,61500100885992
74;5,246;4,30205310823553
75;5,250;4,0481156837975
76;5,254;3,85493354871585
77;5,258;3,70180755187948
78;5,263;3,481021577672
79;5,267;3,27774338689711
80;5,271;3,19036851199798
81;5,275;3,02565516616065
82;5,279;2,83377045625671
83;5,283;2,71746449118787
84;5,287;2,60394724460446
85;5,291;2,49661886524808
86;5,296;2,36478853684591
87;5,300;2,258712843868
88;5,304;2,19925497968933
89;5,308;2,08924227237906
90;5,312;2,06075857020166
91;5,316;2,01075550559392
92;5,320;1,97952782373032
93;5,324;1,8743170808709
94;5,329;1,85695842676907
95;5,333;1,7368198378994
96;5,337;1,7449175605603
97;5,341;1,69118626268326
98;5,345;1,65645404154654
99;5,349;1,58321662720456
100;5,353;1,58715364153693
101;5,357;1,55233194280174
102;5,361;1,49147226291382
103;5,366;1,51756989579886
104;5,370;1,53051432170985
105;5,374;1,50268678858785
106;5,378;1,48497022409217
107;5,382;1,47089241526732
108;5,386;1,37947613550428
109;5,390;1,38485970434514
110;5,394;1,404350907877
111;5,399;1,38760368403134
112;5,403;1,35736025575084
113;5,407;1,36730718211331
114;5,411;1,35774799201084
115;5,415;1,36444389896249
116;5,419;1,29250390979823
117;5,423;1,31967527386483
118;5,427;1,30743175580848
119;5,432;1,32522288496954
120;5,436;1,31542508793784
121;5,440;1,29957264007681
122;5,444;1,25131438863909
123;5,448;1,27489173583409
124;5,452;1,26676418730704
125;5,456;1,26416933695161
126;5,460;1,22432197976941
127;5,465;1,20242979401213
128;5,469;1,19876121247515
129;5,473;1,14608873284659
130;5,477;1,14778880721738
131;5,481;1,18985819142808
132;5,485;1,15675147999676
133;5,489;1,13587337368872
134;5,493;1,18122360317639
135;5,498;1,07622164138005
136;5,502;1,10812040523211
137;5,506;1,12861077528014
138;5,510;1,10650980845978
139;5,514;1,08682473679792
140;5,518;1,07450665407617
141;5,522;1,10530186088053
142;5,526;1,09844191166503
143;5,531;1,0948031559942
144;5,535;1,04134029091255
145;5,539;1,06864587137685
146;5,543;1,0832456328594
147;5,547;1,0260247086423
148;5,551;1,0708977242715
149;5,555;1,03130388695162
150;5,559;1,00429656514886
151;5,563;1,02277368923148
152;5,568;1,04487465605184
153;5,572;1,03451016756321
154;5,576;1,02548784305152
155;5,580;1,00660806977582
156;5,584;0,991903917761736
157;5,588;1,01090299450205
158;5,592;1,00795023375277
159;5,596;1,02832130033618
160;5,601;0,962376310268941
161;5,605;0,936606761911593
162;5,609;0,986952823980116
163;5,613;1,00058324481265
164;5,617;0,950818787134135
165;5,621;0,987951990496286
166;5,625;0,975887427636856
167;5,629;0,958096298475794
168;5,634;0,960586758299681
169;5,638;0,977721718405348
170;5,642;0,9813455611431
171;5,646;0,981494690473872
172;5,650;0,991471442702498
173;5,654;0,973009231552963
174;5,658;0,948089720381013
175;5,662;0,951296000992605
176;5,667;0,971920587438329
177;5,671;0,932535531181526
178;5,675;0,937337495632375
179;5,679;0,900621854396385
180;5,683;0,90127802345178
181;5,687;0,926928268344511
182;5,691;0,934653167678484
183;5,695;0,922737734149826
184;5,700;0,936591848978516
185;5,704;0,951430217390299
186;5,708;0,940334995180886
187;5,712;0,865591374598115
188;5,716;0,883710588286875
189;5,720;0,883009680432248
190;5,724;0,870840727041279
191;5,728;0,894731245830903
192;5,732;0,885664182519984
193;5,737;0,857553303669521
194;5,741;0,836779587893025
195;5,745;0,847367770377815
196;5,749;0,869498563064333
197;5,753;0,841790333406954
198;5,757;0,841417510080024
199;5,761;0,835526901514543
200;5,765;0,814335623611885
201;5,770;0,816855909301927
202;5,774;0,836168157636861
203;5,778;0,820971878831226
204;5,782;0,83674976202687
205;5,786;0,806208075084829
206;5,790;0,846115083999332
207;5,794;0,790534582420724
208;5,798;0,864607121015022
209;5,803;1,08351406565478
210;5,807;1,40682645476781
211;5,811;2,2947723160486
212;5,815;3,7268165406499
213;5,819;6,1904330849982
214;5,823;9,27999016939452
215;5,827;13,1118981494392
216;5,831;16,7286572439796
217;5,836;19,8515149079372
218;5,840;22,0354841312225
219;5,844;23,6029825269637
220;5,848;24,1997384569797
221;5,852;24,1661992704891
222;5,856;23,9386577375977
223;5,860;23,3502083113057
224;5,864;22,4867047473384
225;5,869;21,6845231641844
226;5,873;20,9452145068837
227;5,877;20,094386936032
228;5,881;19,1695464783183
229;5,885;18,5819769150779
230;5,889;17,769967709026
231;5,893;16,9938241070248
232;5,897;16,1396858650299
233;5,901;15,3278108753758
234;5,906;14,7469073932208
235;5,910;13,9305883495096
236;5,914;13,0718718370601
237;5,918;12,6584555062948
238;5,922;11,9007293766439
239;5,926;11,2000452160131
240;5,930;10,4696246668264
241;5,934;9,75392318258694
242;5,939;9,2518494646779
243;5,943;8,48451940612525
244;5,947;7,90822402029113
245;5,951;7,17406032490211
246;5,955;6,58076419536002
247;5,959;6,02554078396394
248;5,963;5,36366007519996
249;5,967;4,98270919974368
250;5,972;4,52249608498224
251;5,976;4,04049517499507
252;5,980;3,70067416896562
253;5,984;3,41668718437709
254;5,988;3,04046370870627
255;5,992;2,88067163078441
256;5,996;2,54923169314433
257;6,000;2,32890801986224
258;6,005;2,22751498787057
259;6,009;2,1211559491642
260;6,013;1,84898000757279
261;6,017;1,75150907698041
262;6,021;1,64852036114948
263;6,025;1,49403728740309
264;6,029;1,45545752953245
265;6,033;1,35543648738388
266;6,038;1,29958755300988
267;6,042;1,24919675214213
268;6,046;1,17516895234706
269;6,050;1,13136966789942
270;6,054;1,05728221637204
271;6,058;1,05708834824204
272;6,062;1,02921607632081
273;6,066;1,0151830062952
274;6,070;0,971696893442172
275;6,075;0,951922344181846
276;6,079;0,903500050480278
277;6,083;0,876328686413677
278;6,087;0,858149820992608
279;6,091;0,864711511546562
280;6,095;0,84307284565159
281;6,099;0,809086271168722
282;6,103;0,81663221530577
283;6,108;0,801898237425527
284;6,112;0,767300232686495
285;6,116;0,753118033330107
286;6,120;0,765808939378778
287;6,124;0,772385542865809
288;6,128;0,75052318297468
289;6,132;0,708886273823224
290;6,136;0,679731489657359
291;6,141;0,721099966013426
292;6,145;0,727452875504299
293;6,149;0,679820967255822
294;6,153;0,665131728174811
295;6,157;0,676659425443462
296;6,161;0,657019092580831
297;6,165;0,688306426176731
298;6,169;0,629981944911923
299;6,174;0,641927204306736
300;6,178;0,635678685347402
301;6,182;0,635290949087396
302;6,186;0,631920626211955
303;6,190;0,61730595179633
304;6,194;0,602318454053775
305;6,198;0,639138485821305
306;6,202;0,600006949426814
307;6,207;0,613503153861652
308;6,211;0,599440257969882
309;6,215;0,61056530604545
310;6,219;0,621347356660243
311;6,223;0,618946374434818
312;6,227;0,625910714181856
313;6,231;0,601408765136068
314;6,235;0,628326609340358
315;6,239;0,558996383464599
316;6,244;0,603675530963798
317;6,248;0,595607634169049
318;6,252;0,586555483791208
319;6,256;0,594131253794409
320;6,260;0,575370783983331
321;6,264;0,557594567755346
322;6,268;0,595667285901358
323;6,272;0,56889857102784
324;6,277;0,554373374210677
325;6,281;0,561621059686181
326;6,285;0,556699791770715
327;6,289;0,558041955747661
328;6,293;0,523563254473246
329;6,297;0,505190520922174
330;6,301;0,529573166503345
331;6,305;0,533420703237255
332;6,310;0,592118007828992
333;6,314;0,719713063237249
334;6,318;1,00920292013125
335;6,322;1,57483555881519
336;6,326;2,44616841264802
337;6,330;3,84303302812027
338;6,334;5,60939538644555
339;6,338;7,63750954614129
340;6,343;9,63685665793117
341;6,347;11,4126141640951
342;6,351;12,7826355000284
343;6,355;13,7005861826605
344;6,359;13,9743727210242
345;6,363;13,9995308391254
346;6,367;13,8493277771721
347;6,371;13,5325025139477
348;6,376;13,1799906018696
349;6,380;12,64398996121
350;6,384;12,192366695901
351;6,388;11,5905403686388
352;6,392;11,0899430311044
353;6,396;10,6711729573644
354;6,400;10,1546187814374
355;6,404;9,48428243961865
356;6,408;9,10960990898786
357;6,413;8,55435667172563
358;6,417;8,15200573730361
359;6,421;7,56142376158157
360;6,425;7,04855308012465
361;6,429;6,50265025190181
362;6,433;5,99164368707954
363;6,437;5,46782691274398
364;6,441;5,02036435576353
365;6,446;4,52434528868381
366;6,450;4,0065086005122
367;6,454;3,66242249562268
368;6,458;3,32987900093489
369;6,462;2,95021063772325
370;6,466;2,63023874561951
371;6,470;2,36244720635279
372;6,474;2,11985852398648
373;6,479;1,91368722419462
374;6,483;1,72657465287538
375;6,487;1,60230518154334
376;6,491;1,40071215220617
377;6,495;1,27961913561956
378;6,499;1,16486411559074
379;6,503;1,10088763268969
380;6,507;1,0179269859814
381;6,512;0,91355136737429
382;6,516;0,869588040662796
383;6,520;0,832603966631417
384;6,524;0,808295885715632
385;6,528;0,740799950608366
386;6,532;0,677643679026555
387;6,536;0,733477700467476
388;6,540;0,677494549695784
389;6,545;0,675078654537282
390;6,549;0,670828468610289
391;6,553;0,653022426516149
392;6,557;0,637199804521273
393;6,561;0,592296963025918
394;6,565;0,604689610413045
395;6,569;0,575833084908723
396;6,573;0,579442014713398
397;6,577;0,576399776365656
398;6,582;0,535940988927296
399;6,586;0,533733874831875
400;6,590;0,541369296567386
401;6,594;0,547319556865176
402;6,598;0,514138280768475
403;6,602;0,508381888600688
404;6,606;0,529960902763352
405;6,610;0,484640499141835
406;6,615;0,47745246539864
407;6,619;0,470100389391596
408;6,623;0,464552778286889
409;6,627;0,460496460489899
410;6,631;0,488085386682661
411;6,635;0,464552778286889
412;6,639;0,454754981255189
413;6,643;0,474574269314746
414;6,648;0,431341676324034
415;6,652;0,428508219039371
416;6,656;0,429268778626307
417;6,660;0,46180879860069
418;6,664;0,441228950954197
419;6,668;0,45053462119435
420;6,672;0,450713576391276
421;6,676;0,445717743810424
422;6,681;0,442153552804981
423;6,685;0,429745992484777
424;6,689;0,417755994290733
425;6,693;0,43847005833492
426;6,697;0,411537301197553
427;6,701;0,407466070467486
428;6,705;0,388407341994864
429;6,709;0,406451991018239
430;6,714;0,42103683956771
431;6,718;0,364099261079079
432;6,722;0,360445592475173
433;6,726;0,361907059916735
434;6,730;0,371749595747667
435;6,734;0,376939296458521
436;6,738;0,345637049929544
437;6,742;0,322149180333003
438;6,746;0,369080180726853
439;6,751;0,332498755888558
440;6,755;0,332215410160092
441;6,759;0,313216333419779
442;6,763;0,341506167467168
443;6,767;0,351169748101174
444;6,771;0,325265983346131
445;6,775;0,321597401809148
446;6,779;0,313186507553624
447;6,784;0,337330546205561
448;6,788;0,312679467829001
449;6,792;0,315483099247508
450;6,796;0,288729297307067
451;6,800;0,315617315645203
452;6,804;0,303060625994227
453;6,808;0,297975315814912
454;6,812;0,298929743531851
455;6,817;0,293143525497909
456;6,821;0,277350729369187
457;6,825;0,301793026682667
458;6,829;0,311710127178985
459;6,833;0,305103697825799
460;6,837;0,267001153813632
461;6,841;0,31584100964136
462;6,845;0,297259495027208
463;6,850;0,29493307746717
464;6,854;0,326041455866144
465;6,858;0,335630471834764
466;6,862;0,308131023240464
467;6,866;0,308578411232779
468;6,870;0,321254404348373
469;6,874;0,29603663451488
470;6,878;0,319390287713727
471;6,883;0,294276908411774
472;6,887;0,321224578482218
473;6,891;0,279185020137679
474;6,895;0,354748852039694
475;6,899;0,355196240032009
476;6,903;0,501641242849808
477;6,907;0,832246056237565
478;6,911;1,46628431894648
479;6,915;2,65596355517763
480;6,920;4,72291099260632
481;6,924;7,77254615515505
482;6,928;11,6940510371274
483;6,932;16,119613057108
484;6,936;20,861001173797
485;6,940;24,8738030320677
486;6,944;28,4831205730026
487;6,948;30,8674599651127
488;6,953;32,2474282274085
489;6,957;32,7048973624837
490;6,961;32,6075755612221
491;6,965;31,8800630339855
492;6,969;30,6866704774182
493;6,973;29,7639476562014
494;6,977;28,2552658685165
495;6,981;26,9726641462816
496;6,986;25,3283492322598
497;6,990;24,0876230261055
498;6,994;22,5157253151065
499;6,998;20,7974720788882
500;7,002;19,1157257028428
501;7,006;17,7584250988243
502;7,010;15,9100565215077
503;7,014;14,4371955990741
504;7,019;12,8850127856032
505;7,023;11,278099507739
506;7,027;10,0747600248092
507;7,031;8,66844060976597
508;7,035;7,60586430215153
509;7,039;6,60519157974042
510;7,043;5,71083315723645
511;7,047;4,9007178936854
512;7,052;4,30682524682023
513;7,056;3,70158385788333
514;7,060;3,26700607508155
515;7,064;2,82841671328201
516;7,068;2,50474641377514
517;7,072;2,2191339194812
518;7,076;1,92733255796023
519;7,080;1,70164022877036
520;7,084;1,53947699448922
521;7,089;1,39477680484145
522;7,093;1,25119508517447
523;7,097;1,12549397226701
524;7,101;1,0968313148927
525;7,105;0,98835463968937
526;7,109;0,883337764959946
527;7,113;0,824401853438975
528;7,117;0,804850998174806
529;7,122;0,728377477355084
530;7,126;0,721114878946503
531;7,130;0,666265111088675
532;7,134;0,616157655949388
533;7,138;0,605107172539206
534;7,142;0,585422100877343
535;7,146;0,564857166163927
536;7,150;0,500686815132869
537;7,155;0,485490536327234
538;7,159;0,479182365635591
539;7,163;0,468355576221567
540;7,167;0,453382991412089
541;7,171;0,450489882395118
542;7,175;0,421126317166173
543;7,179;0,416458569113019
544;7,183;0,415966442321472
545;7,188;0,386468660694832
546;7,192;0,389018772251028
547;7,196;0,344742273944914
548;7,200;0,371376772420737
549;7,204;0,352586476743505
550;7,208;0,337449849670178
551;7,212;0,326160759330761
552;7,216;0,322536916593009
553;7,221;0,330574987521603
554;7,225;0,295976982782571
555;7,229;0,323834341770723
556;7,233;0,290742543272485
557;7,237;0,306117777275046
558;7,241;0,325280896279208
559;7,245;0,310755699462046
560;7,249;0,285105454569315
561;7,253;0,28971355089016
562;7,258;0,262676403221253
563;7,262;0,299869258315712
564;7,266;0,296111199180266
565;7,270;0,286596747877032
566;7,274;0,303015887194995
567;7,278;0,267985407396725
568;7,282;0,292233836580202
569;7,286;0,268179275526729
570;7,291;0,273801451296821
571;7,295;0,257904264636559
572;7,299;0,239785050947799
573;7,303;0,26148336857508
574;7,307;0,269953914562912
575;7,311;0,244631754197879
576;7,315;0,281615828229258
577;7,319;0,254101466701881
578;7,324;0,214045328456605
579;7,328;0,246480957899448
580;7,332;0,22466333680755
581;7,336;0,237592849785455
582;7,340;0,223917690153691
583;7,344;0,236340163406973
584;7,348;0,219652591293621
585;7,352;0,236384902206204
586;7,357;0,226169543048344
587;7,361;0,21249438341658
588;7,365;0,215387492433551
589;7,369;0,223127304700601
590;7,373;0,194673428389363
591;7,377;0,204441399554909
592;7,381;0,206902033512641
593;7,385;0,209720577864226
594;7,390;0,190259200198521
595;7,394;0,202771151050266
596;7,398;0,208870540678828
597;7,402;0,202860628648729
598;7,406;0,197447233941716
599;7,410;0,207528376701883
600;7,414;0,17715073202369
601;7,418;0,220785974207486
602;7,422;0,228585438206845
603;7,427;0,21675948227665
604;7,431;0,188320518898489
605;7,435;0,196090157031694
606;7,439;0,202129894927947
607;7,443;0,23071798763688
608;7,447;0,202159720794102
609;7,451;0,191034672718534
610;7,455;0,205783563531854
611;7,460;0,183399250983023
612;7,464;0,188424909430029
613;7,468;0,204098402094134
614;7,472;0,195985766500154
615;7,476;0,196448067425546
616;7,480;0,203412407172584
617;7,484;0,190557458860064
618;7,488;0,191288192580846
619;7,493;0,175629612849818
620;7,497;0,176181391373674
621;7,501;0,172423332238227
622;7,505;0,171081168261282
623;7,509;0,178671851197561
624;7,513;0,164579129439636
625;7,517;0,171811901982063
626;7,521;0,180416664367589
627;7,526;0,184294026967653
628;7,530;0,182027261139924
629;7,534;0,196403328626315
630;7,538;0,166010771015044
631;7,542;0,18457737269612
632;7,546;0,165354601959649
633;7,550;0,169023183496632
634;7,554;0,187724001575402
635;7,559;0,197089323547864
636;7,563;0,227616097556829
637;7,567;0,305297565955802
638;7,571;0,460406982891436
639;7,575;0,82516241302591
640;7,579;1,44724050340693
641;7,583;2,38991682908094
642;7,587;3,96946487474851
643;7,591;5,98678207089638
644;7,596;8,4756014721451
645;7,600;11,0791311546234
646;7,604;13,7565842463652
647;7,608;16,1199411416357
648;7,612;18,0435902051259
649;7,616;19,3197793661377
650;7,620;19,8578678174281
651;7,624;19,8125623267397
652;7,629;19,5275910885681
653;7,633;18,6644454349946
654;7,637;17,8079956883728
655;7,641;16,7919477319591
656;7,645;15,8708056816485
657;7,649;14,638728976679
658;7,653;13,3952140520393
659;7,657;12,2159589560291
660;7,662;10,8493079429712
661;7,666;9,71028794040315
662;7,670;8,418380547928
663;7,674;7,31970002933374
664;7,678;6,31868430946185
665;7,682;5,42310302644555
666;7,686;4,58885863717565
667;7,690;3,84564279140878
668;7,695;3,33660473375269
669;7,699;2,69279849987824
670;7,703;2,33724434945237
671;7,707;2,0890185783829
672;7,711;1,73477676606783
673;7,715;1,49268021049307
674;7,719;1,30605976596538
675;7,723;1,16820461260003
676;7,728;1,10634576619593
677;7,732;0,901024503589468
678;7,736;0,836376938699941
679;7,740;0,756040968213232
680;7,744;0,686024747415924
681;7,748;0,646848472222202
682;7,752;0,607940629823868
683;7,756;0,54524665916745
684;7,760;0,504176441472927
685;7,765;0,464985253346127
686;7,769;0,485475623394157
687;7,773;0,439707831780325
688;7,777;0,427374836125507
689;7,781;0,404006269993583
690;7,785;0,385499320044816
691;7,789;0,330679378053143
692;7,793;0,382606211027846
693;7,798;0,312649641962846
694;7,802;0,311098696922821
695;7,806;0,265882683832845
696;7,810;0,275978739526088
697;7,814;0,251715397409534
698;7,818;0,26811962379442
699;7,822;0,251133793019524
700;7,826;0,237607762718532
701;7,831;0,201533377604861
702;7,835;0,227288013029131
703;7,839;0,220368412081325
704;7,843;0,212673338613506
705;7,847;0,211853127294262
706;7,851;0,176330520704445
707;7,855;0,174764662731342
708;7,859;0,202353588924105
709;7,864;0,18241499739993
710;7,868;0,166279203810433
711;7,872;0,195702420771688
712;7,876;0,192347010829325
713;7,880;0,206499384319558
714;7,884;0,167606454854301
715;7,888;0,176405085369831
716;7,892;0,183876464841493
717;7,897;0,157152488767206
718;7,901;0,180237709170663
719;7,905;0,184696676160737
720;7,909;0,16787488764969
721;7,913;0,16419139317963
722;7,917;0,152246133784817
723;7,921;0,143507155001596
724;7,925;0,148771420377837
725;7,929;0,160120162449563
726;7,934;0,152961954572522
727;7,938;0,173258456490548
728;7,942;0,185069499487666
729;7,946;0,183026427656094
730;7,950;0,208974931210368
731;7,954;0,208109981091892
732;7,958;0,192540878959328
733;7,962;0,211182045305789
734;7,967;0,251372399948759
735;7,971;0,234819044233102
736;7,975;0,250567101562592
737;7,979;0,196358589827083
738;7,983;0,218295514383599
739;7,987;0,240098222542419
740;7,991;0,205992344594934
741;7,995;0,231776805885359
742;8,000;0,203919446897208
743;8,004;0,186695009193078
744;8,008;0,173079501293622
745;8,012;0,165324776093495
746;8,016;0,169291616292021
747;8,020;0,175704177515204
748;8,024;0,140032441594616
749;8,028;0,124508078261283
750;8,033;0,130219731629839
751;8,037;0,116917395325004
752;8,041;0,123911560938196
753;8,045;0,135051521946842
754;8,049;0,115112930422667
755;8,053;0,101124599196282
756;8,057;0,106940643096378
757;8,061;0,130279383362148
758;8,066;0,11836394983349
759;8,070;0,100364039609347
760;8,074;0,099946477483186
761;8,078;0,120884235523531
762;8,082;0,10977410038104
763;8,086;0,103451016756321
764;8,090;0,0803657963528633
765;8,094;0,0839449002913838
766;8,098;0,0869722257060491
767;8,103;0,0793964557028473
768;8,107;0,0975902340569934
769;8,111;0,0984700971085463
770;8,115;0,0947716897054084
771;8,119;0,091639973759203
772;8,123;0,08175269912904
773;8,127;0,0993350472270221
774;8,131;0,0894925113960906
775;8,136;0,080693880880561
776;8,140;0,0780542917259021
777;8,144;0,0779648141274391
778;8,148;0,0847203728113966
779;8,152;0,0991859178962504
780;8,156;0,0897609441914797
781;8,160;0,0848247633429368
782;8,164;0,0675704997726523
783;8,169;0,0846010693467792
784;8,173;0,0823790423182811
785;8,177;0,0777112942651272
786;8,181;0,0689424896157519
787;8,185;0,0959647243515819
788;8,189;0,0947269509061769
789;8,193;0,125387941312836
790;8,197;0,119512245680432
791;8,202;0,120019285405055
792;8,206;0,147309952936274
793;8,210;0,128146833932112
794;8,214;0,122494832295865
795;8,218;0,134544482222218
796;8,222;0,166577462471977
797;8,226;0,193495306676267
798;8,230;0,173780409148249
799;8,235;0,18884247155619
800;8,239;0,187992434370791
801;8,243;0,19526994571245
802;8,247;0,162625535206527
803;8,251;0,170305695741269
804;8,255;0,166070422747353
805;8,259;0,178299027870631
806;8,263;0,185516887479981
807;8,267;0,188037173170023
808;8,272;0,176807734562915
809;8,276;0,1698284818828
810;8,280;0,216923524540499
811;8,284;0,326697624921539
812;8,288;0,611907470022395
813;8,292;1,22526149455327
814;8,296;2,36894924517444
815;8,300;4,32354264479973
816;8,305;7,25098123371415
817;8,309;11,4716395532145
818;8,313;16,9451482934609
819;8,317;23,1066502882894
820;8,321;29,6606457687759
821;8,325;35,7013977444785
822;8,329;41,0637603945008
823;8,333;44,8469179963162
824;8,338;46,9456598070654
825;8,342;47,3838166938057
826;8,346;46,71310752866
827;8,350;45,1882899473857
828;8,354;42,7949580566301
829;8,358;39,0342145932296
830;8,362;35,404466333979
831;8,366;31,4701661554265
832;8,371;27,5520465092626
833;8,375;23,8943215875593
834;8,379;20,0902113147704
835;8,383;16,9569891623241
836;8,387;14,0722761266758
837;8,391;11,6980477031921
838;8,395;9,67731544536953
839;8,399;7,9114452138358
840;8,404;6,46830576702509
841;8,408;5,33569832568026
842;8,412;4,50506286621503
843;8,416;3,94906398229895
844;8,420;3,25890835242065
845;8,424;2,85572229374631
846;8,428;2,44484116160415
847;8,432;2,11745754176106
848;8,436;1,89832690312514
849;8,441;1,65854185217734
850;8,445;1,49843660266085
851;8,449;1,33190387898811
852;8,453;1,23707253755039
853;8,457;1,07850332014086
854;8,461;1,01910510769449
855;8,465;0,945718564021744
856;8,469;0,874375092180568
857;8,474;0,798975302542402
858;8,478;0,774771612158156
859;8,482;0,736788371610607
860;8,486;0,66423695219018
861;8,490;0,644626445193703
862;8,494;0,650308272696105
863;8,498;0,632174146074267
864;8,502;0,621332443727165
865;8,507;0,606941463307697
866;8,511;0,634202304972762
867;8,515;0,592461005289767
868;8,519;0,568048533842441
869;8,523;0,568540660633988
870;8,527;0,533152270441866
871;8,531;0,509351229250704
872;8,535;0,508471366199151
873;8,540;0,47023460578929
874;8,544;0,445851960208119
875;8,548;0,44916263135125
876;8,552;0,422021093150803
877;8,556;0,385201061383273
878;8,560;0,374747095296178
879;8,564;0,35671735920588
880;8,568;0,352959300070434
881;8,573;0,32274569765609
882;8,577;0,276068217124551
883;8,581;0,280005231456923
884;8,585;0,259514861408893
885;8,589;0,237398981655452
886;8,593;0,215641012295862
887;8,597;0,185487061613827
888;8,601;0,219652591293621
889;8,605;0,216670004678187
890;8,610;0,187440655846936
891;8,614;0,178194637339091
892;8,618;0,17419797127441
893;8,622;0,171961031312835
894;8,626;0,187709088642325
895;8,630;0,148845985043223
896;8,634;0,165458992491189
897;8,638;0,175077834325963
898;8,643;0,136155078994552
899;8,647;0,16340100772654
900;8,651;0,118721860227342
901;8,655;0,164459825975019
902;8,659;0,170454825072041
903;8,663;0,136423511789941
904;8,667;0,172587374502076
905;8,671;0,182191303403773
906;8,676;0,216595440012801
907;8,680;0,227780139820678
908;8,684;0,262109711764321
909;8,688;0,315945400172901
910;8,692;0,315617315645203
911;8,696;0,329456517540816
912;8,700;0,336316466756313
913;8,704;0,325415112676903
914;8,709;0,340551739750229
915;8,713;0,333617225869346
916;8,717;0,322507090726855
917;8,721;0,294232169612543
918;8,725;0,289340727563231
919;8,729;0,271191688008317
920;8,733;0,252714563925704
921;8,737;0,211107480640403
922;8,742;0,209959184793461
923;8,746;0,189304772481582
924;8,750;0,16687572113352
925;8,754;0,143894891261603
926;8,758;0,139316620806912
927;8,762;0,12589498103746
928;8,766;0,146310786420104
929;8,770;0,119273638751197
930;8,774;0,114456761367271
931;8,779;0,115441014950365
932;8,783;0,123836996272811
933;8,787;0,116067358139606
934;8,791;0,0977244504546879
935;8,795;0,0982911419116203
936;8,799;0,0931760058661514
937;8,803;0,0807087938136381
938;8,807;0,0878670016906792
939;8,812;0,0996929576208742
940;8,816;0,0768016053474199
941;8,820;0,0751164439096998
942;8,824;0,0899995511207144
943;8,828;0,0887021259430007
944;8,832;0,101303554393208
945;8,836;0,106254648174828
946;8,840;0,14449140858469
947;8,845;0,233118969862304
948;8,849;0,428016092247825
949;8,853;0,730957414777434
950;8,857;1,41587860514565
951;8,861;2,48489729984942
952;8,865;4,03980918007352
953;8,869;6,29328758443143
954;8,873;9,01261619225395
955;8,878;12,4253663622987
956;8,882;15,7673844907584
957;8,886;18,8963117184784
958;8,890;21,3501752045943
959;8,894;23,1704030771943
960;8,898;24,1035351256989
961;8,902;24,1688388596438
962;8,906;23,4461432097911
963;8,911;22,0441187194742
964;8,915;19,9692077757823
965;8,919;18,0359249575242
966;8,923;15,6824404239508
967;8,927;13,3947517511139
968;8,931;11,4989749595449
969;8,935;9,6085519109507
970;8,939;7,89671123595556
971;8,943;6,55979661145352
972;8,948;5,38746111639112
973;8,952;4,44010212973089
974;8,956;3,68036275411452
975;8,960;3,06669555798901
976;8,964;2,55120020031052
977;8,968;2,15887075691636
978;8,972;1,77088097704765
979;8,976;1,59695143856863
980;8,981;1,38590360966054
981;8,985;1,2164926899039
982;8,989;1,07009242588533
983;8,993;0,969102043086745
984;8,997;0,834706690195298
985;9,001;0,797081360041601
986;9,005;0,733418048735167
987;9,009;0,631040763160402
988;9,014;0,595115507377503
989;9,018;0,566989715593962
990;9,022;0,498599004502065
991;9,026;0,473351408802418
992;9,030;0,466536198386152
993;9,034;0,485594926858774
994;9,038;0,573998794140231
995;9,042;0,790161759093795
996;9,047;1,21728307535699
997;9,051;2,10947912256477
998;9,055;3,50829733227014
999;9,059;5,54364426450831
1000;9,063;8,47033720676886
1001;9,067;11,8077472389077
1002;9,071;15,811944334793
1003;9,075;19,5591617678924
1004;9,080;22,8102557433806
1005;9,084;25,4322923758077
1006;9,088;26,6314860633421
1007;9,092;27,3380160937391
1008;9,096;27,057787168286
1009;9,100;25,5652113483245
1010;9,104;23,8990340744117
1011;9,108;21,3503839856573
1012;9,112;18,8964011960769
1013;9,117;16,0768129391766
1014;9,121;13,3652241436211
1015;9,125;10,9892061681681
1016;9,129;8,91050733947458
1017;9,133;7,13710607673688
1018;9,137;5,87611319453071
1019;9,141;4,79265878060824
1020;9,145;3,90093994725892
1021;9,150;3,25614945980137
1022;9,154;2,67842243239184
1023;9,158;2,28691320031693
1024;9,162;1,94630180883439
1025;9,166;1,69943311467494
1026;9,170;1,43195474700284
1027;9,174;1,32304559674027
1028;9,178;1,15587161694521
1029;9,183;1,02205786844377
1030;9,187;0,935249685001571
1031;9,191;0,858164733925685
1032;9,195;0,750493357108525
1033;9,199;0,722770214518068
1034;9,203;0,61720156126479
1035;9,207;0,608328366083874
1036;9,211;0,549824929622141
1037;9,216;0,50478787172909
1038;9,220;0,492156617412728
1039;9,224;0,451981175702835
1040;9,228;0,410776741610618
1041;9,232;0,4204552351777
1042;9,236;0,366052855312188
1043;9,240;0,351393442097331
1044;9,244;0,317138434819074
1045;9,249;0,306654642865824
1046;9,253;0,3088915828274
1047;9,257;0,302195675875751
1048;9,261;0,265733554502073
1049;9,265;0,235758559016963
1050;9,269;0,250775882625672
1051;9,273;0,213463724066596
1052;9,277;0,218593773045142
1053;9,281;0,218429730781293
1054;9,286;0,202622021719494
1055;9,290;0,162491318808832
1056;9,294;0,199863129100218
1057;9,298;0,190363590730061
1058;9,302;0,162386928277292
1059;9,306;0,159404341661858
1060;9,310;0,141971122894648
1061;9,314;0,140479829586931
1062;9,319;0,132173325862948
1063;9,323;0,152246133784817
1064;9,327;0,142463249686195
1065;9,331;0,136304208325324
1066;9,335;0,127460839010563
1067;9,339;0,120660541527374
1068;9,343;0,0852274125360203
1069;9,347;0,143253635139285
1070;9,352;0,103764188350941
1071;9,356;0,0838554226929208
1072;9,360;0,109639883983346
1073;9,364;0,096233157146971
1074;9,368;0,109117931325645
1075;9,372;0,0514943579154643
1076;9,376;0,0949208190361801
1077;9,380;0,0949506449023345
1078;9,385;0,0823193905859724
1079;9,389;0,085197586669866
1080;9,393;0,0892091656676244
1081;9,397;0,0848247633429368
1082;9,401;0,0611579385494697
1083;9,405;0,0723873771565779
1084;9,409;0,075578744835092
1085;9,413;0,0602035108325309
1086;9,418;0,0718505115657998
1087;9,422;0,0584885235286565
1088;9,426;0,0536418202785766
1089;9,430;0,0684354498911281
1090;9,434;0,0175823480979821
1091;9,438;0,0440378913768798
1092;9,442;0,0495109378162008
1093;9,446;0,0668845048511026
1094;9,450;0,0505250172654483
1095;9,455;0,0476020823823232
1096;9,459;0,0415325186199154
1097;9,463;0,0478705151777122
1098;9,467;0,0340462262151766
1099;9,471;0,0514943579154643
1100;9,475;0,0392955786583401
1101;9,479;0,0549839842555218
1102;9,483;0,0388631035991022
1103;9,488;0,0346874823374949
1104;9,492;0,0594280383125181
1105;9,496;0,0488100299615738
1106;9,500;0,052269830435477
1107;9,504;0,0440229784438026
1108;9,508;0,0384008026737099
1109;9,512;0,0494512860838921
1110;9,516;0,0182981688856863
1111;9,521;0,0390420587960282
1112;9,525;0,0304820352097333
1113;9,529;0,049704805946204
1114;9,533;0,0353287384598132
1115;9,537;0,0395938373198835
1116;9,541;0,0467818710630789
1117;9,545;0,0470055650592364
1118;9,549;0,0340462262151766
1119;9,554;0,0150173236087091
1120;9,558;0,0126759931155936
1121;9,562;0,00751611827089313
1122;9,566;0,0131979457732945
1123;9,570;0,0201473725872552
1124;9,574;0,00377297206852373
1125;9,578;0,0353585643259675
1126;9,582;0,0385201061383273
1127;9,587;0,0375507654883113
1128;9,591;0
1129;9,595;0,039817531316041
1130;9,599;0,016687572113352
1131;9,603;0,0548199419916729
1132;9,607;0,0749225757796966
1133;9,611;0,0848247633429368
1134;9,615;0,163669440521929
1135;9,619;0,333229489609339
1136;9,624;0,665131728174811
1137;9,628;1,30975817336851
1138;9,632;2,34641580329483
1139;9,636;4,09025963267358
1140;9,640;6,41921239133505
1141;9,644;9,73534166797279
1142;9,648;13,2273093385234
1143;9,652;17,3479764417414
1144;9,657;21,2100980242004
1145;9,661;24,1871817673287
1146;9,665;26,2553222394036
1147;9,669;27,1291902918595
1148;9,673;26,6991311277801
1149;9,677;25,6114265279307
1150;9,681;23,7826386317444
1151;9,685;21,1640916256573
1152;9,690;18,2934265729677
1153;9,694;15,2026913668583
1154;9,698;12,7694822930543
1155;9,702;10,2341494535379
1156;9,706;8,32899242706345
1157;9,710;6,67820530008624
1158;9,714;5,33037440857172
1159;9,718;4,44654451682022
1160;9,723;3,63626521100533
1161;9,727;2,97076065950359
1162;9,731;2,46519731525448
1163;9,735;2,13770930487985
1164;9,739;1,82015330793462
1165;9,743;1,59754795589172
1166;9,747;1,36921603754719
1167;9,751;1,21685060029775
1168;9,756;1,06706510047067
1169;9,760;0,949610839554885
1170;9,764;0,842938629253896
1171;9,768;0,80941435569642
1172;9,772;0,686457222475162
1173;9,776;0,624762418334914
1174;9,780;0,612325032148555
1175;9,784;0,56030872157539
1176;9,788;0,522817607819388
1177;9,793;0,514227758366938
1178;9,797;0,485535275126465
1179;9,801;0,506473033166811
1180;9,805;0,715671658373336
1181;9,809;1,12919237967015
1182;9,813;1,98107876877035
1183;9,817;3,79645993812028
1184;9,821;6,73994484302572
1185;9,826;11,5260717589462
1186;9,830;18,1940318740084
1187;9,834;27,0196249725416
1188;9,838;37,8026151021185
1189;9,842;50,4105903299472
1190;9,846;63,3366882461779
1191;9,850;75,3993869889729
1192;9,854;85,2727776784411
1193;9,859;91,6096706791901
1194;9,863;92,932239062072
1195;9,867;90,954321835114
1196;9,871;84,6958261235516
1197;9,875;75,5073566244516
1198;9,879;64,2711028069272
1199;9,883;52,9519629073598
1200;9,887;42,9972221679557
1201;9,892;34,3129291103287
1202;9,896;27,1298762867811
1203;9,900;21,3477145706365
1204;9,904;16,9573619856511
1205;9,908;13,783397700038
1206;9,912;11,1821198704543
1207;9,916;9,34023841902628
1208;9,920;7,82870826112367
1209;9,925;6,7028563784628
1210;9,929;5,7571079885749
1211;9,933;4,92144687066267
1212;9,937;4,3319237131891
1213;9,941;3,87232202868383
1214;9,945;3,44233742926982
1215;9,949;3,08145936173541
1216;9,953;2,8144432949887
1217;9,957;2,55202041162976
1218;9,962;2,30706057290418
1219;9,966;2,09701191051226
1220;9,970;1,94026207093814
1221;9,974;1,80685097162979
1222;9,978;1,61723302755358
1223;9,982;1,52111917387123
1224;9,986;1,43997790499835
1225;9,990;1,33000993648731
1226;9,995;1,2093046561607
1227;9,999;1,1884712886519
1228;10,003;1,08935993542103
1229;10,007;1,06822830925069
1230;10,011;0,956992741428083
1231;10,015;0,940782383173201
1232;10,019;0,850335444060171
1233;10,023;0,779066536884381
1234;10,028;0,792219743858444
1235;10,032;0,739338483166803
1236;10,036;0,669545956365653
1237;10,040;0,67451196308035
1238;10,044;0,634127740307376
1239;10,048;0,628759084399596
1240;10,052;0,544381709048974
1241;10,056;0,553836508619899
1242;10,061;0,520789448920893
1243;10,065;0,494617251370461
1244;10,069;0,469160874607734
1245;10,073;0,460899109682982
1246;10,077;0,420485061043855
1247;10,081;0,40323079747357
1248;10,085;0,391196060480295
1249;10,089;0,361071935664414
1250;10,094;0,328263482894642
1251;10,098;0,360296463144401
1252;10,102;0,358417433576678
1253;10,106;0,351900481821955
1254;10,110;0,289460031027849
1255;10,114;0,292845266836366
1256;10,118;0,281377221300023
1257;10,122;0,284837021773926
1258;10,126;0,256487535994228
1259;10,131;0,271803118264481
1260;10,135;0,256681404124231
1261;10,139;0,273473366769123
1262;10,143;0,235117302894645
1263;10,147;0,241574602917059
1264;10,151;0,2174454771982
1265;10,155;0,234505872638481
1266;10,159;0,208050329359583
1267;10,164;0,234714653701561
1268;10,168;0,205037916877995
1269;10,172;0,228570525273768
1270;10,176;0,248613507329483
1271;10,180;0,219697330092852
1272;10,184;0,225021247201402
1273;10,188;0,188872297422344
1274;10,192;0,197238452878636
1275;10,197;0,181400917950683
1276;10,201;0,180073666906815
1277;10,205;0,181907957675306
1278;10,209;0,148413509983985
1279;10,213;0,140927217579246
1280;10,217;0,120705280326605
1281;10,221;0,149218808370152
1282;10,225;0,128445092593656
1283;10,230;0,110415356503359
1284;10,234;0,118751686093496
1285;10,238;0,123508911745113
1286;10,242;0,102899238232465
1287;10,246;0,139286794940758
1288;10,250;0,136080514329166
1289;10,254;0,152514566580206
1290;10,258;0,169545136154333
1291;10,263;0,157465660361827
1292;10,267;0,17814989853986
1293;10,271;0,154990113471016
1294;10,275;0,154035685754078
1295;10,279;0,131218898146009
1296;10,283;0,146057266557792
1297;10,287;0,190975020986225
1298;10,291;0,272086463992947
1299;10,295;0,494542686705075
1300;10,300;0,929806464428404
1301;10,304;1,71218367245592
1302;10,308;3,03176946872229
1303;10,312;5,13498515939465
1304;10,316;7,98102895957387
1305;10,320;11,5857234912548
1306;10,324;15,8241878528493
1307;10,328;20,2636487264579
1308;10,333;24,0845509618916
1309;10,337;27,1395995191474
1310;10,341;28,8763597053145
1311;10,345;29,1428836452696
1312;10,349;28,1662207451128
1313;10,353;25,7800619751673
1314;10,357;22,7415667736272
1315;10,361;19,2207574905053
1316;10,366;16,1064896760001
1317;10,370;13,2338262902782
1318;10,374;10,6025585522763
1319;10,378;8,56172366066575
1320;10,382;6,84946542354445
1321;10,386;5,49453597588519
1322;10,390;4,4835285908516
1323;10,394;3,66354096560347
1324;10,399;3,0619383323374
1325;10,403;2,64677718840209
1326;10,407;2,18877118773608
1327;10,411;1,92619917504637
1328;10,415;1,7204901761799
1329;10,419;1,53349690832528
1330;10,423;1,39307673047066
1331;10,427;1,29169861141206
1332;10,432;1,19322851430352
1333;10,436;1,1379164455203
1334;10,440;1,04887132211652
1335;10,444;0,989517848469389
1336;10,448;0,941035903035513
1337;10,452;0,878282280646786
1338;10,456;0,797841919628537
1339;10,460;0,777948066903593
1340;10,465;0,670321428885665
1341;10,469;0,619542891757905
1342;10,473;0,553657553422973
1343;10,477;0,512721552126144
1344;10,481;0,484998409535687
1345;10,485;0,430551290870944
1346;10,489;0,424675595238539
1347;10,493;0,400233297925059
1348;10,497;0,373568973583081
1349;10,502;0,370854819763036
1350;10,506;0,341819339061789
1351;10,510;0,357328789462044
1352;10,514;0,393597042705719
1353;10,518;0,384798412190189
1354;10,522;0,413341766099891
1355;10,526;0,470875861911608
1356;10,530;0,509366142183781
1357;10,535;0,486937090835719
1358;10,539;0,516718218190826
1359;10,543;0,504608916532164
1360;10,547;0,494855858299696
1361;10,551;0,442824634793454
1362;10,555;0,452309260230533
1363;10,559;0,402634280150483
1364;10,563;0,359028863832842
1365;10,568;0,338240235123268
1366;10,572;0,331290808309307
1367;10,576;0,347411688965727
1368;10,580;0,477273510201714
1369;10,584;0,81704977743193
1370;10,588;1,38153412026893
1371;10,592;2,50844482117827
1372;10,596;4,37831784799218
1373;10,601;7,05010402516468
1374;10,605;10,8342607934963
1375;10,609;15,6061905971273
1376;10,613;20,6442118656542
1377;10,617;25,7220804913633
1378;10,621;29,8812527877864
1379;10,625;32,4733442505945
1380;10,629;33,0378584192977
1381;10,634;32,1353575353336
1382;10,638;29,4190115141265
1383;10,642;26,2582750001529
1384;10,646;22,3026493273
1385;10,650;18,4044235338611
1386;10,654;14,9367341183601
1387;10,658;11,7902692813413
1388;10,662;9,32982919173841
1389;10,666;7,53693672546886
1390;10,671;5,99953262867736
1391;10,675;4,92351976836039
1392;10,679;4,08114783056343
1393;10,683;3,37624330987181
1394;10,687;2,84028740801144
1395;10,691;2,46449640739986
1396;10,695;2,11349070156253
1397;10,699;1,83384338049946
1398;10,704;1,66273238637202
1399;10,708;1,44315435974379
1400;10,712;1,27329605199484
1401;10,716;1,19868664780976
1402;10,720;1,08496062016327
1403;10,724;0,970638075193693
1404;10,728;0,935577769529269
1405;10,732;0,83543742391608
1406;10,737;0,798796347345476
1407;10,741;0,717804207803371
1408;10,745;0,690662669602924
1409;10,749;0,641330686983649
1410;10,753;0,582230733198829
1411;10,757;0,549869668421372
1412;10,761;0,50595108050911
1413;10,765;0,466446720787689
1414;10,770;0,415041840470688
1415;10,774;0,398399007156567
1416;10,778;0,387557304809466
1417;10,782;0,356061190150485
1418;10,786;0,328502089823877
1419;10,790;0,326369540393842
1420;10,794;0,28860999384245
1421;10,798;0,282928166340049
1422;10,803;0,27386110302913
1423;10,807;0,26574846743515
1424;10,811;0,254116379634958
1425;10,815;0,230703074703803
1426;10,819;0,203039583845655
1427;10,823;0,205216872074921
1428;10,827;0,19537433624399
1429;10,831;0,199356089375594
1430;10,835;0,202129894927947
1431;10,840;0,190303938997752
1432;10,844;0,190095157934672
1433;10,848;0,187395917047705
1434;10,852;0,162222886013443
1435;10,856;0,163997525049627
1436;10,860;0,153961121088692
1437;10,864;0,188499474095415
1438;10,868;0,168471404972777
1439;10,873;0,163967699183472
1440;10,877;0,164444913041942
1441;10,881;0,125671287041302
1442;10,885;0,137005116179951
1443;10,889;0,121242145917383
1444;10,893;0,107611725084851
1445;10,897;0,107939809612549
1446;10,901;0,115008539891127
1447;10,906;0,0570419690201711
1448;10,910;0,0987683557700897
1449;10,914;0,106344125773291
1450;10,918;0,0964270252769742
1451;10,922;0,100781601735508
1452;10,926;0,0945927345084824
1453;10,930;0,0861818402529591
1454;10,934;0,0980823608485399
1455;10,939;0,0721189443611888
1456;10,943;0,0948909931700258
1457;10,947;0,0741918420589153
1458;10,951;0,0788894159782235
1459;10,955;0,084496678815239
1460;10,959;0,0587271304578912
1461;10,963;0,105702869650973
1462;10,967;0,0824386940505897
1463;10,972;0,070016220797308
1464;10,976;0,0527470442939464
1465;10,980;0,0658256866026236
1466;10,984;0,0583393941978848
1467;10,988;0,0587271304578912
1468;10,992;0,0712092554434815
1469;10,996;0,0602482496317624
1470;11,000;0,0453651424207478
1471;11,004;0,0451414484245903
1472;11,009;0,0551629394524478
1473;11,013;0,0611131997502382
1474;11,017;0,0549094195901359
1475;11,021;0,06215710506564
1476;11,025;0,0788595901120692
1477;11,029;0,073192675542745
1478;11,033;0,0806342291482523
1479;11,037;0,0554015463816825
1480;11,042;0,066571333256482
1481;11,046;0,0810070524751815
1482;11,050;0,0806789679474838
1483;11,054;0,106209909375597
1484;11,058;0,141061433976941
1485;11,062;0,234401482106941
1486;11,066;0,417234041633032
1487;11,070;0,844892223487005
1488;11,075;1,64251044911938
1489;11,079;2,97419063411134
1490;11,083;5,08759185807541
1491;11,087;8,17965431522869
1492;11,091;12,2713903282769
1493;11,095;16,8857649939476
1494;11,099;21,8676987211712
1495;11,103;26,1750459206492
1496;11,108;29,8453722708028
1497;11,112;32,0276861585164
1498;11,116;32,0669966501078
1499;11,120;30,3641782996244
1500;11,124;27,3556282677033
1501;11,128;23,5900082751866
1502;11,132;19,913686925936
1503;11,136;16,4658466243607
1504;11,141;13,1095717318792
1505;11,145;10,4369951692536
1506;11,149;8,31844898337789
1507;11,153;6,78973912657039
1508;11,157;5,42141786500783
1509;11,161;4,3949606813063
1510;11,165;3,64718147801781
1511;11,169;3,08824474628552
1512;11,173;2,63319150636879
1513;11,178;2,21276609705725
1514;11,182;1,96111035138002
1515;11,186;1,73971294691637
1516;11,190;1,51194772002877
1517;11,194;1,39936998822922
1518;11,198;1,2428140167851
1519;11,202;1,10425795556513
1520;11,206;1,03524090128399
1521;11,211;0,932684660512298
1522;11,215;0,826966877928248
1523;11,219;0,792010962795364
1524;11,223;0,730017899993572
1525;11,227;0,659449900672409
1526;11,231;0,604883478543048
1527;11,235;0,560323634508467
1528;11,239;0,531765367665689
1529;11,244;0,506279165036807
1530;11,248;0,48398433008644
1531;11,252;0,436695419298737
1532;11,256;0,424914202167774
1533;11,260;0,411850472792174
1534;11,264;0,359297296628231
1535;11,268;0,327845920768481
1536;11,272;0,311590823714367
1537;11,277;0,341327212270242
1538;11,281;0,301628984418818
1539;11,285;0,28840121277937
1540;11,289;0,278946413208444
1541;11,293;0,293128612564832
1542;11,297;0,26237814455971
1543;11,301;0,249120547054107
1544;11,305;0,259872771802745
1545;11,310;0,21112239357348
1546;11,314;0,199892954966372
1547;11,318;0,213747069795062
1548;11,322;0,194822557720135
1549;11,326;0,194136562798585
1550;11,330;0,192779485888563
1551;11,334;0,216670004678187
1552;11,338;0,223604518559071
1553;11,342;0,380861397857817
1554;11,347;0,721085053080348
1555;11,351;1,36650188372714
1556;11,355;2,70220856064993
1557;11,359;5,03933360663769
1558;11,363;8,64199997942015
1559;11,367;14,2174535301821
1560;11,371;21,521345850454
1561;11,375;30,5446844415904
1562;11,380;40,418731300114
1563;11,384;50,6592187502097
1564;11,388;60,2664732359827
1565;11,392;67,5490102360881
1566;11,396;71,9798961731773
1567;11,400;71,1207024468693
1568;11,404;66,0133807783328
1569;11,408;58,212082488205
1570;11,413;49,2681701786376
1571;11,417;40,1723696456791
1572;11,421;32,144707944373
1573;11,425;25,5289430950808
1574;11,429;20,0447716076843
1575;11,433;16,0313583191573
1576;11,437;13,0853083897626
1577;11,441;10,6355310473099
1578;11,446;8,81293201835066
1579;11,450;7,4156796666184
1580;11,454;6,33429815039365
1581;11,458;5,44290740157203
1582;11,462;4,74897879962521
1583;11,466;4,19265183118142
1584;11,470;3,71305190341967
1585;11,474;3,19769076213887
1586;11,479;2,89528630520004
1587;11,483;2,62091816244628
1588;11,487;2,3858903371501
1589;11,491;2,08154719891124
1590;11,495;1,92093490967013
1591;11,499;1,77541450870311
1592;11,503;1,64334557337171
1593;11,507;1,54848440606783
1594;11,511;1,47348726562275
1595;11,516;1,35516805458849
1596;11,520;1,21874454279855
1597;11,524;1,13773749032337
1598;11,528;1,09125387792184
1599;11,532;1,05653656971819
1600;11,536;0,976871681219949
1601;11,540;0,938590182010857
1602;11,544;0,854033851463309
1603;11,549;0,85197586669866
1604;11,553;0,773533838712751
1605;11,557;0,7064852915978
1606;11,561;0,711391646580188
1607;11,565;0,668651180381022
1608;11,569;0,653380336910002
1609;11,573;0,638422665033601
1610;11,577;0,566065113743177
1611;11,582;0,563828173781602
1612;11,586;0,512870681456916
1613;11,590;0,483223770499504
1614;11,594;0,481106134002546
1615;11,598;0,487593259891115
1616;11,602;0,420156976516157
1617;11,606;0,437098068491821
1618;11,610;0,429417907957079
1619;11,615;0,437769150480293
1620;11,619;0,58980650320203
1621;11,623;0,803896570457867
1622;11,627;1,27331096492791
1623;11,631;2,21389947997111
1624;11,635;3,73293084321154
1625;11,639;6,20692678898155
1626;11,643;9,70626144847231
1627;11,648;14,3049178826797
1628;11,652;19,3785064965956
1629;11,656;24,5494019988401
1630;11,660;29,2155991069539
1631;11,664;32,5437929464511
1632;11,668;33,9768810763678
1633;11,672;33,4385092793489
1634;11,676;31,2801753880233
1635;11,680;27,3498867884685
1636;11,685;23,604399255606
1637;11,689;19,4701017315556
1638;11,693;15,7264186635954
1639;11,697;12,5598661057217
1640;11,701;9,87776017885975
1641;11,705;8,19543219842433
1642;11,709;6,64726096395112
1643;11,713;5,36094592137991
1644;11,718;4,57087363988458
1645;11,722;3,84416641103414
1646;11,726;3,18759470644562
1647;11,730;2,84069005720452
1648;11,734;2,47747065917699
1649;11,738;2,15764789640403
1650;11,742;1,9008322758821
1651;11,746;1,74257623006719
1652;11,751;1,58654221128077
1653;11,755;1,48544743795064
1654;11,759;1,49992789596857
1655;11,763;1,73297230116549
1656;11,767;2,25219589211328
1657;11,771;3,36241902090927
1658;11,775;5,42709969251023
1659;11,779;9,00800809593311
1660;11,784;14,4179430024715
1661;11,788;21,300082662388
1662;11,792;30,7092784839632
1663;11,796;40,8597216441389
1664;11,800;50,902567992163
1665;11,804;60,1444108787461
1666;11,808;66,5386142813107
1667;11,812;68,8285697199754
1668;11,817;67,1809441348105
1669;11,821;62,6713029981408
1670;11,825;54,7091836377088
1671;11,829;45,5295724208567
1672;11,833;37,1355894314429
1673;11,837;29,7261284579177
1674;11,841;23,4121268094421
1675;11,845;18,8201364563202
1676;11,849;14,9369876382224
1677;11,854;12,1920833501725
1678;11,858;10,0520178018665
1679;11,862;8,40011220490847
1680;11,866;7,14553188392548
1681;11,870;6,12712768408562
1682;11,874;5,2700963330738
1683;11,878;4,68367506568029
1684;11,882;4,16585329044175
1685;11,887;3,74207247118784
1686;11,891;3,3251068623502
1687;11,895;2,97769517338447
1688;11,899;2,67958564117186
1689;11,903;2,46251298730059
1690;11,907;2,36554909643284
1691;11,911;2,06307007482862
1692;11,915;1,92548335425866
1693;11,920;1,79231086187955
1694;11,924;1,6508616916426
1695;11,928;1,60516846469415
1696;11,932;1,46534480416262
1697;11,936;1,36884321422026
1698;11,940;1,29192230540822
1699;11,944;1,2469299863144
1700;11,948;1,20788792751837
1701;11,953;1,10011216016967
1702;11,957;1,0492739713096
1703;11,961;0,972427627162953
1704;11,965;0,969728386275986
1705;11,969;0,869931038123571
1706;11,973;0,863190392372691
1707;11,977;0,794337380355402
1708;11,981;0,802793013410157
1709;11,986;0,733060138341315
1710;11,990;0,661567537169367
1711;11,994;0,670873207409521
1712;11,998;0,661522798370136
1713;12,002;0,611206562167768
1714;12,006;0,598963044111412
1715;12,010;0,54119034137046
1716;12,014;0,538789359145036
1717;12,018;0,562113186477728
1718;12,023;0,49862883036822
1719;12,027;0,528931910381027
1720;12,031;0,441706164812666
1721;12,035;0,439081488591084
1722;12,039;0,451787307572832
1723;12,043;0,42440716244315
1724;12,047;0,405527389167454
1725;12,051;0,405959864226692
1726;12,056;0,41076182867754
1727;12,060;0,482761469574112
1728;12,064;0,509753878443788
1729;12,068;0,727512527236608
1730;12,072;1,13572424435795
1731;12,076;2,03566010383279
1732;12,080;3,48512263426822
1733;12,084;5,73555880027839
1734;12,089;9,1351259374829
1735;12,093;13,6358938789717
1736;12,097;18,7812286139219
1737;12,101;24,4326039069797
1738;12,105;30,2228036940528
1739;12,109;35,4116692806553
1740;12,113;39,6151628141838
1741;12,117;43,1003152743182
1742;12,122;47,2042500666235
1743;12,126;52,5859249649807
1744;12,130;59,1657645584899
1745;12,134;66,2696147944647
1746;12,138;73,5385213737376
1747;12,142;77,8672388063151
1748;12,146;79,5393514275927
1749;12,150;76,5145015598182
1750;12,155;69,7713802620471
1751;12,159;60,4736586152238
1752;12,163;50,3273463375104
1753;12,167;40,5480711686923
1754;12,171;32,2316503442129
1755;12,175;25,2787488168452
1756;12,179;20,1988072934384
1757;12,183;16,078065625555
1758;12,187;13,2806230742743
1759;12,192;11,0274280156449
1760;12,196;9,40588515043198
1761;12,200;7,92094475220596
1762;12,204;6,93531917926971
1763;12,208;6,10328190409523
1764;12,212;5,38593999721725
1765;12,216;4,73337987162649
1766;12,220;4,33053681041293
1767;12,225;3,86507434320833
1768;12,229;3,55144044766239
1769;12,233;3,25447921129673
1770;12,237;2,94414107396084
1771;12,241;2,76739299113023
1772;12,245;2,55336257560671
1773;12,249;2,38562190435471
1774;12,253;2,23403193962529
1775;12,258;2,1056763246301
1776;12,262;2,00401485984304
1777;12,266;1,87597241644246
1778;12,270;1,79138626002876
1779;12,274;1,67640754600379
1780;12,278;1,65120468910337
1781;12,282;1,58440966185073
1782;12,286;1,46556849815877
1783;12,291;1,45669530297786
1784;12,295;1,37458469345497
1785;12,299;1,31633477685555
1786;12,303;1,26148500899772
1787;12,307;1,17704798191479
1788;12,311;1,12995293925709
1789;12,315;1,06611067275373
1790;12,319;1,00380443835732
1791;12,324;0,96649227979824
1792;12,328;0,983299155376209
1793;12,332;0,899741991344832
1794;12,336;0,863891300227318
1795;12,340;0,837197150019185
1796;12,344;0,800153424255498
1797;12,348;0,801450849433212
1798;12,352;0,734804951511344
1799;12,356;0,747659899823863
1800;12,361;0,690125804012146
1801;12,365;0,685055406765908
1802;12,369;0,65391720250078
1803;12,373;0,605733515728447
1804;12,377;0,6117732536247
1805;12,381;0,579963967371099
1806;12,385;0,614755840240134
1807;12,389;0,692944348363731
1808;12,394;0,863607954498852
1809;12,398;1,38387545076204
1810;12,402;2,26631843973736
1811;12,406;3,76438221907129
1812;12,410;6,06871372522235
1813;12,414;9,45235384990043
1814;12,418;13,5313989569
1815;12,422;18,0500773310145
1816;12,427;22,7384052318148
1817;12,431;26,5461542602745
1818;12,435;29,3749736227496
1819;12,439;30,1114786486318
1820;12,443;28,8724376039152
1821;12,447;26,5783661957212
1822;12,451;23,2567638726441
1823;12,455;19,4839260205181
1824;12,460;15,9885432882928
1825;12,464;13,0904384387412
1826;12,468;10,4518633635315
1827;12,472;8,37237414938494
1828;12,476;6,87499636497256
1829;12,480;5,65957740625022
1830;12,484;4,71429131728771
1831;12,488;3,94673756473891
1832;12,493;3,39236419052823
1833;12,497;2,96099268833804
1834;12,501;2,60197873743828
1835;12,505;2,27507233145366
1836;12,509;2,044011346356
1837;12,513;1,87732949335249
1838;12,517;1,68040421206847
1839;12,521;1,56563427910658
1840;12,525;1,47584350904894
1841;12,530;1,33508033373355
1842;12,534;1,28989414650972
1843;12,538;1,25651900228302
1844;12,542;1,14689403123275
1845;12,546;1,09129861672107
1846;12,550;0,968923087889819
1847;12,554;0,937441886163915
1848;12,558;0,92403515932754
1849;12,563;0,853690854002534
1850;12,567;0,830426678402151
1851;12,571;0,788223077793763
1852;12,575;0,742500024979163
1853;12,579;0,675257609734208
1854;12,583;0,660747325850123
1855;12,587;0,634933038693544
1856;12,591;0,598336700922171
1857;12,596;0,576891903157202
1858;12,600;0,575087438254865
1859;12,604;0,559294642126143
1860;12,608;0,525800194434821
1861;12,612;0,50963457497917
1862;12,616;0,501969327377506
1863;12,620;0,506398468501425
1864;12,624;0,448327507098929
1865;12,629;0,440170132705718
1866;12,633;0,422498307009272
1867;12,637;0,438216538472608
1868;12,641;0,431953106580197
1869;12,645;0,419992934252308
1870;12,649;0,390793411287211
1871;12,653;0,419873630787691
1872;12,657;0,375030441024644
1873;12,662;0,386185314966366
1874;12,666;0,385350190714045
1875;12,670;0,3877959117387
1876;12,674;0,37194346387767
1877;12,678;0,367723103816831
1878;12,682;0,373270714921538
1879;12,686;0,359222731962845
1880;12,690;0,324908072952279
1881;12,694;0,32532563507844
1882;12,699;0,31452867153057
1883;12,703;0,315990138972132
1884;12,707;0,321507924210685
1885;12,711;0,280318403051544
1886;12,715;0,302180762942674
1887;12,719;0,241171953723976
1888;12,723;0,273950580627593
1889;12,727;0,267165196077481
1890;12,732;0,235385735690034
1891;12,736;0,218742902375914
1892;12,740;0,268656489385198
1893;12,744;0,226005500784495
1894;12,748;0,246585348430988
1895;12,752;0,240023657877034
1896;12,756;0,23319353452769
1897;12,760;0,196776151953244
1898;12,765;0,18726170065001
1899;12,769;0,214984843240467
1900;12,773;0,199042917780973
1901;12,777;0,193942694668582
1902;12,781;0,196507719157855
1903;12,785;0,194121649865508
1904;12,789;0,198834136717893
1905;12,793;0,172661939167462
1906;12,798;0,203457145971815
1907;12,802;0,183041340589171
1908;12,806;0,189931115670823
1909;12,810;0,204620354751835
1910;12,814;0,171901379580526
1911;12,818;0,218981509305148
1912;12,822;0,269178442042899
1913;12,826;0,402664106016638
1914;12,831;0,787089694879898
1915;12,835;1,58239641588532
1916;12,839;3,07621000929225
1917;12,843;5,77178231472284
1918;12,847;10,2932792331889
1919;12,851;17,1589550149882
1920;12,855;26,7619593148342
1921;12,859;39,0040606425476
1922;12,863;53,348930272941
1923;12,868;68,0363201502508
1924;12,872;82,0076804587934
1925;12,876;93,6265703132119
1926;12,880;100
1927;12,884;99,8411921756612
1928;12,888;94,3662070550402
1929;12,892;83,4464355032794
1930;12,896;70,715980356088
1931;12,901;57,4671814810004
1932;12,905;46,1986560762969
1933;12,909;36,5401607524708
1934;12,913;29,0995317488143
1935;12,917;23,3850896617732
1936;12,921;19,1135782404797
1937;12,925;15,7121618995736
1938;12,929;13,1632732038901
1939;12,934;11,1095087993016
1940;12,938;9,65473726469069
1941;12,942;8,47205219407273
1942;12,946;7,49659724149512
1943;12,950;6,65098919722041
1944;12,954;6,01274548738373
1945;12,958;5,48360479593963
1946;12,962;4,95795373083558
1947;12,967;4,503124184915
1948;12,971;4,1883569064552
1949;12,975;3,93544847439949
1950;12,979;3,68892277770081
1951;12,983;3,3887254348574
1952;12,987;3,22244623104697
1953;12,991;3,0674859434421
1954;12,995;2,91471785699959
1955;13,000;2,75024311809149
1956;13,004;2,67555914924103
1957;13,008;2,58464990920261
1958;13,012;2,45483282676585
1959;13,016;2,31417404198199
1960;13,020;2,2069798790233
1961;13,024;2,13372755174825
1962;13,028;2,04787379602299
1963;13,032;1,95848567515844
1964;13,037;1,89726808487666
1965;13,041;1,83882430014724
1966;13,045;1,77147749437074
1967;13,049;1,7433517025872
1968;13,053;1,65300915400571
1969;13,057;1,63612771376236
1970;13,061;1,61258019243351
1971;13,065;1,58503600503997
1972;13,070;1,5302160630483
1973;13,074;1,54852914486707
1974;13,078;1,50844318075564
1975;13,082;1,51096346644568
1976;13,086;1,58870458657696
1977;13,090;1,62941689387763
1978;13,094;1,67533381482223
1979;13,098;1,75404427560353
1980;13,103;1,7937126775888
1981;13,107;1,90207004932751
1982;13,111;1,90721501123913
1983;13,115;2,08475347952283
1984;13,119;2,41853474765602
1985;13,123;3,07506171344531
1986;13,127;4,23572038190829
1987;13,131;6,16554339969241
1988;13,136;8,7965128790327
1989;13,140;12,3016486694905
1990;13,144;16,2928864265317
1991;13,148;20,2428600977483
1992;13,152;23,5667590125193
1993;13,156;25,5332529327401
1994;13,160;26,1507378397334
1995;13,164;25,3561022007164
1996;13,169;23,171327679045
1997;13,173;20,4591423661665
1998;13,177;17,4416594873321
1999;13,181;14,5350691788596
2000;13,185;11,9409644700861
2001;13,189;9,65463287415915
2002;13,193;7,91307072354121
2003;13,197;6,55933431052813
2004;13,201;5,43876160617658
2005;13,206;4,5478033324142
2006;13,210;4,01740995459161
2007;13,214;3,44090578769441
2008;13,218;3,11222474267361
2009;13,222;2,81259409128713
2010;13,226;2,71093262650007
2011;13,230;2,83632056781291
2012;13,234;3,23024569504633
2013;13,239;4,13835384184745
2014;13,243;5,87527807027839
2015;13,247;8,49844808561932
2016;13,251;12,4531342436884
2017;13,255;17,158910276189
2018;13,259;22,8908303207966
2019;13,263;28,2497182574118
2020;13,267;32,4807112395347
2021;13,272;35,2096437762589
2022;13,276;35,8096358127526
2023;13,280;34,0721747187309
2024;13,284;30,6139550157339
2025;13,288;26,6191828935534
2026;13,292;22,199466743339
2027;13,296;18,1413295685137
2028;13,300;14,8745471874283
2029;13,305;12,2072647160451
2030;13,309;9,9616006886196
2031;13,313;8,2983314366568
2032;13,317;6,94037466358287
2033;13,321;5,92299945612533
2034;13,325;5,11447987641354
2035;13,329;4,54104777373024
2036;13,333;4,04285141842126
2037;13,338;3,5590758693979
2038;13,342;3,26028034226374
2039;13,346;2,91400203621188
2040;13,350;2,73212390440273
2041;13,354;2,48257088228939
2042;13,358;2,27441616239826
2043;13,362;2,13311612149209
2044;13,366;2,05717946626314
2045;13,370;1,88575530054109
2046;13,375;1,78615182051867
2047;13,379;1,68727907421704
2048;13,383;1,62175164627596
2049;13,387;1,50814492209409
2050;13,391;1,44166306643607
2051;13,395;1,33230652818119
2052;13,399;1,27328113906176
2053;13,403;1,24846601842135
2054;13,408;1,18517553044184
2055;13,412;1,12096044061156
2056;13,416;1,09298377815879
2057;13,420;1,02994681004159
2058;13,424;0,991546007367884
2059;13,428;1,00443078154656
2060;13,432;0,91444614335892
2061;13,436;0,871273202100516
2062;13,441;0,903097401287195
2063;13,445;0,861445579202662
2064;13,449;0,832976789958347
2065;13,453;0,787999383797605
2066;13,457;0,853303117742528
2067;13,461;0,774533005228922
2068;13,465;0,740770124742211
2069;13,469;0,740978905805292
2070;13,474;0,708304669433215
2071;13,478;0,672483804181855
2072;13,482;0,640182391136707
2073;13,486;0,665564203234049
2074;13,490;0,656198881261586
2075;13,494;0,62383781648413
2076;13,498;0,649741581239172
2077;13,502;0,604316787086116
2078;13,507;0,581902648671131
2079;13,511;0,611310952699308
2080;13,515;0,568123098507827
2081;13,519;0,572462762033283
2082;13,523;0,548080116452112
2083;13,527;0,536880503711158
2084;13,531;0,535612904399599
2085;13,535;0,567675710515512
2086;13,539;0,718773548453387
2087;13,544;0,947269509061769
2088;13,548;1,42254468623114
2089;13,552;2,34802640006717
2090;13,556;3,97459492372706
2091;13,560;6,56923649809137
2092;13,564;10,4011892169353
2093;13,568;15,4276678752605
2094;13,572;21,3407502308895
2095;13,577;27,2995109005339
2096;13,581;32,1769049668866
2097;13,585;35,9643276675621
2098;13,589;37,254057771808
2099;13,593;36,2016073457529
2100;13,597;32,9896299937261
2101;13,601;28,9017564303449
2102;13,605;24,276912885654
2103;13,610;19,6170388611649
2104;13,614;15,8476757224459
2105;13,618;12,9616503486867
2106;13,622;10,4846270775021
2107;13,626;8,72918098618928
2108;13,630;7,13515248250377
2109;13,634;6,13686582938501
2110;13,638;5,30335217383589
2111;13,643;4,60336892105973
2112;13,647;4,08932011788972
2113;13,651;3,5950011251808
2114;13,655;3,19730302587886
2115;13,659;2,92460513162975
2116;13,663;2,66115325588848
2117;13,667;2,49482931327882
2118;13,671;2,24955630295862
2119;13,676;2,07136166561953
2120;13,680;1,95450392202683
2121;13,684;1,88205689313795
2122;13,688;1,65107047270568
2123;13,692;1,61914188298746
2124;13,696;1,56500793591734
2125;13,700;1,46075162077485
2126;13,704;1,39377763832528
2127;13,708;1,34553429982064
2128;13,713;1,31831819695481
2129;13,717;1,28635978137044
2130;13,721;1,22004196797627
2131;13,725;1,22114552502398
2132;13,729;1,1425543677073
2133;13,733;1,14461235247195
2134;13,737;1,07999461344857
2135;13,741;1,06821339631761
2136;13,746;1,00551942566119
2137;13,750;0,922618430685209
2138;13,754;0,903157053019504
2139;13,758;0,908734489990365
2140;13,762;0,846159822798564
2141;13,766;0,815275138395747
2142;13,770;0,803493921264784
2143;13,774;0,822194739343554
2144;13,779;0,800004294924726
2145;13,783;0,752372386676249
2146;13,787;0,720995575481885
2147;13,791;0,708304669433215
2148;13,795;0,70253336433235
2149;13,799;0,683951849718198
2150;13,803;0,664952772977885
2151;13,807;0,655826057934657
2152;13,812;0,613861064255504
2153;13,816;0,610431089647755
2154;13,820;0,564320300573149
2155;13,824;0,61514357650014
2156;13,828;0,654424242225403
2157;13,832;0,829293295488286
2158;13,836;1,13888578617031
2159;13,840;1,71913309926988
2160;13,845;2,89506261120388
2161;13,849;4,79558171549136
2162;13,853;7,69423834356684
2163;13,857;11,6226777394201
2164;13,861;16,3068001930927
2165;13,865;21,1984957622664
2166;13,869;25,6583873541907
2167;13,873;28,7500024233516
2168;13,877;30,0316198920035
2169;13,882;29,530798860473
2170;13,886;27,3722263622181
2171;13,890;24,4180637972294
2172;13,894;20,9783659571143
2173;13,898;17,579425163099
2174;13,902;14,3538024773066
2175;13,906;11,7527930805184
2176;13,910;9,52606847810088
2177;13,915;7,89562259184093
2178;13,919;6,62419065648074
2179;13,923;5,48387322873501
2180;13,927;4,68807438093805
2181;13,931;4,10274175765917
2182;13,935;3,63122463962524
2183;13,939;3,19545382217729
2184;13,943;2,84792282974695
2185;13,948;2,57155635396085
2186;13,952;2,37640571171302
2187;13,956;2,18146385052827
2188;13,960;2,01254505756318
2189;13,964;1,83461885301947
2190;13,968;1,6590936307012
2191;13,972;1,64808788609025
2192;13,976;1,52994763025291
2193;13,981;1,43150735901052
2194;13,985;1,33515489839893
2195;13,989;1,27545842729103
2196;13,993;1,17020294563237
2197;13,997;1,13755853512644
2198;14,001;1,12966959352862
2199;14,005;1,05222673205888
2200;14,009;1,00784584322123
2201;14,014;0,935503204863883
2202;14,018;0,957708562215787
2203;14,022;0,881637690589149
2204;14,026;0,933012745039996
2205;14,030;0,89295660679472
2206;14,034;0,826728270999013
2207;14,038;0,820285883909676
2208;14,042;0,83269344422988
2209;14,046;0,751492523624696
2210;14,051;0,73361191686517
2211;14,055;0,758814773765586
2212;14,059;0,780363962062095
2213;14,063;0,726394057255821
2214;14,067;0,672990843906479
2215;14,071;0,649652103640709
2216;14,075;0,713076808017909
2217;14,079;0,671156553137987
2218;14,084;0,700102556240772
2219;14,088;0,64422379600062
2220;14,092;0,613413676263189
2221;14,096;0,637498063182817
2222;14,100;0,623464993157201
2223;14,104;0,593236477809779
2224;14,108;0,573551406147916
2225;14,112;0,572596978430977
2226;14,117;0,587852908968921
2227;14,121;0,54039995591737
2228;14,125;0,507561677281444
2229;14,129;0,553389120627584
2230;14,133;0,488637165206517
2231;14,137;0,498599004502065
2232;14,141;0,499284999423615
2233;14,145;0,497033146528963
2234;14,150;0,47033899632083
2235;14,154;0,502864103362136
2236;14,158;0,498241094108213
2237;14,162;0,469101222875425
2238;14,166;0,490486368908085
2239;14,170;0,487518695225729
2240;14,174;0,499270086490538
2241;14,178;0,452488215427459
2242;14,183;0,456991921216764
2243;14,187;0,450877618655125
2244;14,191;0,461182455411449
2245;14,195;0,487086220166491
2246;14,199;0,482164952251025
2247;14,203;0,475707652228611
2248;14,207;0,466044071594606
2249;14,211;0,476438385949392
2250;14,215;0,466625675984615
2251;14,220;0,432445233371744
2252;14,224;0,500299078872863
2253;14,228;0,537879670227328
2254;14,232;0,729853857729724
2255;14,236;1,01713660052831
2256;14,240;1,61548821438355
2257;14,244;2,6595724849823
2258;14,248;4,6062620300767
2259;14,253;7,6231334786549
2260;14,257;12,0747483927214
2261;14,261;18,4373811159616
2262;14,265;26,5727887587503
2263;14,269;36,567451420002
2264;14,273;48,0779391638825
2265;14,277;60,5331910440679
2266;14,281;72,9775564831069
2267;14,286;83,0778623622772
2268;14,290;89,983639021121
2269;14,294;91,261408953039
2270;14,298;87,9448770272082
2271;14,302;80,9012601279321
2272;14,306;71,8722397092932
2273;14,310;62,4202139439205
2274;14,314;52,7936024710134
2275;14,319;44,3050714858904
2276;14,323;36,9455986640398
2277;14,327;30,4829001598517
2278;14,331;25,1499159879915
2279;14,335;20,8041083341076
2280;14,339;17,6513502393302
2281;14,343;14,7888276481007
2282;14,347;12,6448698242615
2283;14,352;10,8328738907201
2284;14,356;9,5112301096891
2285;14,360;8,46584841391263
2286;14,364;7,54540727145669
2287;14,368;6,89232519320823
2288;14,372;6,15400078949068
2289;14,376;5,68196171879905
2290;14,380;5,19557640648719
2291;14,384;4,79164470115899
2292;14,389;4,4622329224174
2293;14,393;4,10354705604534
2294;14,397;3,90074607912892
2295;14,401;3,58687357665374
2296;14,405;3,35894430750229
2297;14,409;3,15129662733579
2298;14,413;2,99605299400247
2299;14,417;2,87036679402809
2300;14,422;2,74924395157532
2301;14,426;2,59422401223815
2302;14,430;2,42033921255836
2303;14,434;2,34886152431949
2304;14,438;2,22758955253595
2305;14,442;2,21524164394806
2306;14,446;2,07726718711809
2307;14,450;1,9993321988568
2308;14,455;1,98037786091572
2309;14,459;1,86453419677227
2310;14,463;1,80476316099898
2311;14,467;1,77067219598457
2312;14,471;1,7443956079026
2313;14,475;1,66596849284977
2314;14,479;1,62033491763363
2315;14,483;1,6330258236823
2316;14,488;1,55173542547866
2317;14,492;1,50213501006399
2318;14,496;1,4538618456932
2319;14,500;1,45654617364709
2320;14,504;1,4298221975728
2321;14,508;1,38245872211971
2322;14,512;1,40157710232464
2323;14,516;1,43091084168743
2324;14,521;1,64404648122633
2325;14,525;1,99030987434512
2326;14,529;2,65565038358301
2327;14,533;3,83970744404407
2328;14,537;5,88741719780321
2329;14,541;8,65727082289117
2330;14,545;12,570946414998
2331;14,549;16,7311178779373
2332;14,553;20,936192182372
2333;14,558;24,740705104354
2334;14,562;26,7083174945557
2335;14,566;27,3578204688656
2336;14,570;26,3876148687311
2337;14,574;24,229549410201
2338;14,578;21,5874996215843
2339;14,582;18,7468841290452
2340;14,586;16,4458483811042
2341;14,591;14,6892838198106
2342;14,595;14,0295654863428
2343;14,599;14,4523471390805
2344;14,603;16,0671791844087
2345;14,607;18,7671806309632
2346;14,611;21,9301540848984
2347;14,615;25,3460807096886
2348;14,619;27,8876322422982
2349;14,624;29,9881486920836
2350;14,628;31,325331749381
2351;14,632;32,0146075162077
2352;14,636;33,4579110052823
2353;14,640;34,5641225550805
2354;14,644;36,4769150032905
2355;14,648;38,7179858473283
2356;14,652;40,9042218364412
2357;14,657;42,2139800098097
2358;14,661;41,9814277314044
2359;14,665;40,1094519810266
2360;14,669;36,6611046397267
2361;14,673;32,4053711016288
2362;14,677;27,7518350736975
2363;14,681;23,3608710584559
2364;14,685;19,6177397690195
2365;14,690;16,3470203736018
2366;14,694;13,789392699135
2367;14,698;11,6731431049532
2368;14,702;10,0755354973292
2369;14,706;8,7411858973164
2370;14,710;7,72246852588192
2371;14,714;6,88874608926971
2372;14,718;6,18112741475805
2373;14,722;5,6752658118474
2374;14,727;5,17730806346765
2375;14,731;4,76251974285928
2376;14,735;4,34901393449554
2377;14,739;4,07563004532488
2378;14,743;3,81684591763677
2379;14,747;3,51210013020482
2380;14,751;3,30023208997748
2381;14,755;3,13152207807547
2382;14,760;2,99005799490544
2383;14,764;2,81149053423942
2384;14,768;2,62770354699639
2385;14,772;2,57626884081324
2386;14,776;2,38878344616707
2387;14,780;2,28973174466851
2388;14,784;2,26700443465891
2389;14,788;2,12269198127115
2390;14,793;2,02698077678188
2391;14,797;1,93168713441877
2392;14,801;1,8835929252449
2393;14,805;1,81614172893686
2394;14,809;1,77953047823241
2395;14,813;1,67724267025611
2396;14,817;1,64072089715012
2397;14,821;1,56942216410818
2398;14,826;1,54800719220936
2399;14,830;1,48543252501756
2400;14,834;1,4249904072558
2401;14,838;1,43013536916742
2402;14,842;1,37266092508801
2403;14,846;1,37039415926028
2404;14,850;1,33773483582128
2405;14,854;1,33821204967975
2406;14,859;1,31731903043864
2407;14,863;1,26402020762084
2408;14,867;1,20733614899452
2409;14,871;1,1714258061447
2410;14,875;1,18474305538261
2411;14,879;1,13797609725261
2412;14,883;1,1379164455203
2413;14,887;1,12928185726862
2414;14,891;1,17742080524172
2415;14,896;1,1817455558341
2416;14,900;1,30659663155615
2417;14,904;1,54448774000315
2418;14,908;2,01020372707006
2419;14,912;2,81413012339408
2420;14,916;4,16944730731335
2421;14,920;6,72404765636546
2422;14,924;10,1228393210499
2423;14,929;14,611483047947
2424;14,933;20,0112622470599
2425;14,937;25,779047895718
2426;14,941;31,0982077786157
2427;14,945;34,6495736616127
2428;14,949;36,0850180349556
2429;14,953;35,2225732892368
2430;14,957;32,0702625824517
2431;14,962;27,9635092457948
2432;14,966;23,4540768901882
2433;14,970;19,6517859952347
2434;14,974;16,0798551775243
2435;14,978;13,386266292193
2436;14,982;11,2482587286516
2437;14,986;9,44878965889499
2438;14,990;8,30633968171924
2439;14,995;7,17291202905517
2440;14,999;6,42933827289445
2441;15,003;5,78080463923452
2442;15,007;5,14784010770717
2443;15,011;4,68749277654804
2444;15,015;4,36004950497264
2445;15,019;4,0113403908292
2446;15,023;3,71859951452438
2447;15,028;3,52614811316351
2448;15,032;3,27192734299701
2449;15,036;3,0244472185814
2450;15,040;2,87504945501432
2451;15,044;2,8011856974831
2452;15,048;2,6017699563752
2453;15,052;2,53282746675945
2454;15,056;2,45830754017283
2455;15,060;2,32307706302906
2456;15,065;2,16307620404412
2457;15,069;2,17606536875433
2458;15,073;2,08439556912898
2459;15,077;2,01748123841172
2460;15,081;1,89327141881198
2461;15,085;1,875882938844
2462;15,089;1,83463376595255
2463;15,093;1,71392848562595
2464;15,098;1,64055685488627
2465;15,102;1,62237798946521
2466;15,106;1,54733611022089
2467;15,110;1,54201219311234
2468;15,114;1,44343770547226
2469;15,118;1,47366622081968
2470;15,122;1,38797650735826
2471;15,126;1,34738350352221
2472;15,131;1,34938183655455
2473;15,135;1,31150298653854
2474;15,139;1,34022529564517
2475;15,143;1,29207143473899
2476;15,147;1,33864452473899
2477;15,151;1,23983143016967
2478;15,155;1,2864492589689
2479;15,159;1,18498166231184
2480;15,164;1,19823925981744
2481;15,168;1,14233067371114
2482;15,172;1,11254954635603
2483;15,176;1,12409215655776
2484;15,180;1,09459437493112
2485;15,184;1,1883370722542
2486;15,188;1,2515679085014
2487;15,192;1,50068845555551
2488;15,197;1,84847296784816
2489;15,201;2,70462445580843
2490;15,205;4,08016357698034
2491;15,209;6,2592115323501
2492;15,213;9,30895108543038
2493;15,217;13,3633003752541
2494;15,221;17,7331625901916
2495;15,225;22,3207834539218
2496;15,229;26,2038875332204
2497;15,234;28,5274268971749
2498;15,238;29,1683996737647
2499;15,242;28,3532438388335
2500;15,246;26,1001382578026
2501;15,250;23,0309224141235
2502;15,254;19,8830855872616
2503;15,258;16,7258834384273
2504;15,262;14,0224371043319
2505;15,267;11,8224663038549
2506;15,271;9,77019319257414
2507;15,275;8,43644010988446
2508;15,279;7,3615308066152
2509;15,283;6,48330817770072
2510;15,287;5,97576141335235
2511;15,291;5,77700184129985
2512;15,295;5,77709131889831
2513;15,300;6,45387004780639
2514;15,304;7,76420982556491
2515;15,308;9,61582942229236
2516;15,312;12,1144466205728
2517;15,316;14,867731977012
2518;15,320;18,1470113960161
2519;15,324;20,7637688501338
2520;15,328;22,3692803122887
2521;15,333;22,8880714281773
2522;15,337;22,3014562926538
2523;15,341;21,0967895586801
2524;15,345;19,0460823053724
2525;15,349;16,9984471162787
2526;15,353;14,4753279689525
2527;15,357;12,4203407038517
2528;15,361;10,5914036783346
2529;15,366;8,93134070698338
2530;15,370;7,55873943362768
2531;15,374;6,5833888715816
2532;15,378;5,67848700539207
2533;15,382;4,95283859479011
2534;15,386;4,48424441163931
2535;15,390;3,98224525839565
2536;15,394;3,67840915988141
2537;15,399;3,37290281286252
2538;15,403;3,09784867518722
2539;15,407;2,87977685479978
2540;15,411;2,66514992195316
2541;15,415;2,52557978128394
2542;15,419;2,34493942292019
2543;15,423;2,20056731780012
2544;15,427;2,13624783743829
2545;15,431;2,00719131458847
2546;15,436;1,9561592575984
2547;15,440;1,84711589093814
2548;15,444;1,79363811292341
2549;15,448;1,68611586543703
2550;15,452;1,65163716416261
2551;15,456;1,58967392722697
2552;15,460;1,60478072843415
2553;15,464;1,52763612562595
2554;15,469;1,5068325839833
2555;15,473;1,39045205424907
2556;15,477;1,39215212861987
2557;15,481;1,37154245510722
2558;15,485;1,29418907123595
2559;15,489;1,36539832667943
2560;15,493;1,32534218843416
2561;15,497;1,25750325586611
2562;15,502;1,22791599664101
2563;15,506;1,2046667339737
2564;15,510;1,23441803546266
2565;15,514;1,18976871382961
2566;15,518;1,15327676658978
2567;15,522;1,15338115712132
2568;15,526;1,12248155978543
2569;15,530;1,10017181190198
2570;15,535;1,10524220914822
2571;15,539;1,07215041064998
2572;15,543;1,06816865751838
2573;15,547;1,0416982013064
2574;15,551;1,0373883636471
2575;15,555;1,0556119678674
2576;15,559;0,989428370870926
2577;15,563;1,08660104280176
2578;15,568;1,27099946030095
2579;15,572;1,525712357259
2580;15,576;2,03242399735504
2581;15,580;2,90137078189552
2582;15,584;4,3105683930226
2583;15,588;6,43634735144072
2584;15,592;9,39538644554565
2585;15,596;13,728518106314
2586;15,600;19,1943168601595
2587;15,605;26,1477999919172
2588;15,609;34,131528192378
2589;15,613;42,7778081835913
2590;15,617;51,4884523939657
2591;15,621;58,6314490792681
2592;15,625;62,7033210654575
2593;15,629;63,9993444274619
2594;15,633;61,3393692932865
2595;15,638;55,1313985989896
2596;15,642;47,5760742270366
2597;15,646;39,7616525558008
2598;15,650;33,1066666925158
2599;15,654;27,3781467966498
2600;15,658;22,7247002463169
2601;15,662;19,3145449266276
2602;15,666;16,2683993904189
2603;15,671;14,1464381428686
2604;15,675;12,5210775667879
2605;15,679;10,973547588437
2606;15,683;9,77732157458502
2607;15,687;8,86599223423923
2608;15,691;7,98181934502696
2609;15,695;7,39195319009262
2610;15,699;6,70649513413363
2611;15,704;6,26380471573787
2612;15,708;5,75097877308019
2613;15,712;5,30679706137671
2614;15,716;4,94642603356692
2615;15,720;4,66200657391916
2616;15,724;4,45373255056342
2617;15,728;4,16211014423938
2618;15,732;3,9480499028497
2619;15,737;3,80072503698035
2620;15,741;3,60986931945874
2621;15,745;3,44452963043217
2622;15,749;3,31557749811389
2623;15,753;3,17005709714687
2624;15,757;2,90866320617026
2625;15,761;2,86950184390961
2626;15,765;2,76931675949719
2627;15,769;2,6762302312295
2628;15,774;2,51528985746069
2629;15,778;2,50438850338128
2630;15,782;2,35572147353499
2631;15,786;2,40740969958045
2632;15,790;2,25777332908414
2633;15,794;2,20733778941716
2634;15,798;2,12870189330124
2635;15,802;2,06526227599097
2636;15,807;2,00399994690996
2637;15,811;1,94580968204285
2638;15,815;1,94873261692597
2639;15,819;1,86853086283696
2640;15,823;1,82379206360545
2641;15,827;1,79217664548185
2642;15,831;1,76419998302908
2643;15,835;1,70059632345496
2644;15,840;1,69656983152412
2645;15,844;1,66886160186674
2646;15,848;1,60006824158176
2647;15,852;1,57850414035217
2648;15,856;1,55025904510402
2649;15,860;1,57246440245592
2650;15,864;1,5150645230419
2651;15,868;1,52132795493431
2652;15,873;1,4841052739737
2653;15,877;1,46279469260642
2654;15,881;1,42764490934353
2655;15,885;1,42493075552349
2656;15,889;1,42038231093495
2657;15,893;1,3832491075728
2658;15,897;1,31602160526092
2659;15,901;1,29101261649051
2660;15,906;1,26127622793464
2661;15,910;1,25635496001917
2662;15,914;1,21986301277934
2663;15,918;1,24488691448283
2664;15,922;1,21987792571242
2665;15,926;1,1748856066186
2666;15,930;1,23227057309954
2667;15,934;1,20991608641687
2668;15,938;1,14936957812356
2669;15,943;1,20181836375597
2670;15,947;1,24199380546586
2671;15,951;1,26539219746394
2672;15,955;1,46579219215493
2673;15,959;1,7752952052385
2674;15,963;2,23391263616067
2675;15,967;3,0954476929618
2676;15,971;4,43404747890156
2677;15,976;6,47388320399595
2678;15,980;9,12547726978197
2679;15,984;12,41403253316
2680;15,988;16,2137584036242
2681;15,992;20,3722894439251
2682;15,996;23,9757312892275
2683;16,000;26,9805232620132
2684;16,004;28,4414090991858
2685;16,009;28,5828433564896
2686;16,013;27,3387170015937
2687;16,017;25,0113450138385
2688;16,021;22,2744638837841
2689;16,025;19,4926202605021
2690;16,029;16,8651254945688
2691;16,033;14,5627475826508
2692;16,037;12,5598810186547
2693;16,042;10,9311053808994
2694;16,046;9,42118581976915
2695;16,050;8,37640064131577
2696;16,054;7,43864558355724
2697;16,058;6,63771668678173
2698;16,062;6,04158709995498
2699;16,066;5,48822780519355
2700;16,070;5,08202933403762
2701;16,075;4,70479177891756
2702;16,079;4,35875207979493
2703;16,083;3,98461641475492
2704;16,087;3,8564695808228
2705;16,091;3,52793766513277
2706;16,095;3,35372478092529
2707;16,099;3,17621613850774
2708;16,103;3,07884959844691
2709;16,107;2,90636661447637
2710;16,112;2,77407398514881
2711;16,116;2,61702588691314
2712;16,120;2,55246779962208
2713;16,124;2,46137960438673
2714;16,128;2,35482669755036
2715;16,132;2,22849924145366
2716;16,136;2,11605572605181
2717;16,140;2,03234943268966
2718;16,145;2,01142658758239
2719;16,149;1,96005153313154
2720;16,153;1,89911728857823
2721;16,157;1,83303808211329
2722;16,161;1,73889273559713
2723;16,165;1,73300212703164
2724;16,169;1,69804621189876
2725;16,173;1,65591717595576
2726;16,178;1,62437632249755
2727;16,182;1,5882870244508
2728;16,186;1,52267011891125
2729;16,190;1,52647291684593
2730;16,194;1,49188982503998
2731;16,198;1,45721725563556
2732;16,202;1,44749402326925
2733;16,206;1,38963184292983
2734;16,211;1,36295260565478
2735;16,215;1,36779930890486
2736;16,219;1,30427021399612
2737;16,223;1,32118148010563
2738;16,227;1,28331754302269
2739;16,231;1,27013451018248
2740;16,235;1,25838311891767
2741;16,239;1,24795897869673
2742;16,244;1,15593126867752
2743;16,248;1,12543432053471
2744;16,252;1,09341625321802
2745;16,256;1,12374915909699
2746;16,260;1,13979547508802
2747;16,264;1,12756686996474
2748;16,268;1,07121089586612
2749;16,272;1,13761818685875
2750;16,276;1,10531677381361
2751;16,281;1,10691245765286
2752;16,285;1,05747608450205
2753;16,289;1,07218023651614
2754;16,293;1,06115957897211
2755;16,297;1,09638392690038
2756;16,301;1,05158547593657
2757;16,305;1,03576285394169
2758;16,309;1,04636594935956
2759;16,314;1,09987355324044
2760;16,318;1,06596154342296
2761;16,322;1,06526063556833
2762;16,326;1,09536984745113
2763;16,330;1,07807084508162
2764;16,334;1,06806426698684
2765;16,338;1,0721354977169
2766;16,342;1,07571460165543
2767;16,347;1,04321932048027
2768;16,351;1,03967004240791
2769;16,355;1,01846385157217
2770;16,359;1,00757741042584
2771;16,363;0,987549341303202
2772;16,367;1,02943977031697
2773;16,371;0,89890686709251
2774;16,375;0,889914368446978
2775;16,380;0,933117135571536
2776;16,384;0,897236618587868
2777;16,388;0,901307849317935
2778;16,392;0,893225039590109
2779;16,396;0,883680762420721
2780;16,400;0,877775240922162
2781;16,404;0,889422241655431
2782;16,408;0,855793577566415
2783;16,413;0,941885940220911
2784;16,417;0,997541006464906
2785;16,421;1,02074553033298
2786;16,425;1,14877306080048
2787;16,429;1,22183151994553
2788;16,433;1,42302190008961
2789;16,437;1,55610491487027
2790;16,441;1,73878834506559
2791;16,445;1,92874928660256
2792;16,450;2,03922429483823
2793;16,454;2,1655070121357
2794;16,458;2,19589956974697
2795;16,462;2,22627721442516
2796;16,466;2,18541577779372
2797;16,470;2,06198143071399
2798;16,474;1,99983923858143
2799;16,478;1,79905150763043
2800;16,483;1,68842737006399
2801;16,487;1,54848440606783
2802;16,491;1,45219159718855
2803;16,495;1,33123279699964
2804;16,499;1,21000556401533
2805;16,503;1,20099815243672
2806;16,507;1,13108632217095
2807;16,511;1,05659622145049
2808;16,516;1,06414216558754
2809;16,520;0,971726719308326
2810;16,524;0,956276920640379
2811;16,528;0,940663079708583
2812;16,532;0,878327019446017
2813;16,536;0,887990600080023
2814;16,540;0,832290795036797
2815;16,544;0,843013193919281
2816;16,549;0,7783358031636
2817;16,553;0,787805515667602
2818;16,557;0,820449926173525
2819;16,561;0,820032364047364
2820;16,565;0,788387120057612
2821;16,569;0,79013193322764
2822;16,573;0,808534492644867
2823;16,577;0,736147115488289
2824;16,582;0,783048290015985
2825;16,586;0,796499755651591
2826;16,590;0,80109293903936
2827;16,594;0,75994815667945
2828;16,598;0,769000307057292
2829;16,602;0,708573102228604
2830;16,606;0,773101363653513
2831;16,610;0,777381375446661
2832;16,614;0,760395544671766
2833;16,619;0,72924242747356
2834;16,623;0,752924165200104
2835;16,627;0,749553842324664
2836;16,631;0,742992151770709
2837;16,635;0,659539378270872
2838;16,639;0,709139793685536
2839;16,643;0,681014001901995
2840;16,647;0,724172030227322
2841;16,652;0,708975751421687
2842;16,656;0,652142563464596
2843;16,660;0,683996588517429
2844;16,664;0,682356165878941
2845;16,668;0,697761225747656
2846;16,672;0,698521785334592
2847;16,676;0,706216858802411
2848;16,680;0,742857935373015
2849;16,685;0,702950926458511
2850;16,689;0,692586437969879
2851;16,693;0,669128394239492
2852;16,697;0,68093943723661
2853;16,701;0,712420638962513
2854;16,705;0,668159053589476
2855;16,709;0,706395813999337
2856;16,713;0,666623021482528
2857;16,718;0,687978341649033
2858;16,722;0,686844958735168
2859;16,726;0,672752236977244
2860;16,730;0,648339765529918
2861;16,734;0,630966198495017
2862;16,738;0,6915276197214
2863;16,742;0,658197214293927
2864;16,746;0,660016592129342
2865;16,751;0,658420908290085
2866;16,755;0,653738247303854
2867;16,759;0,613980367720121
2868;16,763;0,625776497784162
2869;16,767;0,640838560192102
2870;16,771;0,625254545126461
2871;16,775;0,62799852481266
2872;16,779;0,611817992423932
2873;16,783;0,619826237486371
2874;16,788;0,620363103077149
2875;16,792;0,633322441921209
2876;16,796;0,66787570786101
2877;16,800;0,667830969061778
2878;16,804;0,60998370165544
2879;16,808;0,655766406202348
2880;16,812;0,58849416509124
2881;16,816;0,626238798709554
2882;16,821;0,577503333413366
2883;16,825;0,621615789455632
2884;16,829;0,605972122657682
2885;16,833;0,648205549132224
2886;16,837;0,614174235850124
2887;16,841;0,606106339055376
2888;16,845;0,63800510290744
2889;16,849;0,630131074242695
2890;16,854;0,653678595571545
2891;16,858;0,655274279410802
2892;16,862;0,599410432103727
2893;16,866;0,620706100537924
2894;16,870;0,649831058837635
2895;16,874;0,585824750070426
2896;16,878;0,610416176714678
2897;16,882;0,643343932949067
2898;16,887;0,595369027239814
2899;16,891;0,618603376974044
2900;16,895;0,646714255824507
2901;16,899;0,650233708030719
2902;16,903;0,658092823762387
2903;16,907;0,66413256165864
2904;16,911;0,65391720250078
2905;16,915;0,618663028706352
2906;16,920;0,609849485257745
2907;16,924;0,636826981194344
2908;16,928;0,64590895743834
2909;16,932;0,623643948354127
2910;16,936;0,655065498347722
2911;16,940;0,620407841876381
2912;16,944;0,647653770608369
2913;16,948;0,627461659221882
2914;16,952;0,552255737713719
2915;16,957;0,608865231674652
2916;16,961;0,593400520073628
2917;16,965;0,550600402142153
2918;16,969;0,5595183361223
2919;16,973;0,578383196464919
2920;16,977;0,569241568488615
2921;16,981;0,57948675351263
2922;16,985;0,617380516461716
2923;16,990;0,583006205718841
2924;16,994;0,54861698204289
2925;16,998;0,579650795776478
2926;17,002;0,60018590462374
2927;17,006;0,591148667178976
2928;17,010;0,576832251424893
2929;17,014;0,558563908405362
2930;17,018;0,563246569391593
2931;17,023;0,607045853839238
2932;17,027;0,587778344303535
2933;17,031;0,596517323086756
2934;17,035;0,627506398021113
2935;17,039;0,616813825004783
2936;17,043;0,585198406881185
2937;17,047;0,573804926010228
2938;17,051;0,583677287707314
2939;17,056;0,634202304972762
2940;17,060;0,600364859820666
2941;17,064;0,601364026336836
2942;17,068;0,614278626381665
2943;17,072;0,618081424316343
2944;17,076;0,571180249788646
2945;17,080;0,608283627284643
2946;17,084;0,644701009859089
2947;17,089;0,642240375901356
2948;17,093;0,674631266544967
2949;17,097;0,754609326637824
2950;17,101;0,917205035978197
2951;17,105;1,1116547703714
2952;17,109;1,44276662348378
2953;17,113;2,10937473203323
2954;17,117;2,80958167880555
2955;17,121;3,88768234975332
2956;17,126;5,25730103649359
2957;17,130;6,74042205688419
2958;17,134;8,41399614560332
2959;17,138;10,039371634617
2960;17,142;11,473279975853
2961;17,146;12,4859576093912
2962;17,150;12,9391169068071
2963;17,154;13,2092348636339
2964;17,159;12,9542386209474
2965;17,163;12,4500472665414
2966;17,167;11,528741173967
2967;17,171;10,5608023396602
2968;17,175;9,52970723377171
2969;17,179;8,44352375309611
2970;17,183;7,55529454608685
2971;17,187;6,69815880454349
2972;17,192;5,96969184958995
2973;17,196;5,25321489283044
2974;17,200;4,63335882947792
2975;17,204;4,30258997382631
2976;17,208;3,82797096571233
2977;17,212;3,56225232414334
2978;17,216;3,17054922393842
2979;17,220;2,95654863428105
2980;17,225;2,73694078178666
2981;17,229;2,46486923072679
2982;17,233;2,37891108446998
2983;17,237;2,2084860852641
2984;17,241;2,03655487981742
2985;17,245;1,90499298421063
2986;17,249;1,87224418317317
2987;17,253;1,80689571042902
2988;17,258;1,73737161642326
2989;17,262;1,62398858623754
2990;17,266;1,60956777995192
2991;17,270;1,52759138682672
2992;17,274;1,48552200261603
2993;17,278;1,39170474062756
2994;17,282;1,34450530743832
2995;17,286;1,32212099488949
2996;17,290;1,27759097672106
2997;17,295;1,24440970062436
2998;17,299;1,24036829576045
2999;17,303;1,17236532092856
3000;17,307;1,21336097395769
3001;17,311;1,16862217472619
3002;17,315;1,11911123690999
3003;17,319;1,12181047779695
3004;17,323;1,09748748394809
3005;17,328;1,05067578701886
3006;17,332;1,02359390055072
3007;17,336;1,02718791742232
3008;17,340;0,965612416746687
3009;17,344;1,01142494715975
3010;17,348;0,9748136964553
3011;17,352;0,948462543707943
3012;17,356;0,872839060073619
3013;17,361;0,904066741937211
3014;17,365;0,887453734489245
3015;17,369;0,889645935651589
3016;17,373;0,884784319468432
3017;17,377;0,862101748258058
3018;17,381;0,862280703454984
3019;17,385;0,821866654815856
3020;17,389;0,871437244364365
3021;17,394;0,851632869237885
3022;17,398;0,79181709466536
3023;17,402;0,830471417201382
3024;17,406;0,783227245212911
3025;17,410;0,78318250641368
3026;17,414;0,787194085411438
3027;17,418;0,833185571021427
3028;17,422;0,752148692680091
3029;17,427;0,804493087780954
3030;17,431;0,817109429164239
3031;17,435;0,786642306887583
3032;17,439;0,72945120853664
3033;17,443;0,743767624290722
3034;17,447;0,741635074860687
3035;17,451;0,761588579317939
3036;17,455;0,733328571136704
3037;17,459;0,737176107870614
3038;17,464;0,746168606516146
3039;17,468;0,750001230316979
3040;17,472;0,718698983788001
3041;17,476;0,697224360156878
3042;17,480;0,70748445811397
3043;17,484;0,701683327146952
3044;17,488;0,679910444854285
3045;17,492;0,686710742337474
3046;17,497;0,660091156794728
3047;17,501;0,698834956929212
3048;17,505;0,674004923355726
3049;17,509;0,690767060134464
3050;17,513;0,658987599747017
3051;17,517;0,68510014556514
3052;17,521;0,637453324383585
3053;17,525;0,690304759209072
3054;17,530;0,659897288664724
3055;17,534;0,626850228965718
3056;17,538;0,674318094950347
3057;17,542;0,634888299894312
3058;17,546;0,681237695898153
3059;17,550;0,642881632023675
3060;17,554;0,615874310220922
3061;17,558;0,684682583438979
3062;17,563;0,66165701476783
3063;17,567;0,633367180720441
3064;17,571;0,607090592638469
3065;17,575;0,63837792623437
3066;17,579;0,665415073903277
3067;17,583;0,649875797636867
3068;17,587;0,678061241152716
3069;17,591;0,607016027973083
3070;17,596;0,650994267617654
3071;17,600;0,68056661390968
3072;17,604;0,670724078078749
3073;17,608;0,661597363035522
3074;17,612;0,669695085696424
3075;17,616;0,606240555453071
3076;17,620;0,608939796340038
3077;17,624;0,640256955802093
3078;17,628;0,681983342552011
3079;17,633;0,653663682638468
3080;17,637;0,614338278113973
3081;17,641;0,65770508750238
3082;17,645;0,639347266884386
3083;17,649;0,647236208482208
3084;17,653;0,640599953262868
3085;17,657;0,61266802960933
3086;17,661;0,591372361175133
3087;17,666;0,652634690256143
3088;17,670;0,585705446605809
3089;17,674;0,605554560531521
3090;17,678;0,566080026676255
3091;17,682;0,588852075485092
3092;17,686;0,601930717793769
3093;17,690;0,585183493948108
3094;17,694;0,586093182865815
3095;17,699;0,558146346279201
3096;17,703;0,600215730489894
3097;17,707;0,610699522443144
3098;17,711;0,558355127342281
3099;17,715;0,603526401633026
3100;17,719;0,6117732536247
3101;17,723;0,585496665542729
3102;17,727;0,588180993496619
3103;17,732;0,527738875734853
3104;17,736;0,570031953941704
3105;17,740;0,559399032657683
3106;17,744;0,589657373871259
3107;17,748;0,583543071309619
3108;17,752;0,590462672257426
3109;17,756;0,582886902254224
3110;17,760;0,617544558725565
3111;17,765;0,580575397627263
3112;17,769;0,631711845148875
3113;17,773;0,583722026506545
3114;17,777;0,613339111597803
3115;17,781;0,561442104489255
3116;17,785;0,592192572494377
3117;17,789;0,571940809375582
3118;17,793;0,591506577572828
3119;17,797;0,617827904454031
3120;17,802;0,579963967371099
3121;17,806;0,598694611316023
3122;17,810;0,603272881770714
3123;17,814;0,612578552010867
3124;17,818;0,572119764572508
3125;17,822;0,642449156964437
3126;17,826;0,615680442090918
3127;17,830;0,658033172030078
3128;17,835;0,596219064425213
3129;17,839;0,604555394015351
3130;17,843;0,632218884873499
3131;17,847;0,629937206112692
3132;17,851;0,627983611879583
3133;17,855;0,629325775856528
3134;17,859;0,59434003485749
3135;17,863;0,601915804860692
3136;17,868;0,596875233480608
3137;17,872;0,581634215875742
3138;17,876;0,618797245104047
3139;17,880;0,604779088011508
3140;17,884;0,599798168363734
3141;17,888;0,612518900278559
3142;17,892;0,609685442993897
3143;17,896;0,623494819023355
3144;17,901;0,56594581027856
3145;17,905;0,625358935658001
3146;17,909;0,606344945984611
3147;17,913;0,589031030682018
3148;17,917;0,597635793067544
3149;17,921;0,642792154425212
3150;17,925;0,583259725581153
3151;17,929;0,597948964662165
3152;17,934;0,601856153128383
3153;17,938;0,62652214443802
3154;17,942;0,609670530060819
3155;17,946;0,616649782740934
3156;17,950;0,573491754415608
3157;17,954;0,593832995132866
3158;17,958;0,608164323820025
3159;17,962;0,619110416698667
3160;17,966;0,572403110300974
3161;17,971;0,602497409250701
3162;17,975;0,627864308414965
3163;17,979;0,605867732126141
3164;17,983;0,57158289898173
3165;17,987;0,59117849304513
3166;17,991;0,631726758081952
3167;17,995;0,607075679705392
3168;17,999;0,604212396554576
3169;18,004;0,615859397287845
3170;18,008;0,623166734495657
3171;18,012;0,617022606067864
3172;18,016;0,61788755618634
3173;18,020;0,600633292616055
3174;18,024;0,585511578475806
3175;18,028;0,604644871613814
3176;18,032;0,619184981364053
3177;18,037;0,572626804297132
3178;18,041;0,626030017646474
3179;18,045;0,607806413426173
3180;18,049;0,610595131911604
3181;18,053;0,614621623842439
3182;18,057;0,589060856548172
3183;18,061;0,590432846391271
3184;18,065;0,567973969177055
3185;18,070;0,617335777662484
3186;18,074;0,60276584204609
3187;18,078;0,615024273035523
3188;18,082;0,623569383688741
3189;18,086;0,584273805030401
3190;18,090;0,570956555792489
3191;18,094;0,582976379852687
3192;18,098;0,560532415571548
3193;18,103;0,586764264854288
3194;18,107;0,570091605674013
3195;18,111;0,572060112840199
3196;18,115;0,602914971376862
3197;18,119;0,627700266151117
3198;18,123;0,558474430806899
3199;18,127;0,534688302548814
3200;18,131;0,599320954505264
3201;18,135;0,590074935997419
3202;18,140;0,557087528030722
3203;18,144;0,579397275914167
3204;18,148;0,554418113009909
3205;18,152;0,578964800854929
3206;18,156;0,584989625818105
3207;18,160;0,611907470022395
3208;18,164;0,595040942712117
3209;18,168;0,551480265193706
3210;18,173;0,539042879007347
3211;18,177;0,617320864729407
3212;18,181;0,557669132420731
3213;18,185;0,573760187210997
3214;18,189;0,616202394748619
3215;18,193;0,546573910211318
3216;18,197;0,583707113573468
3217;18,201;0,568346792503984
3218;18,206;0,572850498293289
3219;18,210;0,604615045747659
3220;18,214;0,605748428661524
3221;18,218;0,612682942542408
3222;18,222;0,635022516292007
3223;18,226;0,598888479446026
3224;18,230;0,625403674457233
3225;18,234;0,657227873643911
3226;18,239;0,614666362641671
3227;18,243;0,634112827374299
3228;18,247;0,6131452434678
3229;18,251;0,610818825907761
3230;18,255;0,596949798145994
3231;18,259;0,563649218584676
3232;18,263;0,59286365448285
3233;18,267;0,592804002750541
3234;18,272;0,589895980800493
3235;18,276;0,567079193192425
3236;18,280;0,57811476366953
3237;18,284;0,551346048796012
3238;18,288;0,563649218584676
3239;18,292;0,554701458738375
3240;18,296;0,573044366423293
3241;18,300;0,557326134959957
3242;18,304;0,561635972619258
3243;18,309;0,620497319474844
3244;18,313;0,54119034137046
3245;18,317;0,570911816993257
3246;18,321;0,581216653749581
3247;18,325;0,550018797752144
3248;18,329;0,528678390518715
3249;18,333;0,502148282574432
3250;18,337;0,568003795043209
3251;18,342;0,528827519849487
3252;18,346;0,566467762936261
3253;18,350;0,531019721011831
3254;18,354;0,561457017422332
3255;18,358;0,538327058219643
3256;18,362;0,515152360217723
3257;18,366;0,53892357554273
3258;18,370;0,52317551821324
3259;18,375;0,504459787201393
3260;18,379;0,555402366593002
3261;18,383;0,523578167406323
3262;18,387;0,530244248491818
3263;18,391;0,542010552689704
3264;18,395;0,518671812423935
3265;18,399;0,53981835152736
3266;18,403;0,508680147262232
3267;18,408;0,535419036269595
3268;18,412;0,483835200755668
3269;18,416;0,510603915629186
3270;18,420;0,510857435491498
3271;18,424;0,490754801703475
3272;18,428;0,507725719545293
3273;18,432;0,487816953887272
3274;18,436;0,525322980576352
3275;18,441;0,504444874268316
3276;18,445;0,534300566288808
3277;18,449;0,503967660409846
3278;18,453;0,556386620176095
3279;18,457;0,494512860838921
3280;18,461;0,532138190992618
3281;18,465;0,52764939813639
3282;18,469;0,563693957383908
3283;18,473;0,500656989266715
3284;18,478;0,469787217796975
3285;18,482;0,513467198780003
3286;18,486;0,555745364053777
3287;18,490;0,498509526903602
3288;18,494;0,527798527467162
3289;18,498;0,512363641732292
3290;18,502;0,513437372913848
3291;18,506;0,496585758536648
3292;18,511;0,499747300349007
3293;18,515;0,526844099750223
3294;18,519;0,559563074921532
3295;18,523;0,511200432952273
3296;18,527;0,498375310505908
3297;18,531;0,521326314511671
3298;18,535;0,537477021034245
3299;18,539;0,485013322468764
3300;18,544;0,467162541575393
3301;18,548;0,556535749506867
3302;18,552;0,538789359145036
3303;18,556;0,518403379628546
3304;18,560;0,521654399039368
3305;18,564;0,518358640829314
3306;18,568;0,519849934137031
3307;18,572;0,536283986388071
3308;18,577;0,520058715200111
3309;18,581;0,503236926689065
3310;18,585;0,531884671130306
3311;18,589;0,536612070915769
3312;18,593;0,507233592753746
3313;18,597;0,524950157249423
3314;18,601;0,53397248176111
3315;18,605;0,508650321396077
3316;18,610;0,552360128245259
3317;18,614;0,551599568658324
3318;18,618;0,544128189186662
3319;18,622;0,538863923810421
3320;18,626;0,526784448017915
3321;18,630;0,536865590778081
3322;18,634;0,534330392154962
3323;18,638;0,513064549586919
3324;18,642;0,504325570803698
3325;18,647;0,512557509862295
3326;18,651;0,518209511498542
3327;18,655;0,493245261527362
3328;18,659;0,533629484300335
3329;18,663;0,531765367665689
3330;18,667;0,531347805539528
3331;18,671;0,520535929058581
3332;18,675;0,513869847973086
3333;18,680;0,523086040614777
3334;18,684;0,540310478318907
3335;18,688;0,506353729702193
3336;18,692;0,511588169212279
3337;18,696;0,48161317372717
3338;18,700;0,496242761075873
3339;18,704;0,491038147431941
3340;18,708;0,507502025549135
3341;18,713;0,557266483227648
3342;18,717;0,514898840355411
3343;18,721;0,52438346579249
3344;18,725;0,497704228517435
3345;18,729;0,516106787934662
3346;18,733;0,512229425334598
3347;18,737;0,543815017592042
3348;18,741;0,530587245952593
3349;18,746;0,499508693419773
3350;18,750;0,479301669100209
3351;18,754;0,495288333358934
3352;18,758;0,480077141620222
3353;18,762;0,522519349157844
3354;18,766;0,473276844137033
3355;18,770;0,50953018444763
3356;18,774;0,501984240310583
3357;18,779;0,480494703746382
3358;18,783;0,494647077236616
3359;18,787;0,485028235401842
3360;18,791;0,497689315584358
3361;18,795;0,460421895824513
3362;18,799;0,485818620854932
3363;18,803;0,478272676717884
3364;18,807;0,503386056019837
3365;18,811;0,51032056990072
3366;18,816;0,430208293410169
3367;18,820;0,47260576214856
3368;18,824;0,528395044790249
3369;18,828;0,497197188792811
3370;18,832;0,498986740762072
3371;18,836;0,474410227050897
3372;18,840;0,501909675645197
3373;18,844;0,489949503317307
3374;18,849;0,477422639532485
3375;18,853;0,462151796061465
