#"+EI TIC Scan 140C_1ml-min_6C-min_1.d "
#Point;X(Minutes);Y(Counts)
0;5,041;10,4628504743622
1;5,046;10,2278266896118
2;5,050;9,62689409427065
3;5,055;9,30742981476855
4;5,059;8,83209624318862
5;5,064;8,56386552229993
6;5,068;8,33462471418316
7;5,072;7,89331130983065
8;5,077;7,51479741735878
9;5,081;7,29951707627159
10;5,086;7,03566876736305
11;5,090;6,86303787894874
12;5,095;6,53331785182297
13;5,099;6,19966720776654
14;5,104;6,08717024044081
15;5,108;5,73418276826573
16;5,112;5,57790686064337
17;5,117;5,46717189401069
18;5,121;5,14228607391457
19;5,126;4,90572618599589
20;5,130;4,83235466995694
21;5,135;4,73467658025484
22;5,139;4,44963908352471
23;5,144;4,42171814946555
24;5,148;4,31446200471403
25;5,152;4,19261287986363
26;5,157;4,14562619471553
27;5,161;3,89072342778711
28;5,166;3,80370770125323
29;5,170;3,73878475263995
30;5,175;3,82638781273818
31;5,179;3,56118411868114
32;5,184;3,52964882422597
33;5,188;3,46020792511768
34;5,192;3,3701199922472
35;5,197;3,31247094393088
36;5,201;3,26318010403033
37;5,206;3,1029735794773
38;5,210;3,0766339280914
39;5,215;3,14404174947693
40;5,219;3,07125756700233
41;5,224;3,01948185432953
42;5,228;2,82670090670748
43;5,232;2,89939473017218
44;5,237;2,85218214749934
45;5,241;2,76525677997536
46;5,246;2,67403935948112
47;5,250;2,7123515796788
48;5,255;2,70846614225309
49;5,259;2,72247178878762
50;5,263;2,63771503750125
51;5,268;2,48500831076994
52;5,272;2,56203936670984
53;5,277;2,51360693740334
54;5,281;2,52101637621516
55;5,286;2,46752384235425
56;5,290;2,37752626849367
57;5,295;2,40540202304787
58;5,299;2,35963518453343
59;5,303;2,33144317344457
60;5,308;2,37910755116692
61;5,312;2,30826608740517
62;5,317;2,29950126344486
63;5,321;2,33451537978118
64;5,326;2,31260331988038
65;5,330;2,29281469671224
66;5,335;2,26588771176199
67;5,339;2,19500106849529
68;5,343;2,20268158433681
69;5,348;2,17412813720835
70;5,352;2,16531813374308
71;5,357;2,06339317057567
72;5,361;2,12149401394149
73;5,366;2,06709788998158
74;5,370;2,04355936790258
75;5,375;2,01423786918997
76;5,379;1,98979575701197
77;5,383;2,06872435215978
78;5,388;1,93454122245801
79;5,392;2,00032258166534
80;5,397;1,98916324394267
81;5,401;1,99499140008123
82;5,406;2,0501555756253
83;5,410;1,94172476374507
84;5,415;1,93937542948767
85;5,419;1,96711564552703
86;5,423;1,84906159909243
87;5,428;1,92586675750759
88;5,432;1,93558035107186
89;5,437;1,94533912414108
90;5,441;1,98934396196247
91;5,446;1,8831269458248
92;5,450;1,87260012117143
93;5,455;1,87345853176548
94;5,459;1,86293170711211
95;5,463;1,87973848295355
96;5,468;1,86853396572592
97;5,472;1,84860980404293
98;5,477;1,9288486048343
99;5,481;1,82276712721148
100;5,486;1,75355212562794
101;5,490;1,89884941354744
102;5,494;1,7828284448356
103;5,499;1,74713663592503
104;5,503;1,79231614087512
105;5,508;1,75382320265764
106;5,512;1,7609163849348
107;5,517;1,81847507424122
108;5,521;1,75843151216255
109;5,526;1,78431936849895
110;5,530;1,68871953602456
111;5,534;1,65876552424264
112;5,539;1,684698560084
113;5,543;1,71727298315301
114;5,548;1,67534640255933
115;5,552;1,62226048424297
116;5,557;1,68975866463841
117;5,561;1,73868806849936
118;5,566;1,79407814156817
119;5,570;2,01103012433852
120;5,574;2,55828946779899
121;5,579;3,63446527571019
122;5,583;5,57067813985135
123;5,588;8,46081107150876
124;5,592;11,8687914889041
125;5,597;15,3149034084774
126;5,601;18,3450928054801
127;5,606;20,13307171388
128;5,610;21,1053798399109
129;5,614;21,2892152455529
130;5,619;20,5653040377375
131;5,623;20,3180817866506
132;5,628;19,3512855602236
133;5,632;18,6796470396355
134;5,637;17,9190952533057
135;5,641;17,5239101235072
136;5,646;16,6560570129209
137;5,650;16,0147791196593
138;5,654;15,4794019860007
139;5,659;14,9193116631344
140;5,663;14,2326283673979
141;5,668;13,7263920144321
142;5,672;13,0192424029533
143;5,677;12,5425986257298
144;5,681;11,973020606824
145;5,685;11,3990149964331
146;5,690;10,9773546767339
147;5,694;10,5013434125797
148;5,699;9,87276096020905
149;5,703;9,61451490991433
150;5,708;9,25782271833335
151;5,712;8,6761365921009
152;5,717;8,30150813705474
153;5,721;8,02442223319582
154;5,725;7,53557998963582
155;5,730;7,20567924449025
156;5,734;6,70983417766298
157;5,739;6,51045702231822
158;5,743;6,05979146044105
159;5,748;5,67169951291976
160;5,752;5,27046032945799
161;5,757;4,96391738837161
162;5,761;4,58540349589973
163;5,765;4,32096785342684
164;5,770;4,03574963867691
165;5,774;3,69862017273932
166;5,779;3,42758832254371
167;5,783;3,28572467700042
168;5,788;3,0761821330419
169;5,792;2,8843499550238
170;5,797;2,77361498839113
171;5,801;2,66780458779801
172;5,805;2,48686067047289
173;5,810;2,29832659631615
174;5,814;2,25978847859372
175;5,819;2,08503415344677
176;5,823;1,99476550255648
177;5,828;1,93454122245801
178;5,832;1,91055090532951
179;5,837;1,75169976592498
180;5,841;1,82190871661743
181;5,845;1,66549727048021
182;5,850;1,59226129295611
183;5,854;1,58313503295619
184;5,859;1,56673487265931
185;5,863;1,56171994760985
186;5,868;1,45496077741278
187;5,872;1,4658942176107
188;5,876;1,41271794028444
189;5,881;1,40598619404688
190;5,885;1,4191786094923
191;5,890;1,32723831691887
192;5,894;1,29068809741424
193;5,899;1,29755538216666
194;5,903;1,34806606870086
195;5,908;1,32791600949312
196;5,912;1,31802169790905
197;5,916;1,2441983868206
198;5,921;1,28802250662219
199;5,925;1,32633472681986
200;5,930;1,25305356979081
201;5,934;1,25187890266211
202;5,939;1,32389503355256
203;5,943;1,26859531949365
204;5,948;1,22332545553365
205;5,952;1,25910762345413
206;5,956;1,243836950781
207;5,961;1,15456224899961
208;5,965;1,25874618741453
209;5,970;1,1725888714747
210;5,974;1,16870343404899
211;5,979;1,24794828573145
212;5,983;1,13775547315818
213;5,988;1,21347632345453
214;5,992;1,22657837989006
215;5,996;1,18600718444488
216;6,001;1,25766187929572
217;6,005;1,23389745969198
218;6,010;1,18772400563298
219;6,014;1,15085752959371
220;6,019;1,14100839751459
221;6,023;1,19260339216759
222;6,028;1,20191037018731
223;6,032;1,12420162167315
224;6,036;1,19468164939529
225;6,041;1,22553925127621
226;6,045;1,19269375117749
227;6,050;1,45324395622467
228;6,054;1,91290023958691
229;6,059;2,66690099769901
230;6,063;4,0802062715478
231;6,067;5,52698955856461
232;6,072;7,60556304280351
233;6,076;9,47012121209383
234;6,081;11,3281283531664
235;6,085;12,3757958934541
236;6,090;13,0553860069134
237;6,094;13,4688236567117
238;6,099;13,2439652605751
239;6,103;13,0379918975076
240;6,107;12,6324606610756
241;6,112;12,0940113210803
242;6,116;11,6931335736582
243;6,121;11,007127970496
244;6,125;10,7960493233691
245;6,130;10,1402236295136
246;6,134;9,73871336902213
247;6,139;9,30020109397653
248;6,143;8,81528946734719
249;6,147;8,56151618804252
250;6,152;8,01904587210676
251;6,156;7,78000111141582
252;6,161;7,31664010864767
253;6,165;6,94987288746282
254;6,170;6,45759700152662
255;6,174;6,17707745529149
256;6,179;5,9377164380659
257;6,183;5,60429169153422
258;6,187;5,30208598292305
259;6,192;5,06638450559842
260;6,196;4,77619654530397
261;6,201;4,4443079019406
262;6,205;4,18732687778447
263;6,210;3,80257821362948
264;6,214;3,50498081452322
265;6,219;3,27036364531739
266;6,223;3,10586506779411
267;6,227;2,88828057195446
268;6,232;2,66486791997625
269;6,236;2,52201032532406
270;6,241;2,20923261255457
271;6,245;2,04080341810063
272;6,250;2,01012653423951
273;6,254;1,93413460691346
274;6,258;1,72414026790543
275;6,263;1,60726088859954
276;6,267;1,58268323790669
277;6,272;1,48392084008579
278;6,276;1,42631697127442
279;6,281;1,31287123434474
280;6,285;1,32660580384956
281;6,290;1,2476320291968
282;6,294;1,19129318652404
283;6,298;1,11936741464349
284;6,303;1,04337548731744
285;6,307;1,06244123840637
286;6,312;1,09054289048533
287;6,316;1,00474701058511
288;6,321;0,97239848504084
289;6,325;0,87959978187335
290;6,330;0,936345240090666
291;6,334;0,943980576427232
292;6,338;0,856648593358703
293;6,343;0,896406557714784
294;6,347;0,847928948903335
295;6,352;0,8794642433585
296;6,356;0,864329109200219
297;6,361;0,823486836725335
298;6,365;0,792177439794921
299;6,370;0,758247631577402
300;6,374;0,754633271181394
301;6,378;0,764753480290215
302;6,383;0,79159010623057
303;6,387;0,787072155735561
304;6,392;0,806996317418551
305;6,396;0,721968489102477
306;6,401;0,748308140488381
307;6,405;0,7818765126663
308;6,410;0,768503379201073
309;6,414;0,744603421082474
310;6,418;0,803110879992843
311;6,423;0,784180667418755
312;6,427;0,803698213557195
313;6,432;0,817026167517472
314;6,436;0,77708748514159
315;6,441;0,780159691478197
316;6,445;0,741847471280518
317;6,450;0,71835412870647
318;6,454;0,74275106137952
319;6,458;0,755943476824947
320;6,463;0,692601810884917
321;6,467;0,717405359102518
322;6,472;0,787207694250411
323;6,476;0,749663525636884
324;6,481;0,74270588187457
325;6,485;0,715010845340163
326;6,489;0,69883658256803
327;6,494;0,680945498607794
328;6,498;0,718941462270821
329;6,503;0,749979782171535
330;6,507;0,752193577914089
331;6,512;0,748940653557683
332;6,516;0,722872079201479
333;6,521;0,722013668607428
334;6,525;0,719167359795572
335;6,529;0,717360179597568
336;6,534;0,719122180290622
337;6,538;0,695628837716574
338;6,543;0,69404755504332
339;6,547;0,694725247617572
340;6,552;0,682752678805797
341;6,556;0,706336380389745
342;6,561;0,719754693359923
343;6,565;0,695583658211623
344;6,569;0,657361797023845
345;6,574;0,644621176627919
346;6,578;0,655148001281291
347;6,583;0,67900277989494
348;6,587;0,666533236528714
349;6,592;0,673942675340529
350;6,596;0,696758325340326
351;6,601;0,718580026231221
352;6,605;0,724995515934134
353;6,609;0,669876519895021
354;6,614;0,662196004053505
355;6,618;0,751741782864588
356;6,623;0,745597370191376
357;6,627;0,931420674051106
358;6,632;1,38529398077973
359;6,636;2,30654926621707
360;6,641;4,05544790283515
361;6,645;6,60691526538667
362;6,649;10,1340792168404
363;6,654;14,6673455640277
364;6,658;19,4029709138865
365;6,663;23,6271642677103
366;6,667;27,243964356985
367;6,672;29,4532873285494
368;6,676;30,4933647120055
369;6,680;30,7169129024986
370;6,685;29,9889355392377
371;6,689;29,2976439339964
372;6,694;28,1117722880663
373;6,698;26,7806033542168
374;6,703;25,5849729352176
375;6,707;23,936101722559
376;6,712;23,1497524389026
377;6,716;21,6551692356486
378;6,720;20,9388481846649
379;6,725;19,4539785749752
380;6,729;18,0983223494427
381;6,734;17,1945063529161
382;6,738;15,6708275484742
383;6,743;14,9231067415502
384;6,747;14,1002072383892
385;6,752;13,0395280006759
386;6,756;12,2293691179108
387;6,760;11,3202219398001
388;6,765;10,3307456018881
389;6,769;9,71824705327974
390;6,774;8,44843188715244
391;6,778;7,82965338735597
392;6,783;7,08681196696655
393;6,787;6,19361315410322
394;6,792;5,53747120371303
395;6,796;5,04980362728173
396;6,800;4,41299850501018
397;6,805;3,86338982729231
398;6,809;3,53787149412689
399;6,814;3,06714623205188
400;6,818;2,75314867264873
401;6,823;2,49964647037377
402;6,827;2,31364244849423
403;6,832;2,03849926334817
404;6,836;1,9053100827553
405;6,840;1,73213704028159
406;6,845;1,56050010097619
407;6,849;1,47411688751162
408;6,854;1,32872924058222
409;6,858;1,14349327028684
410;6,863;1,09153683959423
411;6,867;1,03226132909971
412;6,871;0,981841001575409
413;6,876;0,973211716129942
414;6,880;0,902641329397897
415;6,885;0,88470506593271
416;6,889;0,788427540884063
417;6,894;0,805324675735398
418;6,898;0,798773647517635
419;6,903;0,721155258013376
420;6,907;0,704529200191742
421;6,911;0,704032225637291
422;6,916;0,680132267518692
423;6,920;0,66969580187522
424;6,925;0,617242396628163
425;6,929;0,650268614746681
426;6,934;0,648506614053627
427;6,938;0,628311375340936
428;6,943;0,60608305890549
429;6,947;0,558418681183143
430;6,951;0,598447722568925
431;6,956;0,597589311974873
432;6,960;0,581143972173039
433;6,965;0,593613515539265
434;6,969;0,554533243757435
435;6,974;0,583628844945294
436;6,978;0,528148412866581
437;6,983;0,599712748707527
438;6,987;0,538810776034803
439;6,991;0,548208113064422
440;6,996;0,523811180391372
441;7,000;0,558283142668292
442;7,005;0,565195606925657
443;7,009;0,538494519500152
444;7,014;0,590089514153158
445;7,018;0,506778507025187
446;7,023;0,570346070489967
447;7,027;0,486763986332296
448;7,031;0,53244046583684
449;7,036;0,557650629598991
450;7,040;0,491010859797605
451;7,045;0,492456603956008
452;7,049;0,492004808906507
453;7,054;0,491417475342156
454;7,058;0,526747848213128
455;7,062;0,471267416134414
456;7,067;0,467381978708706
457;7,071;0,480167778609583
458;7,076;0,460243616926592
459;7,080;0,479851522074932
460;7,085;0,446509047421764
461;7,089;0,524940668015124
462;7,094;0,509895892866743
463;7,098;0,494173425144111
464;7,102;0,463180284748348
465;7,107;0,439099608609949
466;7,111;0,45427992227318
467;7,116;0,430876938709032
468;7,120;0,442081455936655
469;7,125;0,407970929699335
470;7,129;0,514820458906304
471;7,134;0,406886621580533
472;7,138;0,436795453857494
473;7,142;0,500046760787623
474;7,147;0,476372700193775
475;7,151;0,470544544055213
476;7,156;0,478586495936329
477;7,160;0,476146802669024
478;7,165;0,466930183659206
479;7,169;0,415877343065601
480;7,174;0,464626028906751
481;7,178;0,374538096036266
482;7,182;0,444340431184159
483;7,187;0,450891459401923
484;7,191;0,461779720094895
485;7,196;0,41032026395674
486;7,200;0,425862013659571
487;7,205;0,40087774742217
488;7,209;0,465755516530503
489;7,214;0,480755112173934
490;7,218;0,425455398115021
491;7,222;0,488254909995649
492;7,227;0,437563505441645
493;7,231;0,430786579699132
494;7,236;0,409868468907239
495;7,240;0,431735349303083
496;7,245;0,467065722174056
497;7,249;0,419582062471509
498;7,254;0,387188357422292
499;7,258;0,384658305145087
500;7,262;0,460876129995893
501;7,267;0,453195614154377
502;7,271;0,461960438114695
503;7,276;0,417006830689353
504;7,280;0,475107674055172
505;7,285;0,445198841778211
506;7,289;0,418994728907157
507;7,293;0,441268224847553
508;7,298;0,423422320392267
509;7,302;0,420666370590311
510;7,307;0,434265401580289
511;7,311;0,594065310588766
512;7,316;0,832387199200503
513;7,320;1,28214917097867
514;7,325;2,09221769473383
515;7,329;3,38019502185107
516;7,333;5,20707348401301
517;7,338;7,57782282676416
518;7,342;10,138958603375
519;7,347;12,7680443554308
520;7,351;14,6930527023443
521;7,356;16,6393857755943
522;7,360;17,6512711479615
523;7,365;17,8416575818212
524;7,369;17,9085232491473
525;7,373;17,3631614448948
526;7,378;16,9168782949978
527;7,382;16,0848525318369
528;7,387;15,0910389614497
529;7,391;14,5948324585828
530;7,396;13,6049495051263
531;7,400;12,8479217201825
532;7,405;11,8945438067257
533;7,409;11,1252723759405
534;7,413;10,1206609038702
535;7,418;9,39476179783708
536;7,422;8,7452160551696
537;7,427;8,04050613695805
538;7,431;7,27674660577674
539;7,436;6,46356069618003
540;7,440;5,92470474064027
541;7,445;5,32282337569514
542;7,449;4,6407483894636
543;7,453;4,05346000461735
544;7,458;3,54885011382976
545;7,462;3,09818455195259
546;7,467;2,76539231849021
547;7,471;2,47832174403732
548;7,476;2,01586433136818
549;7,480;1,80157793938989
550;7,484;1,59745693602537
551;7,489;1,49937223077872
552;7,493;1,34052109137419
553;7,498;1,15849286593027
554;7,502;1,09609996959419
555;7,507;0,965124584743875
556;7,511;0,861392441378463
557;7,516;0,764120967220914
558;7,520;0,724769618409383
559;7,524;0,670960828013823
560;7,529;0,689665143063161
561;7,533;0,634772044548799
562;7,538;0,624877732964729
563;7,542;0,536596980292248
564;7,547;0,565376324945457
565;7,551;0,505242403856884
566;7,556;0,476643777223475
567;7,560;0,44940053573857
568;7,564;0,42527468009522
569;7,569;0,433135913956536
570;7,573;0,436976171877294
571;7,578;0,441900737916854
572;7,582;0,398212156630115
573;7,587;0,384567946135187
574;7,591;0,412308162174544
575;7,596;0,373589326432315
576;7,600;0,393784565145006
577;7,604;0,343816032670204
578;7,609;0,325608692175316
579;7,613;0,328906796036673
580;7,618;0,35682773009583
581;7,622;0,379236764551076
582;7,627;0,447548176035616
583;7,631;0,393377949600455
584;7,636;0,331527207323778
585;7,640;0,320729305640706
586;7,644;0,344674443264255
587;7,649;0,377068148313472
588;7,653;0,325066538115915
589;7,658;0,304012888809172
590;7,662;0,34706895702661
591;7,667;0,35651147356118
592;7,671;0,373227890392714
593;7,675;0,367354554749202
594;7,680;0,281694213363826
595;7,684;0,364417886927446
596;7,689;0,328003205937671
597;7,693;0,319283561482303
598;7,698;0,358815628313634
599;7,702;0,336587311878189
600;7,707;0,402504209600374
601;7,711;0,379417482570876
602;7,715;0,373589326432315
603;7,720;0,406480006035982
604;7,724;0,426675244748673
605;7,729;0,397715182075664
606;7,733;0,428527604451627
607;7,738;0,37648081474912
608;7,742;0,376842250788721
609;7,747;0,399748259798418
610;7,751;0,370381581580858
611;7,755;0,362655886234392
612;7,760;0,343228699105852
613;7,764;0,360442090491838
614;7,769;0,385290818214388
615;7,773;0,365457015541298
616;7,778;0,368438862868004
617;7,782;0,330081463165376
618;7,787;0,299766015343863
619;7,791;0,317928176333801
620;7,795;0,361210142075989
621;7,800;0,339975774749446
622;7,804;0,298546168710211
623;7,809;0,321858793264459
624;7,813;0,361119783066089
625;7,818;0,343002801581102
626;7,822;0,363288399303693
627;7,827;0,275730518710414
628;7,831;0,33215972039308
629;7,835;0,335819260294037
630;7,840;0,304735760888374
631;7,844;0,273381184453009
632;7,849;0,301979811086418
633;7,853;0,267914464354048
634;7,858;0,313997559403143
635;7,862;0,312100020195239
636;7,866;0,373634505937265
637;7,871;0,289510267720192
638;7,875;0,248758354255209
639;7,880;0,306136325541826
640;7,884;0,277582878413368
641;7,889;0,321949152274359
642;7,893;0,306588120591327
643;7,898;0,317386022274399
644;7,902;0,326647820789168
645;7,906;0,271619183759956
646;7,911;0,257749075740277
647;7,915;0,326196025739668
648;7,920;0,291317447918196
649;7,924;0,280474366730174
650;7,929;0,300624425937915
651;7,933;0,2686825159382
652;7,938;0,262583282769937
653;7,942;0,266604258710496
654;7,946;0,268050002868899
655;7,951;0,286031445839035
656;7,955;0,304374324848773
657;7,960;0,294344474749852
658;7,964;0,31264217425464
659;7,969;0,315669201086296
660;7,973;0,260911641086784
661;7,978;0,246589738017605
662;7,982;0,282281546928178
663;7,986;0,29326016663105
664;7,991;0,316753509205098
665;7,995;0,260911641086784
666;8,000;0,352897113165172
667;8,004;0,342641365541501
668;8,009;0,286709138413287
669;8,013;0,362926963264093
670;8,018;0,368393683363054
671;8,022;0,330578437719826
672;8,026;0,27369744098766
673;8,031;0,323665973462462
674;8,035;0,310473558017035
675;8,040;0,316392073165498
676;8,044;0,384432407620337
677;8,049;0,432413041877335
678;8,053;0,364779322967047
679;8,057;0,368845478412555
680;8,062;0,354297677818625
681;8,066;0,309298890888333
682;8,071;0,345171417818706
683;8,075;0,349689368313716
684;8,080;0,393377949600455
685;8,084;0,514097586827102
686;8,089;0,818110475636274
687;8,093;1,33225324196833
688;8,097;2,55187397809607
689;8,102;4,27172219303124
690;8,106;7,36412376835022
691;8,111;11,3550101586117
692;8,115;16,456770216586
693;8,120;22,5785931373236
694;8,124;28,2193898688574
695;8,129;33,3801995398016
696;8,133;37,1759556481836
697;8,137;40,4393616497387
698;8,142;41,6309710927973
699;8,146;42,2782578602173
700;8,151;41,1286653567622
701;8,155;39,5665839731128
702;8,160;37,6539548105556
703;8,164;35,2823018777054
704;8,169;33,1488352949521
705;8,173;30,2042610598299
706;8,177;28,092119203413
707;8,182;25,2268349994782
708;8,186;22,7597629521734
709;8,191;20,5025045258569
710;8,195;18,1047378391456
711;8,200;16,2024999627269
712;8,204;14,099529545815
713;8,209;12,1252303590009
714;8,213;10,3633652044621
715;8,217;8,67211561616035
716;8,222;7,43333876993376
717;8,226;6,17734853232119
718;8,231;5,38200852717976
719;8,235;4,47349386213835
720;8,240;3,71655643620451
721;8,244;3,20241366987245
722;8,249;2,59542702086796
723;8,253;2,30429029096957
724;8,257;2,02381592423939
725;8,262;1,72621852513313
726;8,266;1,56668969315436
727;8,271;1,39875747325486
728;8,275;1,27559814276091
729;8,280;1,23163848444447
730;8,284;1,10644607622776
731;8,288;0,955004375635054
732;8,293;0,926947903061047
733;8,297;0,851859565833993
734;8,302;0,687089911281006
735;8,306;0,624019322370677
736;8,311;0,606444494945091
737;8,315;0,620901936529121
738;8,320;0,616519524548962
739;8,324;0,562304118608851
740;8,328;0,527199643262629
741;8,333;0,552951961084182
742;8,337;0,509037482272692
743;8,342;0,577665150291882
744;8,346;0,620901936529121
745;8,351;0,587785359400703
746;8,355;0,554759141282185
747;8,360;0,455228691877132
748;8,364;0,506326711975686
749;8,368;0,518570357817161
750;8,373;0,524082257421073
751;8,377;0,533976569005143
752;8,382;0,521461846133967
753;8,386;0,428482424946677
754;8,391;0,485227883163993
755;8,395;0,396630873956862
756;8,400;0,44452114920396
757;8,404;0,314855969997194
758;8,408;0,379778918610477
759;8,413;0,367490093264052
760;8,417;0,33247597692773
761;8,422;0,28336585504698
762;8,426;0,32231058831396
763;8,431;0,324434025046614
764;8,435;0,344719622769205
765;8,440;0,316753509205098
766;8,444;0,276453390789616
767;8,448;0,269676465047102
768;8,453;0,25413471534427
769;8,457;0,286031445839035
770;8,462;0,30315447821512
771;8,466;0,275820877720314
772;8,471;0,236333990393934
773;8,475;0,251785381086865
774;8,479;0,233352143067228
775;8,484;0,246725276532455
776;8,488;0,266875335740196
777;8,493;0,242433223562196
778;8,497;0,270625234651054
779;8,502;0,240219427819642
780;8,506;0,263532052373889
781;8,511;0,232719629997926
782;8,515;0,247628866631457
783;8,519;0,287070574452887
784;8,524;0,22951188514647
785;8,528;0,335141567719786
786;8,533;0,381902355343132
787;8,537;0,398618772174666
788;8,542;0,43015406662983
789;8,546;0,435801504748592
790;8,551;0,394326719204407
791;8,555;0,452969716629627
792;8,559;0,372505018313512
793;8,564;0,396133899402411
794;8,568;0,399928977818218
795;8,573;0,322897921878311
796;8,577;0,401465080986522
797;8,582;0,363966091877945
798;8,586;0,320684126135756
799;8,591;0,356059678511679
800;8,595;0,349418291284015
801;8,599;0,31264217425464
802;8,604;0,281829751878677
803;8,608;0,290007242274643
804;8,613;0,287432010492488
805;8,617;0,236424349403834
806;8,622;0,239903171284991
807;8,626;0,279615956136122
808;8,631;0,259375537918481
809;8,635;0,277628057918318
810;8,639;0,27342636395796
811;8,644;0,235114143760281
812;8,648;0,261182718116484
813;8,653;0,29791365564091
814;8,657;0,260459846037283
815;8,662;0,251740201581915
816;8,666;0,202630079701165
817;8,670;0,262628462274887
818;8,675;0,221289215245553
819;8,679;0,177058479899412
820;8,684;0,245234352869102
821;8,688;0,211169006136732
822;8,693;0,153519957820414
823;8,697;0,180537301780569
824;8,702;0,216364649205993
825;8,706;0,222102446334655
826;8,710;0,223548190493057
827;8,715;0,245957224948303
828;8,719;0,379824098115427
829;8,724;0,603688545143135
830;8,728;1,06908262563404
831;8,733;1,8807776115674
832;8,737;3,14932775155609
833;8,742;4,86330263084775
834;8,746;7,31817621181598
835;8,750;9,94825591298066
836;8,755;12,881038297311
837;8,759;15,6256480435241
838;8,764;17,8458592757816
839;8,768;19,4859204849749
840;8,773;20,2753419749678
841;8,777;20,5941285618957
842;8,782;20,6107997992223
843;8,786;19,4578640124009
844;8,790;18,537964112112
845;8,795;17,3716100123204
846;8,799;16,0849428908468
847;8,804;14,7833665327396
848;8,808;13,3274569857228
849;8,813;11,7390359506875
850;8,817;10,3983341412935
851;8,822;9,41522811357947
852;8,826;8,26658437972832
853;8,830;6,93500883033424
854;8,835;5,99102825390701
855;8,839;5,01533166500481
856;8,844;4,29128491867463
857;8,848;3,5442869838298
858;8,853;3,08377228987351
859;8,857;2,56655731720485
860;8,861;2,09447666998134
861;8,866;1,78056946958809
862;8,870;1,57084620760976
863;8,875;1,28892609672119
864;8,879;1,08087447642601
865;8,884;0,931962828110507
866;8,888;0,790370259596917
867;8,893;0,750115320686385
868;8,897;0,698068530983879
869;8,901;0,629892658014189
870;8,906;0,545135906727816
871;8,910;0,464535669896851
872;8,915;0,412805136728995
873;8,919;0,431238374748633
874;8,924;0,394597796234108
875;8,928;0,426449347223923
876;8,933;0,350412240392917
877;8,937;0,47415890445122
878;8,941;0,677285958706836
879;8,946;1,13102372692061
880;8,950;1,89008458958712
881;8,955;3,05797479254701
882;8,959;4,78527762579894
883;8,964;7,31785995528133
884;8,968;10,3937710112935
885;8,973;13,5639265146316
886;8,977;16,5973236564858
887;8,981;19,436900722104
888;8,986;21,2443971766424
889;8,990;23,2427318600899
890;8,995;23,9408003910738
891;8,999;23,7273272301846
892;9,004;23,1681856769223
893;9,008;22,0025544492099
894;9,013;20,3938929959569
895;9,017;18,7752920516149
896;9,021;16,8965926972752
897;9,026;15,0081345698663
898;9,030;13,2000056022586
899;9,035;11,5009399596005
900;9,039;9,8930013784267
901;9,044;8,58433183804232
902;9,048;7,14559050290662
903;9,052;6,03778904153036
904;9,057;5,03724372490561
905;9,061;4,18294446580431
906;9,066;3,45510264105832
907;9,070;2,86727210215267
908;9,075;2,29660977512805
909;9,079;1,94452589305198
910;9,084;1,6843371240444
911;9,088;1,39243234256185
912;9,092;1,20959088602883
913;9,097;1,10111489464365
914;9,101;0,89902696900189
915;9,106;0,773789381280234
916;9,110;0,711803100488707
917;9,115;0,707646586033298
918;9,119;0,554216987222784
919;9,124;0,556792219004939
920;9,128;0,473752288906669
921;9,132;0,440771250293102
922;9,137;0,396133899402411
923;9,141;0,399206105739017
924;9,146;0,419310985441808
925;9,150;0,365908810590799
926;9,155;0,326828538808969
927;9,159;0,309660326927934
928;9,164;0,285986266334085
929;9,168;0,270760773165904
930;9,172;0,304826119898274
931;9,177;0,310021762967534
932;9,181;0,230008859700921
933;9,186;0,279480417621272
934;9,190;0,242794659601797
935;9,195;0,22987332118607
936;9,199;0,236650246928584
937;9,204;0,204392080394218
938;9,208;0,264164565443191
939;9,212;0,182886636037974
940;9,217;0,178820480592466
941;9,221;0,263532052373889
942;9,226;0,166622014255941
943;9,230;0,206154081087272
944;9,235;0,212524391285235
945;9,239;0,166938270790592
946;9,244;0,22011454811685
947;9,248;0,216093572176292
948;9,252;0,179227096137017
949;9,257;0,217539316334695
950;9,261;0,155959651087719
951;9,266;0,130568769305767
952;9,270;0,148414673761054
953;9,275;0,182254122968673
954;9,279;0,198247667721006
955;9,283;0,155372317523368
956;9,288;0,142767235642292
957;9,292;0,177690992968714
958;9,297;0,162646217820333
959;9,301;0,175341658711309
960;9,306;0,170507451681649
961;9,310;0,202042746136813
962;9,315;0,217945931879246
963;9,319;0,172404990889553
964;9,323;0,209407005443679
965;9,328;0,202042746136813
966;9,332;0,148279135246203
967;9,337;0,18591366286963
968;9,341;0,16120047366193
969;9,346;0,206470337621923
970;9,350;0,16115529415698
971;9,355;0,138565541681934
972;9,359;0,166576834750991
973;9,363;0,124198459107804
974;9,368;0,11710527683064
975;9,372;0,129123025147364
976;9,377;0,130613948810717
977;9,381;0,152074213662011
978;9,386;0,136306566434429
979;9,390;0,152435649701612
980;9,395;0,152842265246163
981;9,399;0,15627590762237
982;9,403;0,114258968018784
983;9,408;0,152209752176861
984;9,412;0,158399344355024
985;9,417;0,145884621483849
986;9,421;0,177103659404362
987;9,426;0,105268246533715
988;9,430;0,125463485246407
989;9,435;0,14642677554325
990;9,439;0,121578047820699
991;9,443;0,157631292770873
992;9,448;0,20999433900803
993;9,452;0,147375545147202
994;9,457;0,160432422077778
995;9,461;0,193097204156695
996;9,466;0,169513502572747
997;9,470;0,100885834553556
998;9,474;0,159935447523327
999;9,479;0,117782969404891
1000;9,483;0,116111327721738
1001;9,488;0,14651713455315
1002;9,492;0,179046378117216
1003;9,497;0,171682118810351
1004;9,501;0,125282767226606
1005;9,506;0,147330365642251
1006;9,510;0,193052024651745
1007;9,514;0,100569578018906
1008;9,519;0,1223009198999
1009;9,523;0,180492122275619
1010;9,528;0,122436458414751
1011;9,532;0,122617176434551
1012;9,537;0,137300515543331
1013;9,541;0,13178861593942
1014;9,546;0,154694624949117
1015;9,550;0,143851543761094
1016;9,554;0,133640975642373
1017;9,559;0,090404189405135
1018;9,563;0,162872115345083
1019;9,568;0,102286399207009
1020;9,572;0,170778528711349
1021;9,577;0,147014109107601
1022;9,581;0,144935851879897
1023;9,586;0,167118988810392
1024;9,590;0,125689382771157
1025;9,594;0,170236374651948
1026;9,599;0,135222258315627
1027;9,603;0,174166991582606
1028;9,608;0,178459044552865
1029;9,612;0,226394499304913
1030;9,617;0,396450155937061
1031;9,621;0,626413836133032
1032;9,626;1,1718659993955
1033;9,630;2,05797162998166
1034;9,634;3,46183438729588
1035;9,639;5,60289112688077
1036;9,643;8,07050532824492
1037;9,648;11,1505277192076
1038;9,652;14,399114843139
1039;9,657;17,7609669859803
1040;9,661;20,4222205455606
1041;9,665;22,5043632106906
1042;9,670;23,7442695445409
1043;9,674;23,8157887008769
1044;9,679;23,5700573734533
1045;9,683;22,7643712616783
1046;9,688;20,9425980835758
1047;9,692;19,1106143373545
1048;9,697;17,3183885554892
1049;9,701;15,2413963539236
1050;9,705;13,201496525922
1051;9,710;11,0772465621785
1052;9,714;9,48774121902437
1053;9,719;8,0136695110177
1054;9,723;6,56476278726823
1055;9,728;5,40586330579341
1056;9,732;4,57293395253351
1057;9,737;3,64530835689821
1058;9,741;2,95817326611225
1059;9,745;2,50533908799748
1060;9,750;2,0048857116653
1061;9,754;1,66581352701486
1062;9,759;1,47931253058088
1063;9,763;1,18627826147458
1064;9,768;1,04174902513923
1065;9,772;0,893424710388078
1066;9,777;0,781379538111849
1067;9,781;0,66933436583562
1068;9,785;0,544548573163464
1069;9,790;0,480077419599682
1070;9,794;0,486176652767945
1071;9,799;0,443933815639608
1072;9,803;0,388724460590596
1073;9,808;0,349824906828566
1074;9,812;0,377429584353072
1075;9,817;0,341421518907849
1076;9,821;0,324027409502063
1077;9,825;0,284947137720233
1078;9,830;0,289329549700392
1079;9,834;0,364688963957146
1080;9,839;0,453014896134577
1081;9,843;0,792448516824622
1082;9,848;1,44895190325442
1083;9,852;2,6893552116592
1084;9,856;5,25609324688386
1085;9,861;8,88694416219804
1086;9,865;14,0351487512611
1087;9,870;21,6229110691142
1088;9,874;30,2890178111162
1089;9,879;41,0395713730006
1090;9,883;52,1519224105254
1091;9,888;62,3535901667711
1092;9,892;71,9857702631209
1093;9,896;78,826760543654
1094;9,901;83,2628005961887
1095;9,905;84,342590764496
1096;9,910;82,7708861462921
1097;9,914;77,6648792148525
1098;9,919;71,8632434456963
1099;9,923;64,2505872206156
1100;9,928;55,6786797464345
1101;9,932;47,2469190966087
1102;9,936;38,9691753791577
1103;9,941;32,0450999890214
1104;9,945;25,9346623035313
1105;9,950;20,7105109666471
1106;9,954;16,4430356470812
1107;9,959;13,1142097223584
1108;9,963;10,7121509826768
1109;9,968;8,6723415136851
1110;9,972;6,94291524370051
1111;9,976;5,70440947450362
1112;9,981;4,75658864015563
1113;9,985;3,99996747075644
1114;9,990;3,36813209402939
1115;9,994;2,98410630195361
1116;9,999;2,52960048215568
1117;10,003;2,11331652354552
1118;10,008;1,91646942047797
1119;10,012;1,74885345711313
1120;10,016;1,5660120005801
1121;10,021;1,32805154800797
1122;10,025;1,25978531602838
1123;10,030;1,14240896216804
1124;10,034;1,11457838711878
1125;10,039;1,04676395018869
1126;10,043;0,875307728903091
1127;10,048;0,813276268606614
1128;10,052;0,809887805735357
1129;10,056;0,766334762963468
1130;10,061;0,638250866429956
1131;10,065;0,699740172667032
1132;10,070;0,610013675836148
1133;10,074;0,603236750093635
1134;10,079;0,555527192866337
1135;10,083;0,48852598702535
1136;10,087;0,488390448510499
1137;10,092;0,483465882470939
1138;10,096;0,441810378906954
1139;10,101;0,457035872075135
1140;10,105;0,430831759204082
1141;10,110;0,420530832075461
1142;10,114;0,346481623462259
1143;10,119;0,341331159897948
1144;10,123;0,32231058831396
1145;10,127;0,358905987323534
1146;10,132;0,350321881383017
1147;10,136;0,290594575838995
1148;10,141;0,291001191383546
1149;10,145;0,257884614255128
1150;10,150;0,252417894156167
1151;10,154;0,242975377621597
1152;10,159;0,236514708413734
1153;10,163;0,287928985046939
1154;10,167;0,20502459346352
1155;10,172;0,224406601087109
1156;10,176;0,185055252275579
1157;10,181;0,194678486829948
1158;10,185;0,193865255740847
1159;10,190;0,217223059800045
1160;10,194;0,201229515047712
1161;10,199;0,212840647819886
1162;10,203;0,16612503970149
1163;10,207;0,193548999206196
1164;10,212;0,212117775740684
1165;10,216;0,173308580988555
1166;10,221;0,17086888772125
1167;10,225;0,177600633958813
1168;10,230;0,1468333910878
1169;10,234;0,183383610592425
1170;10,239;0,170281554156898
1171;10,243;0,140688978414588
1172;10,247;0,197841052176455
1173;10,252;0,138655900691834
1174;10,256;0,173579658018255
1175;10,261;0,145432826434348
1176;10,265;0,13192415445427
1177;10,270;0,160884217127279
1178;10,274;0,132195231483971
1179;10,278;0,159393293463926
1180;10,283;0,187585304552784
1181;10,287;0,254947946433372
1182;10,292;0,243878967720599
1183;10,296;0,272658312373808
1184;10,301;0,231906398908825
1185;10,305;0,19061233138444
1186;10,310;0,167751501879693
1187;10,314;0,162691397325283
1188;10,318;0,15157723910756
1189;10,323;0,129665179206765
1190;10,327;0,122481637919701
1191;10,332;0,124469536137505
1192;10,336;0,106894708711919
1193;10,341;0,138294464652233
1194;10,345;0,110237992078226
1195;10,350;0,131291641384969
1196;10,354;0,155824112572869
1197;10,358;0,100705116533756
1198;10,363;0,107256144751519
1199;10,367;0,151938675147161
1200;10,372;0,0878289576229797
1201;10,376;0,167118988810392
1202;10,381;0,09772326920705
1203;10,385;0,142179902077941
1204;10,390;0,155869292077819
1205;10,394;0,187766022572584
1206;10,398;0,1463815960383
1207;10,403;0,134002411681974
1208;10,407;0,171094785246
1209;10,412;0,173579658018255
1210;10,416;0,176200069305361
1211;10,421;0,238954401681039
1212;10,425;0,368529221877904
1213;10,430;0,563659503757354
1214;10,434;1,00515362612966
1215;10,438;1,69156584483641
1216;10,443;3,04455647957683
1217;10,447;4,91688552371856
1218;10,452;7,41454409587452
1219;10,456;10,4526399062435
1220;10,461;14,0871955409636
1221;10,465;17,323177583014
1222;10,469;20,9080809417939
1223;10,474;23,3808907862273
1224;10,478;25,7505558208596
1225;10,483;26,3533407759038
1226;10,487;26,4090922850122
1227;10,492;25,0615683703707
1228;10,496;23,3836015565243
1229;10,501;21,2010700313952
1230;10,505;18,474622446172
1231;10,509;15,9473712982737
1232;10,514;13,3243847793862
1233;10,518;10,7933385530721
1234;10,523;9,08279731615669
1235;10,527;7,30114353844979
1236;10,532;5,90419324539293
1237;10,536;4,53060075639527
1238;10,541;3,84680894897562
1239;10,545;3,11264199353662
1240;10,549;2,43892521572084
1241;10,554;2,03407167186306
1242;10,558;1,68691235582655
1243;10,563;1,48197812137293
1244;10,567;1,14417096286109
1245;10,572;1,01477686068403
1246;10,576;0,888726041873269
1247;10,581;0,841920074744973
1248;10,585;0,733805519399402
1249;10,589;0,73778131583501
1250;10,594;0,649274665637779
1251;10,598;0,61557075494501
1252;10,603;0,56664135108406
1253;10,607;0,616293627024211
1254;10,612;0,559638527816795
1255;10,616;0,497923324054969
1256;10,621;0,432774477916936
1257;10,625;0,419401344451708
1258;10,629;0,299269040789412
1259;10,634;0,347475572571161
1260;10,638;0,328545359997072
1261;10,643;0,319148022967453
1262;10,647;0,360125833957187
1263;10,652;0,312371097224939
1264;10,656;0,329448950096074
1265;10,660;0,362339629699741
1266;10,665;0,348062906135512
1267;10,669;0,412895495738895
1268;10,674;0,387504613956943
1269;10,678;0,371917684749161
1270;10,683;0,391525589897501
1271;10,687;0,334825311185135
1272;10,692;0,33712946593759
1273;10,696;0,378468712966925
1274;10,700;0,318425150888252
1275;10,705;0,25901410187888
1276;10,709;0,322988280888211
1277;10,714;0,209587723463479
1278;10,718;0,172495349899453
1279;10,723;0,207419107225874
1280;10,727;0,196982641582403
1281;10,732;0,119409431583094
1282;10,736;0,136035489404728
1283;10,740;0,151848316137261
1284;10,745;0,0866091109893272
1285;10,749;0,11746671287024
1286;10,754;0,147601442671952
1287;10,758;0,0538991494054603
1288;10,763;0,14190882504824
1289;10,767;0,0885066501972311
1290;10,772;0,172224272869752
1291;10,776;0,16621539871139
1292;10,780;0,324705102076314
1293;10,785;0,54260585445061
1294;10,789;0,909282716625561
1295;10,794;1,66640086057921
1296;10,798;3,12253630512069
1297;10,803;5,26169550549767
1298;10,807;7,87026976230611
1299;10,812;11,6332707295993
1300;10,816;15,5873358233264
1301;10,820;19,8150079990314
1302;10,825;24,4795659876036
1303;10,829;27,4857650674778
1304;10,834;29,6280868332013
1305;10,838;30,4606095709167
1306;10,843;29,9654421966637
1307;10,847;28,3714189030145
1308;10,851;26,2275158546178
1309;10,856;22,8278484661332
1310;10,860;19,829826876655
1311;10,865;16,652352293515
1312;10,869;13,5137320846321
1313;10,874;10,9523252309915
1314;10,878;8,60940646328962
1315;10,883;7,05599954459059
1316;10,887;5,53778746024768
1317;10,891;4,16410461224012
1318;10,896;3,48004172779077
1319;10,900;2,78929227660881
1320;10,905;2,28066140988067
1321;10,909;1,90892444315131
1322;10,914;1,55593697097623
1323;10,918;1,36279458731459
1324;10,923;1,1480564002868
1325;10,927;1,00388859999105
1326;10,931;0,870112085833831
1327;10,936;0,699062480092781
1328;10,940;0,698339608013579
1329;10,945;0,680629242073143
1330;10,949;0,565331145440507
1331;10,954;0,455002794352381
1332;10,958;0,455906384451383
1333;10,963;0,438918890590148
1334;10,967;0,368077426828403
1335;10,971;0,354026600788925
1336;10,976;0,344584084254355
1337;10,980;0,276905185839117
1338;10,985;0,310338019502185
1339;10,989;0,252508253166067
1340;10,994;0,210536493067431
1341;10,998;0,2687728749481
1342;11,003;0,20014520692891
1343;11,007;0,216138751681242
1344;11,011;0,194091153265597
1345;11,016;0,17597417178061
1346;11,020;0,190928587919091
1347;11,025;0,209271466928828
1348;11,029;0,178052429008314
1349;11,034;0,168745450988595
1350;11,038;0,167073809305442
1351;11,043;0,133731334652274
1352;11,047;0,192058075542843
1353;11,051;0,148685750790754
1354;11,056;0,14154738900864
1355;11,060;0,111819274751479
1356;11,065;0,105132708018865
1357;11,069;0,149544161384806
1358;11,074;0,111638556731678
1359;11,078;0,101292450098107
1360;11,082;0,161516730196581
1361;11,087;0,146200878018499
1362;11,091;0,163007653859934
1363;11,096;0,169332784552947
1364;11,100;0,164814834057937
1365;11,105;0,14168292752349
1366;11,109;0,15130616207786
1367;11,114;0,169106887028196
1368;11,118;0,146336416533349
1369;11,122;0,100298500989205
1370;11,127;0,126276716335508
1371;11,131;0,0808713138606655
1372;11,136;0,0966389610882478
1373;11,140;0,124469536137505
1374;11,145;0,0665494107914862
1375;11,149;0,0431012477223882
1376;11,154;0,0875578805932792
1377;11,158;0,119138354553394
1378;11,162;0,101563527127808
1379;11,167;0,0815490064349169
1380;11,171;0,0597273055440222
1381;11,176;0,0861573159398263
1382;11,180;0,0863832134645768
1383;11,185;0,0394868873263808
1384;11,189;0,0557515091084141
1385;11,194;0,106352554652518
1386;11,198;0,114394506533634
1387;11,202;0,0872416240586285
1388;11,207;0,0790641336626618
1389;11,211;0,130659128315667
1390;11,216;0,10255747623671
1391;11,220;0,0682210524746396
1392;11,225;0,10273819425651
1393;11,229;0,0383122201976784
1394;11,234;0,0721516694052977
1395;11,238;0,062573614355878
1396;11,242;0,0780701845537598
1397;11,247;0,0861121364348762
1398;11,251;0,0882355731675306
1399;11,256;0,11249696732573
1400;11,260;0,122843073959301
1401;11,265;0,0621669988113272
1402;11,269;0,0494715579203512
1403;11,273;0,141999184058141
1404;11,278;0,0919854720783882
1405;11,282;0,136171027919579
1406;11,287;0,134137950196825
1407;11,291;0,1223009198999
1408;11,296;0,0868801880190278
1409;11,300;0,0305865248512126
1410;11,305;0,0602694596034233
1411;11,309;0,13196933395922
1412;11,313;0,0813231089101664
1413;11,318;0,0167615963364843
1414;11,322;0,110463889602976
1415;11,327;0,0433723247520888
1416;11,331;0,0481161727718485
1417;11,336;0,0934763957417413
1418;11,340;0,0593658695044215
1419;11,345;0,0676337189102884
1420;11,349;0,0279661135641072
1421;11,353;0,0700282326726433
1422;11,358;0,0525437642569575
1423;11,362;0,129077845642414
1424;11,367;0,116382404751438
1425;11,371;0,154016932374865
1426;11,376;0,275143185146063
1427;11,380;0,476869674748226
1428;11,385;0,824797042368888
1429;11,389;1,72201683117277
1430;11,393;2,96368516571617
1431;11,398;5,0556317834203
1432;11,402;7,7711459284456
1433;11,407;11,1641719297025
1434;11,411;15,2128429067951
1435;11,416;19,4022028623024
1436;11,420;23,3137540418715
1437;11,425;26,6841902906533
1438;11,429;29,0248952626126
1439;11,433;30,2247725550772
1440;11,438;29,6542909460724
1441;11,442;28,2216940236099
1442;11,447;25,9034884451157
1443;11,451;22,6632595296
1444;11,456;19,2393307469573
1445;11,460;16,2645766025283
1446;11,464;13,2292367419613
1447;11,469;10,6496677273308
1448;11,473;8,29965577735178
1449;11,478;6,82449976122632
1450;11,482;5,20707348401301
1451;11,487;4,16808040867573
1452;11,491;3,35588844818792
1453;11,496;2,67756336086723
1454;11,500;2,25206278324726
1455;11,504;1,84725441889443
1456;11,509;1,49661628097676
1457;11,513;1,2233706350386
1458;11,518;1,05697451830741
1459;11,522;0,906617125833505
1460;11,527;0,852989053457746
1461;11,531;0,683520730389949
1462;11,536;0,641865226825963
1463;11,540;0,665403748904962
1464;11,544;0,652030615439734
1465;11,549;0,499640145243072
1466;11,553;0,445198841778211
1467;11,558;0,418904369897257
1468;11,562;0,331482027818828
1469;11,567;0,321045562175357
1470;11,571;0,335503003759387
1471;11,576;0,287748267027139
1472;11,580;0,268366259403549
1473;11,584;0,277311801383668
1474;11,589;0,237644196037486
1475;11,593;0,248622815740359
1476;11,598;0,184964893265679
1477;11,602;0,217313418809945
1478;11,607;0,169152066533146
1479;11,611;0,221153676730703
1480;11,616;0,204843875443719
1481;11,620;0,19074786989929
1482;11,624;0,176290428315261
1483;11,629;0,144303338810595
1484;11,633;0,121352150295948
1485;11,638;0,13702943851363
1486;11,642;0,146923750097701
1487;11,647;0,140869696434388
1488;11,651;0,13187897494932
1489;11,655;0,115659532672237
1490;11,660;0,0735070545538004
1491;11,664;0,135222258315627
1492;11,669;0,108566350395072
1493;11,673;0,123611125543453
1494;11,678;0,135402976335427
1495;11,682;0,0858410594051757
1496;11,687;0,0238547786136488
1497;11,691;0,108521170890122
1498;11,695;0,101924963167409
1499;11,700;0,116969738315789
1500;11,704;0,0574683302965176
1501;11,709;0,0919854720783882
1502;11,713;0,0990786543555528
1503;11,718;0,165628065147039
1504;11,722;0,123068971484052
1505;11,727;0,199603052869508
1506;11,731;0,328364641977272
1507;11,735;0,654379949697139
1508;11,740;1,21306970790998
1509;11,744;2,1249276563177
1510;11,749;3,99034423620207
1511;11,753;6,76052558221699
1512;11,758;10,6511134714892
1513;11,762;16,3238521130229
1514;11,767;23,3393256416732
1515;11,771;30,7404966040825
1516;11,775;39,8643169107339
1517;11,780;48,5535555592703
1518;11,784;57,5777098780018
1519;11,789;64,6444169652655
1520;11,793;68,2620302856293
1521;11,798;69,348687738689
1522;11,802;67,3792227589045
1523;11,807;62,256860846673
1524;11,811;54,3483240436741
1525;11,815;45,4266820216744
1526;11,820;36,7376240911578
1527;11,824;29,0899085702358
1528;11,829;22,8594741195983
1529;11,833;17,4557342505375
1530;11,838;13,5737756467107
1531;11,842;10,5373966575299
1532;11,846;8,24196154953052
1533;11,851;6,75808588894968
1534;11,855;5,3774453971798
1535;11,860;4,45334380293061
1536;11,864;3,71624017966985
1537;11,869;3,09664844878429
1538;11,873;2,76629590858921
1539;11,878;2,43964808780004
1540;11,882;2,11123826631782
1541;11,886;1,73864288899441
1542;11,891;1,63134156473794
1543;11,895;1,43268728147238
1544;11,900;1,38253803097778
1545;11,904;1,18243800355382
1546;11,909;1,07021211325779
1547;11,913;0,975606229892297
1548;11,918;0,893560248902929
1549;11,922;0,89911732801179
1550;11,926;0,813502166131365
1551;11,931;0,766876917022869
1552;11,935;0,690071758607712
1553;11,940;0,629576401479538
1554;11,944;0,608387213657945
1555;11,949;0,596550183361021
1556;11,953;0,559909604846496
1557;11,958;0,477411828807627
1558;11,962;0,529323079995283
1559;11,966;0,455228691877132
1560;11,971;0,439189967619849
1561;11,975;0,393242411085605
1562;11,980;0,3908930768282
1563;11,984;0,368393683363054
1564;11,989;0,306588120591327
1565;11,993;0,34223474999695
1566;11,998;0,286392881878636
1567;12,002;0,373363428907564
1568;12,006;0,33252115643268
1569;12,011;0,340472749303897
1570;12,015;0,268863233958
1571;12,020;0,208232338314976
1572;12,024;0,258336409304629
1573;12,029;0,210672031582281
1574;12,033;0,212840647819886
1575;12,038;0,205792645047671
1576;12,042;0,217494136829745
1577;12,046;0,205702286037771
1578;12,051;0,206741414651623
1579;12,055;0,207148030196174
1580;12,060;0,16147155069163
1581;12,064;0,188488894651786
1582;12,069;0,168745450988595
1583;12,073;0,237011682968185
1584;12,077;0,277899134948019
1585;12,082;0,492230706431257
1586;12,086;0,971088279397287
1587;12,091;1,70430646523234
1588;12,095;3,08951008700217
1589;12,100;5,03575280124226
1590;12,104;7,91020844468199
1591;12,109;11,6765075158365
1592;12,113;15,862930803522
1593;12,117;20,4473855298178
1594;12,122;25,0885405348259
1595;12,126;28,9691437535042
1596;12,131;31,3183424723942
1597;12,135;32,7191782028768
1598;12,140;31,9381601008045
1599;12,144;30,5253066220052
1600;12,149;27,3660845588651
1601;12,153;23,768576118204
1602;12,157;19,6696655316069
1603;12,162;16,1369445010443
1604;12,166;12,8180580674105
1605;12,171;10,290174406443
1606;12,175;8,02329274557207
1607;12,180;6,24597620034038
1608;12,184;4,99698878599508
1609;12,189;3,89939789273753
1610;12,193;3,13631605413047
1611;12,197;2,59108978839275
1612;12,202;2,2707670982966
1613;12,206;1,93973686552727
1614;12,211;1,55932543384749
1615;12,215;1,27916732365197
1616;12,220;1,08692853008932
1617;12,224;0,99200639018918
1618;12,229;0,915969283358175
1619;12,233;0,782599384745502
1620;12,237;0,721426335043076
1621;12,242;0,616248447519261
1622;12,246;0,67421375237023
1623;12,251;0,702089506924437
1624;12,255;0,902686508902847
1625;12,260;1,41249204275969
1626;12,264;2,32977153176142
1627;12,268;4,004892036796
1628;12,273;6,68692816865328
1629;12,277;10,7023470301027
1630;12,282;15,9938610088674
1631;12,286;22,8318694420738
1632;12,291;31,3726482373442
1633;12,295;40,0170236374652
1634;12,300;49,2045018665912
1635;12,304;57,0084029361257
1636;12,308;62,7041831251838
1637;12,313;65,2592196686264
1638;12,317;64,9464871353619
1639;12,322;61,5894240200452
1640;12,326;55,2137374609931
1641;12,331;46,9130877345325
1642;12,335;38,9626695304449
1643;12,340;31,2586151668502
1644;12,344;24,7660040489872
1645;12,348;19,1776155431954
1646;12,353;14,9380159781837
1647;12,357;11,6716281293019
1648;12,362;9,28587919090735
1649;12,366;7,52758321725965
1650;12,371;6,09281767855957
1651;12,375;5,09724210747933
1652;12,380;4,31030549025862
1653;12,384;3,67625631778902
1654;12,388;3,09990137314069
1655;12,393;2,74348025858941
1656;12,397;2,37327939502836
1657;12,402;2,14236694522843
1658;12,406;2,01821366562558
1659;12,411;1,75436535671704
1660;12,415;1,57147872067907
1661;12,420;1,48649607186794
1662;12,424;1,27211932087975
1663;12,428;1,24139725751369
1664;12,433;1,07242590900034
1665;12,437;1,03293902167396
1666;12,442;0,949356937516293
1667;12,446;0,86514234028932
1668;12,451;0,754226655636843
1669;12,455;0,78680107870586
1670;12,459;0,719031821280721
1671;12,464;0,660976157419853
1672;12,468;0,581234331182939
1673;12,473;0,554036269202984
1674;12,477;0,5375457498962
1675;12,482;0,458843052273139
1676;12,486;0,399838618808318
1677;12,491;0,43476237613474
1678;12,495;0,412308162174544
1679;12,499;0,455409409896932
1680;12,504;0,460921309500843
1681;12,508;0,285263394254884
1682;12,513;0,311603045640788
1683;12,517;0,312145199700189
1684;12,522;0,267327130789697
1685;12,526;0,283682111581631
1686;12,531;0,23927065821569
1687;12,535;0,243878967720599
1688;12,539;0,260143589502632
1689;12,544;0,181079455839971
1690;12,548;0,242207326037446
1691;12,553;0,214557469007989
1692;12,557;0,249526405839361
1693;12,562;0,271348106730255
1694;12,566;0,22458731910691
1695;12,571;0,1954465384141
1696;12,575;0,18559740633498
1697;12,579;0,161878166236181
1698;12,584;0,194994743364599
1699;12,588;0,193594178711146
1700;12,593;0,205702286037771
1701;12,597;0,178956019107316
1702;12,602;0,199874129899209
1703;12,606;0,139288413761135
1704;12,611;0,121803945345449
1705;12,615;0,15166759811746
1706;12,619;0,14195400455319
1707;12,624;0,109605479008924
1708;12,628;0,171772477820252
1709;12,633;0,0564743811876156
1710;12,637;0,14190882504824
1711;12,642;0,205883004057571
1712;12,646;0,446373508906913
1713;12,650;0,627136708212233
1714;12,655;1,36532463959179
1715;12,659;2,32733183849411
1716;12,664;4,09263063540908
1717;12,668;6,571313815486
1718;12,673;10,0211304544652
1719;12,677;14,0479345511619
1720;12,682;18,407666419836
1721;12,686;22,9105721396968
1722;12,690;26,6394174012478
1723;12,695;29,126006994691
1724;12,699;30,4654889574513
1725;12,704;30,2082368562655
1726;12,708;28,1978392449963
1727;12,713;25,3492714578929
1728;12,717;21,689234582381
1729;12,722;18,2296591703326
1730;12,726;14,8176125974917
1731;12,730;12,0102033393979
1732;12,735;9,49510547833123
1733;12,739;7,44314272250793
1734;12,744;5,92131627776902
1735;12,748;4,70991821154219
1736;12,753;3,68244590996719
1737;12,757;3,09710024383379
1738;12,762;2,54545848839316
1739;12,766;2,09325682334768
1740;12,770;1,8346945165183
1741;12,775;1,44723508206631
1742;12,779;1,32696723988917
1743;12,784;1,10590392216836
1744;12,788;1,02769819909975
1745;12,793;0,896948711774186
1746;12,797;0,843230280388526
1747;12,802;0,715327101874814
1748;12,806;0,671096366528673
1749;12,810;0,660434003360452
1750;12,815;0,580285561578987
1751;12,819;0,550828524351527
1752;12,824;0,496161323361915
1753;12,828;0,49336019405501
1754;12,833;0,393468308610355
1755;12,837;0,428934219996178
1756;12,842;0,360893885541339
1757;12,846;0,426539706233823
1758;12,850;0,319644997521904
1759;12,855;0,319193202472403
1760;12,859;0,338349312571242
1761;12,864;0,264164565443191
1762;12,868;0,303380375739871
1763;12,873;0,242478403067146
1764;12,877;0,216455008215893
1765;12,881;0,250836611482913
1766;12,886;0,207328748215974
1767;12,890;0,233849117621679
1768;12,895;0,235611118314732
1769;12,899;0,253411843265069
1770;12,904;0,216906803265394
1771;12,908;0,2689535929679
1772;12,913;0,251920919601716
1773;12,917;0,281603854353926
1774;12,921;0,268501797918399
1775;12,926;0,172404990889553
1776;12,930;0,238728504156289
1777;12,935;0,223006036433656
1778;12,939;0,18103427633502
1779;12,944;0,198518744750706
1780;12,948;0,182525199998374
1781;12,953;0,147194827127401
1782;12,957;0,176832582374662
1783;12,961;0,15153205960261
1784;12,966;0,217991111384196
1785;12,970;0,132692206038422
1786;12,975;0,164724475048037
1787;12,979;0,196485667027952
1788;12,984;0,123114150989002
1789;12,988;0,14181846603834
1790;12,993;0,204753516433819
1791;12,997;0,168926169008396
1792;13,001;0,118822098018743
1793;13,006;0,147375545147202
1794;13,010;0,0791996721775121
1795;13,015;0,108069375840621
1796;13,019;0,0985816798011017
1797;13,024;0,11737635386034
1798;13,028;0,0932053187120407
1799;13,033;0,103822502375312
1800;13,037;0,080148441781464
1801;13,041;0,123114150989002
1802;13,046;0,267598207819398
1803;13,050;0,404040312768677
1804;13,055;0,695538478706673
1805;13,059;1,31318749087939
1806;13,064;2,16640244186188
1807;13,068;3,79860241719387
1808;13,072;6,12932271855924
1809;13,077;9,30015591447158
1810;13,081;13,4560830363157
1811;13,086;17,6782884919217
1812;13,090;21,4172087830765
1813;13,095;25,7931600940276
1814;13,099;28,4428928798456
1815;13,104;29,5403482345883
1816;13,108;29,1302990476612
1817;13,112;27,5546638125267
1818;13,117;24,7470738364131
1819;13,121;21,3792128194134
1820;13,126;17,5347080251903
1821;13,130;14,2506098103681
1822;13,135;11,355597492176
1823;13,139;8,89525719110885
1824;13,144;7,13470224221365
1825;13,148;5,58965353193039
1826;13,152;4,47905094124722
1827;13,157;3,45939469402858
1828;13,161;2,90210550046919
1829;13,166;2,40440807393897
1830;13,170;1,99413298948718
1831;13,175;1,65099464939123
1832;13,179;1,45365057176922
1833;13,184;1,23073489434547
1834;13,188;1,15817660939562
1835;13,192;1,00226213781285
1836;13,197;0,922023337021487
1837;13,201;0,854434797616148
1838;13,206;0,68880673246911
1839;13,210;0,638070148410156
1840;13,215;0,656413027419893
1841;13,219;0,537139134351649
1842;13,224;0,545181086232766
1843;13,228;0,463857977322599
1844;13,232;0,457939462174137
1845;13,237;0,481613522767986
1846;13,241;0,392971334055904
1847;13,246;0,406660724055782
1848;13,250;0,432910016431786
1849;13,255;0,389673230194547
1850;13,259;0,433271452471387
1851;13,263;0,352761574650322
1852;13,268;0,319193202472403
1853;13,272;0,274962467126263
1854;13,277;0,257839434750178
1855;13,281;0,285218214749934
1856;13,286;0,246273481482954
1857;13,290;0,289510267720192
1858;13,295;0,217991111384196
1859;13,299;0,180130686236019
1860;13,303;0,22982814168112
1861;13,308;0,214602648512939
1862;13,312;0,171591759800451
1863;13,317;0,199241616829908
1864;13,321;0,160567960592629
1865;13,326;0,160296883562928
1866;13,330;0,119725688117745
1867;13,335;0,143806364256144
1868;13,339;0,125508664751357
1869;13,343;0,229285987621719
1870;13,348;0,156727702671871
1871;13,352;0,103686963860462
1872;13,357;0,106442913662418
1873;13,361;0,127812819503812
1874;13,366;0,143535287226444
1875;13,370;0,170371913166799
1876;13,375;0,150899546533309
1877;13,379;0,142225081582891
1878;13,383;0,142902774157142
1879;13,388;0,0934312162367912
1880;13,392;0,143580466731394
1881;13,397;0,183428790097375
1882;13,401;0,134409027226525
1883;13,406;0,153203701285764
1884;13,410;0,118325123464292
1885;13,415;0,168564732968795
1886;13,419;0,0707511047518448
1887;13,423;0,127496562969161
1888;13,428;0,0856603413853753
1889;13,432;0,0857958799002256
1890;13,437;0,103641784355512
1891;13,441;0,117828148909841
1892;13,446;0,0943799858407431
1893;13,450;0,115252917127686
1894;13,454;0,101111732078307
1895;13,459;0,129439281682015
1896;13,463;0,0975877306921997
1897;13,468;0,0645615125736821
1898;13,472;0,0476191982173974
1899;13,477;0,104455015444614
1900;13,481;0,157360215741172
1901;13,486;0,0424235551481368
1902;13,490;0,0636579224746803
1903;13,494;0,0496070964352015
1904;13,499;0,0990334748506027
1905;13,503;0,0746817216825028
1906;13,508;0,111141582177227
1907;13,512;0,0939733702961923
1908;13,517;0,0768503379201073
1909;13,521;0,14678821158285
1910;13,526;0,0515498151480555
1911;13,530;0,101789424652558
1912;13,534;0,0346526802967209
1913;13,539;0,108566350395072
1914;13,543;0,0958709095040962
1915;13,548;0,0737329520785509
1916;13,552;0,0554804320787135
1917;13,557;0,0811423908903661
1918;13,561;0
1919;13,566;0,0768503379201073
1920;13,570;0,0608116136628244
1921;13,574;0,096774499603098
1922;13,579;0,0500588914847024
1923;13,583;0,109334401979224
1924;13,588;0,0452246844550425
1925;13,592;0,0885518297021812
1926;13,597;0,103551425345612
1927;13,601;0,0503751480193531
1928;13,606;0,0726034644547986
1929;13,610;0,13689389999878
1930;13,614;0,237147221483035
1931;13,619;0,357189166135431
1932;13,623;0,892069325239576
1933;13,628;1,59655334592637
1934;13,632;2,89903329413258
1935;13,637;4,99206421995552
1936;13,641;8,12472073418503
1937;13,645;12,4010512367212
1938;13,650;18,1869645381548
1939;13,654;25,0388430793808
1940;13,659;33,1884577207934
1941;13,663;41,9310533646759
1942;13,668;50,6312706329152
1943;13,672;59,5001881726381
1944;13,677;68,1290670025612
1945;13,681;76,357248803082
1946;13,685;82,4652016157998
1947;13,690;88,0788906443637
1948;13,694;90,2250526680079
1949;13,699;89,4756150398958
1950;13,703;84,8604834297389
1951;13,708;76,2424476810038
1952;13,712;65,2755746494183
1953;13,717;53,1874818434864
1954;13,721;42,1746612553668
1955;13,725;33,1976743398032
1956;13,730;25,0855586874992
1957;13,734;19,3482585333919
1958;13,739;15,3502789608533
1959;13,743;11,9769512237547
1960;13,748;9,82740073723916
1961;13,752;8,08930000230415
1962;13,757;6,79843118687011
1963;13,761;5,67888305420682
1964;13,765;4,80217476065028
1965;13,770;4,29006507204098
1966;13,774;3,67788277996723
1967;13,779;3,27917364878266
1968;13,783;2,88615713522181
1969;13,788;2,62321241641227
1970;13,792;2,2985524938409
1971;13,797;2,10278969889215
1972;13,801;1,96390790067557
1973;13,805;1,9076594170127
1974;13,810;1,52693172879827
1975;13,814;1,52467275355077
1976;13,819;1,45518667493753
1977;13,823;1,3672221787997
1978;13,828;1,22314473751385
1979;13,832;1,13048157286121
1980;13,837;1,10671715325746
1981;13,841;1,05679380028761
1982;13,845;0,976871256030899
1983;13,850;0,903544919496899
1984;13,854;0,911993486922566
1985;13,859;0,895909583160333
1986;13,863;0,910412204249313
1987;13,868;0,978949513258603
1988;13,872;0,970229868803235
1989;13,876;1,05232102929755
1990;13,881;1,03967076791153
1991;13,885;0,916150001377975
1992;13,890;0,970455766327986
1993;13,894;0,904358150586001
1994;13,899;0,836769611180662
1995;13,903;0,752780911478441
1996;13,908;0,794391235537476
1997;13,912;0,669063288805919
1998;13,916;0,638973738509158
1999;13,921;0,539352930094204
2000;13,925;0,588598590489805
2001;13,930;0,48387249801549
2002;13,934;0,441403763362403
2003;13,939;0,485498960193694
2004;13,943;0,357415063660181
2005;13,948;0,325563512670366
2006;13,952;0,380049995640178
2007;13,956;0,382399329897583
2008;13,961;0,320593767125856
2009;13,965;0,374176659996666
2010;13,970;0,442307353461405
2011;13,974;0,643401329994267
2012;13,979;0,961645762862718
2013;13,983;1,55304548265943
2014;13,988;2,51695022076965
2015;13,992;4,24054833461568
2016;13,996;6,44228114934853
2017;14,001;9,17107806882917
2018;14,005;12,9006010229543
2019;14,010;16,8599069392557
2020;14,014;20,8012314125869
2021;14,019;23,5588528562257
2022;14,023;25,4862557169016
2023;14,028;26,4499345574871
2024;14,032;25,8055392783839
2025;14,036;23,7298572824618
2026;14,041;21,1943834646626
2027;14,045;18,2274453745901
2028;14,050;14,9156069437285
2029;14,054;11,9692255284082
2030;14,059;9,53901995714272
2031;14,063;7,57859087834831
2032;14,067;6,05387294529259
2033;14,072;4,72586657678957
2034;14,076;3,77556086966933
2035;14,081;3,17815227571425
2036;14,085;2,56592480413555
2037;14,090;2,14340607384229
2038;14,094;1,7611874619645
2039;14,099;1,55891881830294
2040;14,103;1,25906244394918
2041;14,107;1,18722703107853
2042;14,112;1,14218306464329
2043;14,116;0,969868432763635
2044;14,121;0,864103211675468
2045;14,125;0,885699015041613
2046;14,130;0,791364208705819
2047;14,134;0,766741378508019
2048;14,139;0,788292002369213
2049;14,143;0,93354411078376
2050;14,147;1,36238797177004
2051;14,152;1,99752145235844
2052;14,156;3,06714623205188
2053;14,161;4,87283550639222
2054;14,165;7,65422136963476
2055;14,170;10,8290303619827
2056;14,174;15,5731494587721
2057;14,179;20,1514145928897
2058;14,183;25,1203017268059
2059;14,187;29,6483724309239
2060;14,192;33,4987505607906
2061;14,196;35,0168271066187
2062;14,201;34,9644640603815
2063;14,205;32,3061019891181
2064;14,210;29,2118932336011
2065;14,214;25,0685260141331
2066;14,219;20,9632902968429
2067;14,223;16,8575124254933
2068;14,227;13,4565800108702
2069;14,232;10,2567415727799
2070;14,236;8,20071266151108
2071;14,241;6,66637149390099
2072;14,245;5,16790285322128
2073;14,250;4,11332284867622
2074;14,254;3,57076217373056
2075;14,258;2,91629186502352
2076;14,263;2,54455489829416
2077;14,267;2,30636854819727
2078;14,272;1,90309628701274
2079;14,276;1,76240730859816
2080;14,281;1,56524394899595
2081;14,285;1,33116893384952
2082;14,290;1,30049204998841
2083;14,294;1,09903663741595
2084;14,298;0,991102800090178
2085;14,303;0,924463030288792
2086;14,307;0,90377081702165
2087;14,312;0,79669539028993
2088;14,316;0,737600597815209
2089;14,321;0,70877607365705
2090;14,325;0,621941065142973
2091;14,330;0,588960026529405
2092;14,334;0,597905568509524
2093;14,338;0,566189556034559
2094;14,343;0,528329130886381
2095;14,347;0,562710734153402
2096;14,352;0,495212553757963
2097;14,356;0,45450581979793
2098;14,361;0,494489681678762
2099;14,365;0,464806746926551
2100;14,370;0,414160521877498
2101;14,374;0,390486461283649
2102;14,378;0,439461044649549
2103;14,383;0,3667220416799
2104;14,387;0,372324300293712
2105;14,392;0,388995537620296
2106;14,396;0,397173028016263
2107;14,401;0,324388845541664
2108;14,405;0,277356980888618
2109;14,410;0,267778925839198
2110;14,414;0,321994331779309
2111;14,418;0,256303331581875
2112;14,423;0,279028622571771
2113;14,427;0,281423136334126
2114;14,432;0,284495342670732
2115;14,436;0,276182313759915
2116;14,441;0,267372310294647
2117;14,445;0,242704300591897
2118;14,449;0,272613132868858
2119;14,454;0,325337615145616
2120;14,458;0,252643791680917
2121;14,463;0,247041533067106
2122;14,467;0,320413049106056
2123;14,472;0,353800703264174
2124;14,476;0,322852742373361
2125;14,481;0,397624823065764
2126;14,485;0,381631278313431
2127;14,489;0,4152448299963
2128;14,494;0,307401351680429
2129;14,498;0,295248064848854
2130;14,503;0,250068559898762
2131;14,507;0,204708336928869
2132;14,512;0,236424349403834
2133;14,516;0,115478814652436
2134;14,521;0,15654698465207
2135;14,525;0,20506977296847
2136;14,529;0,141366670988839
2137;14,534;0,140237183365087
2138;14,538;0,145884621483849
2139;14,543;0,202630079701165
2140;14,547;0,167164168315342
2141;14,552;0,137164977028481
2142;14,556;0,223457831483157
2143;14,561;0,299269040789412
2144;14,565;0,347294854551361
2145;14,569;0,581957203262141
2146;14,574;1,02982163583241
2147;14,578;1,89577720721083
2148;14,583;3,38855323026683
2149;14,587;5,73842964173104
2150;14,592;9,02605185793937
2151;14,596;13,2420225418622
2152;14,601;18,0008249777604
2153;14,605;23,6643018207792
2154;14,609;29,3627476006294
2155;14,614;34,0518832398946
2156;14,618;38,2207317001545
2157;14,623;39,6446541576665
2158;14,627;38,7882314618326
2159;14,632;35,781490227899
2160;14,636;31,3177551388298
2161;14,640;25,9861669391744
2162;14,645;20,9324778744669
2163;14,649;16,5973236564858
2164;14,654;12,720786593253
2165;14,658;10,0895774044645
2166;14,663;7,8415807766628
2167;14,667;6,21082654548921
2168;14,672;5,00588914847024
2169;14,676;4,0314124062017
2170;14,680;3,44611191957325
2171;14,685;3,07374243977459
2172;14,689;2,58078886126413
2173;14,694;2,22373523364355
2174;14,698;1,92161988404228
2175;14,703;1,74225724939042
2176;14,707;1,54694624949117
2177;14,712;1,45699385513553
2178;14,716;1,31382000394869
2179;14,720;1,22843073959301
2180;14,725;1,12135531286129
2181;14,729;0,988798645337724
2182;14,734;0,917505386526478
2183;14,738;0,866452545932873
2184;14,743;0,78201205118115
2185;14,747;0,720884180983675
2186;14,752;0,69382165751857
2187;14,756;0,740356547617165
2188;14,760;0,67425893187518
2189;14,765;0,648913229598178
2190;14,769;0,639696610588359
2191;14,774;0,606263776925291
2192;14,778;0,63043481207359
2193;14,783;0,52295276979732
2194;14,787;0,530136311084385
2195;14,792;0,533389235440792
2196;14,796;0,488209730490699
2197;14,800;0,463270643758248
2198;14,805;0,435304530194141
2199;14,809;0,437653864451546
2200;14,814;0,414838214451749
2201;14,818;0,334915670195035
2202;14,823;0,40557641593698
2203;14,827;0,383302919996584
2204;14,832;0,381766816828281
2205;14,836;0,322220229304059
2206;14,840;0,340111313264296
2207;14,845;0,28847113910634
2208;14,849;0,238367068116688
2209;14,854;0,275233544155963
2210;14,858;0,297235963066658
2211;14,863;0,285805548314285
2212;14,867;0,323168998908011
2213;14,871;0,348424342175113
2214;14,876;0,244601839799801
2215;14,880;0,269089131482751
2216;14,885;0,267281951284747
2217;14,889;0,261860410690736
2218;14,894;0,263577231878839
2219;14,898;0,299585297324063
2220;14,903;0,21487372554264
2221;14,907;0,307310992670529
2222;14,911;0,237463478017686
2223;14,916;0,278893084056921
2224;14,920;0,460830950490943
2225;14,925;0,570617147519668
2226;14,929;1,00944567909992
2227;14,934;1,79082521721176
2228;14,938;3,02440642036909
2229;14,943;4,90084679946128
2230;14,947;7,83606887705889
2231;14,951;11,4034425879182
2232;14,956;15,4116327285755
2233;14,960;19,9514501039806
2234;14,965;24,1730230465173
2235;14,969;28,042331388958
2236;14,974;30,2301489161663
2237;14,978;31,1027006952674
2238;14,983;29,7189879971609
2239;14,987;27,2031220845101
2240;14,991;23,7449924166201
2241;14,996;20,0035420731881
2242;15,000;16,4487734442099
2243;15,005;13,3937804989896
2244;15,009;10,5035120288173
2245;15,014;8,15815356784809
2246;15,018;6,53489913449622
2247;15,023;5,24448211411168
2248;15,027;4,23318407530881
2249;15,031;3,52969400373092
2250;15,036;2,77221442373767
2251;15,040;2,34264769067219
2252;15,045;2,14028868800073
2253;15,049;1,89202730829997
2254;15,054;1,60310437414413
2255;15,058;1,42338030345266
2256;15,062;1,29863969028546
2257;15,067;1,25657757117692
2258;15,071;1,05241138830745
2259;15,076;0,985274643951616
2260;15,080;0,893153633358378
2261;15,085;0,797102005834481
2262;15,089;0,775325484448537
2263;15,094;0,758789785636803
2264;15,098;0,674665547419731
2265;15,102;0,612137112568803
2266;15,107;0,539849904648655
2267;15,111;0,569487659895915
2268;15,116;0,560316220391047
2269;15,120;0,548569549104023
2270;15,125;0,516853536629058
2271;15,129;0,450710741382122
2272;15,134;0,462412233164196
2273;15,138;0,380863226729279
2274;15,142;0,433678068015938
2275;15,147;0,397624823065764
2276;15,151;0,391841846432152
2277;15,156;0,384974561679738
2278;15,160;0,396676053461812
2279;15,165;0,368574401382854
2280;15,169;0,338710748610843
2281;15,174;0,321813613759509
2282;15,178;0,331256130294078
2283;15,182;0,337581260987091
2284;15,187;0,344267827719705
2285;15,191;0,375396506630318
2286;15,196;0,310970532571486
2287;15,200;0,243517531680998
2288;15,205;0,222012087324754
2289;15,209;0,238818863166189
2290;15,214;0,325427974155516
2291;15,218;0,228608295047468
2292;15,222;0,26872769544315
2293;15,227;0,231499783364274
2294;15,231;0,243517531680998
2295;15,236;0,290549396334045
2296;15,240;0,229331167126669
2297;15,245;0,311603045640788
2298;15,249;0,27866718653217
2299;15,253;0,204437259899168
2300;15,258;0,236288810888984
2301;15,262;0,246815635542355
2302;15,267;0,26389348841349
2303;15,271;0,218217008908947
2304;15,276;0,247086712572056
2305;15,280;0,252779330195767
2306;15,285;0,269495747027302
2307;15,289;0,246363840492854
2308;15,293;0,299901553858714
2309;15,298;0,192555050097294
2310;15,302;0,246454199502754
2311;15,307;0,257974973265028
2312;15,311;0,235565938809782
2313;15,316;0,204482439404118
2314;15,320;0,206018542572422
2315;15,325;0,241394094948344
2316;15,329;0,192826127126995
2317;15,333;0,233894297126629
2318;15,338;0,177916890493464
2319;15,342;0,192780947622045
2320;15,347;0,255761177522473
2321;15,351;0,260188769007582
2322;15,356;0,246860815047305
2323;15,360;0,214150853463438
2324;15,365;0,321226280195157
2325;15,369;0,20028074544376
2326;15,373;0,220927779205952
2327;15,378;0,226891473859364
2328;15,382;0,286980215442987
2329;15,387;0,209361825938728
2330;15,391;0,191515921483442
2331;15,396;0,206289619602122
2332;15,400;0,169377964057897
2333;15,405;0,208864851384277
2334;15,409;0,182931815542924
2335;15,413;0,172766426929154
2336;15,418;0,162962474354983
2337;15,422;0,227795063958366
2338;15,427;0,201726489602163
2339;15,431;0,18568776534488
2340;15,436;0,207102850691224
2341;15,440;0,217674854849545
2342;15,444;0,181214994354821
2343;15,449;0,226936653364314
2344;15,453;0,228337218017767
2345;15,458;0,23967727376024
2346;15,462;0,253682920294769
2347;15,467;0,343093160591002
2348;15,471;0,485770037223394
2349;15,476;0,84047433058657
2350;15,480;1,62813381988648
2351;15,484;2,99101876621097
2352;15,489;5,33443450846732
2353;15,493;9,07254156853302
2354;15,498;14,179181013042
2355;15,502;21,3933991839678
2356;15,507;30,1289016455731
2357;15,511;40,307753751819
2358;15,516;51,6762725824108
2359;15,520;63,1824985440904
2360;15,524;74,1893102580518
2361;15,529;84,3007545429122
2362;15,533;92,1563409661095
2363;15,538;97,4868448576461
2364;15,542;100
2365;15,547;97,5171603054677
2366;15,551;90,8825500035466
2367;15,556;80,5454340914605
2368;15,560;68,0685716454331
2369;15,564;54,3418633744663
2370;15,569;42,7138786469461
2371;15,573;33,3796573857422
2372;15,578;26,1203048893712
2373;15,582;20,6145045186282
2374;15,587;16,4102353264874
2375;15,591;13,3036925661191
2376;15,596;10,912928702675
2377;15,600;9,39900867130238
2378;15,604;7,8924528992366
2379;15,609;7,00133234360098
2380;15,613;6,01370836539196
2381;15,618;5,29923967411119
2382;15,622;4,82282179441247
2383;15,627;4,21484119629908
2384;15,631;3,80976175491655
2385;15,636;3,49544793897875
2386;15,640;3,21032008323872
2387;15,644;2,97927209492395
2388;15,649;2,71524306799561
2389;15,653;2,4435787047307
2390;15,658;2,23376508374247
2391;15,662;2,09407005443679
2392;15,667;2,0506073706748
2393;15,671;1,83641133770641
2394;15,675;1,78450008651875
2395;15,680;1,57554487612457
2396;15,684;1,5392205541447
2397;15,689;1,43589502632384
2398;15,693;1,42916328008627
2399;15,698;1,42261225186851
2400;15,702;1,29412173979045
2401;15,707;1,24361105325624
2402;15,711;1,23715038404838
2403;15,715;1,15329722286101
2404;15,720;1,04242671771348
2405;15,724;0,993000339298082
2406;15,729;1,00153926573365
2407;15,733;0,973166536624992
2408;15,738;1,06117621226777
2409;15,742;0,897897481378138
2410;15,747;0,824164529299587
2411;15,751;0,873003574150637
2412;15,755;0,804692162666097
2413;15,760;0,816438833953121
2414;15,764;0,749753884646784
2415;15,769;0,789557028507816
2416;15,773;0,699785352171982
2417;15,778;0,657181079004045
2418;15,782;0,651985435934784
2419;15,787;0,581143972173039
2420;15,791;0,593884592568965
2421;15,795;0,554352525737634
2422;15,800;0,574683302965176
2423;15,804;0,594155669598666
2424;15,809;0,670870469003923
2425;15,813;0,81137872939871
2426;15,818;0,960606634248866
2427;15,822;1,34833714573056
2428;15,827;2,15583043770356
2429;15,831;3,2989622719508
2430;15,835;5,29002305510138
2431;15,840;7,86385427260319
2432;15,844;11,3686091896017
2433;15,849;15,3616641961007
2434;15,853;19,4681197600245
2435;15,858;23,3635418563265
2436;15,862;26,7826816114445
2437;15,866;28,5596819001415
2438;15,871;28,7268460684569
2439;15,875;27,7839498001485
2440;15,880;25,1484485583898
2441;15,884;22,3172748806922
2442;15,889;19,5535542038852
2443;15,893;16,7406782256924
2444;15,898;15,1249235901623
2445;15,902;14,4550922497722
2446;15,906;14,7945258704622
2447;15,911;16,2249089971822
2448;15,915;18,5527829897357
2449;15,920;21,4635177756503
2450;15,924;24,4497023348316
2451;15,929;26,2382685767959
2452;15,933;27,702897768268
2453;15,938;28,2901861531142
2454;15,942;26,7463572894646
2455;15,946;24,6363840492854
2456;15,951;21,7744883082218
2457;15,955;18,8426546934955
2458;15,960;15,8812736825318
2459;15,964;13,2155925314664
2460;15,969;11,16186777495
2461;15,973;9,7465294233785
2462;15,978;8,99514907655351
2463;15,982;9,5793200755582
2464;15,986;10,9384551229718
2465;15,991;13,3791875188907
2466;15,995;16,8500126276716
2467;16,000;20,9707449151597
2468;16,004;25,5133182403667
2469;16,009;30,2026797771566
2470;16,013;34,0551813437559
2471;16,018;36,4858387100709
2472;16,022;37,2134998167971
2473;16,026;36,3806156430421
2474;16,031;33,5520623766317
2475;16,035;29,1218956597405
2476;16,040;24,7578717380962
2477;16,044;20,5901527654601
2478;16,049;16,5403523007437
2479;16,053;13,5372706067111
2480;16,057;10,8259581556461
2481;16,062;8,69181388031859
2482;16,066;7,24530167033148
2483;16,071;6,06882736143107
2484;16,075;5,22135020757724
2485;16,080;4,35968668916907
2486;16,084;3,76688640471891
2487;16,089;3,4932341432362
2488;16,093;3,06791428363603
2489;16,097;2,74546815680722
2490;16,102;2,54893731027432
2491;16,106;2,3963209425529
2492;16,111;2,16775782701039
2493;16,115;2,04057752057588
2494;16,120;1,79918342562753
2495;16,124;1,6867768173117
2496;16,129;1,61950453444101
2497;16,133;1,5863879573126
2498;16,137;1,35859289335423
2499;16,142;1,3429607846415
2500;16,146;1,15813142989067
2501;16,151;1,09587407206944
2502;16,155;1,16545050969258
2503;16,160;1,08277201563392
2504;16,164;1,00235249682275
2505;16,169;0,9527905798925
2506;16,173;0,851046334744892
2507;16,177;0,88447916840796
2508;16,182;0,873093933160537
2509;16,186;0,852853514942895
2510;16,191;0,812869653062063
2511;16,195;0,784813180488056
2512;16,200;0,771349688012928
2513;16,204;0,710312176825354
2514;16,209;0,771304508507978
2515;16,213;0,720748642468825
2516;16,217;0,750205679696285
2517;16,222;0,63057035058844
2518;16,226;0,643310970984367
2519;16,231;0,632693787321095
2520;16,235;0,662828517122806
2521;16,240;0,564924529895956
2522;16,244;0,621895885638023
2523;16,248;0,580014484549287
2524;16,253;0,535377133658596
2525;16,257;0,533389235440792
2526;16,262;0,583899921974995
2527;16,266;0,515949946530056
2528;16,271;0,567409402668211
2529;16,275;0,494580040688662
2530;16,280;0,55728919355939
2531;16,284;0,611504599499501
2532;16,288;0,491507834352056
2533;16,293;0,522139538708218
2534;16,297;0,530678465143786
2535;16,302;0,560948733460348
2536;16,306;0,477682905837328
2537;16,311;0,471628852174015
2538;16,315;0,55209355049013
2539;16,320;0,506281532470736
2540;16,324;0,432819657421886
2541;16,328;0,4153351890062
2542;16,333;0,560406579400947
2543;16,337;0,428256527421926
2544;16,342;0,458617154748389
2545;16,346;0,451207715936573
2546;16,351;0,423106063857616
2547;16,355;0,486041114253095
2548;16,360;0,58629443573735
2549;16,364;0,804737342171047
2550;16,368;1,170510614247
2551;16,373;1,87756986671594
2552;16,377;3,01270492858702
2553;16,382;4,79783752817507
2554;16,386;7,41983009795368
2555;16,391;10,7552974099042
2556;16,395;15,2174060367951
2557;16,400;20,3458671821949
2558;16,404;25,8921935688782
2559;16,408;31,6576405545694
2560;16,413;36,3704954339333
2561;16,417;39,3577191217285
2562;16,422;40,6283475189449
2563;16,426;39,1603298646015
2564;16,431;34,9600364688964
2565;16,435;30,1049565079496
2566;16,439;25,1511141491818
2567;16,444;20,1745464994242
2568;16,448;16,0320828700552
2569;16,453;12,6475506157289
2570;16,457;10,3043155914923
2571;16,462;8,32662794180699
2572;16,466;7,08355904261015
2573;16,471;5,81826182697786
2574;16,475;4,93897830163916
2575;16,479;4,38837567481238
2576;16,484;3,99707598243963
2577;16,488;3,51288722788949
2578;16,493;3,11191912145742
2579;16,497;2,70245726809473
2580;16,502;2,46250891730479
2581;16,506;2,28481792433608
2582;16,511;1,99964488909109
2583;16,515;1,94204102027972
2584;16,519;1,70810154364815
2585;16,524;1,6132697627579
2586;16,528;1,53854286157045
2587;16,533;1,53253398741209
2588;16,537;1,45175303256132
2589;16,542;1,31517538909719
2590;16,546;1,2680983449392
2591;16,551;1,16332707295993
2592;16,555;1,17398943612815
2593;16,559;1,1730406665242
2594;16,564;1,13061711137606
2595;16,568;1,09140130107938
2596;16,573;1,02525850583245
2597;16,577;0,98708182414962
2598;16,582;0,970275048308186
2599;16,586;0,902053995833546
2600;16,591;0,917234309496777
2601;16,595;0,902776867912747
2602;16,599;0,894599377516781
2603;16,604;0,801665135834441
2604;16,608;0,777945895735642
2605;16,613;0,838305714348966
2606;16,617;0,764753480290215
2607;16,622;0,727164132171738
2608;16,626;0,685960423657254
2609;16,631;0,734889827518204
2610;16,635;0,757118143953649
2611;16,639;0,799767596626537
2612;16,644;0,750747833755686
2613;16,648;0,757841016032851
2614;16,653;0,738865623953812
2615;16,657;0,691698220785915
2616;16,662;0,758834965141753
2617;16,666;0,713158485637209
2618;16,670;0,709589304746152
2619;16,675;0,652527589994185
2620;16,679;0,6106010094005
2621;16,684;0,621489270093472
2622;16,688;0,630028196529039
2623;16,693;0,60590234088569
2624;16,697;0,570843045044418
2625;16,702;0,582815613856193
2626;16,706;0,599306133162976
2627;16,710;0,758925324151653
2628;16,715;0,874042702764489
2629;16,719;1,27618547632526
2630;16,724;1,9565436413687
2631;16,728;3,10640722185351
2632;16,733;4,7663925927298
2633;16,737;7,19704995904478
2634;16,742;10,6344874136676
2635;16,746;15,020152318183
2636;16,750;19,8589676573478
2637;16,755;24,6302848161172
2638;16,759;29,0119739241969
2639;16,764;31,9248321468442
2640;16,768;32,7065279414907
2641;16,773;32,0651596892192
2642;16,777;29,061716559147
2643;16,782;25,4245856926447
2644;16,786;21,567882432085
2645;16,790;17,8385401959797
2646;16,795;14,5357376661081
2647;16,799;11,8112779791027
2648;16,804;10,0008900362475
2649;16,808;9,07023741378056
2650;16,813;8,79125397071374
2651;16,817;9,16285539892825
2652;16,822;10,6306923352518
2653;16,826;12,814940681569
2654;16,830;15,4466468449119
2655;16,835;18,5761407937949
2656;16,839;21,4479308464425
2657;16,844;23,979519226816
2658;16,848;25,3173747273982
2659;16,853;25,3489552013583
2660;16,857;24,2533973858235
2661;16,861;22,3926794744539
2662;16,866;19,8720697137833
2663;16,870;16,8692139172754
2664;16,875;14,1941806086854
2665;16,879;11,6745647971237
2666;16,884;9,6768174472405
2667;16,888;7,83620441557374
2668;16,893;6,38743323033912
2669;16,897;5,2998721871805
2670;16,901;4,4725450925344
2671;16,906;3,7127613577887
2672;16,910;3,34490982848504
2673;16,915;2,91218053007306
2674;16,919;2,56163275116529
2675;16,924;2,33144317344457
2676;16,928;2,02480987334829
2677;16,933;1,85082359978549
2678;16,937;1,75870258919225
2679;16,941;1,63170300077754
2680;16,946;1,45021692939302
2681;16,950;1,4410003103832
2682;16,955;1,32836780454262
2683;16,959;1,15284542781151
2684;16,964;1,27013142266195
2685;16,968;1,11683736236629
2686;16,973;1,13296644563347
2687;16,977;1,05507697909951
2688;16,981;1,00492772860491
2689;16,986;0,914523539199771
2690;16,990;0,932776059199609
2691;16,995;0,91845415613043
2692;16,999;0,882671988209956
2693;17,004;0,829676428903498
2694;17,008;0,775777279498038
2695;17,013;0,782554205240551
2696;17,017;0,783231897814803
2697;17,021;0,772524355141631
2698;17,026;0,727570747716289
2699;17,030;0,686818834251306
2700;17,035;0,720793821973775
2701;17,039;0,719709513854973
2702;17,044;0,631202863657742
2703;17,048;0,69404755504332
2704;17,052;0,66445497930101
2705;17,057;0,680493703558293
2706;17,061;0,605179468806488
2707;17,066;0,637934609895305
2708;17,070;0,583177049895793
2709;17,075;0,580375920588888
2710;17,079;0,556250064945538
2711;17,084;0,709363407221402
2712;17,088;0,580240382074037
2713;17,092;0,594155669598666
2714;17,097;0,621986244647923
2715;17,101;0,618010448212315
2716;17,106;0,608206495638145
2717;17,110;0,570888224549368
2718;17,115;0,539036673559553
2719;17,119;0,599893466727328
2720;17,124;0,524488872965623
2721;17,128;0,501944299995527
2722;17,132;0,560090322866296
2723;17,137;0,495799887322315
2724;17,141;0,524217795935923
2725;17,146;0,554216987222784
2726;17,150;0,49864619613417
2727;17,155;0,541250469302108
2728;17,159;0,53266636336159
2729;17,164;0,512425945143949
2730;17,168;0,531536875737838
2731;17,172;0,516401741579557
2732;17,177;0,451975767520725
2733;17,181;0,50799835365884
2734;17,186;0,522365436232969
2735;17,190;0,487441678906547
2736;17,195;0,489203679599601
2737;17,199;0,569081044351365
2738;17,204;0,480664753164034
2739;17,208;0,49819440108467
2740;17,212;0,51802820375776
2741;17,217;0,505242403856884
2742;17,221;0,586023358707649
2743;17,226;0,609290803756947
2744;17,230;0,842507408309324
2745;17,235;1,23986115434539
2746;17,239;1,87549160948824
2747;17,243;3,04405950502238
2748;17,248;4,67982866124543
2749;17,252;7,1075945392436
2750;17,257;10,2190166861466
2751;17,261;14,8909389340257
2752;17,266;20,5617348568465
2753;17,270;26,7877417159989
2754;17,275;34,1109328528644
2755;17,279;42,0327524303185
2756;17,283;50,3755546348976
2757;17,288;59,4266359385794
2758;17,292;67,7151775577134
2759;17,297;73,8724212103318
2760;17,301;77,4974891490124
2761;17,306;76,1043339343713
2762;17,310;70,7018139119442
2763;17,315;61,5755990915305
2764;17,319;50,4111560847983
2765;17,323;40,6102757169649
2766;17,328;31,0935744352675
2767;17,332;24,5042339973064
2768;17,337;19,5207087037864
2769;17,341;15,8769364500565
2770;17,346;13,149901531269
2771;17,350;10,8462889328736
2772;17,355;9,15829226892829
2773;17,359;8,29387280071817
2774;17,363;6,9408369864728
2775;17,368;6,38824646142822
2776;17,372;5,75650144371108
2777;17,377;5,04781572906393
2778;17,381;4,63148659094883
2779;17,386;4,22527766194255
2780;17,390;3,9573631975885
2781;17,395;3,63432973719534
2782;17,399;3,48239106204818
2783;17,403;3,19816679640714
2784;17,408;2,91746653215222
2785;17,412;2,72789332938163
2786;17,417;2,62434190403602
2787;17,421;2,38308334760253
2788;17,426;2,35796354285028
2789;17,430;2,29173038859344
2790;17,434;2,04717372829859
2791;17,439;2,01893653770478
2792;17,443;1,9809857535467
2793;17,448;1,86139560394381
2794;17,452;1,81748112513232
2795;17,457;1,63238069335179
2796;17,461;1,65948839632185
2797;17,466;1,61882684186676
2798;17,470;1,56036456246134
2799;17,474;1,45717457315533
2800;17,479;1,57387323444142
2801;17,483;1,43562394929414
2802;17,488;1,41822983988835
2803;17,492;1,38990229028464
2804;17,497;1,34639442701771
2805;17,501;1,243836950781
2806;17,506;1,2451019769196
2807;17,510;1,21713586335549
2808;17,514;1,19983211295961
2809;17,519;1,22016289018715
2810;17,523;1,04491159048574
2811;17,528;0,997789366822792
2812;17,532;1,16233312385103
2813;17,537;0,952429143852899
2814;17,541;1,0729228835548
2815;17,546;0,988120952763472
2816;17,550;1,028375891674
2817;17,554;0,89902696900189
2818;17,559;1,01821050306023
2819;17,563;0,9529712979123
2820;17,568;0,948317808902441
2821;17,572;0,988572747812973
2822;17,577;0,929523134843202
2823;17,581;0,934673598407513
2824;17,586;0,876663114051594
2825;17,590;0,896135480685084
2826;17,594;0,982563873654611
2827;17,599;0,859178645635908
2828;17,603;0,860669569299261
2829;17,608;0,874268600289239
2830;17,612;0,930742981476855
2831;17,617;0,905035843160252
2832;17,621;0,957398889397409
2833;17,626;0,826107248012441
2834;17,630;0,919854720783882
2835;17,634;0,83080591652725
2836;17,639;0,859223825140858
2837;17,643;0,864193570685369
2838;17,648;0,828546941279746
2839;17,652;0,837582842269764
2840;17,657;0,82597170949759
2841;17,661;0,746862396329978
2842;17,665;0,784768000983106
2843;17,670;0,725176233953934
2844;17,674;0,749934602666585
2845;17,679;0,758473529102152
2846;17,683;0,760416247815006
2847;17,688;0,755085066230895
2848;17,692;0,925773235932345
2849;17,697;1,17037507573215
2850;17,701;1,63079941067854
2851;17,705;2,52625719878937
2852;17,710;3,83876699709451
2853;17,714;5,65231750529617
2854;17,719;8,3826505279451
2855;17,723;11,9906857932595
2856;17,728;16,2631760378749
2857;17,732;21,2807214986222
2858;17,737;26,0663153809558
2859;17,741;30,617879427648
2860;17,745;34,4349150828615
2861;17,750;36,6121154264064
2862;17,754;36,8381033101668
2863;17,759;34,9782438093913
2864;17,763;31,6482432175398
2865;17,768;27,5442273468833
2866;17,772;23,0586253774183
2867;17,777;19,0975574604239
2868;17,781;15,3933350290708
2869;17,785;12,5766187929572
2870;17,790;10,1134321830782
2871;17,794;8,44111280735052
2872;17,799;7,15146383855013
2873;17,803;6,18335740647955
2874;17,808;5,30917916520021
2875;17,812;4,65014572649322
2876;17,817;4,1793301054083
2877;17,821;3,72084848917476
2878;17,825;3,32584407739611
2879;17,830;3,05982715224996
2880;17,834;2,78454842858905
2881;17,839;2,54365130819516
2882;17,843;2,3711559582957
2883;17,848;2,40544720255282
2884;17,852;2,13509304493147
2885;17,856;2,02946336235815
2886;17,861;1,81617091948877
2887;17,865;1,77239197919213
2888;17,870;1,62280263830237
2889;17,874;1,53221773087744
2890;17,879;1,57165943869887
2891;17,883;1,42554891969027
2892;17,888;1,47303257939281
2893;17,892;1,39125767543315
2894;17,896;1,21320524642483
2895;17,901;1,25906244394918
2896;17,905;1,30469374394877
2897;17,910;1,195856316524
2898;17,914;1,19337144375174
2899;17,919;1,12993941880181
2900;17,923;1,13409593325722
2901;17,928;1,0522758497926
2902;17,932;1,06786277900039
2903;17,936;1,14846301583135
2904;17,941;1,11674700335639
2905;17,945;1,08308827216857
2906;17,950;1,01292450098107
2907;17,954;0,995530391575287
2908;17,959;1,01432506563453
2909;17,963;0,964763148704274
2910;17,968;0,980982590981358
2911;17,972;0,906120151279054
2912;17,976;0,920170977318533
2913;17,981;0,870925316922932
2914;17,985;0,858500953061657
2915;17,990;0,897490865833587
2916;17,994;0,798412211478034
2917;17,999;0,731094749102396
2918;18,003;0,799225442567136
2919;18,008;0,793035850388973
2920;18,012;0,888454964843568
2921;18,016;0,824661503854038
2922;18,021;0,730868851577646
2923;18,025;0,788653438408814
2924;18,030;0,809797446725457
2925;18,034;0,746184703755727
2926;18,039;0,753729681082392
2927;18,043;0,729874902468744
2928;18,047;0,746139524250777
2929;18,052;0,790460618606818
2930;18,056;0,863696596130918
2931;18,061;0,750431577221036
2932;18,065;0,812598576032363
2933;18,070;0,867536854051675
2934;18,074;0,779120562864344
2935;18,079;0,849826488111239
2936;18,083;0,804737342171047
2937;18,087;0,820008014844178
2938;18,092;0,819917655834278
2939;18,096;0,877476345140696
2940;18,101;0,832296840190603
2941;18,105;0,782554205240551
2942;18,110;0,819059245240226
2943;18,114;0,775280304943587
2944;18,119;0,805189137220548
2945;18,123;0,852130642863694
2946;18,127;0,763804710686263
2947;18,132;0,744693780092374
2948;18,136;0,783774051874204
2949;18,141;0,696487248310625
2950;18,145;0,777268203161391
2951;18,150;0,675162521974182
2952;18,154;0,707420688508548
2953;18,159;0,726034644547986
2954;18,163;0,712074177518407
2955;18,167;0,706110482864995
2956;18,172;0,692104836330466
2957;18,176;0,715101204350063
2958;18,181;0,649500563162529
2959;18,185;0,64019358514281
2960;18,190;0,643536868509117
2961;18,194;0,680900319102843
2962;18,199;0,672090315637575
2963;18,203;0,674033034350429
2964;18,207;0,67936421593454
2965;18,212;0,580466279598788
2966;18,216;0,579201253460185
2967;18,221;0,59139971979671
2968;18,225;0,645841023261572
2969;18,230;0,721878130092577
2970;18,234;0,598312184054074
2971;18,238;0,622392860192474
2972;18,243;0,671502982073224
2973;18,247;0,67434929088508
2974;18,252;0,63996768761806
2975;18,256;0,701411814350185
2976;18,261;0,668701852766318
2977;18,265;0,688445296429509
2978;18,270;0,768548558706023
2979;18,274;0,612814805143054
2980;18,278;0,717224641082718
2981;18,283;0,630796248113191
2982;18,287;0,694996324647272
2983;18,292;0,671412623063324
2984;18,296;0,679861190488991
2985;18,301;0,685598987617653
2986;18,305;0,640780918707161
2987;18,310;0,629214965439938
2988;18,314;0,640826098212111
2989;18,318;0,688671193954259
2990;18,323;0,720116129399524
2991;18,327;0,694860786132422
2992;18,332;0,715281922369864
2993;18,336;0,620133884944969
2994;18,341;0,739498137023113
2995;18,345;0,701456993855135
2996;18,350;0,636985840291354
2997;18,354;0,753368245042792
2998;18,358;0,708866432666951
2999;18,363;0,769361789795124
3000;18,367;0,750928551775487
3001;18,372;0,789240771973165
3002;18,376;0,704212943657091
3003;18,381;0,817297244547173
3004;18,385;0,849329513556788
3005;18,390;0,83577566207176
3006;18,394;0,784587282963306
3007;18,398;0,699062480092781
3008;18,403;0,666985031578215
3009;18,407;0,667798262667317
3010;18,412;0,694770427122522
3011;18,416;0,690388015142363
3012;18,421;0,592484027915512
3013;18,425;0,613808754251956
3014;18,430;0,667436826627716
3015;18,434;0,601881364945132
3016;18,438;0,649184306627879
3017;18,443;0,605089109796588
3018;18,447;0,628040298311235
3019;18,452;0,620043525935069
3020;18,456;0,685870064647354
3021;18,461;0,663506209697058
3022;18,465;0,603236750093635
3023;18,469;0,656503386429793
3024;18,474;0,717405359102518
3025;18,478;0,592212950885812
3026;18,483;0,680900319102843
3027;18,487;0,625781323063731
3028;18,492;0,609787778311398
3029;18,496;0,652482410489235
3030;18,501;0,692827708409668
3031;18,505;0,600345261776829
3032;18,509;0,618100807222215
3033;18,514;0,694454170587871
3034;18,518;0,776454972072289
3035;18,523;0,656458206924843
3036;18,527;0,747314191379479
3037;18,532;0,700598583261084
3038;18,536;0,63057035058844
3039;18,541;0,687767603855257
3040;18,545;0,664816415340611
3041;18,549;0,641142354746762
3042;18,554;0,686457398211705
3043;18,558;0,661247234449553
3044;18,563;0,622573578212274
3045;18,567;0,672632469696977
3046;18,572;0,724724438904433
3047;18,576;0,717224641082718
3048;18,581;0,632467889796344
3049;18,585;0,723775669300481
3050;18,589;0,750386397716086
3051;18,594;0,724724438904433
3052;18,598;0,771349688012928
3053;18,603;0,716185512468866
3054;18,607;0,70349007157789
3055;18,612;0,699198018607631
3056;18,616;0,700508224251184
3057;18,621;0,650901127815982
3058;18,625;0,742118548310219
3059;18,629;0,667120570093065
3060;18,634;0,708008022072899
3061;18,638;0,712887408607509
3062;18,643;0,69856550553833
3063;18,647;0,642542919400215
3064;18,652;0,641323072766562
3065;18,656;0,690975348706714
3066;18,660;0,686095962172104
3067;18,665;0,61548039593511
3068;18,669;0,699243198112581
3069;18,674;0,662286363063405
3070;18,678;0,744603421082474
3071;18,683;0,627814400786485
3072;18,687;0,730959210587546
3073;18,692;0,622799475737025
3074;18,696;0,672225854152426
3075;18,700;0,70353525108284
3076;18,705;0,689710322568111
3077;18,709;0,678234728310788
3078;18,714;0,630976966132991
3079;18,718;0,600390441281779
3080;18,723;0,675569137518732
3081;18,727;0,650675230291232
3082;18,732;0,607438444053993
3083;18,736;0,608206495638145
3084;18,740;0,70353525108284
3085;18,745;0,703038276528389
3086;18,749;0,678912420885039
3087;18,754;0,696713145835376
3088;18,758;0,596459824351121
3089;18,763;0,695402940191823
3090;18,767;0,698158889993779
3091;18,772;0,749573166626984
3092;18,776;0,623748245340977
3093;18,780;0,692692169894818
3094;18,785;0,647557844449675
3095;18,789;0,695583658211623
3096;18,794;0,697752274449228
3097;18,798;0,673536059795978
3098;18,803;0,715010845340163
3099;18,807;0,704980995241243
3100;18,812;0,61566111395491
3101;18,816;0,643356150489317
3102;18,820;0,706788175439246
3103;18,825;0,689394066033461
3104;18,829;0,721832950587627
3105;18,834;0,692692169894818
3106;18,838;0,634320249499298
3107;18,843;0,710176638310503
3108;18,847;0,69409273454827
3109;18,851;0,685373090092903
3110;18,856;0,671819238607875
3111;18,860;0,648642152568477
3112;18,865;0,744467882567624
3113;18,869;0,684559859003801
3114;18,874;0,755582040785346
3115;18,878;0,765882967913967
3116;18,883;0,678054010290988
3117;18,887;0,705206892765993
3118;18,891;0,693234323954219
3119;18,896;0,64001286712301
3120;18,900;0,641368252271513
3121;18,905;0,669108468310869
3122;18,909;0,688535655439409
3123;18,914;0,668882570786119
3124;18,918;0,674033034350429
3125;18,923;0,7083694581125
3126;18,927;0,714062075736211
3127;18,931;0,752916449993291
3128;18,936;0,696939043360126
3129;18,940;0,718760744251021
3130;18,945;0,686864013756256
3131;18,949;0,704122584647191
3132;18,954;0,756079015339797
3133;18,958;0,883304501279258
3134;18,963;0,984642130882315
3135;18,967;1,29638071503795
3136;18,971;1,8317126691916
3137;18,976;2,65312124868923
3138;18,980;3,95686622303405
3139;18,985;5,79517509994836
3140;18,989;7,85883934755373
3141;18,994;10,5058161835697
3142;18,998;13,2724735281986
3143;19,003;16,3792421860917
3144;19,007;18,4969411216174
3145;19,011;20,3210636339773
3146;19,016;21,138812673574
3147;19,020;20,8714855427843
3148;19,025;20,256185864869
3149;19,029;18,2616462598373
3150;19,034;16,2193519180733
3151;19,038;14,232538008388
3152;19,042;11,8737160549437
3153;19,047;9,91482307931759
3154;19,051;8,23622375240186
3155;19,056;6,92195195340367
3156;19,060;5,96509521806566
3157;19,065;4,91995773005517
3158;19,069;4,2048565257051
3159;19,074;3,59782469719566
3160;19,078;3,09140762621008
3161;19,082;2,86216681809331
3162;19,087;2,66626848462971
3163;19,091;2,42347382502791
3164;19,096;2,23597887948503
3165;19,100;2,00276227493265
3166;19,105;2,02006602532853
3167;19,109;1,73805555543006
3168;19,114;1,63418787354979
3169;19,118;1,49932705127377
3170;19,122;1,45735529117513
3171;19,127;1,42252189285861
3172;19,131;1,40033875592812
3173;19,136;1,3170729283051
3174;19,140;1,29963363939436
3175;19,145;1,1953141624646
3176;19,149;1,24749649068195
3177;19,154;1,18329641414787
3178;19,158;1,2697248071174
3179;19,162;1,18054046434592
3180;19,167;1,12637023791075
3181;19,171;1,12121977434644
3182;19,176;1,09058806999028
3183;19,180;1,01215644939692
3184;19,185;0,983512643258563
3185;19,189;0,97248884405074
3186;19,194;1,00876798652566
3187;19,198;0,94809191137769
3188;19,202;1,00497290810986
3189;19,207;0,940637293060925
3190;19,211;1,02905358424826
3191;19,216;0,907068920883006
3192;19,220;0,981705463060559
3193;19,225;0,83089627553715
3194;19,229;0,946736526229187
3195;19,233;0,909147178110711
3196;19,238;0,863651416625967
3197;19,242;0,852356540388444
3198;19,247;0,863561057616067
3199;19,251;0,806815599398751
3200;19,256;0,885518297021812
3201;19,260;0,856919670388404
3202;19,265;0,898258917417738
3203;19,269;0,833426327814356
3204;19,273;0,777900716230692
3205;19,278;0,877973319695147
3206;19,282;0,745281113656725
3207;19,287;0,800264571180988
3208;19,291;0,852898694447845
3209;19,296;0,778397690785143
3210;19,300;0,790731695636518
3211;19,305;0,80645416335915
3212;19,309;0,839886997022219
3213;19,313;0,82565545296294
3214;19,318;0,791183490686019
3215;19,322;0,805866829794799
3216;19,327;0,792132260289971
3217;19,331;0,822266990091683
3218;19,336;0,674078213855379
3219;19,340;0,750838192765586
3220;19,345;0,758247631577402
3221;19,349;0,729377927914293
3222;19,353;0,728609876330141
3223;19,358;0,776545331082189
3224;19,362;0,765973326923868
3225;19,367;0,759286760191254
3226;19,371;0,812417858012562
3227;19,376;0,756124194844747
3228;19,380;0,744738959597324
3229;19,385;0,697164940884877
3230;19,389;0,779030203854444
3231;19,393;0,849374693061738
3232;19,398;0,764211326230814
3233;19,402;0,75241947543884
3234;19,407;0,864555006724969
3235;19,411;0,796966467319631
3236;19,416;0,822312169596633
3237;19,420;0,788517899893964
3238;19,425;0,798276672963184
3239;19,429;0,787343232765261
3240;19,433;0,756259733359598
3241;19,438;0,800129032666137
3242;19,442;0,783096359299953
3243;19,447;0,805189137220548
3244;19,451;0,779256101379195
3245;19,456;0,843682075438027
3246;19,460;0,805640932270049
3247;19,464;0,788201643359313
3248;19,469;0,772614714151531
3249;19,473;0,805279496230448
3250;19,478;0,797418262369132
3251;19,482;0,820640527913479
3252;19,487;0,789737746527616
3253;19,491;0,753458604052692
3254;19,496;0,810791395834359
3255;19,500;0,745010036627025
3256;19,504;0,712074177518407
3257;19,509;0,745145575141875
3258;19,513;0,761093940389257
3259;19,518;0,792448516824622
3260;19,522;0,687225449795856
3261;19,527;0,693550580488869
3262;19,531;0,733850698904352
3263;19,536;0,704574379696692
3264;19,540;0,713022947122359
3265;19,544;0,795972518210729
