#"+EI TIC Scan 130C_1ml-min_9C-min_2.d "
#Point;X(Minutes);Y(Counts)
0;5,191;4,66639722648893
1;5,195;4,41296151967017
2;5,199;4,0479424348985
3;5,203;3,87344374178673
4;5,207;3,59456282125228
5;5,211;3,46440805508984
6;5,216;3,17279591388113
7;5,220;3,08352232046567
8;5,224;2,93650170174557
9;5,228;2,80705326852987
10;5,232;2,70205084632469
11;5,236;2,62020236266648
12;5,240;2,49034046626244
13;5,244;2,35667126299911
14;5,249;2,30211134977125
15;5,253;2,2953753453279
16;5,257;2,1496984819699
17;5,261;2,15321291907078
18;5,265;2,09506965821066
19;5,269;1,98374469475046
20;5,273;1,90237858481198
21;5,277;1,882049978052
22;5,282;1,85057509283971
23;5,286;1,79961575487697
24;5,290;1,74061111237447
25;5,294;1,70019508571436
26;5,298;1,64487715664122
27;5,302;1,64554903432227
28;5,306;1,62189549442273
29;5,310;1,59774235317061
30;5,315;1,55045250100437
31;5,319;1,55975542274199
32;5,323;1,54114957926675
33;5,327;1,48564214623228
34;5,331;1,47111925174189
35;5,335;1,45346092807325
36;5,339;1,49816663531237
37;5,343;1,46164405367579
38;5,347;1,44279702334069
39;5,352;1,44930906855702
40;5,356;1,36696098354623
41;5,360;1,35872617504515
42;5,364;1,31960222084861
43;5,368;1,35197294296896
44;5,372;1,29587977041767
45;5,376;1,29670669679435
46;5,380;1,29720629814693
47;5,385;1,2815119246229
48;5,389;1,26583477873173
49;5,393;1,2485037800872
50;5,397;1,26264766665495
51;5,401;1,25513641873347
52;5,405;1,20846676134974
53;5,409;1,22012986878746
54;5,413;1,20143788714798
55;5,418;1,22259342028464
56;5,422;1,1901537876329
57;5,426;1,13612793102331
58;5,430;1,15339001913645
59;5,434;1,1416407735345
60;5,438;1,15597416406357
61;5,442;1,15361397836347
62;5,446;1,16022938937689
63;5,451;1,12794480542078
64;5,455;1,11040707518208
65;5,459;1,12444759595275
66;5,463;1,10015663363785
67;5,467;1,08682244581393
68;5,471;1,13030499112088
69;5,475;1,09488497798653
70;5,479;1,0856509667803
71;5,484;1,08635729972705
72;5,488;1,0869947221424
73;5,492;1,04563117567568
74;5,496;1,05810398185724
75;5,500;1,03905021992796
76;5,504;1,03944645548345
77;5,508;0,965936146123404
78;5,512;0,956064712501817
79;5,517;1,02425168331201
80;5,521;1,01951408427896
81;5,525;1,00001240389565
82;5,529;0,992914619162503
83;5,533;0,968864843707469
84;5,537;1,00009854205989
85;5,541;0,97971825240136
86;5,545;0,954807095303954
87;5,549;0,993586496843553
88;5,554;0,936907584775458
89;5,558;1,00650722147914
90;5,562;1,03138392331085
91;5,566;0,968261876557809
92;5,570;1,00926364273473
93;5,574;0,94047370477488
94;5,578;0,95301542148782
95;5,582;0,981596064381731
96;5,587;0,970191371436723
97;5,591;0,981561609116036
98;5,595;0,932876318689156
99;5,599;0,945486945933486
100;5,603;0,934547399075358
101;5,607;0,904554090287956
102;5,611;0,883036776861497
103;5,615;0,894803250096302
104;5,620;0,898386597728571
105;5,624;0,907241601012158
106;5,628;0,915235222653372
107;5,632;0,857884432904227
108;5,636;0,930809002747463
109;5,640;0,873975041983741
110;5,644;0,904140627099618
111;5,648;0,882330443914752
112;5,653;0,873975041983741
113;5,657;0,867635273095881
114;5,661;0,852113175900333
115;5,665;0,835626331265328
116;5,669;0,861019862082463
117;5,673;0,830234082184078
118;5,677;0,861174910778089
119;5,681;0,818932755036154
120;5,686;0,822964021122456
121;5,690;0,870029914061676
122;5,694;0,911789696083883
123;5,698;1,08682244581393
124;5,702;1,55725741597911
125;5,706;2,54074851997406
126;5,710;4,39492418807889
127;5,714;7,30479196944231
128;5,718;10,9816856480725
129;5,723;15,267007635976
130;5,727;19,3136752260438
131;5,731;22,2023185637391
132;5,735;24,0804923244005
133;5,739;24,9623059393298
134;5,743;25,0635010546757
135;5,747;24,4101086236706
136;5,751;23,6162593020604
137;5,756;22,7241091074226
138;5,760;21,4072460801967
139;5,764;20,4075093184266
140;5,768;19,4410218880521
141;5,772;18,3672407603037
142;5,776;17,2785232748765
143;5,780;16,3433901362844
144;5,784;15,4417475159476
145;5,789;14,4609956055754
146;5,793;13,6065566992407
147;5,797;12,7588021144507
148;5,801;12,0217178430728
149;5,805;11,2865630665738
150;5,809;10,5267727751029
151;5,813;9,89572458390098
152;5,817;9,22444987000028
153;5,822;8,66744604477669
154;5,826;7,99419015309853
155;5,830;7,55297324824261
156;5,834;7,04238066591003
157;5,838;6,53780052744121
158;5,842;5,83865150359334
159;5,846;5,44460385747373
160;5,850;4,9258626048043
161;5,855;4,42579610614151
162;5,859;4,03634823799217
163;5,863;3,65475617042126
164;5,867;3,26034674401185
165;5,871;2,99662614038316
166;5,875;2,67290169154681
167;5,879;2,46899542916445
168;5,883;2,23459625664211
169;5,887;1,99745789049703
170;5,892;1,93418079504836
171;5,896;1,71223720107473
172;5,900;1,63771046137668
173;5,904;1,42610344711151
174;5,908;1,39099353136842
175;5,912;1,30485536713119
176;5,916;1,25801343341899
177;5,920;1,15027181759107
178;5,925;1,1281343093821
179;5,929;1,08988896446077
180;5,933;0,98915899520176
181;5,937;0,952498592502396
182;5,941;0,930998506708785
183;5,945;0,913219589610221
184;5,949;0,892977121014473
185;5,953;0,868410516574016
186;5,958;0,850545461311216
187;5,962;0,81066349126938
188;5,966;0,787216682964007
189;5,970;0,772004683159713
190;5,974;0,797001978421356
191;5,978;0,78416739195001
192;5,982;0,75327824625454
193;5,986;0,686607307134927
194;5,991;0,7110705457783
195;5,995;0,707056507324845
196;5,999;0,673703810132191
197;6,003;0,645984548880652
198;6,007;0,695100530128718
199;6,011;0,67546102868263
200;6,015;0,634080254583067
201;6,019;0,671171348103617
202;6,024;0,636130342891913
203;6,028;0,610237210722203
204;6,032;0,625552576323582
205;6,036;0,612201160866812
206;6,040;0,610443942316372
207;6,044;0,61423402154281
208;6,048;0,639110723374521
209;6,052;0,580381722997581
210;6,056;0,619712408788298
211;6,061;0,627068608014157
212;6,065;0,59866024144872
213;6,069;0,61187383584271
214;6,073;0,599418257294007
215;6,077;0,609169097485661
216;6,081;0,617558954682367
217;6,085;0,630307402989477
218;6,089;0,622158732652635
219;6,094;0,588289206474558
220;6,098;0,568287924738674
221;6,102;0,657251420762881
222;6,106;0,627516526468191
223;6,110;0,59785054270489
224;6,114;0,572749881646162
225;6,118;0,590683847440353
226;6,122;0,587031589276694
227;6,127;0,570320785414673
228;6,131;0,597350941352314
229;6,135;0,584223485122561
230;6,139;0,571354443385519
231;6,143;0,565807145608642
232;6,147;0,569166534013894
233;6,151;0,578107675461718
234;6,155;0,52880219025233
235;6,160;0,591975919903911
236;6,164;0,658715769554914
237;6,168;0,907930706326056
238;6,172;1,41245916189634
239;6,176;2,30939863846572
240;6,180;3,65322291109783
241;6,184;5,55384427735938
242;6,188;7,82675478945421
243;6,193;10,0733414785581
244;6,197;12,1090102587108
245;6,201;13,6591698899568
246;6,205;14,350824893516
247;6,209;14,480583424123
248;6,213;14,3265856140996
249;6,217;13,9364830959021
250;6,221;13,4411541962724
251;6,225;12,6885995105974
252;6,230;12,0188408283873
253;6,234;11,3675673962225
254;6,238;10,573735302245
255;6,242;10,0909136640625
256;6,246;9,43466144600481
257;6,250;8,74765790331439
258;6,254;8,12332848892298
259;6,258;7,70095861440216
260;6,263;7,08793052715867
261;6,267;6,66878221998033
262;6,271;6,01549315477236
263;6,275;5,6420497575383
264;6,279;5,10552958777031
265;6,283;4,65709430475131
266;6,287;4,2272820928404
267;6,291;3,86924019937195
268;6,296;3,55137314570374
269;6,300;3,14866000026186
270;6,304;2,83656420359754
271;6,308;2,50560414896527
272;6,312;2,22033177664443
273;6,316;1,93766077688355
274;6,320;1,70748237440883
275;6,324;1,56957517346504
276;6,329;1,40946155378088
277;6,333;1,26726467225807
278;6,337;1,10947678300832
279;6,341;1,01022839017419
280;6,345;0,947261392116773
281;6,349;0,872958611645742
282;6,353;0,811421507114668
283;6,357;0,735189231764723
284;6,362;0,721889499206495
285;6,366;0,720683564907174
286;6,370;0,703094151769933
287;6,374;0,661334369747725
288;6,378;0,664693758152977
289;6,382;0,658991411680473
290;6,386;0,633305011104932
291;6,390;0,612132250335422
292;6,394;0,613992834682946
293;6,399;0,564549528410778
294;6,403;0,560793904450035
295;6,407;0,551852763002211
296;6,411;0,513038906196917
297;6,415;0,527682394117246
298;6,419;0,491728324364628
299;6,423;0,49245188494422
300;6,427;0,465163314513867
301;6,432;0,479031558956061
302;6,436;0,490057243978425
303;6,440;0,46352668939336
304;6,444;0,451346752970216
305;6,448;0,414410708145294
306;6,452;0,425712035293218
307;6,456;0,447453307946694
308;6,460;0,401903446698049
309;6,465;0,44235392862385
310;6,469;0,431069829108773
311;6,473;0,423696402250067
312;6,477;0,393944280322529
313;6,481;0,401765625635269
314;6,485;0,38098910042125
315;6,489;0,427193611718098
316;6,493;0,400938699258592
317;6,498;0,377715850180236
318;6,502;0,379025150276641
319;6,506;0,382091668923487
320;6,510;0,396235555491239
321;6,514;0,386467487666738
322;6,518;0,357077146028996
323;6,522;0,357266649990318
324;6,526;0,379593662160607
325;6,531;0,351822718010525
326;6,535;0,351598758783509
327;6,539;0,341572276466296
328;6,543;0,352391229894491
329;6,547;0,312181934828554
330;6,551;0,389568461579278
331;6,555;0,336007751056571
332;6,559;0,348411646706731
333;6,563;0,344311470089039
334;6,568;0,321622677628954
335;6,572;0,312802129611062
336;6,576;0,329685209801558
337;6,580;0,30708255550571
338;6,584;0,305342564588118
339;6,588;0,300467144492291
340;6,592;0,304153857921645
341;6,596;0,308788091157607
342;6,601;0,314111429707468
343;6,605;0,304463955312899
344;6,609;0,331683615211862
345;6,613;0,321726043426039
346;6,617;0,318108240528075
347;6,621;0,29528162700521
348;6,625;0,299123389130191
349;6,629;0,284393763045625
350;6,634;0,302034859081409
351;6,638;0,262893677252013
352;6,642;0,282550406330948
353;6,646;0,28840780149908
354;6,650;0,273833224110141
355;6,654;0,295126578309583
356;6,658;0,31585142062506
357;6,662;0,302172680144188
358;6,667;0,330994509897964
359;6,671;0,312095796664317
360;6,675;0,310907089997843
361;6,679;0,297934682463717
362;6,683;0,3118718374373
363;6,687;0,309804521495607
364;6,691;0,350582328445509
365;6,695;0,346189282069411
366;6,700;0,413773285729938
367;6,704;0,653650845497765
368;6,708;1,21437583941641
369;6,712;2,29699474281556
370;6,716;4,2900251316708
371;6,720;7,33166707668433
372;6,724;11,5782096630482
373;6,728;16,6305403205856
374;6,732;21,8308907995482
375;6,737;26,5768280068938
376;6,741;30,272241390835
377;6,745;32,6535998517045
378;6,749;33,4824040403623
379;6,753;33,3015828059955
380;6,757;32,411999528652
381;6,761;30,8841324543106
382;6,765;29,3325429295383
383;6,770;27,6334159570605
384;6,774;25,7843224406456
385;6,778;24,006689145282
386;6,782;21,904314970744
387;6,786;20,4257189263464
388;6,790;18,5997621208456
389;6,794;16,9415680040133
390;6,798;15,3945610295785
391;6,803;13,8057770454885
392;6,807;12,5503822122624
393;6,811;11,2034741933505
394;6,815;9,58672976114921
395;6,819;8,48646976171427
396;6,823;7,35793921677668
397;6,827;6,42463220726634
398;6,831;5,40787454424297
399;6,836;4,6012078637942
400;6,840;3,95978863761812
401;6,844;3,41389663558113
402;6,848;2,86006269480146
403;6,852;2,40985296559917
404;6,856;2,1332116373349
405;6,860;1,87397021824654
406;6,864;1,6433438973178
407;6,869;1,35934636982766
408;6,873;1,22776171013888
409;6,877;1,14813559111798
410;6,881;0,97634163636326
411;6,885;0,910342574924698
412;6,889;0,816589796968901
413;6,893;0,774967836009474
414;6,897;0,70614344278393
415;6,901;0,625483665792192
416;6,906;0,565669324545862
417;6,910;0,571940182902332
418;6,914;0,523788949093723
419;6,918;0,538225705419882
420;6,922;0,469280718764407
421;6,926;0,466610435673053
422;6,930;0,438839491522971
423;6,934;0,443594318188866
424;6,939;0,415358227951903
425;6,943;0,387914608825923
426;6,947;0,38651917056528
427;6,951;0,378336044962744
428;6,955;0,369825594336106
429;6,959;0,347067891344631
430;6,963;0,312405894055571
431;6,967;0,343036625258328
432;6,972;0,313112227002316
433;6,976;0,314542120528654
434;6,980;0,308271262172184
435;6,984;0,279277156089934
436;6,988;0,284204259084303
437;6,992;0,252488187012157
438;6,996;0,27565935319197
439;7,000;0,275573215027733
440;7,005;0,282171398408305
441;7,009;0,274556784689734
442;7,013;0,258965776962796
443;7,017;0,25617490044151
444;7,021;0,276451824302953
445;7,025;0,26251466932937
446;7,029;0,248422465660159
447;7,033;0,256622818895543
448;7,038;0,250369188171921
449;7,042;0,281671797055729
450;7,046;0,266149699860181
451;7,050;0,231057011749935
452;7,054;0,253125609427512
453;7,058;0,265064358990792
454;7,062;0,256278266238594
455;7,066;0,241841509912435
456;7,070;0,236156391072778
457;7,075;0,223786950688313
458;7,079;0,231160377547019
459;7,083;0,233348286918645
460;7,087;0,234898773874915
461;7,091;0,202407458324633
462;7,095;0,201304889822397
463;7,099;0,218635888466927
464;7,103;0,193225130016945
465;7,108;0,208488812719782
466;7,112;0,209884250980425
467;7,116;0,207300106053308
468;7,120;0,184266760936274
469;7,124;0,185886158423933
470;7,128;0,212365030110457
471;7,132;0,194103739292165
472;7,136;0,201046475329685
473;7,141;0,180528364608378
474;7,145;0,159252238041783
475;7,149;0,171449402097774
476;7,153;0,18860812441383
477;7,157;0,199272029146398
478;7,161;0,179563617168921
479;7,165;0,200822516102668
480;7,169;0,20114984112677
481;7,174;0,175015522097196
482;7,178;0,172982661421197
483;7,182;0,169382086156081
484;7,186;0,172396921904384
485;7,190;0,17060524808825
486;7,194;0,164833991084355
487;7,198;0,173241075913909
488;7,202;0,172586425865706
489;7,207;0,15940728673741
490;7,211;0,160751042099511
491;7,215;0,176393732724991
492;7,219;0,167642095238489
493;7,223;0,177358480164448
494;7,227;0,151672079588907
495;7,231;0,162973406736831
496;7,235;0,148226553019418
497;7,239;0,146693293695996
498;7,244;0,142472523648372
499;7,248;0,160871635529443
500;7,252;0,16979554934442
501;7,256;0,150810697946535
502;7,260;0,155393248283955
503;7,264;0,177944219681261
504;7,268;0,167487046542862
505;7,272;0,170243467798453
506;7,277;0,153687712632058
507;7,281;0,142110743358575
508;7,285;0,149466942584434
509;7,289;0,154376817945956
510;7,293;0,163249048862391
511;7,297;0,17046742702547
512;7,301;0,225371892910278
513;7,305;0,421318988917119
514;7,310;0,725352253408832
515;7,314;1,40456890605221
516;7,318;2,7026365858415
517;7,322;4,46495451560376
518;7,326;7,03288824021109
519;7,330;9,87381103491903
520;7,334;13,0664876371061
521;7,338;15,9279802254339
522;7,343;17,8674499037664
523;7,347;19,2234541128217
524;7,351;19,7192653861712
525;7,355;19,6213262934334
526;7,359;18,8540075264082
527;7,363;18,0032208782372
528;7,367;16,9013759365803
529;7,371;15,7437479197633
530;7,376;14,5644303131915
531;7,380;13,1681134432732
532;7,384;12,0210631930246
533;7,388;10,7178789062796
534;7,392;9,55449686009164
535;7,396;8,27462156058924
536;7,400;7,02406769219319
537;7,404;6,0088605161261
538;7,408;5,10301435337458
539;7,413;4,19160366521334
540;7,417;3,57952309777646
541;7,421;2,92382216396985
542;7,425;2,43719321892807
543;7,429;2,00221271716293
544;7,433;1,68562050832543
545;7,437;1,43521686488781
546;7,441;1,25742769390218
547;7,446;1,05212599325917
548;7,450;0,931067417240174
549;7,454;0,786665398712889
550;7,458;0,675254297088461
551;7,462;0,609289690915594
552;7,466;0,537174819816188
553;7,470;0,549957723388992
554;7,474;0,4288646921043
555;7,479;0,446281828913067
556;7,483;0,382746318971689
557;7,487;0,401593349306795
558;7,491;0,373942998586645
559;7,495;0,316833395697364
560;7,499;0,325860675309426
561;7,503;0,300639420820766
562;7,507;0,301259615603274
563;7,512;0,271369672612956
564;7,516;0,227301387789192
565;7,520;0,241238542762775
566;7,524;0,238137568850235
567;7,528;0,240842307207284
568;7,532;0,207799707405884
569;7,536;0,204871009821818
570;7,540;0,175532351082619
571;7,545;0,197256396103247
572;7,549;0,194603340644741
573;7,553;0,160837180263748
574;7,557;0,199685492334737
575;7,561;0,181751526540547
576;7,565;0,190244749534337
577;7,569;0,158166897172394
578;7,573;0,180476681709836
579;7,577;0,155548296979583
580;7,582;0,164833991084355
581;7,586;0,152722965192601
582;7,590;0,135495332345156
583;7,594;0,122367876115403
584;7,598;0,143816279010472
585;7,602;0,163576373886492
586;7,606;0,131877529447193
587;7,610;0,139543826064306
588;7,615;0,136115527127664
589;7,619;0,132290992635532
590;7,623;0,146917252923012
591;7,627;0,166212201712151
592;7,631;0,149208528091723
593;7,635;0,156340768090565
594;7,639;0,141507776208915
595;7,643;0,181441429149293
596;7,648;0,171380491566385
597;7,652;0,235260554164711
598;7,656;0,215035313201811
599;7,660;0,217636685761775
600;7,664;0,216482434360996
601;7,668;0,219704001703468
602;7,672;0,21301968015866
603;7,676;0,20499160325175
604;7,681;0,173292758812451
605;7,685;0,188521986249593
606;7,689;0,185524378134137
607;7,693;0,19703243687623
608;7,697;0,196033234171079
609;7,701;0,156168491762091
610;7,705;0,157650068186971
611;7,709;0,154204541617482
612;7,714;0,153257021810872
613;7,718;0,110256850223649
614;7,722;0,129724075341262
615;7,726;0,121609860270115
616;7,730;0,11780255341083
617;7,734;0,101711944331316
618;7,738;0,0869823182467507
619;7,742;0,105691527519076
620;7,746;0,138045022006578
621;7,751;0,111480012155818
622;7,755;0,116338204618797
623;7,759;0,100144229742199
624;7,763;0,105708755151924
625;7,767;0,0902727961206127
626;7,771;0,0817278902282799
627;7,775;0,0941834687769828
628;7,779;0,0830716455903806
629;7,784;0,113306141237647
630;7,788;0,0790920624026208
631;7,792;0,0828821416290587
632;7,796;0,0858108392131244
633;7,800;0,0891357723526813
634;7,804;0,0559898067541968
635;7,808;0,0632598678158187
636;7,812;0,0730968461717099
637;7,817;0,0714085381526603
638;7,821;0,0624329414391413
639;7,825;0,0421732452105458
640;7,829;0,0798328506150609
641;7,833;0,0810215572815347
642;7,837;0,0646208508107669
643;7,841;0,0523030933248436
644;7,845;0,0736998133213705
645;7,850;0,0845704496481084
646;7,854;0,0902383408549178
647;7,858;0,0845704496481084
648;7,862;0,0786096886828923
649;7,866;0,0977323611435565
650;7,870;0,0827270929334317
651;7,874;0,109584972542599
652;7,878;0,100729969259012
653;7,883;0,10532974722928
654;7,887;0,111548922687208
655;7,891;0,11241030432958
656;7,895;0,100661058727622
657;7,899;0,1217132260672
658;7,903;0,117785325777983
659;7,907;0,111652288484292
660;7,911;0,14214519862427
661;7,915;0,181269152820818
662;7,920;0,181338063352208
663;7,924;0,161922521133137
664;7,928;0,173120482483977
665;7,932;0,203527254459717
666;7,936;0,214070565762354
667;7,940;0,230006126146241
668;7,944;0,247113165563754
669;7,948;0,437788605919277
670;7,953;0,818674340543442
671;7,957;1,73940517807515
672;7,961;3,49390176252466
673;7,965;6,41322751432133
674;7,969;10,7150535744926
675;7,973;16,8655941431561
676;7,977;23,7076518943161
677;7,981;31,0201446156412
678;7,986;37,5664728213419
679;7,990;42,3695713144753
680;7,994;45,7125245579906
681;7,998;47,0930436885878
682;8,002;46,5597278585294
683;8,006;44,6076647805854
684;8,010;42,2749226996114
685;8,014;38,7309057531335
686;8,019;34,9892017197312
687;8,023;30,7237948753994
688;8,027;26,6814686488092
689;8,031;22,8082316386166
690;8,035;18,9566153076476
691;8,039;15,4108928255178
692;8,043;12,5581174194109
693;8,047;10,1649063471423
694;8,052;8,2246786529645
695;8,056;6,59873466482262
696;8,060;5,28385281537421
697;8,064;4,30401396954292
698;8,068;3,51011296503411
699;8,072;2,92964510387229
700;8,076;2,40981851033348
701;8,080;2,03125850614372
702;8,084;1,70799920339426
703;8,089;1,5350682248716
704;8,093;1,28080559167616
705;8,097;1,14093444058775
706;8,101;0,991071262447826
707;8,105;0,921471625744148
708;8,109;0,771074390985951
709;8,113;0,723922359882494
710;8,117;0,646845930523024
711;8,122;0,618782116614536
712;8,126;0,581708250726834
713;8,130;0,521325397596539
714;8,134;0,477860079922434
715;8,138;0,465404501373731
716;8,142;0,4180801939418
717;8,146;0,405727981190181
718;8,150;0,404608185055097
719;8,155;0,376027542161186
720;8,159;0,345844729412462
721;8,163;0,356060715690997
722;8,167;0,374477055204916
723;8,171;0,396114962061307
724;8,175;0,387621739067516
725;8,179;0,421129484955797
726;8,183;0,403298884958692
727;8,188;0,376871696170711
728;8,192;0,38584729288423
729;8,196;0,362607216173026
730;8,200;0,360402079168553
731;8,204;0,325137114729833
732;8,208;0,320158328836921
733;8,212;0,319675955117193
734;8,216;0,318797345841973
735;8,221;0,261067548170184
736;8,225;0,265581187976215
737;8,229;0,244150012713993
738;8,233;0,210625039192865
739;8,237;0,218325791075673
740;8,241;0,195034031465927
741;8,245;0,181854892337631
742;8,249;0,14619369234342
743;8,253;0,17437809968184
744;8,258;0,179546389536074
745;8,262;0,149863178139926
746;8,266;0,13830343649929
747;8,270;0,142455296015524
748;8,274;0,12974130297411
749;8,278;0,135598698142241
750;8,282;0,11942195089849
751;8,286;0,106053307808873
752;8,291;0,123143119593538
753;8,295;0,111256052928801
754;8,299;0,137597103552545
755;8,303;0,123556582781877
756;8,307;0,149794267608536
757;8,311;0,137958883842341
758;8,315;0,167487046542862
759;8,319;0,197549265861654
760;8,324;0,170915345479504
761;8,328;0,175136115527128
762;8,332;0,230833052522918
763;8,336;0,240359933487555
764;8,340;0,242720119187655
765;8,344;0,197256396103247
766;8,348;0,244425654839552
767;8,352;0,210211576004526
768;8,357;0,225010112620481
769;8,361;0,188952677070779
770;8,365;0,194241560354944
771;8,369;0,197342534267484
772;8,373;0,203079336005684
773;8,377;0,139302639204442
774;8,381;0,14154223147461
775;8,385;0,147589130604063
776;8,390;0,137683241716782
777;8,394;0,10910259882287
778;8,398;0,123056981429301
779;8,402;0,0870856840438354
780;8,406;0,120989665487607
781;8,410;0,121299762878861
782;8,414;0,0855868799861076
783;8,418;0,090669031676104
784;8,422;0,0846221325466507
785;8,427;0,0972844426895229
786;8,431;0,0715291315825924
787;8,435;0,0745095120652004
788;8,439;0,100885017954639
789;8,443;0,081693434962585
790;8,447;0,105140243267958
791;8,451;0,167487046542862
792;8,455;0,342864348929854
793;8,460;0,569149306381046
794;8,464;1,16736162937573
795;8,468;2,13438311636853
796;8,472;3,79247386740373
797;8,476;6,1838071276919
798;8,480;9,268862707481
799;8,484;12,9468934098792
800;8,488;16,7535456191163
801;8,493;19,8713853842141
802;8,497;22,455409717901
803;8,501;23,80217991575
804;8,505;23,9609153248063
805;8,509;23,4688769030505
806;8,513;21,8980785676533
807;8,517;20,0478652551033
808;8,521;17,9513312481007
809;8,526;15,6497367273148
810;8,530;13,2720649798747
811;8,534;10,9227843713671
812;8,538;8,97764680182778
813;8,542;7,26566801524577
814;8,546;5,92988904715341
815;8,550;4,75446488560507
816;8,554;3,69546506683977
817;8,559;3,01020151506694
818;8,563;2,47171739515435
819;8,567;1,99340939677788
820;8,571;1,68455239508888
821;8,575;1,40723918914356
822;8,579;1,16574223188807
823;8,583;1,03918804099074
824;8,587;0,851200111359419
825;8,591;0,735120321233333
826;8,596;0,645639996223703
827;8,600;0,619884685116772
828;8,604;0,509679517791666
829;8,608;0,474087228328844
830;8,612;0,458013846882177
831;8,616;0,391291224864022
832;8,620;0,405572932494554
833;8,624;0,536089478946799
834;8,629;0,8482886414082
835;8,633;1,50269750275125
836;8,637;2,68525390429843
837;8,641;4,79853317042884
838;8,645;7,73625803410658
839;8,649;11,4409398845197
840;8,653;15,8308852867057
841;8,657;19,9854667689299
842;8,662;23,4071675221909
843;8,666;26,0060420753923
844;8,670;27,0699345418862
845;8,674;27,3820647938162
846;8,678;26,26376746279
847;8,682;24,0630924152245
848;8,686;21,9050557589565
849;8,690;18,9552887799184
850;8,695;16,1289577902322
851;8,699;13,3669892368641
852;8,703;10,7694928942906
853;8,707;8,69797341018236
854;8,711;6,80484606420946
855;8,715;5,27784037151046
856;8,719;4,19864976704795
857;8,723;3,33630337723623
858;8,728;2,71796917907573
859;8,732;2,15171411501306
860;8,736;1,81975485767563
861;8,740;1,51441229308752
862;8,744;1,23932145177951
863;8,748;1,11524804001221
864;8,752;0,945762588059045
865;8,756;0,832163577062992
866;8,760;0,729366291862286
867;8,765;0,673755493030733
868;8,769;0,596213917584383
869;8,773;0,506595771511973
870;8,777;0,486749538471716
871;8,781;0,389172226023787
872;8,785;0,389844103704837
873;8,789;0,346189282069411
874;8,793;0,328479275502237
875;8,798;0,304171085554492
876;8,802;0,282119715509762
877;8,806;0,274418963626954
878;8,810;0,238344300444404
879;8,814;0,236759358222439
880;8,818;0,233641156677051
881;8,822;0,189590099486134
882;8,826;0,165040722678525
883;8,831;0,177048382773194
884;8,835;0,187540011177288
885;8,839;0,149983771569858
886;8,843;0,156892052341683
887;8,847;0,141800645967321
888;8,851;0,133238512442141
889;8,855;0,12953457137994
890;8,859;0,0788853308084515
891;8,864;0,0965436544770828
892;8,868;0,0857763839474295
893;8,872;0,111187142397411
894;8,876;0,104089357664264
895;8,880;0,0968709795011842
896;8,884;0,074802381823607
897;8,888;0,0757499016302164
898;8,892;0,0750091134177763
899;8,897;0,0970088005639638
900;8,901;0,0623295756420566
901;8,905;0,0623640309077515
902;8,909;0,078713054479977
903;8,913;0,0873268709036996
904;8,917;0,0678079628875442
905;8,921;0,0673083615349683
906;8,925;0,100626603461927
907;8,929;0,0465835192194918
908;8,934;0,0496155826006421
909;8,938;0,0625879901347683
910;8,942;0,0728212040461508
911;8,946;0,0408467174812925
912;8,950;0,0392273199936327
913;8,954;0,0533712065613852
914;8,958;0,0460839178669158
915;8,962;0,0220858253104247
916;8,967;0,0513038906196917
917;8,971;0,0631392743858866
918;8,975;0,0372461422161765
919;8,979;0,0467730231808137
920;8,983;0,0391584094622429
921;8,987;0,0386760357425144
922;8,991;0,0371427764190918
923;8,995;0,0197773225088671
924;9,000;0,0329736892700101
925;9,004;0,0232228490783561
926;9,008;0,0294247969034364
927;9,012;0,0317677549706889
928;9,016;0,0336972498496028
929;9,020;0,0114219205778562
930;9,024;0,000516828985423355
931;9,028;0,0493227128422355
932;9,033;0,0238947267594065
933;9,037;0,0123177574859233
934;9,041;0,00747679265579121
935;9,045;0,0335766564196706
936;9,049;0,0109395468581277
937;9,053;0,00780411767989266
938;9,057;0,016331795939378
939;9,061;0,0480995509100669
940;9,066;0,0121799364231437
941;9,070;0,0302861785458086
942;9,074;0,0128001312056518
943;9,078;0,0144367563261591
944;9,082;0,0237396780637795
945;9,086;0,00921678357338317
946;9,090;0,00828649139962113
947;9,094;0,012576171978635
948;9,098;0,00489264772867443
949;9,103;0,0426900741959691
950;9,107;0,0197084119774773
951;9,111;0,00585739516813136
952;9,115;0,00415185951623429
953;9,119;0,00337661603809925
954;9,123;0,0186058434752408
955;9,127;0,010060937582908
956;9,131;0
957;9,136;0,0227577029914751
958;9,140;0,0493571681079304
959;9,144;0,129345067418618
960;9,148;0,35273578255144
961;9,152;0,758928909828502
962;9,156;1,59229842119082
963;9,160;3,10417825224976
964;9,164;5,41018304704453
965;9,169;8,68906672400023
966;9,173;12,6298188273219
967;9,177;16,8781014046034
968;9,181;21,2665996856302
969;9,185;24,4013225309184
970;9,189;26,8078677910109
971;9,193;27,7033773740539
972;9,197;27,071657305171
973;9,202;25,1984451027697
974;9,206;22,5067997466849
975;9,210;19,3625844756977
976;9,214;16,2104272659678
977;9,218;13,1891828382456
978;9,222;10,4744869094109
979;9,226;8,15020359616499
980;9,230;6,38819576379399
981;9,235;5,02300922643105
982;9,239;3,89353116168685
983;9,243;3,17045295581388
984;9,247;2,5155272654854
985;9,251;2,037098673679
986;9,255;1,75694290831385
987;9,259;1,46048980227501
988;9,263;1,19706206840473
989;9,267;1,02948888369763
990;9,272;0,875732260534181
991;9,276;0,771436171275748
992;9,280;0,655184104821187
993;9,284;0,611184730528813
994;9,288;0,528199223102669
995;9,292;0,500772831609536
996;9,296;0,441595912778562
997;9,300;0,396976343703679
998;9,305;0,47201991238715
999;9,309;0,621865862894229
1000;9,313;1,08356642320576
1001;9,317;2,19822872370116
1002;9,321;4,33256015717114
1003;9,325;8,38754869390424
1004;9,329;15,1057569925239
1005;9,333;24,4378967954536
1006;9,338;36,501546696877
1007;9,342;50,7245253270322
1008;9,346;65,388066211995
1009;9,350;78,4771392757641
1010;9,354;88,5278953276592
1011;9,358;93,5431693469418
1012;9,362;93,4190959351745
1013;9,366;88,9598437660432
1014;9,371;79,9262243850941
1015;9,375;68,9461925897749
1016;9,379;56,471646417307
1017;9,383;44,9101131028552
1018;9,387;35,1121381077306
1019;9,391;26,8084535305277
1020;9,395;20,6253182805169
1021;9,399;15,8159661566598
1022;9,404;12,3943859968287
1023;9,408;9,77377017097392
1024;9,412;7,77216042096065
1025;9,416;6,33168912805437
1026;9,420;5,25751176475047
1027;9,424;4,33884824316046
1028;9,428;3,73827573446567
1029;9,432;3,23362668546546
1030;9,436;2,86667810581488
1031;9,441;2,44584149061749
1032;9,445;2,13808705743073
1033;9,449;1,97084119774773
1034;9,453;1,73838874773715
1035;9,457;1,54431946371068
1036;9,461;1,42179653889965
1037;9,465;1,3115741439417
1038;9,469;1,16967013217729
1039;9,474;1,07748506881061
1040;9,478;1,00855730978798
1041;9,482;0,936890357142611
1042;9,486;0,856902457831923
1043;9,490;0,812455165085515
1044;9,494;0,7124143011404
1045;9,498;0,714309340753619
1046;9,502;0,663350002790877
1047;9,507;0,629859484535443
1048;9,511;0,554540273726413
1049;9,515;0,551646031408042
1050;9,519;0,542463703100354
1051;9,523;0,440321067947851
1052;9,527;0,443043033937748
1053;9,531;0,408208760320213
1054;9,535;0,405693525924486
1055;9,540;0,37566576187139
1056;9,544;0,34558631491975
1057;9,548;0,332992915308268
1058;9,552;0,300553282656529
1059;9,556;0,305687117245067
1060;9,560;0,302827330192391
1061;9,564;0,263479416768827
1062;9,568;0,256484997832764
1063;9,573;0,207592975811714
1064;9,577;0,234037392232543
1065;9,581;0,216982035713572
1066;9,585;0,193449089243962
1067;9,589;0,214535711849235
1068;9,593;0,193604137939589
1069;9,597;0,189659010017524
1070;9,601;0,17754798412577
1071;9,605;0,210297714168763
1072;9,610;0,183646566153766
1073;9,614;0,167521501808557
1074;9,618;0,179356885574752
1075;9,622;0,172276328474452
1076;9,626;0,183732704318003
1077;9,630;0,158115214273852
1078;9,634;0,168624070310793
1079;9,638;0,155048695627007
1080;9,643;0,148329918816503
1081;9,647;0,176858878811872
1082;9,651;0,172000686348893
1083;9,655;0,153825533694838
1084;9,659;0,138355119397832
1085;9,663;0,117526911285271
1086;9,667;0,089394186845393
1087;9,671;0,0905656658790193
1088;9,676;0,0805219559289587
1089;9,680;0,0791609729340106
1090;9,684;0,0967676137040996
1091;9,688;0,0712362618241858
1092;9,692;0,0826409547691945
1093;9,696;0,0573163344834501
1094;9,700;0,0748196094564544
1095;9,704;0,108861411963006
1096;9,709;0,104571731383992
1097;9,713;0,0838813443342106
1098;9,717;0,116786123072831
1099;9,721;0,110101801528022
1100;9,725;0,158373628766563
1101;9,729;0,0962335570858288
1102;9,733;0,124762517081198
1103;9,737;0,108172306649108
1104;9,742;0,164627259490186
1105;9,746;0,216982035713572
1106;9,750;0,397320896360628
1107;9,754;0,751848352728202
1108;9,758;1,60123956263864
1109;9,762;3,04262392008583
1110;9,766;5,45862715061155
1111;9,770;8,78764323915331
1112;9,774;13,26774084403
1113;9,779;18,2268010973313
1114;9,783;23,2466404393184
1115;9,787;27,2067219466949
1116;9,791;29,9203497622931
1117;9,795;30,4596435809495
1118;9,799;28,9496932447695
1119;9,803;26,1483423227122
1120;9,807;22,6971478620163
1121;9,812;19,2627847986124
1122;9,816;15,5522110977654
1123;9,820;12,2427139172398
1124;9,824;9,53883694183331
1125;9,828;7,48952387646547
1126;9,832;5,7364227302766
1127;9,836;4,51949720119877
1128;9,840;3,51917469991186
1129;9,845;2,91779249247325
1130;9,849;2,34557666744536
1131;9,853;1,98679398576446
1132;9,857;1,66368973171063
1133;9,861;1,43128896459859
1134;9,865;1,27524106626643
1135;9,869;1,10544551692201
1136;9,873;1,09557408330043
1137;9,878;1,03687953818918
1138;9,882;0,949690488348263
1139;9,886;0,881434607006685
1140;9,890;0,798466327213389
1141;9,894;0,709899066744673
1142;9,898;0,657682111584067
1143;9,902;0,589684644735201
1144;9,906;0,52084302387681
1145;9,911;0,471192986010473
1146;9,915;0,428227269688945
1147;9,919;0,389137770758092
1148;9,923;0,334715678593012
1149;9,927;0,32448246468163
1150;9,931;0,318573386614956
1151;9,935;0,294850936184024
1152;9,939;0,277313205945325
1153;9,943;0,263651693097301
1154;9,948;0,241720916482503
1155;9,952;0,224097048079567
1156;9,956;0,210090982574594
1157;9,960;0,192139789147556
1158;9,964;0,221978049239331
1159;9,968;0,201408255619482
1160;9,972;0,179132926347735
1161;9,976;0,218205197645741
1162;9,981;0,218067376582961
1163;9,985;0,233727294841289
1164;9,989;0,260878044208862
1165;9,993;0,30708255550571
1166;9,997;0,442319473358155
1167;10,001;0,625035747338158
1168;10,005;1,13135587672457
1169;10,009;2,02490150962301
1170;10,014;3,69439695360323
1171;10,018;6,33005250293387
1172;10,022;10,2567124025864
1173;10,026;15,3070446547134
1174;10,030;21,0969764126142
1175;10,034;26,909493597178
1176;10,038;31,2601599964718
1177;10,042;34,033516015152
1178;10,047;34,3112599119186
1179;10,051;32,6042082283309
1180;10,055;29,3439476224833
1181;10,059;24,9328811424264
1182;10,063;20,3085710229837
1183;10,067;16,0569635125627
1184;10,071;12,6748346319523
1185;10,075;9,63470871862934
1186;10,080;7,39158478372774
1187;10,084;5,79823547693323
1188;10,088;4,45644406497712
1189;10,092;3,59762933989913
1190;10,096;2,89481083025476
1191;10,100;2,46305189583208
1192;10,104;2,02059460141115
1193;10,108;1,70953246271768
1194;10,112;1,40804888788739
1195;10,117;1,26795377757196
1196;10,121;1,12262146687092
1197;10,125;1,01899725529353
1198;10,129;0,869082394255067
1199;10,133;0,799034839097355
1200;10,137;0,677476661725782
1201;10,141;0,599211525699838
1202;10,145;0,552989786770143
1203;10,150;0,493675046876389
1204;10,154;0,495053257504185
1205;10,158;0,420767704666001
1206;10,162;0,439028995484293
1207;10,166;0,408294898484451
1208;10,170;0,336645173471926
1209;10,174;0,342158015983109
1210;10,178;0,333458061395149
1211;10,183;0,298709925941852
1212;10,187;0,268957804014314
1213;10,191;0,291284816184603
1214;10,195;0,243943281119824
1215;10,199;0,235295009430406
1216;10,203;0,212761265665948
1217;10,207;0,188849311273694
1218;10,211;0,205232790111614
1219;10,216;0,18530041890712
1220;10,220;0,177909764415566
1221;10,224;0,156168491762091
1222;10,228;0,110997638436089
1223;10,232;0,140956491957796
1224;10,236;0,152705737559754
1225;10,240;0,146210919976267
1226;10,244;0,123349851187707
1227;10,249;0,102986789162027
1228;10,253;0,13108505833621
1229;10,257;0,147279033212809
1230;10,261;0,131791391282956
1231;10,265;0,101143432447351
1232;10,269;0,0903072513863076
1233;10,273;0,117113448096932
1234;10,277;0,121058576018997
1235;10,281;0,111238825295953
1236;10,286;0,0853801483919383
1237;10,290;0,0997479941867076
1238;10,294;0,0938561437528813
1239;10,298;0,0711845789256435
1240;10,302;0,0582466266572121
1241;10,306;0,0641901599895807
1242;10,310;0,0712707170898807
1243;10,314;0,0917888278111879
1244;10,319;0,0350065499460086
1245;10,323;0,0528543775759618
1246;10,327;0,0629325427917172
1247;10,331;0,0460839178669158
1248;10,335;0,0620883887821924
1249;10,339;0,0473587626976268
1250;10,343;0,0755431700360471
1251;10,347;0,046514608688102
1252;10,352;0,0356956552599064
1253;10,356;0,051234980088302
1254;10,360;0,0469108442435932
1255;10,364;0,0440166019252224
1256;10,368;0,0411051319740042
1257;10,372;0,0465662915866443
1258;10,376;0,0431724479156976
1259;10,380;0,0111118231866021
1260;10,385;0,0380902962257013
1261;10,389;0,0337317051152977
1262;10,393;0,0174171368087671
1263;10,397;0,032198445791875
1264;10,401;0,03769406067021
1265;10,405;0,00220513700447298
1266;10,409;0,0287356915895386
1267;10,413;0,0314921128451298
1268;10,418;0,0242392794163554
1269;10,422;0,0384003936169553
1270;10,426;0,0605551294587698
1271;10,430;0,121816591864285
1272;10,434;0,212847403830185
1273;10,438;0,46285481171231
1274;10,442;0,963558732790456
1275;10,446;2,05115642208252
1276;10,451;3,88820782313699
1277;10,455;6,76842684836996
1278;10,459;11,0525601296069
1279;10,463;16,3149645420861
1280;10,467;21,8902227670748
1281;10,471;27,5358730998782
1282;10,475;31,3273994474754
1283;10,479;33,0876156060302
1284;10,483;33,5409090815122
1285;10,488;30,9038408662881
1286;10,492;27,4200000413463
1287;10,496;22,824563434556
1288;10,500;18,3398832793419
1289;10,504;14,2670641426117
1290;10,508;11,3202258611577
1291;10,512;8,61857125038848
1292;10,516;6,64852252375174
1293;10,521;5,18071097751656
1294;10,525;4,18147381709905
1295;10,529;3,32930895830017
1296;10,533;2,77500987143362
1297;10,537;2,26336640349735
1298;10,541;1,87948306075773
1299;10,545;1,67614531025933
1300;10,549;1,36437683861912
1301;10,554;1,1851060912086
1302;10,558;1,08844184330159
1303;10,562;0,996497966794771
1304;10,566;0,858590765850973
1305;10,570;0,759445738813926
1306;10,574;0,751314296109932
1307;10,578;0,645846727817872
1308;10,582;0,55860599507841
1309;10,587;0,497396215571437
1310;10,591;0,473880496734674
1311;10,595;0,434756542538126
1312;10,599;0,447797860603642
1313;10,603;0,418476429497291
1314;10,607;0,350358369218493
1315;10,611;0,352718554918593
1316;10,615;0,340504163229754
1317;10,620;0,282464268166711
1318;10,624;0,274763516283903
1319;10,628;0,272162143723939
1320;10,632;0,253504617350156
1321;10,636;0,263169319377572
1322;10,640;0,196877388180603
1323;10,644;0,241100721699995
1324;10,648;0,217205994940589
1325;10,652;0,194034828760775
1326;10,657;0,180304405381361
1327;10,661;0,192932260258539
1328;10,665;0,150293868961112
1329;10,669;0,148381601715045
1330;10,673;0,197204713204705
1331;10,677;0,332097078400201
1332;10,681;0,548803471988214
1333;10,685;1,17402872328769
1334;10,690;2,3392368985575
1335;10,694;4,84215353679857
1336;10,698;9,00274746288651
1337;10,702;15,5828935118667
1338;10,706;24,666972629426
1339;10,710;36,0304570766637
1340;10,714;49,3177857392412
1341;10,718;61,8024789874562
1342;10,723;71,2967308154803
1343;10,727;76,2881962461677
1344;10,731;75,2848416814997
1345;10,735;69,5412522559585
1346;10,739;59,4492532510266
1347;10,743;48,3564149158223
1348;10,747;37,9139024929763
1349;10,751;29,033316174611
1350;10,756;22,1454501477097
1351;10,760;16,9353660561883
1352;10,764;13,1410143768042
1353;10,768;10,2618462371749
1354;10,772;8,22710774919599
1355;10,776;6,78751506556493
1356;10,780;5,55286230228707
1357;10,784;4,83774326278962
1358;10,789;4,14398648802301
1359;10,793;3,62886303825155
1360;10,797;3,29254518980372
1361;10,801;2,87286282600711
1362;10,805;2,58981281832359
1363;10,809;2,33251812174699
1364;10,813;2,11021274748356
1365;10,817;1,89102557476551
1366;10,821;1,72937869575794
1367;10,826;1,53563673675557
1368;10,830;1,39095907610272
1369;10,834;1,26619655902153
1370;10,838;1,17483842203152
1371;10,842;1,08584047074162
1372;10,846;0,955031054530971
1373;10,850;0,886706262658003
1374;10,854;0,856557905174974
1375;10,859;0,758153666350367
1376;10,863;0,681077236990898
1377;10,867;0,682248716024524
1378;10,871;0,64100576298774
1379;10,875;0,622107049754093
1380;10,879;0,57121662232274
1381;10,883;0,570596427540232
1382;10,887;0,469142897701627
1383;10,892;0,522789746388571
1384;10,896;0,492038421755882
1385;10,900;0,48247708552555
1386;10,904;0,448297461956218
1387;10,908;0,464095201277326
1388;10,912;0,466438159344578
1389;10,916;0,437099500605379
1390;10,920;0,438357117803242
1391;10,925;0,508835363782141
1392;10,929;0,657906070811084
1393;10,933;1,04125535693243
1394;10,937;1,85265963641425
1395;10,941;3,39675514089792
1396;10,945;6,06703823225192
1397;10,949;10,0388345299647
1398;10,953;15,5563629572817
1399;10,958;21,7670279645827
1400;10,962;27,9884085595149
1401;10,966;32,8468422093543
1402;10,970;35,4944881911468
1403;10,974;35,9039717962977
1404;10,978;33,7530329247628
1405;10,982;29,8219110682028
1406;10,986;25,3774746633204
1407;10,990;20,3305017995985
1408;10,995;16,0548100584568
1409;10,999;12,5098972750709
1410;11,003;9,77737074623903
1411;11,007;7,62122912958419
1412;11,011;5,93746920560628
1413;11,015;4,85142200327049
1414;11,019;3,98916175162302
1415;11,023;3,23796804894302
1416;11,028;2,71491988806173
1417;11,032;2,32212985913998
1418;11,036;2,0280197111684
1419;11,040;1,75685677014961
1420;11,044;1,58464935220655
1421;11,048;1,48910490043462
1422;11,052;1,365858415044
1423;11,056;1,51206933502026
1424;11,061;2,02650367947782
1425;11,065;3,18576832141526
1426;11,069;5,53396358905342
1427;11,073;9,80631316942274
1428;11,077;16,7595063800815
1429;11,081;26,1070821420425
1430;11,085;37,1434482967729
1431;11,089;49,3298450822344
1432;11,094;61,0075615526094
1433;11,098;69,0772776481111
1434;11,102;72,8378459394814
1435;11,106;71,0574217675965
1436;11,110;65,1130098259527
1437;11,114;56,3432316420622
1438;11,118;45,802142704063
1439;11,122;36,0181220915449
1440;11,127;27,8999963477418
1441;11,131;21,1065205212117
1442;11,135;16,2423500696341
1443;11,139;12,7257078317508
1444;11,143;10,1218372650237
1445;11,147;8,13518110032202
1446;11,151;6,77666165687103
1447;11,155;5,56611035194676
1448;11,159;4,76726501681072
1449;11,164;4,0654801651372
1450;11,168;3,55223452734611
1451;11,172;3,13799609552929
1452;11,176;2,71531612361722
1453;11,180;2,44163794820271
1454;11,184;2,14759671076252
1455;11,188;1,99706165494154
1456;11,192;1,79915060879009
1457;11,197;1,65471413499711
1458;11,201;1,50168107241325
1459;11,205;1,40462058895075
1460;11,209;1,30907613717882
1461;11,213;1,25246613564211
1462;11,217;1,11254330165516
1463;11,221;1,02502692679014
1464;11,225;0,998220730079516
1465;11,230;0,916182742459982
1466;11,234;0,853629207590908
1467;11,238;0,858022253967007
1468;11,242;0,784632538036891
1469;11,246;0,775122884705101
1470;11,250;0,683971479309268
1471;11,254;0,710346985198707
1472;11,258;0,712569349836027
1473;11,263;0,631857889945747
1474;11,267;0,611753242412778
1475;11,271;0,618179149464875
1476;11,275;0,555453338267327
1477;11,279;0,526269728223755
1478;11,283;0,5067508202076
1479;11,287;0,507715567647057
1480;11,291;0,490884170355103
1481;11,296;0,466231427750409
1482;11,300;0,458599586398991
1483;11,304;0,438322662537548
1484;11,308;0,401197113751303
1485;11,312;0,452983378090723
1486;11,316;0,400421870273168
1487;11,320;0,453534662341842
1488;11,324;0,614354614972742
1489;11,328;0,938819852021525
1490;11,333;1,68183042909899
1491;11,337;3,01273397709552
1492;11,341;5,36001618019277
1493;11,345;9,22613817801933
1494;11,349;14,3928086347652
1495;11,353;21,1821842846777
1496;11,357;28,4305040736461
1497;11,361;35,7688210166095
1498;11,366;42,9592904144762
1499;11,370;49,2535094410874
1500;11,374;55,3362937297618
1501;11,378;62,8169626029437
1502;11,382;71,2255806918204
1503;11,386;79,3484612622893
1504;11,390;84,5338926112061
1505;11,394;86,2856844572986
1506;11,399;82,0059442224377
1507;11,403;72,9471897251641
1508;11,407;61,4793402781367
1509;11,411;49,030859514167
1510;11,415;37,9826235204048
1511;11,419;28,9389259742399
1512;11,423;22,3531981722171
1513;11,427;17,5529077832378
1514;11,432;13,708940521253
1515;11,436;11,0781259367525
1516;11,440;9,15137025146142
1517;11,444;7,7796199859836
1518;11,448;6,48227586677389
1519;11,452;5,56726460334754
1520;11,456;4,86289560674689
1521;11,460;4,18903674791907
1522;11,465;3,83061584652798
1523;11,469;3,4252151903619
1524;11,473;3,08140332162543
1525;11,477;2,71466147356902
1526;11,481;2,47349184133764
1527;11,485;2,30026799305658
1528;11,489;2,09739538864506
1529;11,493;1,96679270402858
1530;11,497;1,85029945071415
1531;11,502;1,7198518147933
1532;11,506;1,56995418138768
1533;11,510;1,52683341637052
1534;11,514;1,41921239397253
1535;11,518;1,36670256905352
1536;11,522;1,28528477621649
1537;11,526;1,28847188829327
1538;11,530;1,13113191749756
1539;11,535;1,08756323402637
1540;11,539;1,04501098089318
1541;11,543;1,05531310533595
1542;11,547;0,999667851238701
1543;11,551;0,9757386692136
1544;11,555;0,893580088164134
1545;11,559;0,807321330496976
1546;11,563;0,892098511739254
1547;11,568;0,787819650113668
1548;11,572;0,803462340739148
1549;11,576;0,777483070405201
1550;11,580;0,684005934574963
1551;11,584;0,686693445299165
1552;11,588;0,670034324335685
1553;11,592;0,619746864053993
1554;11,596;0,588995539421303
1555;11,601;0,592027602802453
1556;11,605;0,57256037768484
1557;11,609;0,582414583673579
1558;11,613;0,551129202422619
1559;11,617;0,630479679317951
1560;11,621;0,86339727541541
1561;11,625;1,34072329871957
1562;11,629;2,32038986822239
1563;11,634;4,09798870832033
1564;11,638;6,95186668292955
1565;11,642;11,0956119840927
1566;11,646;16,2008142468389
1567;11,650;21,695292101406
1568;11,654;26,9900672360055
1569;11,658;30,9681516197076
1570;11,662;32,6066545521952
1571;11,666;31,604902157382
1572;11,671;28,4236647034056
1573;11,675;24,2060128573269
1574;11,679;19,7848165291557
1575;11,683;15,9143359402187
1576;11,687;12,4503585759501
1577;11,691;9,67312633987915
1578;11,695;7,59612846852546
1579;11,699;6,12401001407842
1580;11,704;4,87142328500638
1581;11,708;3,9511403659287
1582;11,712;3,30136573782161
1583;11,716;2,77264968573352
1584;11,720;2,39393463284813
1585;11,724;2,11569113472905
1586;11,728;1,83620724704494
1587;11,732;1,68856643354234
1588;11,737;1,53486149327743
1589;11,741;1,35946696325759
1590;11,745;1,23485949487202
1591;11,749;1,15294210068242
1592;11,753;1,05083392079561
1593;11,757;1,01388064833784
1594;11,761;0,923900721975637
1595;11,765;0,933806610862918
1596;11,770;0,823566988272117
1597;11,774;0,779033557361471
1598;11,778;0,732553403939064
1599;11,782;0,694721522206074
1600;11,786;0,666692163563281
1601;11,790;0,61680093883708
1602;11,794;0,617042125696944
1603;11,798;0,535624332859918
1604;11,803;0,523909542523655
1605;11,807;0,488058838568122
1606;11,811;0,485216279148293
1607;11,815;0,467833597605221
1608;11,819;0,464646485528444
1609;11,823;0,429398748722571
1610;11,827;0,464250249972953
1611;11,831;0,424023727274168
1612;11,835;0,383624928246909
1613;11,840;0,459771065432617
1614;11,844;0,377767533078778
1615;11,848;0,385554423125823
1616;11,852;0,351409254822187
1617;11,856;0,356853186801979
1618;11,860;0,324361871251698
1619;11,864;0,36062603839557
1620;11,868;0,309132643814556
1621;11,873;0,288114931740673
1622;11,877;0,336472897143452
1623;11,881;0,329564616371626
1624;11,885;0,28449712884271
1625;11,889;0,312216390094249
1626;11,893;0,282257536572542
1627;11,897;0,302138224878494
1628;11,901;0,271214623917329
1629;11,906;0,271610859472821
1630;11,910;0,25441768189107
1631;11,914;0,270456608072042
1632;11,918;0,301569712994528
1633;11,922;0,279742302176815
1634;11,926;0,285324055219387
1635;11,930;0,304946329032627
1636;11,934;0,314817762654213
1637;11,939;0,322449604005631
1638;11,943;0,267183357831027
1639;11,947;0,29305926236789
1640;11,951;0,277640530969426
1641;11,955;0,259379240151135
1642;11,959;0,295626179662159
1643;11,963;0,249266619669684
1644;11,967;0,256416087301374
1645;11,972;0,238688853101353
1646;11,976;0,243305858704468
1647;11,980;0,246751385273957
1648;11,984;0,25441768189107
1649;11,988;0,285479103915014
1650;11,992;0,259396467783982
1651;11,996;0,338143977529654
1652;12,000;0,582225079712257
1653;12,004;1,09836495982171
1654;12,009;2,24126335055408
1655;12,013;4,45964840468674
1656;12,017;8,53007290045116
1657;12,021;15,0881158964881
1658;12,025;24,5494974010393
1659;12,029;37,241456300042
1660;12,033;52,12924928178
1661;12,037;68,3958041755647
1662;12,042;83,5112086424832
1663;12,046;94,6668589270492
1664;12,050;100
1665;12,054;97,2757599625678
1666;12,058;90,3393809215681
1667;12,062;79,8566936589218
1668;12,066;67,1111568217636
1669;12,070;55,3476984227068
1670;12,075;44,4978041659173
1671;12,079;35,3800794814069
1672;12,083;28,013578131105
1673;12,087;22,341121601591
1674;12,091;17,7538508927704
1675;12,095;14,1636122073628
1676;12,099;11,6424342783034
1677;12,103;9,65805216113763
1678;12,108;8,03560538246379
1679;12,112;6,91105442071395
1680;12,116;6,02612260423924
1681;12,120;5,19273586524408
1682;12,124;4,59154316176678
1683;12,128;4,12076363894465
1684;12,132;3,70692144268332
1685;12,136;3,3796481014804
1686;12,141;3,02606816491944
1687;12,145;2,77263245810067
1688;12,149;2,59117380131853
1689;12,153;2,37443295246483
1690;12,157;2,21009856273305
1691;12,161;2,01122276914214
1692;12,165;1,9073229154392
1693;12,169;1,75716686754087
1694;12,173;1,71263343663022
1695;12,178;1,60241104167227
1696;12,182;1,471670535993
1697;12,186;1,42060783223318
1698;12,190;1,34945770857323
1699;12,194;1,2946910637512
1700;12,198;1,23957986627222
1701;12,202;1,14093444058775
1702;12,206;1,14984112676988
1703;12,211;1,0687678865898
1704;12,215;1,08759768929206
1705;12,219;0,98187170650729
1706;12,223;1,00195912640741
1707;12,227;0,927587435404991
1708;12,231;0,906311308838396
1709;12,235;0,849580713871759
1710;12,239;0,79252279388102
1711;12,244;0,783977887988688
1712;12,248;0,836280981313531
1713;12,252;0,818967210301849
1714;12,256;0,806856184410095
1715;12,260;0,871304758892387
1716;12,264;1,033399556354
1717;12,268;1,37202590760338
1718;12,272;2,13107541086182
1719;12,277;3,43975531248514
1720;12,281;5,77086076833864
1721;12,285;9,07029701128134
1722;12,289;13,3415440231484
1723;12,293;18,2558985692106
1724;12,297;22,9462077500918
1725;12,301;26,7786841809673
1726;12,305;28,7780026558119
1727;12,310;28,7472341035463
1728;12,314;26,6622253829186
1729;12,318;23,2401111664692
1730;12,322;19,547747073542
1731;12,326;15,7350135099097
1732;12,330;12,2964985869896
1733;12,334;9,61029716288451
1734;12,338;7,66669285266859
1735;12,342;6,07167246548788
1736;12,347;4,80433888269843
1737;12,351;4,01648477731906
1738;12,355;3,4899566346026
1739;12,359;3,12464468007252
1740;12,363;3,14998652799111
1741;12,367;3,72375283997527
1742;12,371;5,0627878306758
1743;12,375;7,59948785693071
1744;12,380;11,7443012713304
1745;12,384;17,0690869423501
1746;12,388;23,5991867179085
1747;12,392;30,1634661170363
1748;12,396;34,8839581106662
1749;12,400;37,7565452945477
1750;12,404;37,4012253670692
1751;12,408;34,4401053779846
1752;12,413;30,0994999162737
1753;12,417;24,8047420093071
1754;12,421;20,0162180935626
1755;12,425;15,982626276826
1756;12,429;12,6986604481803
1757;12,433;10,2290620518662
1758;12,437;8,20453955016583
1759;12,441;6,80811931445047
1760;12,446;5,63941392971264
1761;12,450;4,88119135283088
1762;12,454;4,18295539352393
1763;12,458;3,68814332287961
1764;12,462;3,25790042014751
1765;12,466;2,85923576842478
1766;12,470;2,5526355866388
1767;12,474;2,35424216676762
1768;12,479;2,09419104893544
1769;12,483;1,97630235736037
1770;12,487;1,83780941689976
1771;12,491;1,73013671160322
1772;12,495;1,60496073133369
1773;12,499;1,53167438120066
1774;12,503;1,35733073678451
1775;12,507;1,35867449214661
1776;12,511;1,23489395013772
1777;12,516;1,1962179143952
1778;12,520;1,1322000307341
1779;12,524;1,08368701663569
1780;12,528;1,01408737993201
1781;12,532;0,929379109221125
1782;12,536;0,935098683326477
1783;12,540;0,925761306323161
1784;12,544;0,961663693177237
1785;12,549;0,798518010111931
1786;12,553;0,817640682572595
1787;12,557;0,835350689139769
1788;12,561;0,756189716205759
1789;12,565;0,798569693010474
1790;12,569;0,773469031951746
1791;12,573;0,7289356010411
1792;12,577;0,684763950420251
1793;12,582;0,739737326836448
1794;12,586;0,6756677602768
1795;12,590;0,667053943853077
1796;12,594;0,635303416515236
1797;12,598;0,639007357577436
1798;12,602;0,595610950434722
1799;12,606;0,612149477968269
1800;12,610;0,617093808595486
1801;12,615;0,602329727245226
1802;12,619;0,57593699372294
1803;12,623;0,582793591596223
1804;12,627;0,619402311397044
1805;12,631;0,68888135467079
1806;12,635;0,898937881979689
1807;12,639;1,40749760363627
1808;12,643;2,35167524947335
1809;12,648;4,18881278869206
1810;12,652;7,3982863329054
1811;12,656;12,1861900538674
1812;12,660;18,5749543295453
1813;12,664;25,4155305042804
1814;12,668;32,1083108168172
1815;12,672;36,9773394608578
1816;12,676;38,657447126672
1817;12,680;37,3922325427228
1818;12,685;33,3256325814505
1819;12,689;28,2437737612126
1820;12,693;23,1313703479362
1821;12,697;18,5396204545752
1822;12,701;14,5485292080733
1823;12,705;11,7169437903687
1824;12,709;9,54240306183273
1825;12,713;7,92951761938922
1826;12,718;6,48225863914104
1827;12,722;5,55651456045073
1828;12,726;4,78223582975515
1829;12,730;4,15530504280378
1830;12,734;3,60315941004316
1831;12,738;3,23972526749346
1832;12,742;2,86357713190234
1833;12,746;2,6231138326177
1834;12,751;2,39224632482908
1835;12,755;2,19235410090018
1836;12,759;2,09210650536089
1837;12,763;1,89217982616629
1838;12,767;1,77444618328685
1839;12,771;1,69235651276878
1840;12,775;1,55856671607552
1841;12,779;1,51501526023718
1842;12,784;1,44786194739783
1843;12,788;1,37988170818182
1844;12,792;1,38203516228775
1845;12,796;1,32876732152345
1846;12,800;1,23489395013772
1847;12,804;1,23243039864053
1848;12,808;1,20321233333127
1849;12,812;1,13621406918755
1850;12,817;1,10110415344446
1851;12,821;1,01441470495611
1852;12,825;0,965040309215336
1853;12,829;0,997376576069991
1854;12,833;0,903141424394466
1855;12,837;0,918732432121404
1856;12,841;0,907207145746463
1857;12,845;0,816090195616325
1858;12,849;0,876662552707943
1859;12,854;0,824049361991845
1860;12,858;0,813506050689209
1861;12,862;0,823101842185236
1862;12,866;0,785132139389466
1863;12,870;0,770247464609274
1864;12,874;0,779774345573911
1865;12,878;0,727936398335948
1866;12,882;0,772142504222493
1867;12,887;0,735723288382994
1868;12,891;0,728074219398728
1869;12,895;0,764321158909753
1870;12,899;0,980941414333528
1871;12,903;1,25551542665611
1872;12,907;2,02695159793186
1873;12,911;3,54560188869984
1874;12,915;6,14313268653909
1875;12,920;9,86695443704575
1876;12,924;15,297603911913
1877;12,928;21,2585716087232
1878;12,932;26,9150408949549
1879;12,936;31,2960279280602
1880;12,940;32,8233781734161
1881;12,944;31,9546747870837
1882;12,948;29,2745030344752
1883;12,953;25,4082432155859
1884;12,957;21,2173286556865
1885;12,961;17,1154809576083
1886;12,965;13,7146084124599
1887;12,969;10,9137054088565
1888;12,973;8,73783815259135
1889;12,977;7,15759907439374
1890;12,981;5,86606066745362
1891;12,986;4,90117540693392
1892;12,990;4,15082585826344
1893;12,994;3,66815926877657
1894;12,998;3,19352075619661
1895;13,002;2,85982150794159
1896;13,006;2,58988172885498
1897;13,010;2,28247184832516
1898;13,014;2,06717812063064
1899;13,018;1,95712800200116
1900;13,023;1,87007677322302
1901;13,027;1,66336240668653
1902;13,031;1,53744563820455
1903;13,035;1,43602656363164
1904;13,039;1,36296417272563
1905;13,043;1,28175311148277
1906;13,047;1,22617676791691
1907;13,051;1,23017357873752
1908;13,056;1,12560184735353
1909;13,060;1,07617576871421
1910;13,064;1,11032093701784
1911;13,068;1,02399326881929
1912;13,072;0,994327285055993
1913;13,076;0,987419004284168
1914;13,080;0,966745844867233
1915;13,084;0,898317687197181
1916;13,089;0,926347045839975
1917;13,093;0,870960206235438
1918;13,097;0,807528062091145
1919;13,101;0,833145552135296
1920;13,105;0,826409547691945
1921;13,109;0,770505879101986
1922;13,113;0,746525014178342
1923;13,117;0,717358631767617
1924;13,122;0,731847070992318
1925;13,126;0,720356239883073
1926;13,130;0,726179179785509
1927;13,134;0,717444769931854
1928;13,138;0,69205123911472
1929;13,142;0,645364354098144
1930;13,146;0,654115991584646
1931;13,150;0,680801594865338
1932;13,155;0,716273290898228
1933;13,159;0,668707796606432
1934;13,163;0,692413019404516
1935;13,167;0,659870020955693
1936;13,171;0,648999384628955
1937;13,175;0,66763968336989
1938;13,179;0,627671575163818
1939;13,183;0,621176757580331
1940;13,187;0,624536145985582
1941;13,192;0,611839380577015
1942;13,196;0,618695978450299
1943;13,200;0,629377110815715
1944;13,204;0,59704084396106
1945;13,208;0,609203552751356
1946;13,212;0,607670293427934
1947;13,216;0,613338184634743
1948;13,220;0,615956784827555
1949;13,225;0,606877822316951
1950;13,229;0,596644608405569
1951;13,233;0,600744785023261
1952;13,237;0,600331321834922
1953;13,241;0,660714174965217
1954;13,245;0,74390641398553
1955;13,249;0,991915416457351
1956;13,253;1,53003775608015
1957;13,258;2,52875808751224
1958;13,262;4,53687988274184
1959;13,266;8,1440705588713
1960;13,270;13,7671182373789
1961;13,274;21,7312978540571
1962;13,278;32,5199995589726
1963;13,282;45,200691586093
1964;13,286;58,8052326522905
1965;13,291;71,0020866108905
1966;13,295;78,4178934464017
1967;13,299;81,0938272013297
1968;13,303;79,3461183042221
1969;13,307;74,3437133266766
1970;13,311;68,2413756747202
1971;13,315;62,9759047435942
1972;13,319;58,4481555062616
1973;13,324;53,7807763047003
1974;13,328;48,7188670832997
1975;13,332;42,8996311219255
1976;13,336;36,7941235855252
1977;13,340;30,9856721223134
1978;13,344;25,4235413535544
1979;13,348;20,7477378395308
1980;13,352;17,192195606678
1981;13,356;14,040503543035
1982;13,361;11,6912918450588
1983;13,365;9,9761948569314
1984;13,369;8,68412239337301
1985;13,373;7,54118954737496
1986;13,377;6,68501065012263
1987;13,381;5,94279254415615
1988;13,385;5,4592990282926
1989;13,389;4,8533859534151
1990;13,394;4,61171671983114
1991;13,398;4,11656009652987
1992;13,402;3,88293616748567
1993;13,406;3,65601378761912
1994;13,410;3,4207876887201
1995;13,414;3,16413041455887
1996;13,418;3,03773127235716
1997;13,422;2,81237660707973
1998;13,427;2,55313518799138
1999;13,431;2,53888793562654
2000;13,435;2,47176907805289
2001;13,439;2,32331856580646
2002;13,443;2,23910989644814
2003;13,447;2,1996241619618
2004;13,451;2,07363848294843
2005;13,455;2,0347729432446
2006;13,460;1,94941002248551
2007;13,464;1,83889475776915
2008;13,468;1,75273936589907
2009;13,472;1,78378356029017
2010;13,476;1,67285483238547
2011;13,480;1,71425283411788
2012;13,484;1,62096520224896
2013;13,488;1,62379053403595
2014;13,493;1,59686374389539
2015;13,497;1,54071888844556
2016;13,501;1,55861839897406
2017;13,505;1,63205979780272
2018;13,509;1,63441998350282
2019;13,513;1,75125778947419
2020;13,517;2,07913409782677
2021;13,521;2,65238358082551
2022;13,525;3,94008022564064
2023;13,530;5,94355056000143
2024;13,534;9,27551257376011
2025;13,538;13,5305311554849
2026;13,542;18,7192529822755
2027;13,546;23,8789807029839
2028;13,550;27,7005348146341
2029;13,554;29,6631412038808
2030;13,558;29,5648403308532
2031;13,563;27,5426091043216
2032;13,567;24,5345782709934
2033;13,571;20,8598035912034
2034;13,575;17,8303071273473
2035;13,579;15,243405778975
2036;13,583;13,8987373523333
2037;13,587;13,7367976035674
2038;13,591;15,1524266499076
2039;13,596;17,9693513520591
2040;13,600;22,0432902849244
2041;13,604;26,8538483430807
2042;13,608;32,3999401856587
2043;13,612;37,6485969471256
2044;13,616;42,67586139887
2045;13,620;46,3628160150831
2046;13,624;49,2589361454343
2047;13,629;50,5422052886076
2048;13,633;50,1596657012301
2049;13,637;48,3014759946718
2050;13,641;44,2988939170607
2051;13,645;39,1487275325826
2052;13,649;33,3497168121713
2053;13,653;28,1017147007526
2054;13,657;23,1738881458037
2055;13,662;19,0440799996141
2056;13,666;15,9442258832091
2057;13,670;13,2173500179512
2058;13,674;11,2564319367236
2059;13,678;9,61355318549268
2060;13,682;8,53384575204475
2061;13,686;7,51147188071311
2062;13,690;6,70158363292187
2063;13,694;6,06846812577826
2064;13,699;5,53895960257918
2065;13,703;5,01611817329207
2066;13,707;4,57517691056171
2067;13,711;4,22786783235722
2068;13,715;3,95692885056545
2069;13,719;3,71033251398711
2070;13,723;3,40915903654808
2071;13,727;3,16878187542768
2072;13,732;3,08204074404079
2073;13,736;2,87522301170721
2074;13,740;2,69410890758202
2075;13,744;2,57864931223844
2076;13,748;2,46253506684666
2077;13,752;2,41133454202405
2078;13,756;2,34297529488539
2079;13,760;2,21971158186192
2080;13,765;2,13102372796327
2081;13,769;2,09217541589228
2082;13,773;1,98181519987155
2083;13,777;1,84690560704321
2084;13,781;1,85102301129375
2085;13,785;1,80159693265443
2086;13,789;1,68384606214214
2087;13,793;1,69609490909667
2088;13,798;1,60067105075467
2089;13,802;1,54495688612604
2090;13,806;1,52407699511493
2091;13,810;1,52991716265022
2092;13,814;1,48443621193296
2093;13,818;1,46069653386918
2094;13,822;1,45366765966742
2095;13,826;1,3934570828656
2096;13,831;1,34859632693086
2097;13,835;1,33312591263385
2098;13,839;1,34961275726886
2099;13,843;1,29210691882408
2100;13,847;1,31965390374715
2101;13,851;1,39171709194801
2102;13,855;1,65685036147019
2103;13,859;2,07649827000111
2104;13,863;2,90323514271716
2105;13,868;4,43869960314425
2106;13,872;6,86795088332965
2107;13,876;10,5840546543207
2108;13,880;15,56433935129
2109;13,884;21,3021747474601
2110;13,888;26,9629681695364
2111;13,892;31,3122219029368
2112;13,896;33,5444407462459
2113;13,901;33,2191830380862
2114;13,905;30,7860727681429
2115;13,909;27,3806865831884
2116;13,913;23,4811085223721
2117;13,917;19,6724406800918
2118;13,921;16,2092902421998
2119;13,925;13,7310952570949
2120;13,929;11,5404983747451
2121;13,934;9,86314713018647
2122;13,938;8,53498277581268
2123;13,942;7,37699297870596
2124;13,946;6,64194156800401
2125;13,950;5,81382648466017
2126;13,954;5,38267051738716
2127;13,958;4,85657306549188
2128;13,962;4,43391032121266
2129;13,967;4,15297931236937
2130;13,971;3,77422980421829
2131;13,975;3,58153873081961
2132;13,979;3,30300236294212
2133;13,983;3,08097263080425
2134;13,987;2,96260156550945
2135;13,991;2,82310942234369
2136;13,995;2,66880151492912
2137;14,000;2,58541977194749
2138;14,004;2,52059218954255
2139;14,008;2,48594741988634
2140;14,012;2,39603640405552
2141;14,016;2,34378499362922
2142;14,020;2,31623800870616
2143;14,024;2,26512362204779
2144;14,028;2,12051487192633
2145;14,032;2,03198206672331
2146;14,037;1,97931719310867
2147;14,041;1,87147221148366
2148;14,045;1,80991787931974
2149;14,049;1,78063090347909
2150;14,053;1,71087621807978
2151;14,057;1,63176692804431
2152;14,061;1,56631915085687
2153;14,065;1,53031339820571
2154;14,070;1,56537163105026
2155;14,074;1,48962172942004
2156;14,078;1,44693165522407
2157;14,082;1,3840507953309
2158;14,086;1,39030442605452
2159;14,090;1,38446425851924
2160;14,094;1,37347302876257
2161;14,098;1,30838703186492
2162;14,103;1,27363889641162
2163;14,107;1,32630377002626
2164;14,111;1,28581883283477
2165;14,115;1,27060683303047
2166;14,119;1,26661002220986
2167;14,123;1,2788244138987
2168;14,127;1,34346249234232
2169;14,131;1,54132185559523
2170;14,136;1,9298738868365
2171;14,140;2,75182147762096
2172;14,144;4,15449534405995
2173;14,148;6,39942818041053
2174;14,152;9,55012104134839
2175;14,156;13,8260711969828
2176;14,160;18,6263615859621
2177;14,164;22,9486540739562
2178;14,169;26,4515831160929
2179;14,173;28,0652265743817
2180;14,177;27,9849285776797
2181;14,181;26,3962479593869
2182;14,185;23,8497798653075
2183;14,189;20,8532398630886
2184;14,193;17,7743690034917
2185;14,197;14,7289369792517
2186;14,201;12,4930831054118
2187;14,206;10,5203468680508
2188;14,210;8,95538870018888
2189;14,214;7,66619325131602
2190;14,218;6,6308986553488
2191;14,222;5,858790606392
2192;14,226;5,25713275682783
2193;14,230;4,80480402878531
2194;14,234;4,63251047267801
2195;14,239;4,81727683496686
2196;14,243;5,38933761129912
2197;14,247;6,48987325285961
2198;14,251;8,47215359881805
2199;14,255;11,0701839980099
2200;14,259;14,3870373777613
2201;14,263;17,5330270949318
2202;14,267;20,754043153153
2203;14,272;22,8662715336797
2204;14,276;23,7689133567216
2205;14,280;23,6626533173185
2206;14,284;22,5030785779898
2207;14,288;20,4792968645019
2208;14,292;17,6966723793497
2209;14,296;15,2736575022551
2210;14,300;12,7680188980241
2211;14,305;10,9165996511749
2212;14,309;9,08035794886425
2213;14,313;7,71241499024571
2214;14,317;6,55396004705211
2215;14,321;5,69876312487208
2216;14,325;5,00976117677136
2217;14,329;4,4481231183118
2218;14,333;3,90841583646704
2219;14,338;3,50733931614567
2220;14,342;3,29898832448867
2221;14,346;3,00618747661349
2222;14,350;2,75959114003516
2223;14,354;2,58314572441162
2224;14,358;2,50131446838626
2225;14,362;2,30646994088166
2226;14,366;2,17207717703874
2227;14,370;2,05432630652645
2228;14,375;2,00445230943309
2229;14,379;1,93550732277762
2230;14,383;1,87620981051671
2231;14,387;1,80080446154344
2232;14,391;1,74176536377525
2233;14,395;1,67252750736137
2234;14,399;1,60861298949735
2235;14,403;1,55973819510914
2236;14,408;1,58327114157875
2237;14,412;1,49653001019187
2238;14,416;1,44241801541804
2239;14,420;1,43221925677235
2240;14,424;1,43113391590297
2241;14,428;1,3182929207522
2242;14,432;1,3408783474152
2243;14,436;1,34683910838042
2244;14,441;1,32930137814172
2245;14,445;1,3058028869378
2246;14,449;1,27105475148451
2247;14,453;1,26921139476983
2248;14,457;1,20502123478025
2249;14,461;1,21329049854702
2250;14,465;1,2603047085877
2251;14,469;1,27282919766779
2252;14,474;1,35381629968363
2253;14,478;1,58907685384834
2254;14,482;1,99585572064222
2255;14,486;2,78725871838816
2256;14,490;4,13404614387003
2257;14,494;6,27952385579231
2258;14,498;9,58350819380673
2259;14,502;14,349136585497
2260;14,507;20,9214785167973
2261;14,511;28,8875704007216
2262;14,515;37,6637400363985
2263;14,519;46,6664013611208
2264;14,523;54,0531107247527
2265;14,527;58,6779376731808
2266;14,531;59,863646731539
2267;14,535;57,2904068960147
2268;14,539;51,6929594799184
2269;14,544;45,1223403119028
2270;14,548;38,1467339509095
2271;14,552;32,0670850914133
2272;14,556;26,7525843172034
2273;14,560;22,4541176454374
2274;14,564;19,1951318844205
2275;14,568;16,3796370757954
2276;14,572;14,3924296268426
2277;14,577;12,6250984559217
2278;14,581;11,2331574047467
2279;14,585;10,1006472766213
2280;14,589;9,09548381050431
2281;14,593;8,18862121741479
2282;14,597;7,56627298080084
2283;14,601;6,93853249510563
2284;14,605;6,34223243935701
2285;14,610;5,94930458937248
2286;14,614;5,66280905511947
2287;14,618;5,25256743412325
2288;14,622;4,95282385021056
2289;14,626;4,65401055847162
2290;14,630;4,37454389842036
2291;14,634;4,15654543236879
2292;14,638;3,90739940612904
2293;14,643;3,7414456189096
2294;14,647;3,57106433004837
2295;14,651;3,41019269451893
2296;14,655;3,32446799347004
2297;14,659;3,16902306228754
2298;14,663;3,03855819873384
2299;14,667;2,98935607932153
2300;14,671;2,82247199992833
2301;14,676;2,7421395479607
2302;14,680;2,7188305607181
2303;14,684;2,57492814354339
2304;14,688;2,51223678761154
2305;14,692;2,48608524094912
2306;14,696;2,31482534281267
2307;14,700;2,26438283383535
2308;14,704;2,2100468798345
2309;14,708;2,19740179732448
2310;14,713;2,08852315772863
2311;14,717;2,06371536642831
2312;14,721;2,06876306285261
2313;14,725;1,96036679697648
2314;14,729;1,98374469475046
2315;14,733;1,93526613591775
2316;14,737;1,92393035350413
2317;14,741;1,8014418839588
2318;14,746;1,82090910907641
2319;14,750;1,79563617168921
2320;14,754;1,77982120473526
2321;14,758;1,67931519470326
2322;14,762;1,66965049267584
2323;14,766;1,65473136262996
2324;14,770;1,65529987451392
2325;14,774;1,62168876282856
2326;14,779;1,55873899240399
2327;14,783;1,55002181018318
2328;14,787;1,56394173752392
2329;14,791;1,49372190603773
2330;14,795;1,49992385386281
2331;14,799;1,43127173696575
2332;14,803;1,48772668980682
2333;14,807;1,47006836613819
2334;14,812;1,40408653233248
2335;14,816;1,37903755417229
2336;14,820;1,39318144074004
2337;14,824;1,33841479591802
2338;14,828;1,42117634411714
2339;14,832;1,39151036035384
2340;14,836;1,4615751431444
2341;14,840;1,49982048806573
2342;14,845;1,72422763353655
2343;14,849;1,99049792682666
2344;14,853;2,62748965136095
2345;14,857;3,62498682086087
2346;14,861;5,16234632090118
2347;14,865;7,37897415648341
2348;14,869;10,1701263198951
2349;14,873;13,7464967608605
2350;14,877;17,7468392462015
2351;14,882;21,2483383948119
2352;14,886;24,2979222785681
2353;14,890;26,0948160674551
2354;14,894;26,643774588139
2355;14,898;25,5233238030068
2356;14,902;23,6244768829286
2357;14,906;21,4270061750727
2358;14,910;18,995084611796
2359;14,915;16,5507591528691
2360;14,919;14,2026844786608
2361;14,923;12,4368004288991
2362;14,927;10,9620633742593
2363;14,931;9,57594526298671
2364;14,935;8,27589640541995
2365;14,939;7,5402247999355
2366;14,943;6,82298676159781
2367;14,948;6,20401514102196
2368;14,952;5,62468430362807
2369;14,956;5,2387853278453
2370;14,960;4,93408018567254
2371;14,964;4,51405326921897
2372;14,968;4,22802288105284
2373;14,972;3,93191432767095
2374;14,976;3,77061200132033
2375;14,981;3,57023740367169
2376;14,985;3,3203161339538
2377;14,989;3,25976100449503
2378;14,993;3,03506098926581
2379;14,997;2,92809461691602
2380;15,001;2,84097447760649
2381;15,005;2,77931677964548
2382;15,009;2,69326475357249
2383;15,014;2,5678131311774
2384;15,018;2,42599525757723
2385;15,022;2,38704357970916
2386;15,026;2,31913225102453
2387;15,030;2,24264156118187
2388;15,034;2,18432602399327
2389;15,038;2,09501797531211
2390;15,042;2,0613896359939
2391;15,046;1,9518046634513
2392;15,051;1,90687499698516
2393;15,055;1,84576858327528
2394;15,059;1,83817119718955
2395;15,063;1,81837664704784
2396;15,067;1,76414405884408
2397;15,071;1,69371749576373
2398;15,075;1,70910177189649
2399;15,079;1,63493681248824
2400;15,084;1,66377586987487
2401;15,088;1,59067902370316
2402;15,092;1,57651790950256
2403;15,096;1,56973022216066
2404;15,100;1,57081556303005
2405;15,104;1,47570180207931
2406;15,108;1,49012133077262
2407;15,112;1,50212899086729
2408;15,117;1,40934096035095
2409;15,121;1,39397391185103
2410;15,125;1,37581598682982
2411;15,129;1,37621222238531
2412;15,133;1,39841864112567
2413;15,137;1,40844512344288
2414;15,141;1,33290195340683
2415;15,145;1,36022497910288
2416;15,150;1,31598441795064
2417;15,154;1,31367591514908
2418;15,158;1,31155691630885
2419;15,162;1,26457716153387
2420;15,166;1,2488311051113
2421;15,170;1,22884705100826
2422;15,174;1,3236679422006
2423;15,178;1,238701256997
2424;15,183;1,29553521776072
2425;15,187;1,27021059747498
2426;15,191;1,29105603322039
2427;15,195;1,2656797300361
2428;15,199;1,29768867186666
2429;15,203;1,3456331740811
2430;15,207;1,35066364287255
2431;15,211;1,44631146044156
2432;15,215;1,42670641426117
2433;15,220;1,43013471319781
2434;15,224;1,43302895551618
2435;15,228;1,40205367165648
2436;15,232;1,45814684420776
2437;15,236;1,44886115010299
2438;15,240;1,44889560536868
2439;15,244;1,43757705058791
2440;15,248;1,43380419899432
2441;15,253;1,45866367319318
2442;15,257;1,46936203319145
2443;15,261;1,45628625986024
2444;15,265;1,39464578953208
2445;15,269;1,39362935919408
2446;15,273;1,41383737252413
2447;15,277;1,36410119649356
2448;15,281;1,40298396383024
2449;15,286;1,40384534547261
2450;15,290;1,44949857251834
2451;15,294;1,39900438064248
2452;15,298;1,40996115513346
2453;15,302;1,32713069640294
2454;15,306;1,33758786954134
2455;15,310;1,3766429132065
2456;15,314;1,33650252867195
2457;15,319;1,39797072267163
2458;15,323;1,37934765156355
2459;15,327;1,36690930064769
2460;15,331;1,4437100878816
2461;15,335;1,50740064651861
2462;15,339;1,57973947684503
2463;15,343;1,77844299410746
2464;15,347;1,93933185726975
2465;15,352;2,13222966226259
2466;15,356;2,31739226010694
2467;15,360;2,48288090123949
2468;15,364;2,6389115719388
2469;15,368;2,63017716208515
2470;15,372;2,63270962411372
2471;15,376;2,63470802952403
2472;15,380;2,45676380984277
2473;15,385;2,35574097082535
2474;15,389;2,22369116504968
2475;15,393;2,1055785142476
2476;15,397;1,90096591891849
2477;15,401;1,8287821372877
2478;15,405;1,68164092513767
2479;15,409;1,60801002234769
2480;15,413;1,46147177734732
2481;15,417;1,45234113193817
2482;15,422;1,41008174856339
2483;15,426;1,33264353891412
2484;15,430;1,25143247767127
2485;15,434;1,25889204269421
2486;15,438;1,21161941816082
2487;15,442;1,24733230105357
2488;15,446;1,18908567439636
2489;15,450;1,13001212136247
2490;15,455;1,10963183170394
2491;15,459;1,08982005392938
2492;15,463;1,15531951401537
2493;15,467;1,14958271227717
2494;15,471;1,06633879035831
2495;15,475;1,11805614416634
2496;15,479;1,06623542456123
2497;15,483;1,04259911229453
2498;15,488;1,0458895901684
2499;15,492;1,0310049153882
2500;15,496;1,09278320677914
2501;15,500;1,03241758128169
2502;15,504;1,0347433117161
2503;15,508;1,03174570360064
2504;15,512;1,03505340910735
2505;15,516;1,04359831499969
2506;15,521;1,02857581915671
2507;15,525;0,968055144963639
2508;15,529;1,02042714881987
2509;15,533;1,02941997316624
2510;15,537;0,986695443704575
2511;15,541;1,02430336621055
2512;15,545;0,962094383998423
2513;15,549;0,965247040809506
2514;15,554;0,98996869394559
2515;15,558;1,00648999384629
2516;15,562;1,02438950437479
2517;15,566;0,988797214911963
2518;15,570;0,985902972593592
2519;15,574;0,991691457230334
2520;15,578;0,990209880805454
2521;15,582;0,947933269797823
2522;15,586;0,97263769530106
2523;15,591;0,954720957139717
2524;15,595;1,01796359732269
2525;15,599;0,973499076943432
2526;15,603;0,944815068252436
2527;15,607;0,997100933944432
2528;15,611;1,00054646051392
2529;15,615;0,931084644873022
2530;15,619;0,908395852412937
2531;15,624;0,931739294921225
2532;15,628;0,920179553280589
2533;15,632;0,935167593857867
2534;15,636;0,933444830573122
2535;15,640;0,890875349807085
2536;15,644;0,932996912119088
2537;15,648;0,899006792511079
2538;15,652;0,945383580136401
2539;15,657;0,91141068816124
2540;15,661;0,917991643908964
2541;15,665;0,927639118303533
2542;15,669;0,929740889510921
2543;15,673;0,908275258983005
2544;15,677;0,883226280822819
2545;15,681;0,891133764299797
2546;15,685;0,868531110003949
2547;15,690;0,939956875789456
2548;15,694;0,913977605455509
2549;15,698;0,89165059328522
2550;15,702;0,927397931443669
2551;15,706;0,865774688748357
2552;15,710;0,92624368004289
2553;15,714;0,868841207395203
2554;15,718;0,881520745170922
2555;15,723;0,9049330982106
2556;15,727;0,947381985546705
2557;15,731;0,92219518632374
2558;15,735;0,897628581883283
2559;15,739;0,887860514058782
2560;15,743;0,875404935510079
2561;15,747;0,882674996571701
2562;15,751;0,960802311534865
2563;15,755;0,867152899376153
2564;15,760;0,876266317152451
2565;15,764;0,884742312513395
2566;15,768;0,904571317920804
2567;15,772;0,886275571836817
2568;15,776;0,89401077898532
2569;15,780;0,904536862655109
2570;15,784;0,879263925267907
2571;15,788;0,879470656862076
2572;15,793;0,847289438703049
2573;15,797;0,919576586130929
2574;15,801;0,921488853376995
2575;15,805;0,906879820722362
2576;15,809;0,942299833856709
2577;15,813;0,901711530868128
2578;15,817;0,860382439667107
2579;15,821;0,868221012612695
2580;15,826;0,846479739959219
2581;15,830;0,888118928551494
2582;15,834;0,849184478316268
2583;15,838;0,892753161787456
2584;15,842;0,84687597551471
2585;15,846;0,833903567980584
2586;15,850;0,817864641799612
2587;15,854;0,870443377250015
2588;15,859;0,818726023441985
2589;15,863;0,798431871947694
2590;15,867;0,839554231554546
2591;15,871;0,838210476192445
2592;15,875;0,864723803144663
2593;15,879;0,857832750005685
2594;15,883;0,862329162178868
2595;15,887;0,823256890880863
2596;15,892;0,871184165462455
2597;15,896;0,830526951942484
2598;15,900;0,85712641705894
2599;15,904;0,877093243529129
2600;15,908;0,835988111555125
2601;15,912;0,889841691836238
2602;15,916;0,898007589805927
2603;15,920;0,809836564892703
2604;15,924;0,900712328162976
2605;15,929;0,868186557347
2606;15,933;0,838141565661055
2607;15,937;0,844154009524814
2608;15,941;0,911996427678053
2609;15,945;0,949690488348263
2610;15,949;1,01108977181656
2611;15,953;1,25437840288818
2612;15,957;1,60001640070647
2613;15,962;2,23971286359781
2614;15,966;2,99636772589044
2615;15,970;4,09340615798291
2616;15,974;5,51468586789713
2617;15,978;7,10172986106948
2618;15,982;8,96322727313447
2619;15,986;10,6835786892803
2620;15,990;12,1812112679745
2621;15,995;13,3444038102011
2622;15,999;13,8356153055803
2623;16,003;14,0604531418723
2624;16,007;13,6578950451261
2625;16,011;12,9869304286166
2626;16,015;12,0488685924404
2627;16,019;10,8894661294402
2628;16,023;9,90666413075911
2629;16,028;8,78988283142348
2630;16,032;7,90319379639832
2631;16,036;6,94774927867901
2632;16,040;6,23013223241868
2633;16,044;5,51668427330744
2634;16,048;4,91244227881614
2635;16,052;4,36369048972647
2636;16,056;4,02544314639974
2637;16,061;3,64965679109841
2638;16,065;3,30606888158897
2639;16,069;3,03261466540147
2640;16,073;2,8749645972145
2641;16,077;2,76984158157939
2642;16,081;2,5054318726368
2643;16,085;2,39274592618166
2644;16,089;2,22041791480867
2645;16,093;2,1021674429438
2646;16,098;2,07996102420345
2647;16,102;1,96508716837668
2648;16,106;1,86253107003584
2649;16,110;1,79525716376657
2650;16,114;1,78009684686082
2651;16,118;1,6740263114191
2652;16,122;1,6598651972185
2653;16,126;1,61645156244293
2654;16,131;1,5674217193591
2655;16,135;1,45563160981203
2656;16,139;1,42779175513056
2657;16,143;1,47115370700758
2658;16,147;1,39697151996648
2659;16,151;1,30204726297706
2660;16,155;1,3213422117662
2661;16,159;1,34492684113435
2662;16,164;1,25005426704347
2663;16,168;1,24247410859059
2664;16,172;1,27656759399569
2665;16,176;1,18626034260938
2666;16,180;1,26182074027827
2667;16,184;1,19545989854992
2668;16,188;1,23882185042694
2669;16,192;1,16739608464143
2670;16,197;1,16717212541441
2671;16,201;1,20269550434584
2672;16,205;1,15133993082761
2673;16,209;1,10916668561706
2674;16,213;1,09898515460422
2675;16,217;1,11654011247577
2676;16,221;1,03932586205352
2677;16,225;1,14276056966958
2678;16,230;1,13536991517803
2679;16,234;1,11340468329753
2680;16,238;1,10933896194554
2681;16,242;1,0330377760642
2682;16,246;1,05279787094022
2683;16,250;1,04540721644867
2684;16,254;1,08602997470294
2685;16,258;1,0145180707532
2686;16,262;1,03240035364885
2687;16,267;1,06918134977814
2688;16,271;1,00998720331432
2689;16,275;1,02879977838373
2690;16,279;0,967314356751199
2691;16,283;1,04661315074799
2692;16,287;1,00998720331432
2693;16,291;0,993362537616536
2694;16,295;0,95759797182524
2695;16,300;0,933978887191393
2696;16,304;0,967090397524182
2697;16,308;0,942420427286641
2698;16,312;0,956288671728834
2699;16,316;0,899850946520604
2700;16,320;0,965453772403675
2701;16,324;0,94660674206857
2702;16,328;0,973602442740517
2703;16,333;0,959596377235544
2704;16,337;0,926863874825398
2705;16,341;0,935219276756409
2706;16,345;0,962490619553915
2707;16,349;0,872510693191708
2708;16,353;0,902021628259382
2709;16,357;0,886775173189393
2710;16,361;0,876335227683841
2711;16,366;0,91687184777388
2712;16,370;0,894837705361997
2713;16,374;0,874543553867707
2714;16,378;0,865654095318425
2715;16,382;0,965936146123404
2716;16,386;0,906156260142769
2717;16,390;0,907913478693208
2718;16,394;0,888256749614273
2719;16,399;0,844912025370101
2720;16,403;0,893683453961219
2721;16,407;0,87667978034079
2722;16,411;0,885948246812716
2723;16,415;0,896284826521183
2724;16,419;0,87674869087218
2725;16,423;0,895802452801454
2726;16,427;0,866877257250594
2727;16,431;0,833731291652109
2728;16,436;0,84532548855844
2729;16,440;0,847496170297218
2730;16,444;0,90986020120497
2731;16,448;0,858642448749515
2732;16,452;0,839554231554546
2733;16,456;0,871132482563913
2734;16,460;0,911324549997002
2735;16,464;0,876559186910858
2736;16,469;0,882106484687735
2737;16,473;0,902676278307585
2738;16,477;0,83838275252092
2739;16,481;0,858918090875074
2740;16,485;0,815538911365207
2741;16,489;0,858073936865549
2742;16,493;0,866584387492187
2743;16,497;0,890461886618746
2744;16,502;0,836866720830344
2745;16,506;0,850890013968165
2746;16,510;0,880848867489872
2747;16,514;0,883277963721362
2748;16,518;0,854059898412095
2749;16,522;0,858108392131244
2750;16,526;0,813885058611852
2751;16,530;0,859727789618904
2752;16,535;0,845411626722677
2753;16,539;0,804702730304164
2754;16,543;0,844481334548915
2755;16,547;0,837228501120141
2756;16,551;0,843258172616747
2757;16,555;0,822309371074253
2758;16,559;0,790610526634954
2759;16,563;0,864517071550494
2760;16,568;0,78153156412435
2761;16,572;0,869237442950694
2762;16,576;0,832439219188551
2763;16,580;0,803152243347894
2764;16,584;0,830716455903806
2765;16,588;0,82880418865774
2766;16,592;0,808286077936433
2767;16,596;0,877782348843027
2768;16,600;0,818536519480663
2769;16,605;0,825083019962692
2770;16,609;0,811714376873074
2771;16,613;0,83116437435784
2772;16,617;0,818915527403306
2773;16,621;0,825841035807979
2774;16,625;0,79434892296285
2775;16,629;0,827288156967165
2776;16,633;0,841776596191866
2777;16,638;0,837090680057361
2778;16,642;0,840725710588172
2779;16,646;0,858642448749515
2780;16,650;0,826943604310216
2781;16,654;0,890548024782983
2782;16,658;0,866136469038154
2783;16,662;0,805185104023893
2784;16,666;0,789542413398412
2785;16,671;0,864396478120562
2786;16,675;0,858883635609379
2787;16,679;0,839313044694681
2788;16,683;0,823687581702049
2789;16,687;0,81929453532595
2790;16,691;0,771401716010053
2791;16,695;0,785597285476347
2792;16,699;0,829303790010316
2793;16,704;0,836797810298955
2794;16,708;0,797673856102407
2795;16,712;0,829855074261434
2796;16,716;0,819242852427408
2797;16,720;0,811576555810295
2798;16,724;0,83123328488923
2799;16,728;0,776259908473032
