#"+EI TIC Scan 150C_1ml-min_8C-min_2.d "
#Point;X(Minutes);Y(Counts)
0;4,941;11,4815564446501
1;4,945;10,9852845646926
2;4,949;10,4976041085304
3;4,953;10,0442670321629
4;4,958;9,59168867893582
5;4,962;9,19306893022046
6;4,966;8,78494282686407
7;4,970;8,49187485620523
8;4,974;8,06009444317867
9;4,978;7,82114128473697
10;4,982;7,49946498860911
11;4,986;7,33955292908416
12;4,990;7,06757299865014
13;4,995;6,72701788555911
14;4,999;6,45751496302452
15;5,003;6,28693614876151
16;5,007;6,12702408923655
17;5,011;5,86675973670522
18;5,015;5,61236433081846
19;5,019;5,52723113139233
20;5,023;5,42801692309649
21;5,028;5,52986434699712
22;5,032;6,12767123544451
23;5,036;7,62681889925786
24;5,040;10,4170901941059
25;5,044;14,3732734864422
26;5,048;18,610920748467
27;5,052;22,5905128812221
28;5,056;25,2216308396856
29;5,061;26,8833907247881
30;5,065;27,2815195350009
31;5,069;27,1259366604533
32;5,073;26,6326327268978
33;5,077;26,034714261518
34;5,081;25,5310336732487
35;5,085;24,5967553874364
36;5,089;23,6704660099844
37;5,094;23,0712086214157
38;5,098;22,1864481782053
39;5,102;21,4111447056857
40;5,106;20,667640658902
41;5,110;20,1019009808282
42;5,114;19,3585531417498
43;5,118;18,6906089935917
44;5,122;18,0423247009236
45;5,127;17,5278434655974
46;5,131;16,8346382999424
47;5,135;16,2445525352176
48;5,139;15,4900916336715
49;5,143;15,2203655572721
50;5,147;14,4905185270149
51;5,151;13,9008344392467
52;5,155;13,3930701352513
53;5,159;12,9650163917671
54;5,164;12,5570241807296
55;5,168;11,9712899163686
56;5,172;11,364757711807
57;5,176;10,9641965244678
58;5,180;10,545894604876
59;5,184;10,0910847130007
60;5,188;9,54879850611877
61;5,192;9,1379052948387
62;5,197;8,58916994126367
63;5,201;8,08136100649534
64;5,205;7,71425058349157
65;5,209;7,13855824304714
66;5,213;6,70146676803803
67;5,217;6,19742913358504
68;5,221;5,88577244598728
69;5,225;5,36142780983631
70;5,230;5,1273840364205
71;5,234;4,77656384554807
72;5,238;4,5257612168848
73;5,242;4,20861494421265
74;5,246;4,00313486549289
75;5,250;3,81885440393036
76;5,254;3,60404649366143
77;5,258;3,31972615450326
78;5,263;3,18326756617014
79;5,267;2,99302889641711
80;5,271;2,84103879909301
81;5,275;2,70741426484302
82;5,279;2,6456452750628
83;5,283;2,49718100880275
84;5,287;2,33657717229688
85;5,291;2,35692880476782
86;5,296;2,23254284052108
87;5,300;2,23035593264592
88;5,304;2,20038636860154
89;5,308;2,01083947582942
90;5,312;1,97270248033289
91;5,316;1,96033975622226
92;5,320;1,93329350780693
93;5,324;1,89964190499313
94;5,328;2,06631552662192
95;5,333;2,48488523085156
96;5,337;3,28194620519043
97;5,341;4,86223261424976
98;5,345;6,92263456345414
99;5,349;9,18499076031423
100;5,353;11,4092545924507
101;5,357;13,1418211988584
102;5,361;14,2543771072698
103;5,366;14,7366795552901
104;5,370;14,7150782611762
105;5,374;14,4288611141671
106;5,378;14,3410277529767
107;5,382;13,6273593779184
108;5,386;13,2847512492711
109;5,390;12,9525867214971
110;5,394;12,43018352397
111;5,399;12,1470459002953
112;5,403;11,6943113393628
113;5,407;11,4177790700866
114;5,411;10,9600235471958
115;5,415;10,44509600414
116;5,419;10,0572099563221
117;5,423;9,86748454045813
118;5,427;9,51184422610574
119;5,432;9,26684359792761
120;5,436;8,77023698717289
121;5,440;8,43626491309384
122;5,444;8,10006130036667
123;5,448;7,79112708991963
124;5,452;7,53014864502089
125;5,456;7,22650318116992
126;5,460;6,95191235051759
127;5,465;6,6412598553115
128;5,469;6,35455176979983
129;5,473;6,02176241120429
130;5,477;5,75370998879098
131;5,481;5,51154341469598
132;5,485;5,07759840918073
133;5,489;4,85062861327948
134;5,493;4,54740714177166
135;5,497;4,18284067282675
136;5,502;3,937393736919
137;5,506;3,6770847536147
138;5,510;3,39606709165576
139;5,514;3,09326961249108
140;5,518;3,00148642789352
141;5,522;2,76425155421088
142;5,526;2,62397703478946
143;5,530;2,47133979125741
144;5,535;2,32358961736476
145;5,539;2,18048104386022
146;5,543;2,03054396209241
147;5,547;1,9760274729186
148;5,551;1,82196204465175
149;5,555;1,78860054186221
150;5,559;1,73901575310078
151;5,563;1,66309880829142
152;5,568;1,59508151029643
153;5,572;1,52494425058572
154;5,576;1,47805962358852
155;5,580;1,41805354934032
156;5,584;1,3783544767901
157;5,588;1,35019245905071
158;5,592;1,33986043510987
159;5,596;1,3185938717932
160;5,601;1,28382649965534
161;5,605;1,29221708497231
162;5,609;1,17414637509978
163;5,613;1,17033044401148
164;5,617;1,17602086756421
165;5,621;1,11867032430728
166;5,625;1,15578081202567
167;5,629;1,14665381895482
168;5,634;1,129738756002
169;5,638;1,10494636162128
170;5,642;1,06000317324796
171;5,646;1,09367709144823
172;5,650;1,10070643818984
173;5,654;1,07685129004133
174;5,658;1,07214274349378
175;5,662;1,03367101720003
176;5,666;1,12797584046998
177;5,671;1,06259175807979
178;5,675;1,03670590976149
179;5,679;1,05092081095007
180;5,683;1,05960149629129
181;5,687;1,10499099239425
182;5,691;1,22335180229103
183;5,695;1,61512072735663
184;5,699;2,68947269411206
185;5,704;4,50980571555068
186;5,708;7,67821123432428
187;5,712;11,8506083062778
188;5,716;16,9279612462072
189;5,720;21,7092559536893
190;5,724;25,8845093951124
191;5,728;28,661681558096
192;5,732;30,3799886325421
193;5,737;30,6379321848794
194;5,741;30,7474337863431
195;5,745;30,0168280329455
196;5,749;28,8067092548379
197;5,753;28,2114240050629
198;5,757;27,2579544868767
199;5,761;26,3781926902381
200;5,765;25,4110661555253
201;5,770;24,4214903420123
202;5,774;23,3664858153362
203;5,778;22,4865454956058
204;5,782;21,6506780641759
205;5,786;20,7190999401278
206;5,790;19,6970552392845
207;5,794;18,943732422449
208;5,798;18,0699734647739
209;5,803;17,1907249220245
210;5,807;16,3201793800027
211;5,811;15,3806346629808
212;5,815;14,6218222610708
213;5,819;13,8853921918016
214;5,823;13,080877878378
215;5,827;12,296514358947
216;5,831;11,3640436194396
217;5,835;10,4968230700036
218;5,840;9,77902634844628
219;5,844;9,02829211644258
220;5,848;8,23647525792682
221;5,852;7,35111229928147
222;5,856;6,68410539735558
223;5,860;6,05818112194176
224;5,864;5,50730349126453
225;5,868;4,93734620514579
226;5,873;4,44593907944121
227;5,877;4,04854667698233
228;5,881;3,75128341366501
229;5,885;3,35866650391311
230;5,889;2,98414737259755
231;5,893;2,78600905603014
232;5,897;2,51936250296516
233;5,901;2,30250157713994
234;5,906;2,14395075619034
235;5,910;1,95192685551881
236;5,914;1,80029380437841
237;5,918;1,63908745243754
238;5,922;1,51858436543855
239;5,926;1,48616010888123
240;5,930;1,43559344311462
241;5,934;1,30297310125629
242;5,939;1,23656251108796
243;5,943;1,22500314089065
244;5,947;1,1425031570693
245;5,951;1,11844717044247
246;5,955;1,0103291229406
247;5,959;1,04904631848564
248;5,963;1,00939187670838
249;5,967;0,899332390582639
250;5,972;0,92865480841906
251;5,976;0,957330080047523
252;5,980;0,882037966059636
253;5,984;0,893084082367877
254;5,988;0,86280210291276
255;5,992;0,814333083475389
256;5,996;0,812927214127068
257;6,000;0,7755489417709
258;6,004;0,790076258370223
259;6,009;0,810048529270981
260;6,013;0,797908959025157
261;6,017;0,782310503874732
262;6,021;0,73227940738367
263;6,025;0,756000663213286
264;6,029;0,709428451626825
265;6,033;0,755844455507917
266;6,037;0,72761549160908
267;6,042;0,725763314531133
268;6,046;0,712039351845137
269;6,050;0,696909519810819
270;6,054;0,68175737239002
271;6,058;0,66020070904909
272;6,062;0,685751826570172
273;6,066;0,695235865824722
274;6,070;0,689032188382922
275;6,075;0,670421156057523
276;6,079;0,631971745150253
277;6,083;0,637483645611133
278;6,087;0,651653916026754
279;6,091;0,619274290242396
280;6,095;0,641835145974985
281;6,099;0,598141619244611
282;6,103;0,615257520675763
283;6,108;0,61898419021814
284;6,112;0,629807152661567
285;6,116;0,662856240040364
286;6,120;0,608607535504338
287;6,124;0,682627672462791
288;6,128;0,847761532424368
289;6,132;1,1159032163836
290;6,136;1,84758010833228
291;6,141;3,00273608953647
292;6,145;4,68969004597639
293;6,149;7,10298751699596
294;6,153;9,72301472837823
295;6,157;12,6070106464477
296;6,161;14,809561607538
297;6,165;16,3684475609617
298;6,169;17,2754564444939
299;6,174;17,5231572344363
300;6,178;17,5078488793101
301;6,182;17,1889620064924
302;6,186;16,6883163107846
303;6,190;16,2791190688771
304;6,194;15,5307725832269
305;6,198;15,0193485558486
306;6,202;14,3140930814938
307;6,206;13,6747572588047
308;6,211;13,0897594021976
309;6,215;12,1362452532384
310;6,219;11,9402492137731
311;6,223;11,2599646568909
312;6,227;10,7577568841294
313;6,231;10,2189072467656
314;6,235;9,48923873960019
315;6,239;8,87766325769384
316;6,244;8,26352150634214
317;6,248;7,7372354315673
318;6,252;7,0558127899745
319;6,256;6,56563301052639
320;6,260;5,98210796942703
321;6,264;5,36923819510476
322;6,268;4,92962508142327
323;6,272;4,55872104271767
324;6,277;3,9539740690746
325;6,281;3,49833850789954
326;6,285;3,15131193272893
327;6,289;2,83037204435495
328;6,293;2,49452547781148
329;6,297;2,2749867056085
330;6,301;2,04560684796728
331;6,305;1,79795068879788
332;6,310;1,70922471214825
333;6,314;1,57847886275435
334;6,318;1,43097415811299
335;6,322;1,28730769994642
336;6,326;1,1831841066247
337;6,330;1,08586670617978
338;6,334;1,011043215308
339;6,338;0,976744466286249
340;6,343;0,920465061580425
341;6,347;0,806478067433974
342;6,351;0,832363915752275
343;6,355;0,758031363383084
344;6,359;0,750332555047038
345;6,363;0,694990396573428
346;6,367;0,787800088949131
347;6,371;0,656942662622821
348;6,375;0,703514874209282
349;6,380;0,663704224726653
350;6,384;0,662878555426845
351;6,388;0,642058299839798
352;6,392;0,596244811393701
353;6,396;0,636300930127624
354;6,400;0,638197737978534
355;6,404;0,618069259372407
356;6,408;0,628691383337503
357;6,413;0,600573996371072
358;6,417;0,574755094212214
359;6,421;0,584596179650465
360;6,425;0,56433380872545
361;6,429;0,543245768500627
362;6,433;0,578526394527553
363;6,437;0,545142576351537
364;6,441;0,511870335107927
365;6,446;0,55295296161999
366;6,450;0,536551152556239
367;6,454;0,477526955313215
368;6,458;0,507072527014449
369;6,462;0,477348432221365
370;6,466;0,448271483636239
371;6,470;0,498659626311001
372;6,474;0,470118247001426
373;6,479;0,454876838034702
374;6,483;0,439144490565389
375;6,487;0,4507038607627
376;6,491;0,427897535778817
377;6,495;0,379919454844034
378;6,499;0,379428516341446
379;6,503;0,413191696087644
380;6,507;0,419194535051112
381;6,512;0,404644903065308
382;6,516;0,40518047234086
383;6,520;0,362647345707513
384;6,524;0,389269601779697
385;6,528;0,355439475874055
386;6,532;0,402591887509029
387;6,536;0,367199684549697
388;6,540;0,322301126949333
389;6,544;0,372644638851133
390;6,549;0,389626647963397
391;6,553;0,395696433086309
392;6,557;0,385252832213064
393;6,561;0,385788401488615
394;6,565;0,368003038463023
395;6,569;0,33845746676179
396;6,573;0,334061335624975
397;6,577;0,341425413163802
398;6,582;0,377754862355349
399;6,586;0,354993168144429
400;6,590;0,345040505773772
401;6,594;0,398909848739616
402;6,598;0,384516424459181
403;6,602;0,3844941090727
404;6,606;0,346892682851719
405;6,610;0,380611231824955
406;6,615;0,388220778615076
407;6,619;0,33812273596457
408;6,623;0,44621846807996
409;6,627;0,579820686943468
410;6,631;0,981408382060839
411;6,635;1,78529786466298
412;6,639;3,47957126786877
413;6,643;6,18729794812253
414;6,648;10,3656309128801
415;6,652;15,8890237977976
416;6,656;21,9393499036979
417;6,660;27,8592425756151
418;6,664;33,1119498225146
419;6,668;37,1840838630076
420;6,672;39,7345093839547
421;6,676;40,6949859334961
422;6,681;40,43329339623
423;6,685;39,2131550095923
424;6,689;38,1918913472758
425;6,693;36,7349867100716
426;6,697;35,0507775461689
427;6,701;33,3981669695237
428;6,705;32,2580515588078
429;6,709;30,6543786247161
430;6,713;28,4596826796673
431;6,718;26,8664756618353
432;6,722;25,3417322497279
433;6,726;23,5035246037178
434;6,730;21,7060202226495
435;6,734;19,9906364638324
436;6,738;18,2825275210083
437;6,742;16,5283596204867
438;6,746;14,9082179311718
439;6,751;13,3929585583189
440;6,755;11,9275740742518
441;6,759;10,3406153646345
442;6,763;8,96665701898124
443;6,767;7,7354502006488
444;6,771;6,669287980732
445;6,775;5,91554117155333
446;6,779;5,00953648041278
447;6,784;4,43192501673096
448;6,788;3,78611773196231
449;6,792;3,2652766114889
450;6,796;2,88482158736931
451;6,800;2,48914746966948
452;6,804;2,19929291466395
453;6,808;1,97002463395514
454;6,812;1,70643528883809
455;6,817;1,45779725266351
456;6,821;1,36500987567429
457;6,825;1,2721778679121
458;6,829;1,11904968587746
459;6,833;1,00767359194932
460;6,837;0,934211339652902
461;6,841;0,871215003616208
462;6,845;0,83347968507634
463;6,850;0,762650648384712
464;6,854;0,717774406170829
465;6,858;0,607737235431567
466;6,862;0,635676099306148
467;6,866;0,595062095910192
468;6,870;0,573036809453155
469;6,874;0,531864921395167
470;6,878;0,50932638104906
471;6,882;0,471256331711972
472;6,887;0,482302448020212
473;6,891;0,47502763202731
474;6,895;0,412299080628392
475;6,899;0,452823822478423
476;6,903;0,433721851650435
477;6,907;0,434078897834136
478;6,911;0,402792725987361
479;6,915;0,470386031639201
480;6,920;0,479133663139869
481;6,924;0,462999638713893
482;6,928;0,490313671766997
483;6,932;0,567190178195056
484;6,936;0,569533293775592
485;6,940;0,561209654618069
486;6,944;0,544361537824692
487;6,948;0,570225070756512
488;6,953;0,553332323190172
489;6,957;0,579285117667917
490;6,961;0,557460669689211
491;6,965;0,533181529197563
492;6,969;0,480851947898928
493;6,973;0,468846269971992
494;6,977;0,503457434404479
495;6,981;0,46605684666183
496;6,986;0,441264452281112
497;6,990;0,4413983446
498;6,994;0,429905920562134
499;6,998;0,448405375955126
500;7,002;0,479044401593943
501;7,006;0,485939856016663
502;7,010;0,510442150373124
503;7,014;0,477482324540253
504;7,019;0,491585648796431
505;7,023;0,506470011579454
506;7,027;0,476969070651183
507;7,031;0,498570364765076
508;7,035;0,443005052426653
509;7,039;0,457621630571901
510;7,043;0,459607699968736
511;7,047;0,439568482908534
512;7,051;0,386859540039717
513;7,056;0,382485724289383
514;7,060;0,426246197179201
515;7,064;0,53847027579363
516;7,068;0,738840131009171
517;7,072;1,18762486853448
518;7,076;2,01307101447755
519;7,080;3,43364620249026
520;7,084;5,39385206639363
521;7,089;7,86135361117626
522;7,093;10,9213286670373
523;7,097;13,8162368090961
524;7,101;16,5378659751277
525;7,105;18,3021873764983
526;7,109;19,8973804637271
527;7,113;20,396129351584
528;7,117;20,3853956506865
529;7,122;20,2794198802869
530;7,126;19,7058251861717
531;7,130;18,7354406050326
532;7,134;17,9249680834185
533;7,138;17,0247430773766
534;7,142;16,0557197348129
535;7,146;14,8747671668363
536;7,150;13,8284879562743
537;7,155;13,1351488983005
538;7,159;12,0466712919024
539;7,163;11,0096975975032
540;7,167;9,92612937613097
541;7,171;8,92715878490935
542;7,175;7,99290281448349
543;7,179;7,01475247884892
544;7,183;6,15587788395687
545;7,188;5,43928619326955
546;7,192;4,92237258081685
547;7,196;4,82512212653137
548;7,200;5,2230500982658
549;7,204;6,23096915946642
550;7,208;7,95132924946884
551;7,212;10,4436231886322
552;7,216;13,5856519205849
553;7,220;16,609654573438
554;7,225;19,411931546213
555;7,229;21,6936798139254
556;7,233;23,0168483399472
557;7,237;23,7278834994007
558;7,241;23,9612354958356
559;7,245;23,4553903150776
560;7,249;22,4615522627467
561;7,253;21,8117505237979
562;7,258;20,3554484020286
563;7,262;19,1132400981609
564;7,266;18,1066599601492
565;7,270;16,8425379467568
566;7,274;15,7001240512335
567;7,278;14,287537771581
568;7,282;13,1137261272785
569;7,286;11,8808233395735
570;7,291;10,6857228165677
571;7,295;9,34418872747178
572;7,299;8,17856683000786
573;7,303;7,15585266757014
574;7,307;6,12519422754509
575;7,311;5,27294730243798
576;7,315;4,40164303727584
577;7,319;3,83356024362154
578;7,324;3,16023808732145
579;7,328;2,7731777088034
580;7,332;2,29567306887666
581;7,336;1,99856601326471
582;7,340;1,77567993308955
583;7,344;1,45402595234817
584;7,348;1,36913822217333
585;7,352;1,09570779161803
586;7,357;1,06513571213866
587;7,361;0,852603971290809
588;7,365;0,840821447228686
589;7,369;0,764926817805804
590;7,373;0,702867728001325
591;7,377;0,673322156300091
592;7,381;0,603318788908271
593;7,385;0,515306904626047
594;7,389;0,51191496588089
595;7,394;0,491362494931618
596;7,398;0,487211833046097
597;7,402;0,418034134954085
598;7,406;0,413057803768756
599;7,410;0,455434722696734
600;7,414;0,365994653679707
601;7,418;0,365682238268969
602;7,422;0,352114483288342
603;7,427;0,323104480862659
604;7,431;0,301860232932467
605;7,435;0,296750009428251
606;7,439;0,333257981711648
607;7,443;0,276666161595086
608;7,447;0,251873767214368
609;7,451;0,251672928736036
610;7,455;0,287980062541102
611;7,460;0,255957482940445
612;7,464;0,229714588438443
613;7,468;0,229268280708817
614;7,472;0,228241772930677
615;7,476;0,228888919138635
616;7,480;0,205100717149575
617;7,484;0,207867825073256
618;7,488;0,189970885115258
619;7,493;0,2365654120882
620;7,497;0,199566501302214
621;7,501;0,191131285212285
622;7,505;0,168927475663397
623;7,509;0,17207394515726
624;7,513;0,171672268200597
625;7,517;0,178746245715167
626;7,521;0,206060278768271
627;7,526;0,193719870044115
628;7,530;0,193184300768564
629;7,534;0,126372033643569
630;7,538;0,171270591243933
631;7,542;0,187226092578059
632;7,546;0,15120905879725
633;7,550;0,163504836748443
634;7,554;0,11586148661088
635;7,558;0,159465751795329
636;7,563;0,183834153832902
637;7,567;0,119186479196593
638;7,571;0,164218929115844
639;7,575;0,148843627830233
640;7,579;0,120123725428807
641;7,583;0,195036477846512
642;7,587;0,107359324361507
643;7,591;0,163661044453812
644;7,596;0,14759396618728
645;7,600;0,128380418426886
646;7,604;0,149646981743559
647;7,608;0,126572872121901
648;7,612;0,0987902159526896
649;7,616;0,105730301148372
650;7,620;0,0996382006389788
651;7,624;0,118338494510303
652;7,629;0,131147526350566
653;7,633;0,128849041542993
654;7,637;0,139694319372902
655;7,641;0,123649556492851
656;7,645;0,120168356201769
657;7,649;0,135231242076643
658;7,653;0,108608986004459
659;7,657;0,192849569971345
660;7,662;0,221681049305177
661;7,666;0,314133695497179
662;7,670;0,602336911903094
663;7,674;1,2583423282937
664;7,678;2,29089757616967
665;7,682;3,98334111768398
666;7,686;6,32623354435507
667;7,690;9,22540392523185
668;7,695;12,6962498769864
669;7,699;16,1412099804227
670;7,703;19,1169890830898
671;7,707;21,3781402490799
672;7,711;22,6020945668059
673;7,715;23,2743455845549
674;7,719;23,5809813101944
675;7,723;22,8907887217144
676;7,727;22,2068667568357
677;7,732;21,5514415404936
678;7,736;20,1497674848306
679;7,740;18,775563669926
680;7,744;17,5094779025233
681;7,748;15,7056359516943
682;7,752;14,094978301634
683;7,756;12,7454553041777
684;7,760;11,2124105682993
685;7,765;9,78911290313583
686;7,769;8,47283983153669
687;7,773;7,24527042120069
688;7,777;6,0850934780382
689;7,781;5,20318940429745
690;7,785;4,40380762976453
691;7,789;3,72508514993597
692;7,793;3,44074249539131
693;7,798;3,33885044071773
694;7,802;3,87029136976975
695;7,806;5,4177518453151
696;7,810;8,54645829153847
697;7,814;13,6387625404104
698;7,818;21,2257931055721
699;7,822;31,1138970631389
700;7,826;42,0957004275405
701;7,831;53,7030487057857
702;7,835;64,2120782921945
703;7,839;72,7010298327707
704;7,843;78,3477598587704
705;7,847;80,6520243514423
706;7,851;81,1721960103213
707;7,855;79,4024296546493
708;7,859;76,0764105611583
709;7,864;71,9290067220639
710;7,868;67,8062167542583
711;7,872;62,6513624770793
712;7,876;57,1661065876583
713;7,880;51,4968826520855
714;7,884;45,393044249403
715;7,888;39,6734768019284
716;7,892;34,3291648935232
717;7,896;29,215794919813
718;7,901;24,5443588599783
719;7,905;20,7356579568969
720;7,909;17,2225466631468
721;7,913;14,3594156314373
722;7,917;11,8459667058897
723;7,921;9,83664467634098
724;7,925;8,19349582356384
725;7,929;6,91805990922547
726;7,934;5,72449914788697
727;7,938;4,77538113006456
728;7,942;4,09982743511634
729;7,946;3,6402197351476
730;7,950;3,09106038922943
731;7,954;2,80127278038335
732;7,958;2,37736969878468
733;7,962;2,15356868776378
734;7,967;1,89127363506265
735;7,971;1,75530598523212
736;7,975;1,57914832434879
737;7,979;1,38687895442596
738;7,983;1,23620546490426
739;7,987;1,21558604779554
740;7,991;1,12255320155503
741;7,995;0,986094613221911
742;8,000;1,00910177668413
743;8,004;0,892392305386957
744;8,008;0,779811180588827
745;8,012;0,759526494277331
746;8,016;0,748123331785389
747;8,020;0,660691647551679
748;8,024;0,638599414935197
749;8,028;0,613226820505966
750;8,033;0,598766450066087
751;8,037;0,553845577079242
752;8,041;0,526219128615399
753;8,045;0,468310700696441
754;8,049;0,485962171403145
755;8,053;0,429459612832508
756;8,057;0,478955140048018
757;8,061;0,417654773383903
758;8,065;0,386167763058797
759;8,070;0,375077015977594
760;8,074;0,393085532867998
761;8,078;0,391501140427826
762;8,082;0,338881459104934
763;8,086;0,350730929326502
764;8,090;0,338033474418645
765;8,094;0,346067013551911
766;8,098;0,328683327482983
767;8,103;0,319199288228433
768;8,107;0,290858747397189
769;8,111;0,347539829059677
770;8,115;0,320426634484904
771;8,119;0,327545242772437
772;8,123;0,293179547591244
773;8,127;0,259438683231527
774;8,131;0,305319117837068
775;8,136;0,288158585632952
776;8,140;0,240559866268352
777;8,144;0,260933814125774
778;8,148;0,245513882067199
779;8,152;0,272872545893266
780;8,156;0,201619516858493
781;8,160;0,218780049062609
782;8,164;0,196375401035389
783;8,169;0,200726901399242
784;8,173;0,164843759937321
785;8,177;0,179705807333863
786;8,181;0,166227313899161
787;8,185;0,199053247413145
788;8,189;0,201128578355905
789;8,193;0,183566369195126
790;8,197;0,145139273674338
791;8,202;0,148553527805976
792;8,206;0,155136566817958
793;8,210;0,165401644599353
794;8,214;0,228018619065865
795;8,218;0,363093653437139
796;8,222;0,595954711369444
797;8,226;1,14230231859097
798;8,230;2,1338642015008
799;8,234;3,66039284452669
800;8,239;5,93404062694632
801;8,243;8,97810481224615
802;8,247;12,612031608406
803;8,251;16,5371518827603
804;8,255;19,9058379952035
805;8,259;23,1973575011944
806;8,263;25,0680786653078
807;8,267;26,264451165343
808;8,272;26,6565994519787
809;8,276;25,9405656459535
810;8,280;25,0373503781231
811;8,284;23,4635131157568
812;8,288;22,00852760179
813;8,292;19,8990318023267
814;8,296;17,8105794123154
815;8,300;15,8073717986625
816;8,305;13,8381505186207
817;8,309;12,0241996977158
818;8,313;10,0697065727516
819;8,317;8,49906041065221
820;8,321;7,16529207605173
821;8,325;5,93142972672801
822;8,329;4,95084701396698
823;8,333;4,12084852918172
824;8,338;3,43842169519726
825;8,342;2,9511652313782
826;8,346;2,47738726099384
827;8,350;2,16521731950702
828;8,354;1,84606266205155
829;8,358;1,63607487526257
830;8,362;1,4520845137243
831;8,366;1,23243416458892
832;8,371;1,09510527618303
833;8,375;1,00979355366505
834;8,379;0,914886214960101
835;8,383;0,791035819988918
836;8,387;0,713936159696047
837;8,391;0,700658504739677
838;8,395;0,550676792198898
839;8,399;0,490112833288665
840;8,403;0,485962171403145
841;8,408;0,453359391753974
842;8,412;0,396812202410374
843;8,416;0,439903213705753
844;8,420;0,301324663656916
845;8,424;0,363004391891213
846;8,428;0,325559173375602
847;8,432;0,305787740953175
848;8,436;0,362558084161588
849;8,441;0,51553005849086
850;8,445;0,811275875527452
851;8,449;1,45598970635852
852;8,453;2,66441251509357
853;8,457;4,45727529577371
854;8,461;7,28650925541812
855;8,465;10,9506064541007
856;8,469;15,0446542041184
857;8,474;19,5521168040885
858;8,478;23,7848769964739
859;8,482;26,9687247626926
860;8,486;28,8967295239035
861;8,490;29,8771783443456
862;8,494;30,0366440961409
863;8,498;29,2728330476592
864;8,502;27,7697355604387
865;8,507;25,7927931566743
866;8,511;23,5858460644473
867;8,515;21,3640815555967
868;8,519;18,6142457410527
869;8,523;15,9960930221349
870;8,527;13,8240471943646
871;8,531;11,5508903504475
872;8,535;9,58421302446458
873;8,540;8,11510187085506
874;8,544;6,48424879602911
875;8,548;5,38671114271962
876;8,552;4,467071750439
877;8,556;3,79174120935559
878;8,560;3,2418900864565
879;8,564;2,74532810647474
880;8,568;2,32231764033533
881;8,572;2,0045465368417
882;8,577;1,73544529126377
883;8,581;1,55594032240824
884;8,585;1,3466219972137
885;8,589;1,18751329160207
886;8,593;1,12311108621706
887;8,597;1,01784940818479
888;8,601;0,905312914159626
889;8,605;0,851889878923408
890;8,610;0,774053810876653
891;8,614;0,679615095287816
892;8,618;0,665734924896451
893;8,622;0,636323245514105
894;8,626;0,551524776885187
895;8,630;0,495066849087513
896;8,634;0,491987325753094
897;8,638;0,41225444985543
898;8,643;0,446597829650142
899;8,647;0,407568218694358
900;8,651;0,334529958741082
901;8,655;0,31190215684905
902;8,659;0,293246493750688
903;8,663;0,253569736586946
904;8,667;0,221747995464621
905;8,671;0,26242894502002
906;8,676;0,266936653089242
907;8,680;0,237681181412265
908;8,684;0,154779520634257
909;8,688;0,17794289180184
910;8,692;0,224336580296451
911;8,696;0,145741789109333
912;8,700;0,163170105951223
913;8,704;0,134740303574055
914;8,709;0,139337273189201
915;8,713;0,129273033886138
916;8,717;0,117490509824014
917;8,721;0,094728815613094
918;8,725;0,10965780916908
919;8,729;0,0732167830451264
920;8,733;0,102025946992477
921;8,737;0,0729936291803135
922;8,741;0,0939924078592113
923;8,746;0,114723401900334
924;8,750;0,0922741231001517
925;8,754;0,0961570003478969
926;8,758;0,0620144590315167
927;8,762;0,0790634143032255
928;8,766;0,0842182685804045
929;8,770;0,0506336119260566
930;8,774;0,0564356124111931
931;8,779;0,0764301986984328
932;8,783;0,110550424628332
933;8,787;0,0609433204804146
934;8,791;0,0728151060884631
935;8,795;0,0998390391173104
936;8,799;0,099727462184904
937;8,803;0,0510129734962386
938;8,807;0,0646699900227907
939;8,812;0,0545388045602831
940;8,816;0,0581092663972902
941;8,820;0,0667676363520324
942;8,824;0,0507451888584631
943;8,828;0,0330044566058342
944;8,832;0,0434703728655612
945;8,836;0,0338524412921234
946;8,840;0,0299249332714156
947;8,845;0,0103097085543579
948;8,849;0,0564802431841557
949;8,853;0,017138216817634
950;8,857;0
951;8,861;0,00127197702943377
952;8,865;0,02586353293182
953;8,869;0,0621706667368858
954;8,873;0,11396467875997
955;8,878;0,262986829682053
956;8,882;0,5614104930964
957;8,886;1,16952709009815
958;8,890;2,2582947965205
959;8,894;4,06258305507906
960;8,898;6,73694823254329
961;8,902;10,1489931409197
962;8,906;14,25837156145
963;8,910;18,5350930652036
964;8,915;22,6612749717543
965;8,919;26,3102869691755
966;8,923;28,7948597846164
967;8,927;30,3601279385738
968;8,931;30,6918907893912
969;8,935;29,9499041888881
970;8,939;28,486885135788
971;8,943;26,1847852356047
972;8,948;23,609388797185
973;8,952;20,6356403946878
974;8,956;17,8519521388517
975;8,960;15,2162148953866
976;8,964;12,7072513625217
977;8,968;10,4979388393277
978;8,972;8,65738807773699
979;8,976;6,91082972400553
980;8,981;5,65534376518144
981;8,985;4,69665244655855
982;8,989;3,95602708463088
983;8,993;3,23852046309783
984;8,997;2,67829268548493
985;9,001;2,35612545085449
986;9,005;1,95034246307864
987;9,009;1,77186400200124
988;9,014;1,55783713025915
989;9,018;1,34668894337314
990;9,022;1,22103100209698
991;9,026;1,11068141594698
992;9,030;0,987098805613569
993;9,034;0,877195527193195
994;9,038;0,814243821929464
995;9,042;0,73571597690179
996;9,047;0,69726656599452
997;9,051;0,63674723785725
998;9,055;0,596534911417958
999;9,059;0,535033706275511
1000;9,063;0,475897932100081
1001;9,067;0,422050904520718
1002;9,071;0,408259995675278
1003;9,075;0,414240519252265
1004;9,079;0,353185621839444
1005;9,084;0,332454627798322
1006;9,088;0,285034431525571
1007;9,092;0,334730797219414
1008;9,096;0,282535108239666
1009;9,100;0,41053616509637
1010;9,104;0,526442282480212
1011;9,108;1,00932493054894
1012;9,112;1,8852484807127
1013;9,117;3,80930341851637
1014;9,121;6,76939480448709
1015;9,125;11,6482970124384
1016;9,129;18,4714049521859
1017;9,133;27,0323236141643
1018;9,137;36,6528660878204
1019;9,141;47,2725353604035
1020;9,145;56,3255752404539
1021;9,150;64,1033354138712
1022;9,154;69,1537313669312
1023;9,158;71,341375649852
1024;9,162;70,3666618837355
1025;9,166;67,3382184689726
1026;9,170;61,4974784729045
1027;9,174;55,0089004918981
1028;9,178;47,3289486574282
1029;9,183;40,088520675094
1030;9,187;32,8846452958161
1031;9,191;26,9879606258395
1032;9,195;22,0510830438098
1033;9,199;17,8787082872428
1034;9,203;14,2868013638272
1035;9,207;11,9156130270978
1036;9,211;9,74800796123728
1037;9,216;7,99120684511091
1038;9,220;6,66904251148071
1039;9,224;5,6581331884916
1040;9,228;4,86176399113365
1041;9,232;4,20468743619194
1042;9,236;3,6829313848728
1043;9,240;3,15006227108598
1044;9,244;2,76498796196476
1045;9,248;2,4483326277952
1046;9,253;2,15622421875506
1047;9,257;1,98613634299463
1048;9,261;1,81287968235386
1049;9,265;1,68789120267213
1050;9,269;1,513875818891
1051;9,273;1,42131159576659
1052;9,277;1,35322735161216
1053;9,281;1,16149355096488
1054;9,286;1,15009038847294
1055;9,290;1,13844175672971
1056;9,294;1,06495718904681
1057;9,298;1,10238009217594
1058;9,302;0,985335890081547
1059;9,306;0,968710927152983
1060;9,310;0,97125488121185
1061;9,314;0,947131948425571
1062;9,319;0,911315753123094
1063;9,323;0,917006176675824
1064;9,327;0,799203251441072
1065;9,331;0,805630082747685
1066;9,335;0,762985379181931
1067;9,339;0,755978347826805
1068;9,343;0,684836895724439
1069;9,347;0,658750208927806
1070;9,352;0,650917508272872
1071;9,356;0,609879512533772
1072;9,360;0,786952104262841
1073;9,364;0,950523887170728
1074;9,368;1,4615016068194
1075;9,372;2,35893718955113
1076;9,376;4,11937571367395
1077;9,380;6,61736007639003
1078;9,385;10,230890609306
1079;9,389;14,8205854084597
1080;9,393;19,5755479598939
1081;9,397;24,7431889535266
1082;9,401;29,3682982710262
1083;9,405;32,7414474607656
1084;9,409;34,20957673737
1085;9,413;34,4329983868207
1086;9,417;33,1572277416851
1087;9,422;31,0983432387615
1088;9,426;28,1716803017397
1089;9,430;24,7013029731013
1090;9,434;21,3119081820034
1091;9,438;17,961989309591
1092;9,442;14,9472475421275
1093;9,446;12,2402572696277
1094;9,450;10,1526751796891
1095;9,455;8,14960145835514
1096;9,459;6,63153034680565
1097;9,463;5,62381212408337
1098;9,467;4,5757476826029
1099;9,471;3,90579514966149
1100;9,475;3,32423386257248
1101;9,479;2,85534296182752
1102;9,483;2,49990348595347
1103;9,488;2,24988189581705
1104;9,492;2,17508072033175
1105;9,496;2,19134863707661
1106;9,500;2,64575685199521
1107;9,504;3,91458741193512
1108;9,508;5,93439767313002
1109;9,512;9,69949431102695
1110;9,516;15,2123766489118
1111;9,521;22,7506927253848
1112;9,525;32,0751323358207
1113;9,529;42,0100539742253
1114;9,533;52,2985852268125
1115;9,537;61,1394280968122
1116;9,541;67,9912782543476
1117;9,545;71,0600678878688
1118;9,549;71,8001576805209
1119;9,554;68,0879931393576
1120;9,558;62,748947662162
1121;9,562;55,5682579694382
1122;9,566;47,9178070758966
1123;9,570;40,3357974726932
1124;9,574;33,4455425350234
1125;9,578;27,2390310391405
1126;9,582;22,0696717607487
1127;9,586;18,0300958691319
1128;9,591;14,6871840280745
1129;9,595;12,0483449458885
1130;9,599;9,89354891186828
1131;9,603;8,21369124832941
1132;9,607;7,00533538575381
1133;9,611;5,95782882893538
1134;9,615;5,06083955393328
1135;9,619;4,43556242472741
1136;9,624;3,9235581973006
1137;9,628;3,41780227808854
1138;9,632;2,99093125008787
1139;9,636;2,72336976617715
1140;9,640;2,4515460434485
1141;9,644;2,27413872092221
1142;9,648;2,03536408557237
1143;9,652;1,84392038494934
1144;9,657;1,76023768564449
1145;9,661;1,5197224501491
1146;9,665;1,45203988295133
1147;9,669;1,2975950931143
1148;9,673;1,21665718634664
1149;9,677;1,16176133560266
1150;9,681;1,11612637024841
1151;9,685;1,0285831090823
1152;9,690;0,994195098514621
1153;9,694;0,904955867975925
1154;9,698;0,831114254109323
1155;9,702;0,79469554337185
1156;9,706;0,755018786208109
1157;9,710;0,709495397786269
1158;9,714;0,67001947910086
1159;9,718;0,62795497558362
1160;9,723;0,598967288544419
1161;9,727;0,595843134437038
1162;9,731;0,536461891010313
1163;9,735;0,479736178574864
1164;9,739;0,481499094106886
1165;9,743;0,49709754925731
1166;9,747;0,478062524588766
1167;9,751;0,406541710916218
1168;9,755;0,382195624265126
1169;9,760;0,449632722211598
1170;9,764;0,498324895513782
1171;9,768;0,595619980572225
1172;9,772;0,913547291771224
1173;9,776;1,580688086016
1174;9,780;2,87714509441975
1175;9,784;5,28517613422973
1176;9,788;9,09472502199739
1177;9,793;14,4686717636497
1178;9,797;22,0242376338728
1179;9,801;31,8705671879467
1180;9,805;43,5347750709462
1181;9,809;56,4317964801048
1182;9,813;69,3305361740225
1183;9,817;80,914297088757
1184;9,821;90,7539543422729
1185;9,826;97,6632219892248
1186;9,830;100
1187;9,834;98,9372074034419
1188;9,838;93,3137523255422
1189;9,842;84,710925367752
1190;9,846;73,5749673135377
1191;9,850;61,7233324994817
1192;9,854;50,942702344209
1193;9,859;41,8466607144092
1194;9,863;33,7516650067738
1195;9,867;27,070237455796
1196;9,871;21,9264962410847
1197;9,875;17,8006267499447
1198;9,879;14,7508721410922
1199;9,883;12,4069308912565
1200;9,887;10,3456586419793
1201;9,892;8,87915838858809
1202;9,896;7,64058749271682
1203;9,900;6,69463825977475
1204;9,904;5,92939902655821
1205;9,908;5,28952763459358
1206;9,912;4,55405712694308
1207;9,916;4,20810169032358
1208;9,920;3,82853928166325
1209;9,924;3,36007237326144
1210;9,929;3,04261368517854
1211;9,933;2,84503325327317
1212;9,937;2,60503127166685
1213;9,941;2,34503470377329
1214;9,945;2,18503338270241
1215;9,949;2,05819272594273
1216;9,953;1,97669693451304
1217;9,957;1,82946001450946
1218;9,962;1,66724947017694
1219;9,966;1,60606068044523
1220;9,970;1,55167808359031
1221;9,974;1,46321989157846
1222;9,978;1,36175182924802
1223;9,982;1,31446552529416
1224;9,986;1,21964744813514
1225;9,990;1,14301641095837
1226;9,995;1,09593094548284
1227;9,999;1,03623728664538
1228;10,003;1,05239362645784
1229;10,007;0,959583934082134
1230;10,011;0,931131816318483
1231;10,015;0,897167798093954
1232;10,019;0,863672402985531
1233;10,023;0,784966034866006
1234;10,028;0,784765196387675
1235;10,032;0,756357709396987
1236;10,036;0,717283467668241
1237;10,040;0,737746677071588
1238;10,044;0,716703267619727
1239;10,048;0,652211800688787
1240;10,052;0,667542471201436
1241;10,056;0,598052357698686
1242;10,061;0,521599843613772
1243;10,065;0,525772820885774
1244;10,069;0,519256728033236
1245;10,073;0,610058035625622
1246;10,077;0,673032056275834
1247;10,081;0,904040937130192
1248;10,085;1,44199795903475
1249;10,089;2,29844017680034
1250;10,093;3,85652277631079
1251;10,098;6,18421842478811
1252;10,102;9,58615446308845
1253;10,106;13,6533344877827
1254;10,110;18,7185478574663
1255;10,114;23,7434819545511
1256;10,118;28,0700783470904
1257;10,122;30,5919848041144
1258;10,126;32,3833524539003
1259;10,131;32,2434572960491
1260;10,135;30,6509643705845
1261;10,139;28,030602428405
1262;10,143;24,5990985030169
1263;10,147;20,8466100584819
1264;10,151;17,4120935559189
1265;10,155;14,47666067201
1266;10,159;11,8301674122609
1267;10,164;9,73294507536241
1268;10,168;7,8468709253499
1269;10,172;6,31172854314222
1270;10,176;5,34386560067553
1271;10,180;4,49867033769651
1272;10,184;3,70352848659504
1273;10,188;3,27643430472955
1274;10,192;2,82403447459427
1275;10,197;2,45241634352127
1276;10,201;2,19599023746472
1277;10,205;1,9345208540634
1278;10,209;1,76896300175868
1279;10,213;1,63065223634761
1280;10,217;1,44034662043514
1281;10,221;1,29348906200174
1282;10,225;1,23372845700483
1283;10,230;1,10557119244276
1284;10,234;1,05931139626704
1285;10,238;0,985090420830253
1286;10,242;0,901340775365956
1287;10,246;0,788982804432639
1288;10,250;0,719559637089333
1289;10,254;0,644111315396077
1290;10,258;0,670488102216967
1291;10,262;0,626325952370485
1292;10,267;0,553800946306279
1293;10,271;0,49156333340995
1294;10,275;0,498793518629889
1295;10,279;0,464784869632396
1296;10,283;0,476478132148595
1297;10,287;0,440505729140748
1298;10,291;0,44467870641275
1299;10,295;0,372577692691689
1300;10,300;0,349280429205217
1301;10,304;0,330245404536673
1302;10,308;0,326831150405035
1303;10,312;0,293648170707351
1304;10,316;0,325090550259494
1305;10,320;0,29431763230179
1306;10,324;0,271355099612538
1307;10,328;0,285413793095753
1308;10,333;0,289742978073124
1309;10,337;0,288828047227391
1310;10,341;0,23449008114544
1311;10,345;0,289252039570536
1312;10,349;0,21898088754094
1313;10,353;0,235516588923579
1314;10,357;0,243684020375733
1315;10,361;0,218467633651871
1316;10,366;0,18845343883453
1317;10,370;0,177407322526289
1318;10,374;0,1955274163491
1319;10,378;0,172408675954479
1320;10,382;0,22259598015091
1321;10,386;0,194233123933185
1322;10,390;0,186333477118807
1323;10,394;0,138578550048837
1324;10,399;0,194009970068372
1325;10,403;0,198673885842963
1326;10,407;0,148776681670789
1327;10,411;0,145340112152669
1328;10,415;0,160313736481618
1329;10,419;0,163549467521405
1330;10,423;0,150985904932437
1331;10,427;0,186824415621395
1332;10,431;0,125233948933023
1333;10,436;0,136837949903296
1334;10,440;0,134695672801092
1335;10,444;0,148151850849312
1336;10,448;0,163549467521405
1337;10,452;0,19775895499723
1338;10,456;0,273497376714742
1339;10,460;0,526174497842437
1340;10,464;1,12215152459836
1341;10,469;2,176575851226
1342;10,473;4,24298063939384
1343;10,477;8,07314894427022
1344;10,481;13,5180139841601
1345;10,485;21,6266890237085
1346;10,489;32,033000886144
1347;10,493;44,3709102870138
1348;10,497;57,7788424696617
1349;10,502;69,8497929020558
1350;10,506;79,5269718266014
1351;10,510;84,8718862504416
1352;10,514;86,1196287701567
1353;10,518;83,7949233834678
1354;10,522;78,8043103507912
1355;10,526;72,7558587373553
1356;10,530;67,2434003918136
1357;10,535;62,6295157137141
1358;10,539;58,2421098930133
1359;10,543;54,4625528846765
1360;10,547;50,952253329623
1361;10,551;46,6772054798556
1362;10,555;41,8302589053455
1363;10,559;36,7627470508543
1364;10,563;31,5503637073266
1365;10,568;26,7267590270759
1366;10,572;22,3738527938752
1367;10,576;18,7889975325877
1368;10,580;15,578393617978
1369;10,584;12,8854843543478
1370;10,588;10,9853515108521
1371;10,592;9,24376948830596
1372;10,596;8,02577337877044
1373;10,600;6,90333175414782
1374;10,605;5,91241701744595
1375;10,609;5,35319343222471
1376;10,613;4,60308403104249
1377;10,617;4,21966106052089
1378;10,621;3,78832695522395
1379;10,625;3,4394482029754
1380;10,629;3,14104685494753
1381;10,633;2,88647292596893
1382;10,638;2,678805939374
1383;10,642;2,47488793770794
1384;10,646;2,32220606340292
1385;10,650;2,14511115628737
1386;10,654;1,98078065023912
1387;10,658;1,8996865357661
1388;10,662;1,74809811539867
1389;10,666;1,6717125474732
1390;10,671;1,58655703266058
1391;10,675;1,47058396911729
1392;10,679;1,40986380250169
1393;10,683;1,33834298882914
1394;10,687;1,22678837180915
1395;10,691;1,20918153187541
1396;10,695;1,16439455120745
1397;10,699;1,0741511282771
1398;10,704;1,05913287317519
1399;10,708;1,01559555415018
1400;10,712;0,966568650050779
1401;10,716;0,982613412930829
1402;10,720;0,918345099864702
1403;10,724;0,901184567660587
1404;10,728;0,770170933628908
1405;10,732;0,81917552234183
1406;10,737;0,758834717296411
1407;10,741;0,790076258370223
1408;10,745;0,761021625171577
1409;10,749;0,741049354270819
1410;10,753;0,845909355346421
1411;10,757;0,983104351433418
1412;10,761;1,27186545250137
1413;10,765;1,93956413140817
1414;10,769;3,00409732811183
1415;10,774;4,80137855531527
1416;10,778;7,62121773725105
1417;10,782;11,3708944430894
1418;10,786;15,6992537511607
1419;10,790;20,3435543010341
1420;10,794;24,5891012098733
1421;10,798;27,5495496420277
1422;10,802;29,4331690995273
1423;10,807;29,4292862222795
1424;10,811;27,8237834264964
1425;10,815;25,6165016034721
1426;10,819;22,6291184998348
1427;10,823;19,6218747022291
1428;10,827;16,4173852035152
1429;10,831;13,5520449485441
1430;10,835;11,1139327677573
1431;10,840;9,04638989487891
1432;10,844;7,52079849808523
1433;10,848;6,42752308359366
1434;10,852;5,69914886884422
1435;10,856;5,79789445402394
1436;10,860;6,46586091756852
1437;10,864;8,27762483059832
1438;10,868;11,2358640394911
1439;10,873;15,5084125659727
1440;10,877;20,6009176533229
1441;10,881;26,4293618714397
1442;10,885;31,8525363556698
1443;10,889;35,9110133796363
1444;10,893;38,9083268302578
1445;10,897;39,1153243552583
1446;10,901;37,2399839061433
1447;10,906;34,0042751817421
1448;10,910;29,5117192599415
1449;10,914;25,3440307345355
1450;10,918;21,261720877807
1451;10,922;17,8169169820761
1452;10,926;14,6518810866611
1453;10,930;12,0142916661181
1454;10,934;10,0021802132592
1455;10,938;8,54163816805852
1456;10,943;7,16468956061673
1457;10,947;6,20383364950517
1458;10,951;5,4468511092867
1459;10,955;4,64751396552674
1460;10,959;4,27578425752135
1461;10,963;3,74978828277076
1462;10,967;3,43643562580043
1463;10,971;2,99191312709304
1464;10,976;2,80415146523943
1465;10,980;2,57312026899859
1466;10,984;2,40700453203184
1467;10,988;2,22055947798063
1468;10,992;1,99044321258552
1469;10,996;1,80736778189298
1470;11,000;1,64111815260734
1471;11,004;1,54431400605149
1472;11,009;1,53456218215916
1473;11,013;1,44572462857713
1474;11,017;1,31955343341189
1475;11,021;1,25019721222803
1476;11,025;1,19675186160533
1477;11,029;1,12328960930891
1478;11,033;1,06105199641258
1479;11,037;1,01722457736332
1480;11,042;0,949653587097958
1481;11,046;0,951818179586643
1482;11,050;0,892414620773438
1483;11,054;0,881613973716492
1484;11,058;0,771978479933893
1485;11,062;0,773428980055177
1486;11,066;0,762672963771193
1487;11,070;0,716100752184732
1488;11,075;0,723844191293741
1489;11,079;0,668144986636431
1490;11,083;0,677874495142275
1491;11,087;0,63003030652638
1492;11,091;0,589460933903387
1493;11,095;0,579664479238099
1494;11,099;0,547150961134853
1495;11,103;0,602827850405683
1496;11,108;0,522313935981173
1497;11,112;0,505376557641871
1498;11,116;0,517560758660657
1499;11,120;0,4538056994836
1500;11,124;0,517940120230839
1501;11,128;0,574710463439252
1502;11,132;0,644624569285147
1503;11,136;0,925999277427786
1504;11,140;1,32647120322109
1505;11,145;2,18893857533663
1506;11,149;3,80959351854063
1507;11,153;6,23353542891177
1508;11,157;10,0670956725333
1509;11,161;15,2931360325876
1510;11,165;21,3503799082971
1511;11,169;28,1452811995324
1512;11,173;34,3888362369742
1513;11,178;38,6594879556049
1514;11,182;40,4317090037898
1515;11,186;39,6564278466567
1516;11,190;36,8196512863816
1517;11,194;32,6393768830002
1518;11,198;27,8818926928936
1519;11,202;23,2314777271243
1520;11,206;19,4802166288458
1521;11,211;16,0678146742857
1522;11,215;13,2900846266402
1523;11,219;11,274759758128
1524;11,223;9,60967488043974
1525;11,227;8,35233674453769
1526;11,231;7,16866169941041
1527;11,235;6,2567657462388
1528;11,239;5,51805950754851
1529;11,244;4,9106123721412
1530;11,248;4,27123191867916
1531;11,252;3,88968344062199
1532;11,256;3,60206042426459
1533;11,260;3,2511956026192
1534;11,264;3,03306269976455
1535;11,268;2,75088463770858
1536;11,272;2,53194838094061
1537;11,277;2,30116265395106
1538;11,281;2,1262323393242
1539;11,285;2,03398053161053
1540;11,289;1,94204113930759
1541;11,293;1,79118912669404
1542;11,297;1,69159555682803
1543;11,301;1,60387377257006
1544;11,305;1,55504770694899
1545;11,309;1,49160506318267
1546;11,314;1,41754029545125
1547;11,318;1,37469475340717
1548;11,322;1,30029525487853
1549;11,326;1,218620940357
1550;11,330;1,24374806553493
1551;11,334;1,19083828418779
1552;11,338;1,1182909627371
1553;11,342;1,05681207298113
1554;11,347;1,05940065781296
1555;11,351;0,974736081502932
1556;11,355;0,887304397269222
1557;11,359;0,883711620045733
1558;11,363;0,890250028284752
1559;11,367;0,885184435553499
1560;11,371;0,780949265299373
1561;11,375;0,759303340412518
1562;11,380;0,788960489046158
1563;11,384;0,691375303963458
1564;11,388;0,757138747923832
1565;11,392;0,733261284388847
1566;11,396;0,706259666746481
1567;11,400;0,646454430976613
1568;11,404;0,663637278567209
1569;11,408;0,623603475219768
1570;11,413;0,655112800931355
1571;11,417;0,583658933418251
1572;11,421;0,593276864991689
1573;11,425;0,671313771516775
1574;11,429;0,855080979190233
1575;11,433;1,12880150976979
1576;11,437;1,7797859642021
1577;11,441;2,87957747154621
1578;11,446;4,81168826386963
1579;11,450;7,94760257992646
1580;11,454;12,071686840148
1581;11,458;16,8959832973795
1582;11,462;22,6172690296132
1583;11,466;27,8084304405972
1584;11,470;31,4553671070757
1585;11,474;33,6707940461656
1586;11,478;33,8945727418
1587;11,483;32,1933146226256
1588;11,487;28,8331083570453
1589;11,491;25,3290571102065
1590;11,495;21,5132152834512
1591;11,499;17,8635338244355
1592;11,503;14,717622215235
1593;11,507;12,316174214437
1594;11,511;10,1537240028537
1595;11,516;8,51700198138317
1596;11,520;7,167947607043
1597;11,524;6,05039305205979
1598;11,528;5,12336726685386
1599;11,532;4,5411588335569
1600;11,536;3,95169789965351
1601;11,540;3,57673246060832
1602;11,544;3,11143433708686
1603;11,549;2,94665752330898
1604;11,553;2,5622526757822
1605;11,557;2,34193286505239
1606;11,561;2,13288232449562
1607;11,565;2,03241845455684
1608;11,569;1,83742660748329
1609;11,573;1,63879735241329
1610;11,577;1,58756122505223
1611;11,582;1,49488542499542
1612;11,586;1,33988275049635
1613;11,590;1,27646242211651
1614;11,594;1,27030337544767
1615;11,598;1,17579771369939
1616;11,602;1,13770534897582
1617;11,606;1,05377718041968
1618;11,610;1,02144218540828
1619;11,615;0,953648041278109
1620;11,619;0,893418813165096
1621;11,623;0,848609517110657
1622;11,627;0,896966959615622
1623;11,631;0,784966034866006
1624;11,635;0,785769388779333
1625;11,639;0,76124477903639
1626;11,643;0,716368536822508
1627;11,647;0,690839734687907
1628;11,652;0,693718419543994
1629;11,656;0,709182982375531
1630;11,660;0,630431983483044
1631;11,664;0,635809991625035
1632;11,668;0,610058035625622
1633;11,672;0,57622790971998
1634;11,676;0,600083057868483
1635;11,680;0,541014229852498
1636;11,685;0,511000035035157
1637;11,689;0,501181264983387
1638;11,693;0,541460537582123
1639;11,697;0,516868981679737
1640;11,701;0,497677749305824
1641;11,705;0,480517217101709
1642;11,709;0,450949330013994
1643;11,713;0,419573896621294
1644;11,718;0,436645167279484
1645;11,722;0,454051168734894
1646;11,726;0,509415642594985
1647;11,730;0,480160170918008
1648;11,734;0,420801242877765
1649;11,738;0,46726187753182
1650;11,742;0,436533590347078
1651;11,746;0,491518702636987
1652;11,751;0,467574292942558
1653;11,755;0,423456773869039
1654;11,759;0,408594726472498
1655;11,763;0,412008980604136
1656;11,767;0,374295977450748
1657;11,771;0,463825308013701
1658;11,775;0,436533590347078
1659;11,779;0,409933649661375
1660;11,784;0,426134620246795
1661;11,788;0,446374675785329
1662;11,792;0,511267819672932
1663;11,796;0,691710034760677
1664;11,800;0,959360780217321
1665;11,804;1,66182683126198
1666;11,808;2,90325409660286
1667;11,812;4,90840314887956
1668;11,816;8,32937421184844
1669;11,821;13,5606363723394
1670;11,825;21,3531916469938
1671;11,829;31,5344082059924
1672;11,833;43,8425265659097
1673;11,837;57,0111931747052
1674;11,841;69,4305983670046
1675;11,845;79,3063172850744
1676;11,849;83,7822482439465
1677;11,854;83,2495576532515
1678;11,858;78,1421458877317
1679;11,862;71,5147885181981
1680;11,866;64,3720796132654
1681;11,870;58,5003881761478
1682;11,874;55,2734270832473
1683;11,878;53,3513582148405
1684;11,882;52,1755828165276
1685;11,887;51,3988734746597
1686;11,891;49,8175159270492
1687;11,895;47,0910220067647
1688;11,899;43,2699137487997
1689;11,903;38,5157099205059
1690;11,907;33,6428105515181
1691;11,911;28,7683491054766
1692;11,915;24,2596368438635
1693;11,920;20,6314674174158
1694;11,924;17,521706734315
1695;11,928;14,9631807280752
1696;11,932;12,8887647161606
1697;11,936;11,1678244261096
1698;11,940;9,80971000485806
1699;11,944;8,61083818153701
1700;11,948;7,80743963743745
1701;11,953;7,00125167002774
1702;11,957;6,41402227477248
1703;11,961;5,89838063934921
1704;11,965;5,40266664405374
1705;11,969;5,01402187309552
1706;11,973;4,73485638821453
1707;11,977;4,31447913767991
1708;11,981;4,0674254939455
1709;11,985;3,7811190853905
1710;11,990;3,50050310038822
1711;11,994;3,41592778562412
1712;11,998;3,14115843187994
1713;12,002;3,03928869259283
1714;12,006;2,8939039496672
1715;12,010;2,73258602079392
1716;12,014;2,65642360673327
1717;12,018;2,4607399826788
1718;12,023;2,34536943457051
1719;12,027;2,28373433710917
1720;12,031;2,19204041405753
1721;12,035;2,12846387797233
1722;12,039;2,07399201957149
1723;12,043;1,98816704316443
1724;12,047;1,88935451182526
1725;12,051;1,8796473187059
1726;12,056;1,77530057151936
1727;12,060;1,72640755973885
1728;12,064;1,68298181764625
1729;12,068;1,68492325627012
1730;12,072;1,7010572806961
1731;12,076;1,580085570581
1732;12,080;1,63089770559891
1733;12,084;1,57727383188436
1734;12,089;1,54788446788849
1735;12,093;1,69135008757673
1736;12,097;2,01347269143422
1737;12,101;2,52130394158903
1738;12,105;3,46832431308219
1739;12,109;5,17469265576084
1740;12,113;7,80491799876507
1741;12,117;11,4014888379553
1742;12,122;16,0170694854273
1743;12,126;21,1246597740389
1744;12,130;25,5840996623013
1745;12,134;29,7158381000858
1746;12,138;31,7264990528234
1747;12,142;32,0436899562685
1748;12,146;30,6895923045836
1749;12,150;28,1888631493303
1750;12,154;24,9940808437358
1751;12,159;21,3650634326018
1752;12,163;18,7946879561404
1753;12,167;16,5473723297687
1754;12,171;15,5971608580088
1755;12,175;16,19931924682
1756;12,179;18,3997502461945
1757;12,183;22,0957584475453
1758;12,187;27,1887991041711
1759;12,192;33,1309625317966
1760;12,196;40,1298487708574
1761;12,200;47,0483549878125
1762;12,204;52,8448435724881
1763;12,208;57,835099558981
1764;12,212;60,3470310382479
1765;12,216;61,5001786346688
1766;12,220;59,6147962616372
1767;12,225;56,0406300704742
1768;12,229;50,4122209767757
1769;12,233;44,2087666888407
1770;12,237;37,7078259837236
1771;12,241;32,0625018270723
1772;12,245;27,1719956181507
1773;12,249;22,794654036753
1774;12,253;19,2717909191105
1775;12,258;16,5720754626035
1776;12,262;14,3900546570761
1777;12,266;12,6006507613006
1778;12,270;11,1771522576588
1779;12,274;9,90885726699445
1780;12,278;8,85675374056087
1781;12,282;7,92147126235687
1782;12,286;7,33136318224552
1783;12,291;6,75658577264683
1784;12,295;6,15540926084076
1785;12,299;5,62892234758758
1786;12,303;5,19810149617972
1787;12,307;4,8971338787065
1788;12,311;4,46629071191215
1789;12,315;4,23932091601091
1790;12,319;3,94040631409397
1791;12,323;3,82400925820754
1792;12,328;3,64878884355642
1793;12,332;3,41438802395691
1794;12,336;3,24287196346168
1795;12,340;3,11692392216125
1796;12,344;2,91706732083478
1797;12,348;2,74077576763256
1798;12,352;2,66463566895838
1799;12,356;2,50599558646286
1800;12,361;2,41579679430547
1801;12,365;2,32470538668883
1802;12,369;2,2234604782232
1803;12,373;2,18677398284795
1804;12,377;2,07854435841367
1805;12,381;2,04687882499671
1806;12,385;1,93023629985899
1807;12,389;1,86000977860236
1808;12,394;1,79475958853105
1809;12,398;1,77300208671179
1810;12,402;1,67831790187166
1811;12,406;1,67115466281116
1812;12,410;1,54839772177756
1813;12,414;1,57071310825886
1814;12,418;1,51217984951842
1815;12,422;1,43119731197781
1816;12,427;1,39859453232864
1817;12,431;1,39413145503238
1818;12,435;1,373110360967
1819;12,439;1,36873654521666
1820;12,443;1,40265593266823
1821;12,447;1,62891163620207
1822;12,451;1,8766570569174
1823;12,455;2,4435571350882
1824;12,460;3,42771030968624
1825;12,464;5,03285605928573
1826;12,468;7,55998431674638
1827;12,472;11,216851330209
1828;12,476;16,1390677033205
1829;12,480;22,0937054319891
1830;12,484;27,9635446920287
1831;12,488;33,0913973515653
1832;12,492;36,2263744213899
1833;12,497;36,7347858715933
1834;12,501;35,5711723589126
1835;12,505;32,3746717685591
1836;12,509;28,587683736524
1837;12,513;25,0724747964446
1838;12,517;21,473426949355
1839;12,521;18,3748016441084
1840;12,525;15,8305574852166
1841;12,530;13,6835495210783
1842;12,534;11,9525896224973
1843;12,538;10,700384025486
1844;12,542;9,53804248983478
1845;12,546;8,77981028797337
1846;12,550;7,74310437821188
1847;12,554;7,14764060534503
1848;12,558;6,52390323780637
1849;12,563;6,01332719511436
1850;12,567;5,45963782574049
1851;12,571;5,10058325725646
1852;12,575;4,8404751124305
1853;12,579;4,46109122686201
1854;12,583;4,13084582232534
1855;12,587;3,93237277496071
1856;12,591;3,74981059815724
1857;12,596;3,56407963647343
1858;12,600;3,43322221014712
1859;12,604;3,34184070250622
1860;12,608;3,14870103251062
1861;12,612;3,04627340856148
1862;12,616;2,98430358030292
1863;12,620;2,87103067852387
1864;12,624;2,83240274452475
1865;12,629;2,72062497363995
1866;12,633;2,65664676059808
1867;12,637;2,58079676194816
1868;12,641;2,42121943322043
1869;12,645;2,39305741548103
1870;12,649;2,2046039766465
1871;12,653;2,21332929276069
1872;12,657;2,10617080687751
1873;12,661;1,97763418074526
1874;12,666;1,94554465498516
1875;12,670;1,97395214197584
1876;12,674;1,83838616910198
1877;12,678;1,7548596775025
1878;12,682;1,7300449677353
1879;12,686;1,72540336734719
1880;12,690;1,68869455658546
1881;12,694;1,54103364423874
1882;12,699;1,56841462345128
1883;12,703;1,57821107811657
1884;12,707;1,53132645111937
1885;12,711;1,46118919140867
1886;12,715;1,44574694396361
1887;12,719;1,44179712055642
1888;12,723;1,41814281088625
1889;12,727;1,3979250707342
1890;12,732;1,37431539183699
1891;12,736;1,48330373941163
1892;12,740;1,61237593481943
1893;12,744;1,91033097511767
1894;12,748;2,51445311793927
1895;12,752;3,50755476251631
1896;12,756;5,2219789597147
1897;12,760;7,94026081777412
1898;12,765;11,8516794448289
1899;12,769;16,5977604724435
1900;12,773;21,8298483022342
1901;12,777;26,8820518015993
1902;12,781;30,6120463365611
1903;12,785;32,6628080388056
1904;12,789;32,899663550918
1905;12,793;31,1762908837406
1906;12,798;28,2121604128168
1907;12,802;24,7863915417544
1908;12,806;21,5697847881812
1909;12,810;18,4716057906643
1910;12,814;15,6952146662076
1911;12,818;13,4648141027887
1912;12,822;11,6680238140878
1913;12,826;10,0217954379763
1914;12,830;8,85336180181571
1915;12,835;7,74774597859999
1916;12,839;6,95782592793514
1917;12,843;6,48690432702038
1918;12,847;6,07962620835028
1919;12,851;5,87677934523532
1920;12,855;6,16705789258399
1921;12,859;6,84801191106069
1922;12,863;8,32392925754701
1923;12,868;10,4192994173676
1924;12,872;13,3120875977107
1925;12,876;17,0805538589663
1926;12,880;20,5048499145209
1927;12,884;24,1090749312742
1928;12,888;26,7467759287496
1929;12,892;28,1244163131724
1930;12,896;27,6850040379692
1931;12,901;26,5341772417424
1932;12,905;24,4703387230199
1933;12,909;21,7844811215178
1934;12,913;19,0412060305993
1935;12,917;16,4717901157566
1936;12,921;13,766250343378
1937;12,925;11,7727945536175
1938;12,929;10,0545990561038
1939;12,934;8,50198372628125
1940;12,938;7,44965704598286
1941;12,942;6,54356309329639
1942;12,946;5,69566766855313
1943;12,950;5,13381086772711
1944;12,954;4,56746867421834
1945;12,958;4,05588843913467
1946;12,962;3,85103319123639
1947;12,967;3,48588652224297
1948;12,971;3,26558902689964
1949;12,975;3,09219847393998
1950;12,979;2,79212347192602
1951;12,983;2,64267732866079
1952;12,987;2,46241363666489
1953;12,991;2,42715532602445
1954;12,995;2,26458773550822
1955;12,999;2,1821770132328
1956;13,004;2,11324478439208
1957;13,008;2,05377427941943
1958;13,012;2,02331377687247
1959;13,016;1,90104777434146
1960;13,020;1,78962704964035
1961;13,024;1,81437481324811
1962;13,028;1,68646301793733
1963;13,032;1,67691203252334
1964;13,037;1,545496721535
1965;13,041;1,59351943324274
1966;13,045;1,51894141162226
1967;13,049;1,49707233287059
1968;13,053;1,55663209938916
1969;13,057;1,43981105115959
1970;13,061;1,39736718607216
1971;13,065;1,36679510659279
1972;13,070;1,31993279498207
1973;13,074;1,34441277395205
1974;13,078;1,34238207378225
1975;13,082;1,31227861741899
1976;13,086;1,30270531661851
1977;13,090;1,25823075136129
1978;13,094;1,37487327649902
1979;13,098;1,41702704156218
1980;13,103;1,58970350215444
1981;13,107;1,91979269898574
1982;13,111;2,55839211392094
1983;13,115;3,75219834451074
1984;13,119;5,41808657611232
1985;13,123;8,06676674373657
1986;13,127;11,8932530098435
1987;13,131;17,2182621089424
1988;13,136;24,4346787354228
1989;13,140;33,1418970711725
1990;13,144;43,3229574224657
1991;13,148;53,0220277411496
1992;13,152;61,1233387031592
1993;13,156;66,591478691149
1994;13,160;67,8239128557379
1995;13,164;65,4743258131225
1996;13,168;60,6139900067236
1997;13,173;53,7755290810769
1998;13,177;46,7749245572572
1999;13,181;39,8840224733794
2000;13,185;34,3846186289293
2001;13,189;29,5318254231611
2002;13,193;25,5335329965346
2003;13,197;22,5554777244465
2004;13,201;19,8958853328329
2005;13,206;17,6770218242248
2006;13,210;15,8445046017674
2007;13,214;14,3163469355284
2008;13,218;13,0214743195648
2009;13,222;11,9346703671528
2010;13,226;10,9828745029527
2011;13,230;10,0439546167522
2012;13,234;9,46147839881746
2013;13,239;8,79978255887413
2014;13,243;8,16267827483318
2015;13,247;7,67986257292389
2016;13,251;7,17827963098384
2017;13,255;6,73770695568365
2018;13,259;6,4398858077043
2019;13,263;6,04595229015001
2020;13,267;5,77461950592395
2021;13,272;5,58824139803219
2022;13,276;5,17487117885269
2023;13,280;4,98498955528336
2024;13,284;4,73577131906026
2025;13,288;4,51339849277417
2026;13,292;4,40246870657565
2027;13,296;4,12848039135832
2028;13,300;4,08135029510983
2029;13,305;3,95497826146626
2030;13,309;3,74762369028207
2031;13,313;3,59931563172739
2032;13,317;3,56742694444562
2033;13,321;3,35114621866892
2034;13,325;3,36964567406191
2035;13,329;3,19371116704339
2036;13,333;3,07990269598879
2037;13,337;3,00751158224347
2038;13,342;2,80894927333291
2039;13,346;2,77572166286227
2040;13,350;2,71156492672854
2041;13,354;2,70607534165415
2042;13,358;2,68304586280545
2043;13,362;2,54881881312047
2044;13,366;2,45513882067199
2045;13,370;2,40995016304737
2046;13,375;2,33044044101452
2047;13,379;2,31002186238414
2048;13,383;2,26822514350467
2049;13,387;2,20239475338485
2050;13,391;2,13297158604155
2051;13,395;2,15209587225602
2052;13,399;2,1577193496493
2053;13,403;2,04951204060151
2054;13,408;2,01748946100085
2055;13,412;1,9853329890813
2056;13,416;1,92490292248996
2057;13,420;1,87482719522594
2058;13,424;1,89676322013705
2059;13,428;1,85605995519517
2060;13,432;1,76119724726319
2061;13,436;1,72817047527087
2062;13,441;1,8300178991715
2063;13,445;1,7376768299119
2064;13,449;1,74330030730519
2065;13,453;1,63355323659018
2066;13,457;1,77385007139808
2067;13,461;1,63033982093688
2068;13,465;1,57234213147199
2069;13,469;1,615879450497
2070;13,474;1,60465481109691
2071;13,478;1,59599644114216
2072;13,482;1,57504229323623
2073;13,486;1,6639467929777
2074;13,490;1,8803614110733
2075;13,494;2,13504691698431
2076;13,498;2,76376061570829
2077;13,502;3,60266293969959
2078;13,506;4,84763835149099
2079;13,511;6,70180149883525
2080;13,515;9,36083600578683
2081;13,519;12,579808190327
2082;13,523;16,394422670826
2083;13,527;20,5738490895211
2084;13,531;24,6489733918026
2085;13,535;27,493738860438
2086;13,539;29,1918281947321
2087;13,544;29,4704581103375
2088;13,548;28,676521290106
2089;13,552;27,0554869853319
2090;13,556;24,7718642251551
2091;13,560;22,1303919273643
2092;13,564;19,9450238138647
2093;13,568;17,5326412736909
2094;13,572;15,7625848179946
2095;13,577;13,9806788920768
2096;13,581;12,7240994793151
2097;13,585;11,2046671291902
2098;13,589;10,2419144102278
2099;13,593;9,31999884852606
2100;13,597;8,61853698987306
2101;13,601;7,83687363220628
2102;13,605;7,39192714115575
2103;13,610;6,81284286196617
2104;13,614;6,4227029601137
2105;13,618;5,93337116535188
2106;13,622;5,6243700087454
2107;13,626;5,29905630462109
2108;13,630;5,03044599754575
2109;13,634;4,79318880847663
2110;13,638;4,47345395097265
2111;13,643;4,28618322762163
2112;13,647;4,16003434784287
2113;13,651;3,93688048302993
2114;13,655;3,76514126866989
2115;13,659;3,65706785194098
2116;13,663;3,41470043936764
2117;13,667;3,32682244740431
2118;13,671;3,16534831082566
2119;13,675;3,1728239652969
2120;13,680;3,00434279736312
2121;13,684;2,95652092413371
2122;13,688;2,789758040959
2123;13,692;2,75711063053687
2124;13,696;2,63091711998515
2125;13,700;2,52219655704828
2126;13,704;2,50963299445931
2127;13,708;2,38482303786943
2128;13,713;2,30727706984694
2129;13,717;2,26617212794839
2130;13,721;2,24642301091245
2131;13,725;2,13966620198594
2132;13,729;2,17470135876157
2133;13,733;2,03469462397793
2134;13,737;2,04926657135021
2135;13,741;1,99811970553509
2136;13,746;1,97783501922359
2137;13,750;1,94170640851037
2138;13,754;1,86822184082747
2139;13,758;1,85045879318836
2140;13,762;1,82932612219058
2141;13,766;1,84570561586785
2142;13,770;1,66974879346284
2143;13,774;1,64872769939746
2144;13,779;1,66838755488748
2145;13,783;1,61775394296143
2146;13,787;1,62259638182787
2147;13,791;1,58570904797429
2148;13,795;1,51867362698448
2149;13,799;1,5248549890398
2150;13,803;1,53250916660288
2151;13,807;1,56866009270258
2152;13,812;1,49430522494691
2153;13,816;1,49646981743559
2154;13,820;1,43751256635201
2155;13,824;1,4514819982893
2156;13,828;1,45083485208134
2157;13,832;1,41370204897647
2158;13,836;1,39232390872739
2159;13,840;1,42479279605767
2160;13,844;1,35474479789289
2161;13,849;1,32415040302704
2162;13,853;1,27987667624815
2163;13,857;1,26255993633867
2164;13,861;1,33086733435791
2165;13,865;1,30054072412983
2166;13,869;1,22602964866879
2167;13,873;1,33216162677382
2168;13,877;1,28159496100721
2169;13,882;1,26106480544442
2170;13,886;1,2603730284635
2171;13,890;1,23033651825968
2172;13,894;1,17711432150179
2173;13,898;1,16805427459038
2174;13,902;1,23895025744146
2175;13,906;1,13031895605052
2176;13,910;1,16015462777601
2177;13,915;1,11012353128494
2178;13,919;1,14152128006413
2179;13,923;1,10847219268533
2180;13,927;1,13995920301043
2181;13,931;1,10800356956922
2182;13,935;1,06183303493942
2183;13,939;1,04911326464509
2184;13,943;1,07544542069301
2185;13,948;1,08468399069627
2186;13,952;1,03313544792448
2187;13,956;1,09590863009636
2188;13,960;1,07301304356655
2189;13,964;1,02090661613273
2190;13,968;1,07158485883175
2191;13,972;1,12108038604726
2192;13,976;1,12739564042147
2193;13,981;1,2207632174592
2194;13,985;1,26606345201623
2195;13,989;1,48968593994528
2196;13,993;1,53998482107412
2197;13,997;1,75410095436213
2198;14,001;2,03402516238349
2199;14,005;2,25880805040957
2200;14,009;2,39066966912753
2201;14,013;2,54750220531807
2202;14,018;2,60456264855074
2203;14,022;2,71788018110275
2204;14,026;2,66858549236557
2205;14,030;2,50639726341953
2206;14,034;2,41465870959492
2207;14,038;2,29190176856132
2208;14,042;2,11498538453762
2209;14,046;1,9339183386284
2210;14,051;1,71786076671651
2211;14,055;1,66468320073159
2212;14,059;1,45956016819553
2213;14,063;1,45094642901375
2214;14,067;1,33109048822272
2215;14,071;1,22098637132401
2216;14,075;1,19469884604905
2217;14,079;1,18418829901636
2218;14,084;1,14020467226173
2219;14,088;1,09086535275159
2220;14,092;1,03074770157098
2221;14,096;0,935884993638999
2222;14,100;0,928632493032578
2223;14,104;0,944811148231517
2224;14,108;0,970875519641669
2225;14,112;0,989709705831881
2226;14,117;0,976186581624216
2227;14,121;0,931087185545521
2228;14,125;0,959293834057877
2229;14,129;0,937938009195278
2230;14,133;0,857491040930212
2231;14,137;0,854121417571537
2232;14,141;0,854813194552457
2233;14,145;0,958602057076957
2234;14,150;0,891722843792518
2235;14,154;0,886121681785713
2236;14,158;0,888375535820324
2237;14,162;0,890651705241416
2238;14,166;0,889535935917351
2239;14,170;0,806879744390637
2240;14,174;0,878601396541517
2241;14,178;0,859655633418898
2242;14,182;0,792374743177796
2243;14,187;0,790656458418736
2244;14,191;0,804045690307513
2245;14,195;0,828034730774904
2246;14,199;0,88038662746002
2247;14,203;0,841669431914975
2248;14,207;0,851622094285632
2249;14,211;0,854277625276906
2250;14,215;0,811275875527452
2251;14,220;0,827365269180465
2252;14,224;0,846846601578635
2253;14,228;0,831560561838949
2254;14,232;0,833368108143933
2255;14,236;0,80002892074088
2256;14,240;0,811521344778746
2257;14,244;0,705857989789818
2258;14,248;0,853875948320243
2259;14,253;0,808910444560435
2260;14,257;0,849970755686016
2261;14,261;0,710588851723852
2262;14,265;0,835108708289474
2263;14,269;0,741093985043782
2264;14,273;0,805317667336947
2265;14,277;0,797641174387381
2266;14,281;0,724491337501699
2267;14,286;0,795565843444621
2268;14,290;0,752720301400536
2269;14,294;0,763877994641183
2270;14,298;0,742365962073215
2271;14,302;0,801814151659383
2272;14,306;0,805964813544904
2273;14,310;0,745155385383377
2274;14,314;0,72812874549815
2275;14,319;0,710120228607745
2276;14,323;0,776620080322002
2277;14,327;0,749596147293155
2278;14,331;0,734086953688655
2279;14,335;0,73538124610457
2280;14,339;0,782288188488251
2281;14,343;0,700837027831527
2282;14,347;0,730427230305723
2283;14,351;0,702376789498736
2284;14,356;0,734555576804762
2285;14,360;0,744240454537644
2286;14,364;0,678008387461163
2287;14,368;0,716480113754914
2288;14,372;0,759258709639555
2289;14,376;0,748257224104277
2290;14,380;0,723442514337078
2291;14,384;0,723866506680223
2292;14,389;0,743459416010799
2293;14,393;0,742901531348766
2294;14,397;0,755933717053842
2295;14,401;0,709361505467381
2296;14,405;0,700613873966714
2297;14,409;0,689790911523286
2298;14,413;0,731364476537937
2299;14,417;0,723621037428928
2300;14,422;0,685417095772953
2301;14,426;0,701439543266522
2302;14,430;0,71641316759547
2303;14,434;0,695392073530091
2304;14,438;0,689768596136805
2305;14,442;0,696775627491931
2306;14,446;0,718979437040819
2307;14,450;0,807571521371557
2308;14,455;0,764792925486916
2309;14,459;0,63933582268908
2310;14,463;0,719782790954146
2311;14,467;0,742700692870435
2312;14,471;0,690928996233832
2313;14,475;0,694521773457321
2314;14,479;0,718510813924712
2315;14,483;0,732547192021446
2316;14,488;0,72502690677725
2317;14,492;0,667386263496067
2318;14,496;0,675464433402295
2319;14,500;0,734667153737169
2320;14,504;0,702867728001325
2321;14,508;0,696463212081193
2322;14,512;0,704295912736127
2323;14,516;0,712061667231618
2324;14,520;0,646945369479201
2325;14,525;0,743526362170243
2326;14,529;0,669149179028089
2327;14,533;0,62244307512274
2328;14,537;0,669193809801052
2329;14,541;0,691129834712164
2330;14,545;0,761691086766016
2331;14,549;0,678901002920415
2332;14,553;0,64779335416549
2333;14,558;0,665043147915531
2334;14,562;0,772692572301294
2335;14,566;0,71692642148454
2336;14,570;0,718488498538231
2337;14,574;0,727860960860374
2338;14,578;0,680284556882255
2339;14,582;0,692424127128079
2340;14,586;0,660513124459828
2341;14,591;0,723933452839666
2342;14,595;0,693829996476401
2343;14,599;0,732234776610708
2344;14,603;0,687894103672376
2345;14,607;0,784251942498605
2346;14,611;0,669327702119939
2347;14,615;0,669461594438827
2348;14,619;0,781774934599181
2349;14,624;0,775303472519606
2350;14,628;0,802751397891598
2351;14,632;0,887862281931254
2352;14,636;1,1593289584762
2353;14,640;1,43981105115959
2354;14,644;1,97924088857191
2355;14,648;2,64276659020671
2356;14,652;3,72829856558927
2357;14,657;5,15503280027082
2358;14,661;6,73679202483792
2359;14,665;8,6249191904067
2360;14,669;10,692595955604
2361;14,673;12,507104661171
2362;14,677;14,1682620308385
2363;14,681;15,5683740094479
2364;14,685;16,3366035044529
2365;14,689;16,2771329994803
2366;14,694;15,8568226951051
2367;14,698;15,0125200475853
2368;14,702;14,1651378767311
2369;14,706;12,8324183652953
2370;14,710;11,6074598551776
2371;14,714;10,5670495912602
2372;14,718;9,40296745546351
2373;14,722;8,37297847703289
2374;14,727;7,4788455715004
2375;14,731;6,7564965111009
2376;14,735;6,0495450673735
2377;14,739;5,44499893220876
2378;14,743;4,91556638794005
2379;14,747;4,45805633430056
2380;14,751;4,07958737957781
2381;14,755;3,76799763813949
2382;14,760;3,48356572204892
2383;14,764;3,33224508631926
2384;14,768;3,00278072030943
2385;14,772;2,77253056259544
2386;14,776;2,6463593674302
2387;14,780;2,54141010480868
2388;14,784;2,35409475068469
2389;14,788;2,22055947798063
2390;14,793;2,08146767404272
2391;14,797;2,00153395966672
2392;14,801;1,95719328672839
2393;14,805;1,91617760637577
2394;14,809;1,84197894632547
2395;14,813;1,80453372780986
2396;14,817;1,66298723135901
2397;14,821;1,64870538401098
2398;14,826;1,55743545330249
2399;14,830;1,52788988160125
2400;14,834;1,51552715749062
2401;14,838;1,42827399634876
2402;14,842;1,48537907035439
2403;14,846;1,30774859396329
2404;14,850;1,34262754303355
2405;14,854;1,35291493620143
2406;14,858;1,3328980345277
2407;14,863;1,26173426703886
2408;14,867;1,25193781237357
2409;14,871;1,22937695664098
2410;14,875;1,2224368714453
2411;14,879;1,16490780509652
2412;14,883;1,11925052435579
2413;14,887;1,07180801269656
2414;14,891;1,16747407454187
2415;14,896;1,10441079234573
2416;14,900;1,03034602461432
2417;14,904;1,05442432662763
2418;14,908;1,02470023183455
2419;14,912;1,02278110859716
2420;14,916;1,05707985761891
2421;14,920;1,08062259035667
2422;14,924;1,01233750772391
2423;14,929;1,01204740769966
2424;14,933;0,949296540914257
2425;14,937;0,966189288480597
2426;14,941;0,971522665849626
2427;14,945;0,919148453778028
2428;14,949;0,985603674719323
2429;14,953;0,98468874387359
2430;14,957;0,931511177888665
2431;14,962;0,92004106923728
2432;14,966;0,944498732820779
2433;14,970;0,93365345499087
2434;14,974;0,89228072845455
2435;14,978;0,905491437251476
2436;14,982;0,893151028527321
2437;14,986;0,87554418859358
2438;14,990;0,903059060125015
2439;14,995;0,850394748029161
2440;14,999;0,845708516868089
2441;15,003;0,850796424985824
2442;15,007;0,886545674128858
2443;15,011;0,875767342458392
2444;15,015;0,903795467878898
2445;15,019;0,846824286192154
2446;15,023;0,890250028284752
2447;15,027;0,808508767603772
2448;15,032;0,804179582626401
