#"+EI TIC Scan 150C_1ml-min_8C-min_1.d "
#Point;X(Minutes);Y(Counts)
0;5,041;6,81015901279578
1;5,046;8,04405855088309
2;5,050;10,2594630773843
3;5,055;13,6966073710417
4;5,059;17,4159640874383
5;5,064;20,4988889670169
6;5,068;22,4413859389696
7;5,072;23,5451759280945
8;5,077;23,3105452176943
9;5,081;23,0391179830852
10;5,086;22,1292499060261
11;5,090;21,5195695652565
12;5,095;20,8896405624581
13;5,099;20,2685406107271
14;5,104;19,5306539894887
15;5,108;18,844102749007
16;5,112;18,4388122970177
17;5,117;17,5924922402157
18;5,121;17,1239181108157
19;5,126;16,6061762119987
20;5,130;15,9077824120016
21;5,135;15,2786993063115
22;5,139;14,8306381817865
23;5,144;14,2341221147639
24;5,148;13,6454305959927
25;5,152;13,2121198022927
26;5,157;12,666357561765
27;5,161;12,0975446250376
28;5,166;11,6794599792861
29;5,170;11,032454428615
30;5,175;10,762824725361
31;5,179;10,4098741569446
32;5,184;9,70730373997546
33;5,188;9,35826544568468
34;5,192;8,96016511911553
35;5,197;8,38516655978404
36;5,201;8,16190259177587
37;5,206;7,89036962002831
38;5,210;7,4272409532626
39;5,215;7,21640109903182
40;5,219;6,7779620541131
41;5,224;6,77595304848101
42;5,228;6,37388757921694
43;5,232;5,97420119556983
44;5,237;5,55188706427708
45;5,241;5,34252752998573
46;5,246;4,85169573292491
47;5,250;4,68912488243352
48;5,255;4,39908791144303
49;5,259;4,08446705574409
50;5,263;3,98126760853785
51;5,268;3,71724197362599
52;5,272;3,59173199018971
53;5,277;3,39796868383168
54;5,281;3,22344953668629
55;5,286;3,05469306359084
56;5,290;2,92114705762621
57;5,295;2,78342443468961
58;5,299;2,55434492406223
59;5,303;2,63798300064024
60;5,308;2,54192081028484
61;5,312;2,4626179563866
62;5,317;2,41873704389624
63;5,321;2,22084998913551
64;5,326;2,19483865305689
65;5,330;2,18579812771249
66;5,335;2,17564736241351
67;5,339;2,19806363578208
68;5,343;2,63687276068566
69;5,348;3,5394978437554
70;5,352;4,77582933602893
71;5,357;6,86054275930579
72;5,361;9,35155113738796
73;5,366;11,2776059842991
74;5,370;12,6473777453987
75;5,375;13,5201320868335
76;5,379;13,8126538805794
77;5,383;13,4631926377345
78;5,388;13,2663629543591
79;5,392;12,91288370025
80;5,397;12,4507595363004
81;5,401;12,380602944885
82;5,406;11,6876546075222
83;5,410;11,4456751659941
84;5,415;11,3155656170317
85;5,419;10,906204285209
86;5,423;10,6039546747182
87;5,428;10,1576382129789
88;5,432;9,88298599564469
89;5,437;9,49419053726626
90;5,441;9,00293579165131
91;5,446;8,61958579590723
92;5,450;8,30300880314547
93;5,454;7,89031675145904
94;5,459;7,65447006396568
95;5,463;7,2772528222564
96;5,468;6,82580810929837
97;5,472;6,61036868954149
98;5,477;6,37674248195728
99;5,481;6,1179508354027
100;5,486;5,79883615131619
101;5,490;5,60845643339115
102;5,494;5,24466780827531
103;5,499;5,01934196606578
104;5,503;4,80839637469647
105;5,508;4,49700050172272
106;5,512;4,47458422835415
107;5,517;4,02329812110392
108;5,521;3,8036292158058
109;5,526;3,58427752192327
110;5,530;3,45178888734395
111;5,534;3,16222773347685
112;5,539;2,77232203514385
113;5,543;2,84988022625633
114;5,548;2,63888176631775
115;5,552;2,48011745281348
116;5,557;2,27858246677343
117;5,561;2,24739001090679
118;5,566;2,18463501918865
119;5,570;2,02925429411737
120;5,574;1,97205050217211
121;5,579;1,94228549767563
122;5,583;1,83385206211211
123;5,588;1,70591012448962
124;5,592;1,64939362394481
125;5,597;1,70162777037912
126;5,601;1,52108160633746
127;5,606;1,59763529463389
128;5,610;1,4906821790098
129;5,614;1,43696771263606
130;5,619;1,47228391690541
131;5,623;1,45367418052396
132;5,628;1,36496072129646
133;5,632;1,43014766720082
134;5,637;1,29406396991144
135;5,641;1,3901790288361
136;5,645;1,22411885277319
137;5,650;1,22723809835986
138;5,654;1,27518989068366
139;5,659;1,24373309197069
140;5,663;1,2493900288821
141;5,668;1,25155764022198
142;5,672;1,33228794549039
143;5,677;1,24664086328029
144;5,681;1,1997464423418
145;5,685;1,23099176677771
146;5,690;1,23733599508957
147;5,694;1,23041021251579
148;5,699;1,24182982347713
149;5,703;1,40440067396852
150;5,708;1,71907439823673
151;5,712;2,6230211955381
152;5,717;4,51703768947434
153;5,721;7,81180692609979
154;5,725;12,2196710200409
155;5,730;17,7104948868163
156;5,734;22,906840822783
157;5,739;26,5778227983016
158;5,743;28,5849251618968
159;5,748;29,6225765708706
160;5,752;29,5294221518248
161;5,757;29,4069785454059
162;5,761;28,5189980560227
163;5,765;28,0245711962518
164;5,770;27,3158151566786
165;5,774;26,6053144543197
166;5,779;25,6478117963524
167;5,783;25,0708042313888
168;5,788;23,6212537992676
169;5,792;22,5205830557293
170;5,797;21,7113238659824
171;5,801;20,85495878102
172;5,805;19,7612666886247
173;5,810;18,8957024726101
174;5,814;17,7413172626981
175;5,819;17,2521243912845
176;5,823;15,8515302543031
177;5,828;14,8295279418319
178;5,832;14,1411263014259
179;5,836;13,0291945526341
180;5,841;12,2362717507903
181;5,845;11,502403140816
182;5,850;10,6439233130829
183;5,854;10,0982668096938
184;5,859;9,31729230450393
185;5,863;8,60901208205413
186;5,868;8,11823315356258
187;5,872;7,27408070810047
188;5,876;6,55950912590808
189;5,881;6,00771986848415
190;5,885;5,35151518676086
191;5,890;5,03789883387797
192;5,894;4,48198582805132
193;5,899;3,8783853727472
194;5,903;3,73653900140789
195;5,908;3,11475175827644
196;5,912;2,92876013160044
197;5,916;2,72600916846728
198;5,921;2,55000970138246
199;5,925;2,27837099249636
200;5,930;2,1058079824138
201;5,934;1,99827331252779
202;5,939;1,85145729567752
203;5,943;1,64928788680628
204;5,948;1,55343717072794
205;5,952;1,46805443136417
206;5,956;1,3888044460352
207;5,961;1,33265802547525
208;5,965;1,21587135596778
209;5,970;1,29713034692884
210;5,974;1,10156950921578
211;5,979;1,10780800038911
212;5,983;1,10881250320516
213;5,988;1,06620043637717
214;5,992;1,06043776232723
215;5,996;1,05123863127504
216;6,001;0,90801767713482
217;6,005;1,02099780965518
218;6,010;1,04024196886781
219;6,014;0,942170772880327
220;6,019;0,972728805915781
221;6,023;0,897496831850987
222;6,027;0,950365401116478
223;6,032;0,893055872032685
224;6,036;0,901620580253695
225;6,041;0,919595893803962
226;6,045;0,866991667384798
227;6,050;0,922133585128706
228;6,054;0,915207802554927
229;6,059;0,89136407781619
230;6,063;0,854726159315204
231;6,067;0,808624766915695
232;6,072;0,908810705673802
233;6,076;0,881583392502074
234;6,081;0,780815899482047
235;6,085;0,875133427051684
236;6,090;0,843729496907982
237;6,094;0,780921636620578
238;6,099;0,749094757922752
239;6,103;0,793187144690172
240;6,107;0,763527877332231
241;6,112;0,700667148475561
242;6,116;0,755121774819018
243;6,121;0,744548060965919
244;6,125;0,754910300541956
245;6,130;0,746345592320946
246;6,134;0,774736014016515
247;6,139;0,757395123297434
248;6,143;0,872807210004002
249;6,147;1,27286367363598
250;6,152;1,88407720291433
251;6,156;3,161857653492
252;6,161;5,16362029159131
253;6,165;7,99631823283635
254;6,170;10,8778667320827
255;6,174;13,3420707455473
256;6,179;15,5808431796638
257;6,183;16,6744824034897
258;6,187;16,9722910541623
259;6,192;17,2826295557507
260;6,196;17,0936772891958
261;6,201;16,5368655176917
262;6,205;16,0229301558618
263;6,210;15,8413266204349
264;6,214;15,1441487975308
265;6,219;14,6471842464352
266;6,223;14,0301551745377
267;6,227;13,6893643770523
268;6,232;12,9502617787207
269;6,236;12,1668553193447
270;6,241;11,6788255564549
271;6,245;10,9391414038614
272;6,250;10,099112706802
273;6,254;9,52379693605494
274;6,258;8,86669348865414
275;6,263;8,03628687120106
276;6,267;7,45890922625263
277;6,272;6,96479957789734
278;6,276;6,4686280553407
279;6,281;5,83536833267864
280;6,285;5,4052296531346
281;6,290;4,98064217336344
282;6,294;4,52253602067796
283;6,298;3,8787025841628
284;6,303;3,4794391490698
285;6,307;3,15339868240952
286;6,312;2,76264708696827
287;6,316;2,52426270815017
288;6,321;2,25785798762135
289;6,325;1,95587271997686
290;6,330;1,77405771027284
291;6,334;1,55650354774534
292;6,338;1,41122071940377
293;6,343;1,30601226656544
294;6,347;1,20677796205411
295;6,352;1,15147743860241
296;6,356;1,04748496285719
297;6,361;0,927208967778193
298;6,365;0,857158113501417
299;6,370;0,814334572396368
300;6,374;0,809787875439536
301;6,378;0,746504198028743
302;6,383;0,751156632124106
303;6,387;0,73059075867983
304;6,392;0,681951674955577
305;6,396;0,675871789490046
306;6,401;0,669897641163045
307;6,405;0,683061914910153
308;6,410;0,632625299830873
309;6,414;0,627074100057997
310;6,418;0,665350944206213
311;6,423;0,721761707612492
312;6,427;0,642458853714255
313;6,432;0,586629644569896
314;6,436;0,648485870610521
315;6,441;0,709231856696571
316;6,445;0,66714847556124
317;6,449;0,604552089550897
318;6,454;0,665826761329602
319;6,458;0,6269154943502
320;6,463;0,541004069293776
321;6,467;0,559613805675229
322;6,472;0,564319108339858
323;6,476;0,515680024615606
324;6,481;0,600481209717455
325;6,485;0,528421349808589
326;6,489;0,558397828582123
327;6,494;0,462758586780849
328;6,498;0,48982729424478
329;6,503;0,45266069005114
330;6,507;0,504524756500587
331;6,512;0,471323295001858
332;6,516;0,483324460225125
333;6,521;0,441716896213183
334;6,525;0,463657352458362
335;6,529;0,400426543616834
336;6,534;0,409731411807561
337;6,538;0,505317785039569
338;6,543;0,51129193336657
339;6,547;0,396937218045312
340;6,552;0,510023087704198
341;6,556;0,481685534577895
342;6,561;0,401853994987002
343;6,565;0,514305441814703
344;6,569;0,361726750914494
345;6,574;0,421732577030827
346;6,578;0,412427708840101
347;6,583;0,426649353972518
348;6,587;0,447902518817246
349;6,592;0,393447892473789
350;6,596;0,413062131671287
351;6,601;0,391121675426107
352;6,605;0,394769606705426
353;6,609;0,35532965403337
354;6,614;0,436535776425165
355;6,618;0,436112827871041
356;6,623;0,445576301769564
357;6,627;0,351364511338458
358;6,632;0,390328646887125
359;6,636;0,366009105024999
360;6,640;0,449858655880069
361;6,645;0,662020224342487
362;6,649;1,14449878745936
363;6,654;2,23982980550182
364;6,658;4,40130839135218
365;6,663;8,33372544188872
366;6,667;13,6904217484376
367;6,672;19,8476539308046
368;6,676;26,7012709075366
369;6,680;32,3528680934484
370;6,685;36,6472233691765
371;6,689;38,7593227113329
372;6,694;40,4162765406826
373;6,698;40,2583581242866
374;6,703;39,9121218641669
375;6,707;38,6024087977529
376;6,712;37,8928597296407
377;6,716;36,2666225390342
378;6,720;34,7781608399335
379;6,725;32,9698971653459
380;6,729;31,5503760805675
381;6,734;29,7180572069641
382;6,738;27,8132555248977
383;6,743;25,5540229544754
384;6,747;23,7899045352245
385;6,752;21,7761936004712
386;6,756;19,9547656521364
387;6,760;18,2382289452245
388;6,765;16,184655109245
389;6,769;14,5355258281465
390;6,774;12,7127761655801
391;6,778;11,4984908666903
392;6,783;9,85819063665917
393;6,787;8,39679764502245
394;6,792;7,26255536000059
395;6,796;6,27793112600007
396;6,800;5,07887197505872
397;6,805;4,25158460319231
398;6,809;3,5799422992435
399;6,814;3,12929061482445
400;6,818;2,65347349143503
401;6,823;2,32093019075508
402;6,827;1,98146110750136
403;6,831;1,59943282598892
404;6,836;1,46535813433163
405;6,840;1,21391521890495
406;6,845;1,17537403191041
407;6,849;1,01703266696026
408;6,854;0,866357244553612
409;6,858;0,79249985328972
410;6,863;0,76987210564409
411;6,867;0,650864956227468
412;6,871;0,60370619244265
413;6,876;0,647005550671087
414;6,880;0,573623976530585
415;6,885;0,540422515031856
416;6,889;0,539153669369484
417;6,894;0,387632349854585
418;6,898;0,421415365615234
419;6,903;0,372141859059796
420;6,907;0,389112669794019
421;6,911;0,42204978844642
422;6,916;0,435055456485731
423;6,920;0,331697403571695
424;6,925;0,388901195516957
425;6,929;0,430773102375226
426;6,934;0,447532438832387
427;6,938;0,482161351701284
428;6,943;0,481368323162302
429;6,947;0,55210646883953
430;6,951;0,527522584131076
431;6,956;0,518693533063739
432;6,960;0,584409164660745
433;6,965;0,643674830807361
434;6,969;0,514358310383969
435;6,974;0,571509233759965
436;6,978;0,533285258181015
437;6,983;0,497017419664887
438;6,987;0,486179362965461
439;6,991;0,456520095607521
440;6,996;0,460115158317574
441;7,000;0,429927205266978
442;7,005;0,458476232670344
443;7,009;0,379384853049168
444;7,014;0,506163682147817
445;7,018;0,409731411807561
446;7,022;0,427759593927093
447;7,027;0,373569310429964
448;7,031;0,326304809506615
449;7,036;0,28543740546439
450;7,040;0,360827985236981
451;7,045;0,367700899241495
452;7,049;0,296116856456019
453;7,054;0,320700741164473
454;7,058;0,289614022436363
455;7,062;0,265717429128361
456;7,067;0,297544307826187
457;7,071;0,336455574805589
458;7,076;0,307430730278834
459;7,080;0,328525289415765
460;7,085;0,551683520285406
461;7,089;0,850020856650575
462;7,094;1,74968529984145
463;7,098;3,2412133759595
464;7,102;5,33824517587523
465;7,107;8,04305404806705
466;7,111;11,1504042066463
467;7,116;14,4872568244071
468;7,120;16,7054105165101
469;7,125;18,8304626581365
470;7,129;19,9085056540291
471;7,134;20,3868604687433
472;7,138;20,5885011919219
473;7,142;19,8957114602669
474;7,147;19,3928256294135
475;7,151;18,5416416642391
476;7,156;17,7894276607297
477;7,160;16,6742180606434
478;7,165;15,9891471401012
479;7,169;14,6678029884487
480;7,174;13,4059888457893
481;7,178;12,4641352843245
482;7,182;11,2965858006654
483;7,187;10,1761950807911
484;7,191;8,90148100723084
485;7,196;8,21445394962577
486;7,200;7,19694546554212
487;7,205;6,41137139482618
488;7,209;5,6033281821724
489;7,214;5,17736611960034
490;7,218;5,17498703398339
491;7,222;6,10023986469876
492;7,227;7,90152488814332
493;7,231;10,6169603427575
494;7,236;13,3517456937229
495;7,240;16,7398279551019
496;7,245;19,9961617418713
497;7,249;21,6371492633029
498;7,253;23,2384324892161
499;7,258;23,4898225360735
500;7,262;23,9390996376917
501;7,267;23,1292588936829
502;7,271;22,5960265040711
503;7,276;21,5409284672397
504;7,280;20,2724528848528
505;7,285;19,3827277326838
506;7,289;17,9134044556573
507;7,293;16,5899455612342
508;7,298;15,1264378268269
509;7,302;13,9209287104351
510;7,307;12,4095220522733
511;7,311;11,3283069422247
512;7,316;9,69831608320033
513;7,320;8,5039622349236
514;7,325;7,45536703211184
515;7,329;6,16320633069396
516;7,333;5,01236331492274
517;7,338;4,20722787357856
518;7,342;3,55593996879697
519;7,347;3,0880002622281
520;7,351;2,47414330448648
521;7,356;2,11135918218668
522;7,360;1,76670897914494
523;7,365;1,33583013963118
524;7,369;1,25911784562695
525;7,373;0,987267662463792
526;7,378;0,870216650109993
527;7,382;0,696702005780649
528;7,387;0,64462646505414
529;7,391;0,54190283497129
530;7,396;0,483641671640718
531;7,400;0,436324302148103
532;7,405;0,396461400921922
533;7,409;0,359717745282405
534;7,413;0,373780784707026
535;7,418;0,394346658151302
536;7,422;0,373992258984088
537;7,427;0,356545631126476
538;7,431;0,25963754366283
539;7,436;0,245627372807474
540;7,440;0,251125704011085
541;7,444;0,227229110703083
542;7,449;0,292627530884496
543;7,453;0,238278641679571
544;7,458;0,233731944722739
545;7,462;0,219351693882525
546;7,467;0,174572015714654
547;7,471;0,220514802406366
548;7,476;0,199367374700169
549;7,480;0,233150390460818
550;7,484;0,22960819632003
551;7,489;0,221836516638003
552;7,493;0,268572331868698
553;7,498;0,222841019454047
554;7,502;0,151574188084165
555;7,507;0,192018643572266
556;7,511;0,199420243269435
557;7,516;0,200213271808417
558;7,520;0,179858872641203
559;7,524;0,125880063421136
560;7,529;0,0978597217104251
561;7,533;0,197094026221753
562;7,538;0,183506803920522
563;7,542;0,21776563680456
564;7,547;0,194027649204354
565;7,551;0,133281663118305
566;7,556;0,110548178334143
567;7,560;0,119060017985887
568;7,564;0,135607880165986
569;7,569;0,118161252308374
570;7,573;0,127096040514242
571;7,578;0,153636062285519
572;7,582;0,169813844480759
573;7,587;0,13978449713796
574;7,591;0,124399743481702
575;7,596;0,195296494866726
576;7,600;0,146551674003943
577;7,604;0,149459445313545
578;7,609;0,118848543708825
579;7,613;0,138304177198526
580;7,618;0,088713459227495
581;7,622;0,160350370582236
582;7,627;0,176316678500415
583;7,631;0,140947605661801
584;7,635;0,200794826070337
585;7,640;0,0896122249050084
586;7,644;0,132224291732995
587;7,649;0,172985958636689
588;7,653;0,149882393867669
589;7,658;0,119694440817073
590;7,662;0,101137573004886
591;7,667;0,109702281225895
592;7,671;0,10917359553324
593;7,675;0,149935262436934
594;7,680;0,126408749113791
595;7,684;0,252500286811988
596;7,689;0,526570949884297
597;7,693;1,03590674618804
598;7,698;2,20652260686456
599;7,702;3,95541487816703
600;7,707;6,40338824086709
601;7,711;9,90048549207157
602;7,715;13,3863217380225
603;7,720;17,0000470530266
604;7,724;19,7204521531518
605;7,729;22,1302544088422
606;7,733;23,375414952183
607;7,738;24,3223438962972
608;7,742;23,6502786437943
609;7,747;23,1299990536526
610;7,751;22,2895474080391
611;7,755;21,4487256824407
612;7,760;19,8080553724247
613;7,764;18,4684715643757
614;7,769;16,525974592423
615;7,773;14,8448069583496
616;7,778;13,1591454958887
617;7,782;11,649377763374
618;7,787;9,95150366141277
619;7,791;8,58337082596037
620;7,795;7,3880124748676
621;7,800;6,17388578168559
622;7,804;4,99528676704998
623;7,809;4,04270088602435
624;7,813;3,44264262486102
625;7,818;3,22529993661059
626;7,822;3,59300083585208
627;7,826;5,12476189318117
628;7,831;8,20969577839188
629;7,835;13,5121489328744
630;7,840;22,034033612779
631;7,844;32,5725898673158
632;7,849;44,6643189497342
633;7,853;56,5304578470967
634;7,858;66,9644400716263
635;7,862;75,2802959371033
636;7,866;81,3234377469954
637;7,871;83,0722242811593
638;7,875;82,9557548230674
639;7,880;80,0307483598848
640;7,884;76,286860627349
641;7,889;72,0662570057463
642;7,893;66,1672877842413
643;7,898;60,4998300275498
644;7,902;54,715215521366
645;7,906;48,7422303028893
646;7,911;42,2987148179497
647;7,915;35,9625753971883
648;7,920;30,0032831381514
649;7,924;24,5105031343131
650;7,929;19,6548951272626
651;7,933;16,0009368310474
652;7,938;12,8153411899552
653;7,942;10,1242781457724
654;7,946;8,08534890347944
655;7,951;6,45800147291834
656;7,955;5,17551571967604
657;7,960;4,19015132570581
658;7,964;3,53114460981145
659;7,969;2,84327165509814
660;7,973;2,41001372996744
661;7,978;1,94223262910637
662;7,982;1,64257357850956
663;7,986;1,54836178807845
664;7,991;1,32409331725424
665;7,995;1,02110354679371
666;8,000;1,03368626627889
667;8,004;0,978702954242782
668;8,009;0,847588902464363
669;8,013;0,731383787218812
670;8,018;0,670637801132762
671;8,022;0,667677161253894
672;8,026;0,587528410247409
673;8,031;0,517689030247695
674;8,035;0,584197690383683
675;8,040;0,484487568748966
676;8,044;0,418507594305632
677;8,049;0,385781949930293
678;8,053;0,398840486538869
679;8,057;0,327150706614863
680;8,062;0,335451071989545
681;8,066;0,350994431353599
682;8,071;0,368969744903866
683;8,075;0,398840486538869
684;8,080;0,312136032943463
685;8,084;0,297174227841329
686;8,089;0,301509450521099
687;8,093;0,287975096789133
688;8,097;0,232621704768163
689;8,102;0,262016629279777
690;8,106;0,252870366796847
691;8,111;0,190749797909894
692;8,115;0,195983786267178
693;8,120;0,250226938333572
694;8,124;0,211580014200498
695;8,129;0,185938758106734
696;8,133;0,306690570309117
697;8,137;0,172721615790361
698;8,142;0,2069804486744
699;8,146;0,196988289083222
700;8,151;0,215280814049082
701;8,155;0,224321339393481
702;8,160;0,209729614276206
703;8,164;0,238490115956633
704;8,169;0,209993957122533
705;8,173;0,205817340150559
706;8,177;0,171029821573866
707;8,182;0,120698943633118
708;8,186;0,149776656729138
709;8,191;0,170871215866069
710;8,195;0,176739627054539
711;8,200;0,188635055139274
712;8,204;0,171347032989459
713;8,209;0,103358052914036
714;8,213;0,159610210612519
715;8,217;0,202539488856099
716;8,222;0,158447102088679
717;8,226;0,0853827393637691
718;8,231;0,154111879408908
719;8,235;0,240076173034598
720;8,240;0,317740101285605
721;8,244;0,671219355394682
722;8,248;1,25784899996458
723;8,253;2,44955941977803
724;8,257;4,46141995460705
725;8,262;7,39980216581381
726;8,266;11,0467289423167
727;8,271;15,0947695538369
728;8,275;19,3422304086265
729;8,280;22,5557935228601
730;8,284;25,6383483224539
731;8,288;27,1260169930155
732;8,293;27,3795217826436
733;8,297;26,7571001166809
734;8,302;25,811017069675
735;8,306;24,6175619870757
736;8,311;22,805280301224
737;8,315;20,7285500319062
738;8,320;18,308438405209
739;8,324;15,9888299286856
740;8,328;13,284073925063
741;8,333;11,5574393214213
742;8,337;9,32659717269465
743;8,342;7,784368138651
744;8,346;5,97113481855243
745;8,351;4,96541602541498
746;8,355;4,04143204036198
747;8,360;3,1451511856041
748;8,364;2,54012327892981
749;8,368;2,14366187800789
750;8,373;1,67075252592807
751;8,377;1,42338049033483
752;8,382;1,10590473189556
753;8,386;1,10648628615748
754;8,391;0,840081565628663
755;8,395;0,731119444372484
756;8,400;0,721391627627634
757;8,404;0,551842125993202
758;8,408;0,46661799233723
759;8,413;0,428129673911952
760;8,417;0,367013607841043
761;8,422;0,326410546645146
762;8,426;0,316048307069109
763;8,431;0,275286640165415
764;8,435;0,229502459181499
765;8,439;0,16933802735737
766;8,444;0,206716105828072
767;8,448;0,16077331913636
768;8,453;0,225220105070995
769;8,457;0,262492446403166
770;8,462;0,358818979604892
771;8,466;0,57203791945262
772;8,471;1,11700713144131
773;8,475;2,36666150316974
774;8,479;4,46665394296433
775;8,484;7,34434303665431
776;8,488;11,6082460164855
777;8,493;16,1868755891541
778;8,497;20,984592512859
779;8,502;25,175589735673
780;8,506;28,6113065779603
781;8,511;30,5128832773015
782;8,515;31,1261586807812
783;8,519;30,8800554908503
784;8,524;29,9948241670689
785;8,528;27,9739759754648
786;8,533;25,0854488250754
787;8,537;22,4912409997869
788;8,542;19,1302274458718
789;8,546;16,2919254362847
790;8,551;13,5695113305274
791;8,555;11,2612695963961
792;8,559;8,96233273045542
793;8,564;7,26900532545098
794;8,568;5,68522159596465
795;8,573;4,56086573339544
796;8,577;3,62091544042426
797;8,582;2,79590141703626
798;8,586;2,16946173980945
799;8,591;1,79171581240751
800;8,595;1,57722802689741
801;8,599;1,33842069952519
802;8,604;1,05752999101763
803;8,608;0,948303526915124
804;8,613;0,83225701737737
805;8,617;0,677563583706541
806;8,622;0,615178671973261
807;8,626;0,53920653793875
808;8,630;0,505159179331773
809;8,635;0,478090471867841
810;8,639;0,372776281890982
811;8,644;0,323449906766278
812;8,648;0,266563326236609
813;8,653;0,296275462163815
814;8,657;0,207191922951462
815;8,662;0,214699259787162
816;8,666;0,352104671308175
817;8,670;0,176792495623804
818;8,675;0,18974529509385
819;8,679;0,181603535426964
820;8,684;0,211950094185356
821;8,688;0,164738461831272
822;8,693;0,108697778409851
823;8,697;0,107481801316745
824;8,702;0,138991468598978
825;8,706;0,179753135502672
826;8,710;0,0573623976530585
827;8,715;0,0845368422555212
828;8,719;0,0538202035122705
829;8,724;0,0138515651475588
830;8,728;0,0734344427097679
831;8,733;0,0586841118846958
832;8,737;0,0321440901134189
833;8,742;0,0297121359272063
834;8,746;0,0807303052684058
835;8,750;0,123659583511985
836;8,755;0,0295535302194098
837;8,759;0,0376424213170301
838;8,764;0,0408674040422251
839;8,768;0,0367436556395167
840;8,773;0,133546005964632
841;8,777;0,0626492545796076
842;8,782;0,0500665350944206
843;8,786;0,0904581220132563
844;8,790;0,066773002982316
845;8,795;0,0369551299165787
846;8,799;0,0392284783949948
847;8,804;0,0546661006205184
848;8,808;0,0807831738376713
849;8,813;0,0883962478119021
850;8,817;0,118425595154701
851;8,821;0,0678832429368913
852;8,826;0,0954277675242125
853;8,830;0,141634897062252
854;8,835;0,0713725685084138
855;8,839;0,0748090255106707
856;8,844;0,0560406834214212
857;8,848;0,0323026958212154
858;8,853;0,067090214397909
859;8,857;0,0310338501588436
860;8,861;0,0732758370019715
861;8,866;0,00956921103705399
862;8,870;0,0695750371533871
863;8,875;0,0259584675093564
864;8,879;0,0121597709310631
865;8,884;0,0495907179710312
866;8,888;0,0160720450567095
867;8,893;0,0550361806053768
868;8,897;0,163628221876697
869;8,901;0,316576992761764
870;8,906;0,723453501828988
871;8,910;1,54307493115191
872;8,915;3,17750674999458
873;8,919;5,54416825316432
874;8,924;9,19606467517815
875;8,928;13,5668679020641
876;8,933;18,6093134328989
877;8,937;23,6116845882305
878;8,941;27,6406396462458
879;8,946;31,2192073626884
880;8,950;32,3906691204732
881;8,955;32,6624135664978
882;8,959;31,2119115001298
883;8,964;29,203487422303
884;8,968;26,3396498937606
885;8,973;23,1924368339552
886;8,977;19,9916679134838
887;8,981;16,5034525819159
888;8,986;13,3793959554487
889;8,990;10,6700932548693
890;8,995;8,40478079898154
891;8,999;6,54227397232753
892;9,004;5,09964932278006
893;9,008;3,95641938098307
894;9,013;2,93325395998801
895;9,017;2,45632659664401
896;9,021;1,90744511052967
897;9,026;1,56083877042511
898;9,030;1,30580079228838
899;9,035;1,02411705524184
900;9,039;0,963265332017258
901;9,044;0,758822574667602
902;9,048;0,709073250988774
903;9,052;0,601802923949092
904;9,057;0,59619885560695
905;9,061;0,447955387386511
906;9,066;0,439866496288891
907;9,070;0,403968737757622
908;9,075;0,324771620997915
909;9,079;0,31181882152787
910;9,084;0,297332833549125
911;9,088;0,322709746796561
912;9,092;0,277189908658973
913;9,097;0,164844198969803
914;9,101;0,158711444935006
915;9,106;0,142110714185642
916;9,110;0,175470781392167
917;9,115;0,204495625918922
918;9,119;0,124822692035826
919;9,124;0,297227096410594
920;9,128;0,348086660043997
921;9,132;0,902413608792678
922;9,137;2,05891356147531
923;9,141;4,47775634251008
924;9,146;8,34091556730883
925;9,150;14,5981750827261
926;9,155;22,6552921702178
927;9,159;32,6892707996847
928;9,164;43,8956628211832
929;9,168;54,4073618425331
930;9,172;63,972184788338
931;9,177;71,1889559673547
932;9,181;74,3906236535036
933;9,186;75,1966578605253
934;9,190;71,3258326931831
935;9,195;65,2788314777347
936;9,199;56,7596430948626
937;9,204;47,6463705991542
938;9,208;39,1534578952071
939;9,212;30,6707488251282
940;9,217;23,8481128299858
941;9,221;18,3025171254513
942;9,226;13,8630904956587
943;9,230;10,7350158579274
944;9,235;8,0570642189224
945;9,239;6,03082343325317
946;9,243;4,83107699091136
947;9,248;3,87521325859127
948;9,252;3,03777512142589
949;9,257;2,68133522743794
950;9,261;2,19843371576694
951;9,266;1,79404202945519
952;9,270;1,6451112698343
953;9,275;1,35692469876811
954;9,279;1,27170056511214
955;9,283;1,05192592267549
956;9,288;1,03299897487844
957;9,292;0,878781358331003
958;9,297;0,807461658391854
959;9,301;0,809523532593209
960;9,306;0,647428499225211
961;9,310;0,734767375651803
962;9,315;0,75321850632546
963;9,319;0,692049571685286
964;9,323;0,793451487536499
965;9,328;0,810950983963377
966;9,332;0,847324559618035
967;9,337;0,800535875818075
968;9,341;0,737833752669202
969;9,346;0,635110122586352
970;9,350;0,710606439497474
971;9,355;0,619038077529642
972;9,359;0,627655654319917
973;9,363;0,603336112457791
974;9,368;0,5774305135177
975;9,372;0,619513894653032
976;9,377;0,545815109096936
977;9,381;0,696014714380198
978;9,386;0,747667306552583
979;9,390;1,14687787307631
980;9,395;1,8671063921801
981;9,399;3,4569171385627
982;9,403;6,17261693602322
983;9,408;9,94954752434994
984;9,412;14,9617522335649
985;9,417;20,6219141276977
986;9,421;26,8121362972863
987;9,426;31,4674252953899
988;9,430;35,0853800959353
989;9,434;36,7979516601524
990;9,439;36,4471687030758
991;9,443;34,3329017495796
992;9,448;30,8982951472469
993;9,452;27,0069569750296
994;9,457;22,6161694289613
995;9,461;18,6543045853439
996;9,466;14,5419229250276
997;9,470;11,4383264348662
998;9,474;8,70322387248524
999;9,479;6,63754313414395
1000;9,483;5,24228872265836
1001;9,488;3,92295357663801
1002;9,492;3,0598213148096
1003;9,497;2,58622467132932
1004;9,501;2,03702597379939
1005;9,506;1,61825403664743
1006;9,510;1,36892586399138
1007;9,514;1,26799976526355
1008;9,519;1,43257962138703
1009;9,523;1,9931979298783
1010;9,528;3,17010515029741
1011;9,532;5,56542141800904
1012;9,537;9,60986696681916
1013;9,541;16,0379976981025
1014;9,546;25,1022610301018
1015;9,550;35,8362195166438
1016;9,554;47,4251156367781
1017;9,559;57,6836270799156
1018;9,563;66,8887322804382
1019;9,568;72,8841866408527
1020;9,572;74,5660415663265
1021;9,577;71,9266839828854
1022;9,581;66,9385344726862
1023;9,586;57,7957613153277
1024;9,590;48,4588547716263
1025;9,594;39,3011198091656
1026;9,599;31,6229117575997
1027;9,603;24,1001372996744
1028;9,608;18,457792113384
1029;9,612;13,9757534167635
1030;9,617;10,8180723802434
1031;9,621;8,17934921963348
1032;9,625;6,6006937413659
1033;9,630;5,0770744437037
1034;9,634;4,14256961336687
1035;9,639;3,39527238679914
1036;9,643;2,87023462542354
1037;9,648;2,57374768898267
1038;9,652;2,21667337216354
1039;9,657;1,86166092954576
1040;9,661;1,57675220977402
1041;9,665;1,37611598941148
1042;9,670;1,17812319751222
1043;9,674;1,03701698614262
1044;9,679;1,04198663165358
1045;9,683;0,882693632456649
1046;9,688;0,862286364720169
1047;9,692;0,776639282510073
1048;9,697;0,825965657634777
1049;9,701;0,65810795021684
1050;9,705;0,58224155332086
1051;9,710;0,541532754986431
1052;9,714;0,502515750868498
1053;9,719;0,475869991958691
1054;9,723;0,440659524827873
1055;9,728;0,349038294290776
1056;9,732;0,385887687068824
1057;9,737;0,382134018650974
1058;9,741;0,422208394154217
1059;9,745;0,331961746418022
1060;9,750;0,316735598469561
1061;9,754;0,275603851581008
1062;9,759;0,233044653322287
1063;9,763;0,266880537652202
1064;9,768;0,234524973261721
1065;9,772;0,239071670218553
1066;9,777;0,229766802027827
1067;9,781;0,149618051021341
1068;9,785;0,215439419756879
1069;9,790;0,320277792610349
1070;9,794;0,600269735440393
1071;9,799;1,13186319940491
1072;9,803;2,14070123812902
1073;9,808;4,13416351085365
1074;9,812;7,35137455636662
1075;9,816;11,8309284302317
1076;9,821;17,2127373071817
1077;9,825;23,0531281539406
1078;9,830;28,5737698937818
1079;9,834;32,5014816416537
1080;9,839;34,6610040904412
1081;9,843;35,9309599927676
1082;9,848;33,3734958231187
1083;9,852;30,2219475406335
1084;9,856;25,7562981004852
1085;9,861;21,453166642259
1086;9,865;17,1968767364021
1087;9,870;13,5022096418525
1088;9,874;10,2333460041671
1089;9,879;7,69729360507073
1090;9,883;5,78091370633519
1091;9,888;4,50794429556068
1092;9,892;3,42461444274149
1093;9,896;2,77343227509843
1094;9,901;2,20546523547925
1095;9,905;1,78801501255893
1096;9,910;1,32938017418079
1097;9,914;1,15755732406794
1098;9,919;1,00402699892095
1099;9,923;0,925992990685087
1100;9,928;0,841350411291035
1101;9,932;0,712139628006173
1102;9,936;0,61449138057281
1103;9,941;0,549674514653317
1104;9,945;0,581712867628205
1105;9,950;0,418719068582694
1106;9,954;0,413273605948348
1107;9,959;0,318480261255322
1108;9,963;0,329424055093279
1109;9,968;0,314145038575552
1110;9,972;0,245733109946005
1111;9,976;0,376529950308832
1112;9,981;0,341848168870669
1113;9,985;0,309439735910923
1114;9,990;0,26772643476045
1115;9,994;0,309175393064595
1116;9,999;0,240657727296518
1117;10,003;0,31779296985487
1118;10,008;0,229713933458561
1119;10,012;0,193657569219496
1120;10,016;0,213906231248179
1121;10,021;0,299024627765621
1122;10,025;0,268413726160901
1123;10,030;0,174254804299061
1124;10,034;0,234736447538783
1125;10,039;0,176475284208211
1126;10,043;0,217448425388967
1127;10,047;0,164104039000086
1128;10,052;0,187842026600292
1129;10,056;0,138779994321916
1130;10,061;0,210628379953719
1131;10,065;0,259267463677971
1132;10,070;0,171294164420193
1133;10,074;0,204812837334515
1134;10,079;0,155116382224953
1135;10,083;0,16288806190698
1136;10,087;0,170818347296804
1137;10,092;0,146075856880554
1138;10,096;0,241080675850642
1139;10,101;0,307060650293976
1140;10,105;0,562468708415566
1141;10,110;1,18235268305346
1142;10,114;2,25045638792418
1143;10,119;4,28103239627319
1144;10,123;7,48063820822075
1145;10,127;11,7937089574688
1146;10,132;17,2537104483625
1147;10,136;22,9602380777411
1148;10,141;28,3522505885593
1149;10,145;32,5172893438641
1150;10,150;34,7809628741046
1151;10,154;34,5142409421602
1152;10,159;32,594741797838
1153;10,163;29,1277267625456
1154;10,167;24,7923454770675
1155;10,172;19,9773933997821
1156;10,176;15,6700853245839
1157;10,181;11,9448601969989
1158;10,185;9,41044672354972
1159;10,190;6,91626623131162
1160;10,194;5,31080638842644
1161;10,199;4,11206444890068
1162;10,203;3,15746956224296
1163;10,207;2,56412560937635
1164;10,212;2,08048393773563
1165;10,216;1,73451202046225
1166;10,221;1,48713998486902
1167;10,225;1,27561283923778
1168;10,230;1,109975611729
1169;10,234;0,994986473576553
1170;10,238;0,824961154818732
1171;10,243;0,805769864175359
1172;10,247;0,763897957317089
1173;10,252;0,757342254728168
1174;10,256;0,638705185296405
1175;10,261;0,52419186426735
1176;10,265;0,57684895925578
1177;10,270;0,568442856742567
1178;10,274;0,465349146674858
1179;10,278;0,377428715986345
1180;10,283;0,369604167735052
1181;10,287;0,331327323586836
1182;10,292;0,335239597712483
1183;10,296;0,350465745660944
1184;10,301;0,348562477167387
1185;10,305;0,316841335608092
1186;10,310;0,213959099817445
1187;10,314;0,266193246251751
1188;10,318;0,252976103935378
1189;10,323;0,211738619908294
1190;10,327;0,235106527523642
1191;10,332;0,142692268447562
1192;10,336;0,103463790052567
1193;10,341;0,0961150589246639
1194;10,345;0,23711553315573
1195;10,350;0,193551832080965
1196;10,354;0,116469458091878
1197;10,358;0,173937592883468
1198;10,363;0,111552681150187
1199;10,367;0,196671077667629
1200;10,372;0,0295535302194098
1201;10,376;0,12207352643402
1202;10,381;0,0285490274033655
1203;10,385;0,0837438137165388
1204;10,390;0,0748090255106707
1205;10,394;0,101719127266806
1206;10,398;0,0723770713244581
1207;10,403;0,111341206873125
1208;10,407;0,163681090445962
1209;10,412;0,0736987855560954
1210;10,416;0,0916212305370971
1211;10,421;0,0568865805296691
1212;10,425;0,0834794708702114
1213;10,429;0,153688930854784
1214;10,434;0,111235469734594
1215;10,438;0,141687765631518
1216;10,443;0,092149916229752
1217;10,447;0,148666416774563
1218;10,452;0,0631779402722626
1219;10,456;0,0929429447687344
1220;10,461;0,0660328430125991
1221;10,465;0,158288496380882
1222;10,469;0
1223;10,474;0,0693106943070596
1224;10,478;0,125139903451419
1225;10,483;0,220091853852242
1226;10,487;0,57039899380539
1227;10,492;1,43770787260578
1228;10,496;3,09185966778448
1229;10,501;6,20264628336601
1230;10,505;11,6492720262355
1231;10,509;19,5376326406317
1232;10,514;30,4806334500495
1233;10,518;43,6653673334627
1234;10,523;58,8970664816972
1235;10,527;73,685356939502
1236;10,532;86,6823545334534
1237;10,536;95,2404013147356
1238;10,541;97,2206464451438
1239;10,545;93,3411508324421
1240;10,549;86,0527427420706
1241;10,554;77,7983201540802
1242;10,558;69,4403280388986
1243;10,563;61,9445165512986
1244;10,567;55,7646566212861
1245;10,572;49,640255820433
1246;10,576;43,9033287637267
1247;10,581;38,368253904476
1248;10,585;32,2856721419119
1249;10,589;26,589242409263
1250;10,594;21,3595892746591
1251;10,598;16,8128923178268
1252;10,603;13,1240936344657
1253;10,607;10,3253373146891
1254;10,612;8,13927484413024
1255;10,616;6,33931153491731
1256;10,620;5,20866431260551
1257;10,625;4,37915646082994
1258;10,629;3,63931370252865
1259;10,634;3,13600492312117
1260;10,638;2,66954553649174
1261;10,643;2,28624840931692
1262;10,647;2,08814988027913
1263;10,652;1,96681651381482
1264;10,656;1,73942879740394
1265;10,660;1,43559312983516
1266;10,665;1,32837567136474
1267;10,669;1,3108233063686
1268;10,674;1,19757883100192
1269;10,678;1,08708352123704
1270;10,683;1,08174379574123
1271;10,687;0,889143597907039
1272;10,692;0,797839578785535
1273;10,696;0,72366497610605
1274;10,700;0,79567196744565
1275;10,705;0,765642620102851
1276;10,709;0,661015721526443
1277;10,714;0,594771404236781
1278;10,718;0,61026189503157
1279;10,723;0,67899103507671
1280;10,727;0,608305757968747
1281;10,732;0,526676687022828
1282;10,736;0,490620322783763
1283;10,740;0,455568461360742
1284;10,745;0,503044436561153
1285;10,749;0,488769922859471
1286;10,754;0,519169350187128
1287;10,758;0,412533445978632
1288;10,763;0,461859821103335
1289;10,767;0,467622495153274
1290;10,772;0,440765261966404
1291;10,776;0,454828301391025
1292;10,780;0,665985367037399
1293;10,785;0,987479136740854
1294;10,789;1,63490763596606
1295;10,794;2,93780065694484
1296;10,798;5,18577222211355
1297;10,803;8,51575192586981
1298;10,807;13,0021258451702
1299;10,812;18,4815829695535
1300;10,816;23,7532666167235
1301;10,820;28,6902393518736
1302;10,825;31,3974801782517
1303;10,829;31,840624525835
1304;10,834;31,3302842267152
1305;10,838;28,4312890996113
1306;10,843;24,5048461974017
1307;10,847;19,7988562413725
1308;10,851;15,8227168840534
1309;10,856;12,2847522288067
1310;10,860;9,37328011935608
1311;10,865;6,94217183025171
1312;10,869;5,4459913200383
1313;10,874;4,40474484835444
1314;10,878;4,1604391897786
1315;10,883;4,3406152738354
1316;10,887;6,0247964163569
1317;10,891;8,873037716966
1318;10,896;13,2371795041245
1319;10,900;18,8884594786207
1320;10,905;25,8648372731872
1321;10,909;32,220167984592
1322;10,914;38,2334919214183
1323;10,918;41,277611271156
1324;10,923;42,0140704410243
1325;10,927;39,6400602067267
1326;10,931;35,1401519336944
1327;10,936;29,3560661132032
1328;10,940;23,4115241849914
1329;10,945;18,0675163350662
1330;10,949;13,7840519846068
1331;10,954;10,5314189976859
1332;10,958;7,89951588251124
1333;10,963;6,10621401302576
1334;10,967;4,89747991390882
1335;10,971;3,95181981545697
1336;10,976;3,19902425768564
1337;10,980;2,65786158268406
1338;10,985;2,28392219226924
1339;10,989;2,04167840789476
1340;10,994;1,70051753042454
1341;10,998;1,61275570544382
1342;11,003;1,45198238630746
1343;11,007;1,35010465333286
1344;11,011;1,10447728052539
1345;11,016;1,03098996924635
1346;11,020;0,941377744341345
1347;11,025;0,819145612199528
1348;11,029;0,929059367702485
1349;11,034;0,884491163811676
1350;11,038;0,729956335848644
1351;11,042;0,625858122964891
1352;11,047;0,679731195046427
1353;11,051;0,59033044441848
1354;11,056;0,529478721193899
1355;11,060;0,500771088082737
1356;11,065;0,516737396000916
1357;11,069;0,523821784282492
1358;11,074;0,530906172564067
1359;11,078;0,401008097878754
1360;11,082;0,461648346826273
1361;11,087;0,422578474139075
1362;11,091;0,412216234563039
1363;11,096;0,331221586448305
1364;11,100;0,358977585312689
1365;11,105;0,384354498560125
1366;11,109;0,36130380236037
1367;11,114;0,383931550006001
1368;11,118;0,351417379907723
1369;11,122;0,330534295047854
1370;11,127;0,269048148992087
1371;11,131;0,294530799378054
1372;11,136;0,338728923284005
1373;11,140;0,299870524873869
1374;11,145;0,327362180891924
1375;11,149;0,275550983011743
1376;11,154;0,261329337879325
1377;11,158;0,394928212413223
1378;11,162;0,595035747083109
1379;11,167;0,958982977906754
1380;11,171;2,12605664444248
1381;11,176;4,11391484882497
1382;11,180;7,43913638134733
1383;11,185;12,1657979479594
1384;11,189;18,952430447432
1385;11,194;27,1223690617362
1386;11,198;35,556280442383
1387;11,202;42,5278471971464
1388;11,207;46,7612450125113
1389;11,211;47,0083527052583
1390;11,216;43,3552403061513
1391;11,220;36,9952571606512
1392;11,225;29,909018479151
1393;11,229;22,9458049583316
1394;11,233;17,4150124531915
1395;11,238;12,9431773904391
1396;11,242;9,83217930058055
1397;11,247;7,4270823475548
1398;11,251;5,74665487345115
1399;11,256;4,65846111225953
1400;11,260;3,72744560749423
1401;11,265;3,03507882439335
1402;11,269;2,66891111366055
1403;11,273;2,25902109614519
1404;11,278;2,08460768613834
1405;11,282;1,82930536515528
1406;11,287;1,66541280043225
1407;11,291;1,51003207536097
1408;11,296;1,23157332103963
1409;11,300;1,26889853094107
1410;11,305;1,05271895121447
1411;11,309;0,932178613289149
1412;11,313;0,901832054530757
1413;11,318;0,795090413183729
1414;11,322;0,832944308777821
1415;11,327;0,761518871700142
1416;11,331;0,791759693320003
1417;11,336;0,790015030534242
1418;11,340;0,744125112411795
1419;11,345;0,66714847556124
1420;11,349;0,661967355773221
1421;11,353;0,653666990398539
1422;11,358;0,66984477259378
1423;11,362;0,68813729755964
1424;11,367;0,564319108339858
1425;11,371;0,577219039240638
1426;11,376;0,518693533063739
1427;11,380;0,423054291262464
1428;11,385;0,427812462496359
1429;11,389;0,385147527099107
1430;11,393;0,433152187992173
1431;11,398;0,478566288991231
1432;11,402;0,416234245827216
1433;11,407;0,486020757257665
1434;11,411;0,397994589430621
1435;11,416;0,420833811353314
1436;11,420;0,433046450853642
1437;11,424;0,377851664540469
1438;11,429;0,41607564011942
1439;11,433;0,338570317576209
1440;11,438;0,234630710400252
1441;11,442;0,324295803874526
1442;11,447;0,4424570561829
1443;11,451;0,509071453457419
1444;11,456;0,689723354637604
1445;11,460;1,17130315207697
1446;11,464;2,11717472480588
1447;11,469;4,00981663594122
1448;11,473;6,84145720580095
1449;11,478;11,62807172996
1450;11,482;17,6644463629861
1451;11,487;24,3705600314674
1452;11,491;30,3496251354096
1453;11,496;34,8201913524996
1454;11,500;37,1948888781977
1455;11,504;36,8097413510986
1456;11,509;34,0944116336229
1457;11,513;29,2685157624996
1458;11,518;24,2411906424747
1459;11,522;18,9983732341237
1460;11,527;14,5347856681768
1461;11,531;11,1004962772597
1462;11,536;8,26753399316832
1463;11,540;6,08168299688657
1464;11,544;4,7813805358018
1465;11,549;3,69794494584408
1466;11,553;3,08667854799647
1467;11,558;2,56745632924007
1468;11,562;2,13795207252722
1469;11,567;1,89951482513985
1470;11,571;1,68730038810817
1471;11,576;1,40693836529326
1472;11,580;1,29189635857155
1473;11,584;1,1502614615093
1474;11,589;1,0470091457338
1475;11,593;0,941589218618407
1476;11,598;0,952215801040771
1477;11,602;0,881794866779136
1478;11,607;0,748989020784221
1479;11,611;0,743226346734282
1480;11,615;0,70806874817273
1481;11,620;0,681740200678515
1482;11,624;0,658372293063168
1483;11,629;0,640396979512901
1484;11,633;0,568389988173301
1485;11,638;0,600322604009658
1486;11,642;0,567544091065053
1487;11,647;0,678198006537727
1488;11,651;0,554908503010601
1489;11,655;0,52736397842328
1490;11,660;0,508437030626233
1491;11,664;0,428605491035341
1492;11,669;0,492100642723197
1493;11,673;0,441822633351714
1494;11,678;0,395509766675143
1495;11,682;0,42099241706111
1496;11,687;0,381446727250522
1497;11,691;0,403915869188356
1498;11,695;0,456943044161645
1499;11,700;0,446157856031484
1500;11,704;0,366537790717654
1501;11,709;0,290671393821673
1502;11,713;0,376582818878097
1503;11,718;0,37314636187584
1504;11,722;0,363682887977317
1505;11,727;0,327362180891924
1506;11,731;0,347293631505015
1507;11,735;0,338411711868412
1508;11,740;0,351523117046254
1509;11,744;0,356862842542069
1510;11,749;0,353532122678343
1511;11,753;0,403968737757622
1512;11,758;0,300769290551382
1513;11,762;0,284644376925407
1514;11,767;0,338887528991802
1515;11,771;0,296592673579408
1516;11,775;0,4139608973488
1517;11,780;0,368176716364884
1518;11,784;0,389588486917408
1519;11,789;0,322075323965375
1520;11,793;0,36717221354884
1521;11,798;0,290512788113877
1522;11,802;0,322181061103906
1523;11,807;0,367489424964433
1524;11,811;0,292997610869355
1525;11,815;0,313510615744366
1526;11,820;0,488082631459019
1527;11,824;0,605979540921066
1528;11,829;0,93979168726338
1529;11,833;1,81392061149902
1530;11,838;3,58142261918294
1531;11,842;6,74703394109278
1532;11,846;11,7834524550313
1533;11,851;19,7593634201312
1534;11,855;29,6604833350339
1535;11,860;42,8983501305589
1536;11,864;57,9379777666519
1537;11,869;74,3601713576067
1538;11,873;88,6977043938539
1539;11,878;97,2835071740005
1540;11,882;100
1541;11,886;95,9944657181693
1542;11,891;86,0790184209956
1543;11,895;74,5222663909747
1544;11,900;64,7592391789934
1545;11,904;58,3457001728274
1546;11,909;54,1171662658348
1547;11,913;51,5808495238921
1548;11,918;48,3124088347609
1549;11,922;44,6614111784246
1550;11,926;39,2898059353428
1551;11,931;32,6542189382617
1552;11,935;26,9439376404652
1553;11,940;21,2130376006551
1554;11,944;16,3551033765569
1555;11,949;12,9244619169192
1556;11,953;10,1813233320099
1557;11,958;8,41260534723283
1558;11,962;7,02834759815446
1559;11,966;5,8300814757521
1560;11,971;5,04493035359028
1561;11,975;4,30947568653802
1562;11,980;3,72950748169558
1563;11,984;3,27515499742794
1564;11,989;3,09185966778448
1565;11,993;2,93103348007886
1566;11,998;2,61308190451619
1567;12,002;2,38241633681085
1568;12,006;2,31411014531984
1569;12,011;1,97210337074137
1570;12,015;1,92653066403452
1571;12,020;1,73451202046225
1572;12,024;1,73704971178699
1573;12,029;1,574954678419
1574;12,033;1,5703551128929
1575;12,037;1,51521319514899
1576;12,042;1,42369770175043
1577;12,046;1,35269521322687
1578;12,051;1,14962703867812
1579;12,055;1,1698757007068
1580;12,060;1,14714221592264
1581;12,064;1,179074831759
1582;12,069;1,10405433197126
1583;12,073;1,09929616073737
1584;12,077;1,1248316796926
1585;12,082;1,00841509016999
1586;12,086;0,995832370684801
1587;12,091;0,993876233621978
1588;12,095;0,965961629049799
1589;12,100;0,958877240768223
1590;12,104;1,01798430120704
1591;12,109;1,16273844385596
1592;12,113;1,1427541246736
1593;12,117;1,28597507881382
1594;12,122;1,50860462399081
1595;12,126;2,1160644848513
1596;12,131;3,28884795686771
1597;12,135;5,25952387623891
1598;12,140;8,75191582477876
1599;12,144;13,7398009921316
1600;12,149;19,4767280488379
1601;12,153;25,8640442446482
1602;12,157;31,1787629072003
1603;12,162;34,8050709416897
1604;12,166;35,6173436398847
1605;12,171;33,7007522668721
1606;12,175;29,6532932096138
1607;12,180;25,3433417059524
1608;12,184;20,6256677961155
1609;12,189;16,5246000096221
1610;12,193;13,7130494960832
1611;12,197;12,7921847566169
1612;12,202;13,818733766045
1613;12,206;16,9904249734203
1614;12,211;22,0599920802883
1615;12,215;29,1131350374283
1616;12,220;36,4759820733255
1617;12,224;44,2055783742175
1618;12,228;51,3985586970647
1619;12,233;57,7567443112098
1620;12,237;62,1918357183226
1621;12,242;64,0627486474898
1622;12,246;63,7056214621014
1623;12,251;59,8158693469621
1624;12,255;54,0663067022014
1625;12,260;46,0336148937104
1626;12,264;37,4417850966675
1627;12,268;29,7109728186825
1628;12,273;22,8746967326696
1629;12,277;17,555907190284
1630;12,282;13,6332708250616
1631;12,286;10,788307375747
1632;12,291;8,95477252505045
1633;12,295;7,39250630325517
1634;12,300;6,17409725596265
1635;12,304;5,16198136594408
1636;12,308;4,79591939234981
1637;12,313;4,20654058217811
1638;12,317;3,84592407121819
1639;12,322;3,4599835155801
1640;12,326;3,12807463773135
1641;12,331;2,86108836294061
1642;12,335;2,61302903594693
1643;12,340;2,41075388993716
1644;12,344;2,14900160350371
1645;12,348;2,05785619009
1646;12,353;1,97553982774363
1647;12,357;1,86520312368655
1648;12,362;1,91939340718368
1649;12,366;1,88946979697941
1650;12,371;1,78658756118876
1651;12,375;1,72816779215039
1652;12,380;1,74973816841071
1653;12,384;1,49966983578494
1654;12,388;1,39091918880582
1655;12,393;1,34508213925264
1656;12,397;1,25647441716368
1657;12,402;1,26244856549068
1658;12,406;1,20831115056281
1659;12,411;1,23733599508957
1660;12,415;1,07999913295546
1661;12,419;1,14545042170614
1662;12,424;1,09808018364426
1663;12,428;0,99408770789904
1664;12,433;0,971618565961206
1665;12,437;0,908176282842616
1666;12,442;0,995938107823332
1667;12,446;0,796623601692429
1668;12,451;0,895434957649633
1669;12,455;0,949519504008231
1670;12,459;0,806510024145076
1671;12,464;0,831358251699857
1672;12,468;0,814863258089023
1673;12,473;0,930011001949264
1674;12,477;1,17394658054024
1675;12,482;1,56237195893381
1676;12,486;2,34223622416908
1677;12,491;4,35029022201098
1678;12,495;7,13048967397539
1679;12,499;12,0505444669606
1680;12,504;18,2089926264206
1681;12,508;25,9687768803632
1682;12,513;34,7875185766935
1683;12,517;42,3722021292288
1684;12,522;47,7120333621819
1685;12,526;49,2372915854914
1686;12,531;46,0090310090019
1687;12,535;39,8606278777023
1688;12,539;32,6411604016531
1689;12,544;25,3734767904337
1690;12,548;19,3204485580891
1691;12,553;14,7039650898263
1692;12,557;11,4185535899609
1693;12,562;9,03999665870642
1694;12,566;7,3252046145802
1695;12,571;6,17319849028514
1696;12,575;5,18196568512643
1697;12,579;4,40421616266178
1698;12,584;3,8966250291438
1699;12,588;3,59479836720711
1700;12,593;3,13145822616434
1701;12,597;2,91527864643774
1702;12,602;2,55878588388053
1703;12,606;2,4445369056978
1704;12,610;2,3336186473788
1705;12,615;2,09121625729652
1706;12,619;1,97025297081708
1707;12,624;1,87223464339886
1708;12,628;1,71024534716939
1709;12,633;1,62301220788133
1710;12,637;1,5611559818407
1711;12,642;1,53096802879011
1712;12,646;1,66292797767678
1713;12,650;1,65832841215068
1714;12,655;1,47233678547468
1715;12,659;1,35882796726167
1716;12,664;1,40931745091021
1717;12,668;1,28560499882896
1718;12,673;1,22565204128189
1719;12,677;1,27471407356027
1720;12,682;1,16532900374997
1721;12,686;1,11172027451476
1722;12,690;1,02850514649088
1723;12,695;1,08718925837557
1724;12,699;0,944232647081681
1725;12,704;1,01629250699055
1726;12,708;1,03892025463618
1727;12,713;0,940478978663832
1728;12,717;0,980764828444136
1729;12,722;0,934822041752424
1730;12,726;0,877089564114507
1731;12,730;0,965168600510816
1732;12,735;1,01745561551439
1733;12,739;0,918591390987918
1734;12,744;0,895329220511102
1735;12,748;0,907964808565554
1736;12,753;0,844681131154761
1737;12,757;0,829454983206299
1738;12,762;0,948250658345859
1739;12,766;1,0122216271571
1740;12,770;1,2330007724098
1741;12,775;1,94683219463247
1742;12,779;3,0582881263009
1743;12,784;5,37557038577666
1744;12,788;8,87583975113707
1745;12,793;14,3042787061792
1746;12,797;20,2708668277748
1747;12,802;27,3783586741197
1748;12,806;33,2599341363364
1749;12,810;37,4131832006949
1750;12,815;38,9391287154048
1751;12,819;37,3185484617097
1752;12,824;33,0052662381845
1753;12,828;27,7078355977823
1754;12,833;22,2528037523996
1755;12,837;17,3470234731161
1756;12,841;13,4433140556907
1757;12,846;10,3313114630161
1758;12,850;8,35815072088938
1759;12,855;6,5571829088604
1760;12,859;5,33893246727568
1761;12,864;4,43376969288119
1762;12,868;4,11750991153502
1763;12,873;3,56476901986431
1764;12,877;3,61298515503444
1765;12,881;4,02440836105849
1766;12,886;5,03292918836701
1767;12,890;6,93921119037284
1768;12,895;9,91068912593981
1769;12,899;13,7512206030929
1770;12,904;18,2013795524464
1771;12,908;22,718258636213
1772;12,913;26,7344723690353
1773;12,917;29,307638503756
1774;12,921;29,3874171747777
1775;12,926;28,4690372580668
1776;12,930;25,0150278908137
1777;12,935;21,3029670369757
1778;12,939;17,7352902458018
1779;12,944;14,3423440760504
1780;12,948;11,0387457883576
1781;12,953;8,66536997689115
1782;12,957;6,84457645138762
1783;12,961;5,59793558810732
1784;12,966;4,62166458805075
1785;12,970;4,02863784659973
1786;12,975;3,30328107627719
1787;12,979;2,80240425105592
1788;12,984;2,59574101379711
1789;12,988;2,44004307731024
1790;12,993;2,16475643714482
1791;12,997;1,98928565575266
1792;13,001;1,76639176772934
1793;13,006;1,77003969900866
1794;13,010;1,62803472196155
1795;13,015;1,62660727059138
1796;13,019;1,58632142081108
1797;13,024;1,4143928335597
1798;13,028;1,35829928156901
1799;13,032;1,262712908337
1800;13,037;1,24833265749679
1801;13,041;1,29913935256093
1802;13,046;1,11721860571837
1803;13,050;1,2674710795709
1804;13,055;1,09887321218324
1805;13,059;1,12551897109305
1806;13,064;1,04774930570351
1807;13,068;0,929852396241468
1808;13,072;0,996836873500846
1809;13,077;1,00709337593835
1810;13,081;1,01058270150987
1811;13,086;0,943492487111965
1812;13,090;0,976693948610693
1813;13,095;0,855730662131248
1814;13,099;0,837543874303919
1815;13,104;0,936090887414796
1816;13,108;0,866885930246267
1817;13,112;0,908916442812333
1818;13,117;0,812642778179873
1819;13,121;0,892474317770765
1820;13,126;0,843147942646061
1821;13,130;0,925358567853901
1822;13,135;1,32086833452904
1823;13,139;1,68460409107563
1824;13,144;2,77216342943606
1825;13,148;4,22335278720454
1826;13,152;6,92588831091794
1827;13,157;11,2073436557453
1828;13,161;16,7895244102115
1829;13,166;24,3121931309983
1830;13,170;34,6911920434918
1831;13,175;45,5405626167404
1832;13,179;57,2604141829453
1833;13,184;69,869356478488
1834;13,188;80,5370706477404
1835;13,192;87,7353378275142
1836;13,197;88,6883995256632
1837;13,201;82,9314881497745
1838;13,206;71,6827484042944
1839;13,210;57,5824895069107
1840;13,215;45,314073666007
1841;13,219;34,6456722053542
1842;13,223;26,5126887209666
1843;13,228;20,9500164685593
1844;13,232;16,4951522165412
1845;13,237;13,6228557169163
1846;13,241;11,5511479616787
1847;13,246;9,92559806247267
1848;13,250;8,23068460039028
1849;13,255;7,29776582713141
1850;13,259;6,60027079281178
1851;13,263;5,90155978139904
1852;13,268;5,23293098589837
1853;13,272;4,96631479109249
1854;13,277;4,45269664067824
1855;13,281;4,07912733024828
1856;13,286;3,87003213880326
1857;13,290;3,63254652566267
1858;13,295;3,37586962187871
1859;13,299;3,27779842589122
1860;13,303;3,05723075491559
1861;13,308;2,97840371814074
1862;13,312;2,76317577266092
1863;13,317;2,56031907238923
1864;13,321;2,46980808180671
1865;13,326;2,39515766200384
1866;13,330;2,29597622606177
1867;13,335;2,12891154718282
1868;13,339;2,0486570590378
1869;13,343;1,99356800986316
1870;13,348;1,97654433055967
1871;13,352;1,93514824082479
1872;13,357;1,77463926453476
1873;13,361;1,88661489423907
1874;13,366;1,72531288941006
1875;13,370;1,71241295850928
1876;13,375;1,5567150220224
1877;13,379;1,56739447301403
1878;13,383;1,43548739269663
1879;13,388;1,39588883431678
1880;13,392;1,46382494582293
1881;13,397;1,36818570402166
1882;13,401;1,35412266459704
1883;13,406;1,36807996688313
1884;13,410;1,45948972314316
1885;13,414;1,35903944153873
1886;13,419;1,31240936344657
1887;13,423;1,28745539875325
1888;13,428;1,25425393725452
1889;13,432;1,18203547163786
1890;13,437;1,26006947987373
1891;13,441;1,27249359365112
1892;13,446;1,14481599887496
1893;13,450;1,2927422556798
1894;13,454;1,11653131431792
1895;13,459;1,1473536901997
1896;13,463;1,11092724597578
1897;13,468;1,11489238867069
1898;13,472;1,19773743670971
1899;13,477;1,14883401013913
1900;13,481;1,03395060912522
1901;13,486;1,09723428653601
1902;13,490;1,15998927825415
1903;13,494;1,0545164825695
1904;13,499;1,03844443751279
1905;13,503;1,13514105069937
1906;13,508;1,00302249610491
1907;13,512;1,06133652800475
1908;13,517;1,13519391926864
1909;13,521;1,27767471343914
1910;13,526;1,6828065597206
1911;13,530;2,29565901464618
1912;13,534;3,49545832555725
1913;13,539;5,74676061058968
1914;13,543;8,54223907907182
1915;13,548;12,9644305552839
1916;13,552;18,3564430661021
1917;13,557;24,2347406770243
1918;13,561;30,7755871979817
1919;13,566;36,0393934283311
1920;13,570;39,3160287456985
1921;13,574;40,5252386619388
1922;13,579;38,4192720738172
1923;13,583;35,79762546108
1924;13,588;30,5112972202235
1925;13,592;25,1709373015777
1926;13,597;20,4783230935726
1927;13,601;16,7446918634743
1928;13,606;13,5228812524353
1929;13,610;11,0448256738231
1930;13,614;9,12014540971291
1931;13,619;7,77252557913553
1932;13,623;6,51324912780078
1933;13,628;5,64588738043112
1934;13,632;4,89779712532441
1935;13,637;4,45824784045112
1936;13,641;4,02763334378369
1937;13,645;3,67203934690399
1938;13,650;3,37259177058425
1939;13,654;3,02868172751222
1940;13,659;2,82466191871669
1941;13,663;2,61540812156387
1942;13,668;2,58162510580322
1943;13,672;2,41709811824901
1944;13,677;2,20403778410908
1945;13,681;2,2032447555701
1946;13,685;1,9706759193712
1947;13,690;1,89687139667658
1948;13,694;1,94720227461732
1949;13,699;1,80213092055281
1950;13,703;1,75555371102992
1951;13,708;1,58764313504272
1952;13,712;1,57706942118962
1953;13,717;1,57553623268092
1954;13,721;1,41846371339314
1955;13,725;1,48719285343828
1956;13,730;1,40577525676942
1957;13,734;1,3229302087304
1958;13,739;1,41989116476331
1959;13,743;1,27688168490016
1960;13,748;1,2420412977542
1961;13,752;1,18615922004057
1962;13,757;1,31537000332543
1963;13,761;1,28629229022941
1964;13,765;1,08750646979116
1965;13,770;1,18758667141074
1966;13,774;1,12197677695226
1967;13,779;1,07328482465875
1968;13,783;1,11557968007114
1969;13,788;1,14656066166072
1970;13,792;0,994140576468306
1971;13,797;1,08528598988201
1972;13,801;1,01597529557495
1973;13,805;1,00386839321316
1974;13,810;0,978755822812048
1975;13,814;1,0814794528949
1976;13,819;0,901409105976633
1977;13,823;1,05599680250893
1978;13,828;1,00392126178242
1979;13,832;0,926733150654804
1980;13,836;0,950629743962806
1981;13,841;1,11452230868583
1982;13,845;1,0453173515173
1983;13,850;0,969186611774994
1984;13,854;0,994510656453164
1985;13,859;1,06968976194869
1986;13,863;1,14143241044197
1987;13,868;1,20513903640688
1988;13,872;1,14856966729281
1989;13,876;1,15887903829958
1990;13,881;1,09247611530212
1991;13,885;1,12134235412108
1992;13,890;1,07873028729309
1993;13,894;1,04108786597606
1994;13,899;1,03268176346285
1995;13,903;1,10410720054053
1996;13,908;1,05028699702826
1997;13,912;0,94893794974631
1998;13,916;0,949889583993089
1999;13,921;0,914837722570068
2000;13,925;1,04574030007143
2001;13,930;0,945765835590381
2002;13,934;0,937571207354229
2003;13,939;0,912088556968263
2004;13,943;0,838812719966291
2005;13,948;0,905638591517873
2006;13,952;0,784939647884755
2007;13,956;0,854567553607408
2008;13,961;0,746980015152132
2009;13,965;0,803919464251067
2010;13,970;0,800271532971748
2011;13,974;0,83331438876268
2012;13,979;0,786842916378313
2013;13,983;0,8564179535317
2014;13,988;0,805452652759766
2015;13,992;0,858955644856443
2016;13,996;0,790067899103508
2017;14,001;0,805505521329031
2018;14,005;0,76506106584093
2019;14,010;0,80212193289604
2020;14,014;0,729110438740396
2021;14,019;0,83331438876268
2022;14,023;0,66609110417593
2023;14,027;0,813805886703713
2024;14,032;0,841350411291035
2025;14,036;0,807673132668916
2026;14,041;0,897866911835845
2027;14,045;0,866198638845816
2028;14,050;0,844945474001088
2029;14,054;0,85594213640831
2030;14,059;0,846901611063911
2031;14,063;0,781027373759109
2032;14,067;0,799584241571296
2033;14,072;0,738309569792591
2034;14,076;0,855677793561983
2035;14,081;0,801751852911181
2036;14,085;0,777802391033914
2037;14,090;0,78980355625718
2038;14,094;0,739366941177901
2039;14,099;0,805822732744624
2040;14,103;0,690410646038056
2041;14,107;0,740212838286149
2042;14,112;0,775687648263294
2043;14,116;0,703522051215898
2044;14,121;0,784040882207242
2045;14,125;0,784463830761366
2046;14,130;0,83764961144245
2047;14,134;0,742327581056769
2048;14,139;0,816819395151847
2049;14,143;0,703944999770022
2050;14,147;0,76881473425878
2051;14,152;0,713249867960748
2052;14,156;0,841614754137362
2053;14,161;0,770295054198214
2054;14,165;0,862074890443107
2055;14,170;0,732176815757794
2056;14,174;0,793345750397968
2057;14,179;0,759034048944664
2058;14,183;0,752531214925009
2059;14,187;0,686815583328002
2060;14,192;0,830512354591609
2061;14,196;0,794191647506216
2062;14,201;0,784622436469162
2063;14,205;0,672435332487789
2064;14,210;0,863766684659603
2065;14,214;0,695538897256809
2066;14,218;0,747138620859928
2067;14,223;0,69035777746879
2068;14,227;0,705266714001659
2069;14,232;0,685969686219755
2070;14,236;0,812431303902811
2071;14,241;0,721867444751023
2072;14,245;0,776639282510073
2073;14,250;0,73445016423621
2074;14,254;0,844363919739168
2075;14,258;0,740952998255866
2076;14,263;0,70748719391081
2077;14,267;0,744971009520043
2078;14,272;0,728581753047741
2079;14,276;0,844998342570354
2080;14,281;0,755967671927266
2081;14,285;0,835693474379627
2082;14,290;0,854038867914753
2083;14,294;0,775740516832559
2084;14,298;0,771405294152789
2085;14,303;0,694481525871499
2086;14,307;0,70325770836957
2087;14,312;0,794667464629605
2088;14,316;0,731278050080281
2089;14,321;0,826547211896697
2090;14,325;0,780604425204985
2091;14,330;0,717796564917581
2092;14,334;0,745869775197557
2093;14,338;0,698658142843473
2094;14,343;0,708438828157589
2095;14,347;0,658742373048026
2096;14,352;0,69728356004257
2097;14,356;0,691468017423366
2098;14,361;0,758769706098337
2099;14,365;0,707751536757137
2100;14,370;0,682216017801905
2101;14,374;0,774894619724312
2102;14,378;0,679519720769365
2103;14,383;0,744812403812247
2104;14,387;0,845897108247867
2105;14,392;0,716686324963005
2106;14,396;0,798896950170845
2107;14,401;0,751050894985575
2108;14,405;0,764690985856072
2109;14,409;0,768603259981718
2110;14,414;0,67851521795332
2111;14,418;0,738785386915981
2112;14,423;0,736089089883441
2113;14,427;0,716897799240067
2114;14,432;0,714201502207527
2115;14,436;0,752002529232354
2116;14,441;0,729850598710113
2117;14,445;0,692578257377941
2118;14,449;0,756813569035513
2119;14,454;0,717585090640519
2120;14,458;0,720122781965262
2121;14,463;0,759932814622177
2122;14,467;0,754117272002973
2123;14,472;0,763792220178558
2124;14,476;0,681000040708798
2125;14,481;0,767228677180815
2126;14,485;0,723030553274864
2127;14,489;0,768603259981718
2128;14,494;0,750046392169531
2129;14,498;0,772304059830302
2130;14,503;0,790173636242039
2131;14,507;0,827763188989803
2132;14,512;0,716527719255209
2133;14,516;0,636431836817989
2134;14,521;0,638017893895954
2135;14,525;0,738521044069653
2136;14,529;0,642300248006458
2137;14,534;0,653931333244867
2138;14,538;0,633999882631776
2139;14,543;0,675871789490046
2140;14,547;0,776586413940807
2141;14,552;0,661068590095708
2142;14,556;0,734978849928865
2143;14,561;0,660751378680115
2144;14,565;0,757606597574496
2145;14,569;0,764638117286806
2146;14,574;0,642828933699113
2147;14,578;0,659852613002602
2148;14,583;0,744971009520043
2149;14,587;0,776745019648604
2150;14,592;0,837491005734654
2151;14,596;0,69950403995172
2152;14,601;0,697547902888897
2153;14,605;0,743860769565468
2154;14,609;0,662073092911752
2155;14,614;0,67957258933863
2156;14,618;0,696384794365056
2157;14,623;0,722924816136333
2158;14,627;0,807567395530385
2159;14,632;0,732176815757794
2160;14,636;0,738732518346715
2161;14,640;0,648750213456848
2162;14,645;0,688613114683029
2163;14,649;0,763950825886355
2164;14,654;0,794667464629605
2165;14,658;0,76775736287347
2166;14,663;0,915789356816847
2167;14,667;1,18325144873097
2168;14,672;1,53022786882039
2169;14,676;2,23644621706883
2170;14,680;3,28905943114477
2171;14,685;4,79829847796676
2172;14,689;7,04494832890383
2173;14,694;9,55784429466191
2174;14,698;12,461438987292
2175;14,703;15,4025174955313
2176;14,707;18,317584667692
2177;14,712;20,1207729596301
2178;14,716;21,1483793404435
2179;14,720;21,1201475244557
2180;14,725;20,4046771765858
2181;14,729;18,9145236832686
2182;14,734;16,7507717489399
2183;14,738;14,4430587005011
2184;14,743;12,3202270387839
2185;14,747;10,5687442075874
2186;14,752;8,75181008764023
2187;14,756;7,35496961907667
2188;14,760;6,2331514478322
2189;14,765;5,20538646131105
2190;14,769;4,52443928917151
2191;14,774;3,88266772685771
2192;14,778;3,55218630037912
2193;14,783;3,19928860053196
2194;14,787;2,78945145158587
2195;14,792;2,47604657298004
2196;14,796;2,30602125422222
2197;14,800;2,23977693693256
2198;14,805;1,94466458329258
2199;14,809;1,90818527049939
2200;14,814;1,76158072792618
2201;14,818;1,71399901558724
2202;14,823;1,71193714138589
2203;14,827;1,50934478396052
2204;14,831;1,50495669271149
2205;14,836;1,4698519627192
2206;14,840;1,39472572579294
2207;14,845;1,41751207914636
2208;14,849;1,40952892518727
2209;14,854;1,29453978703483
2210;14,858;1,3365702996009
2211;14,863;1,18647643145616
2212;14,867;1,3140482890938
2213;14,871;1,15126596432535
2214;14,876;1,18726945999515
2215;14,880;1,16326712954861
2216;14,885;1,08697778409851
2217;14,889;1,11832884567295
2218;14,894;1,09781584079793
2219;14,898;1,11409936013171
2220;14,903;1,07899463013942
2221;14,907;1,03617108903437
2222;14,911;1,07439506461332
2223;14,916;1,05636688249379
2224;14,920;1,00978967297089
2225;14,925;0,960251823569125
2226;14,929;0,94412690994315
2227;14,934;0,951792852486647
2228;14,938;0,888562043645119
2229;14,943;0,897602568989518
2230;14,947;0,949730978285293
2231;14,951;0,883433792426366
2232;14,956;0,888984992199243
2233;14,960;0,95586373232009
2234;14,965;0,890200969292349
2235;14,969;0,982350885522101
2236;14,974;0,951739983917381
2237;14,978;0,95269161816416
2238;14,983;0,927103230639662
2239;14,987;0,800218664402482
2240;14,991;0,994193445037571
2241;14,996;0,936619573107451
2242;15,000;0,895857906203757
2243;15,005;0,837596742873185
2244;15,009;0,835799211518158
2245;15,014;0,830036537468219
2246;15,018;0,970614063145162
2247;15,022;0,913145928353572
2248;15,027;0,804183807097394
2249;15,031;0,825648446219184
2250;15,036;0,77256840267663
2251;15,040;0,88655303801303
2252;15,045;0,88221781533326
2253;15,049;0,872331392880613
2254;15,054;0,844152445462106
2255;15,058;0,844311051169902
2256;15,062;0,790702321934694
2257;15,067;0,863872421798134
2258;15,071;0,876508009852587
2259;15,076;0,864559713198585
2260;15,080;0,800324401541013
2261;15,085;0,77314995693855
2262;15,089;0,807461658391854
2263;15,094;0,720122781965262
2264;15,098;0,930275344795592
2265;15,102;0,814810389519758
2266;15,107;0,807144446976262
2267;15,111;0,824432469126077
2268;15,116;0,826917291881555
2269;15,120;0,747561569414052
2270;15,125;0,831358251699857
2271;15,129;0,77151103129132
2272;15,134;0,732652632881184
2273;15,138;0,752425477786478
2274;15,142;0,74465379810445
2275;15,147;0,827075897589352
2276;15,151;0,761043054576753
2277;15,156;0,833050045916352
2278;15,160;0,858374090594523
2279;15,165;0,821894777801334
2280;15,169;0,814757520950492
2281;15,174;0,914150431169617
2282;15,178;0,813435806718855
2283;15,182;0,769237682812904
2284;15,187;0,830300880314547
