#"+EI TIC Scan 150C_1ml-min_10C-min_4.d "
#Point;X(Minutes);Y(Counts)
0;4,691;100
1;4,695;94,5110125115984
2;4,699;89,2573069447469
3;4,703;84,8053579419895
4;4,708;80,5136937989581
5;4,712;76,2340766523134
6;4,716;72,0657304628382
7;4,720;68,6029262524462
8;4,724;65,1248378307204
9;4,728;62,1265217520909
10;4,732;58,3251010609141
11;4,736;55,180227432862
12;4,741;52,2552091155416
13;4,745;49,9001304948876
14;4,749;47,1439694862587
15;4,753;44,7116723718229
16;4,757;42,2062104022634
17;4,761;40,406565717457
18;4,765;38,434313870868
19;4,769;36,3901787645155
20;4,774;34,2655974427331
21;4,778;32,0795754900488
22;4,782;30,9961622389604
23;4,786;28,9207941790129
24;4,790;28,0018238525972
25;4,794;26,5323845856925
26;4,798;25,3002872862133
27;4,802;23,9470649852389
28;4,806;22,7383971476054
29;4,811;21,5091383445168
30;4,815;20,3781256924175
31;4,819;19,4723985180581
32;4,823;18,4973512746558
33;4,827;17,2046487545836
34;4,831;16,7221708212824
35;4,835;15,6345710253503
36;4,839;15,1171672451567
37;4,844;14,2979714908637
38;4,848;13,5329065272696
39;4,852;12,7793189621242
40;4,856;12,3045780674795
41;4,860;11,6951177672217
42;4,864;10,9379797082633
43;4,868;10,6430703759138
44;4,872;10,107752740573
45;4,877;9,60010807171542
46;4,881;9,22159125538056
47;4,885;8,79601615607591
48;4,889;8,19167274396022
49;4,893;7,85514478894783
50;4,897;7,43675611695972
51;4,901;7,22183732168974
52;4,905;6,8727971986414
53;4,910;6,66333705027632
54;4,914;6,31044264784816
55;4,918;6,32342948083237
56;4,922;6,75688401827802
57;4,926;7,52919236898251
58;4,930;8,90946107870837
59;4,934;10,45662198424
60;4,938;12,2497637592553
61;4,943;13,3187282093189
62;4,947;13,8442582534267
63;4,951;13,8348978606471
64;4,955;13,6661544715432
65;4,959;13,4076329541267
66;4,963;13,1127805815709
67;4,967;12,7143088508115
68;4,971;12,3901791442474
69;4,975;12,0066878392549
70;4,980;11,6076085373617
71;4,984;11,2201110602059
72;4,988;10,8063930913086
73;4,992;10,4507741120775
74;4,996;10,174319752916
75;5,000;9,80525826235036
76;5,004;9,49145726506031
77;5,008;9,34474782285428
78;5,013;9,02471922144316
79;5,017;8,5659175757608
80;5,021;8,31579762792837
81;5,025;8,01192662135578
82;5,029;7,75504744466024
83;5,033;7,44942017777911
84;5,037;7,20716068148976
85;5,041;6,95247445685514
86;5,046;6,71697418942891
87;5,050;6,43772880037168
88;5,054;6,17425178089542
89;5,058;5,89793032791943
90;5,062;5,63304830019634
91;5,066;5,5082683785996
92;5,070;5,12871679267755
93;5,074;4,82892790465994
94;5,079;4,53191105994012
95;5,083;4,2541845987173
96;5,087;4,03343691788277
97;5,091;3,79820246282756
98;5,095;3,56751529797662
99;5,099;3,30077258365637
100;5,103;3,1054954239451
101;5,107;2,97098487090917
102;5,112;2,76971743955094
103;5,116;2,57743066901366
104;5,120;2,4588498716411
105;5,124;2,2881698495483
106;5,128;2,18810098515761
107;5,132;2,07086823623809
108;5,136;1,91961150382779
109;5,140;1,84013360489231
110;5,144;1,79273356315977
111;5,149;1,67011811372706
112;5,153;1,6118007781847
113;5,157;1,54207249728634
114;5,161;1,43588994836215
115;5,165;1,38473056023944
116;5,169;1,38692351230037
117;5,173;1,32303361026552
118;5,177;1,44464277000793
119;5,182;1,66489679929628
120;5,186;2,13594480064357
121;5,190;2,8572171761119
122;5,194;3,8123474782855
123;5,198;4,82230158198233
124;5,202;5,74722420684911
125;5,206;6,37163645297694
126;5,210;6,63161044513509
127;5,215;6,76921581363363
128;5,219;6,73438489973083
129;5,223;6,61342128431804
130;5,227;6,4435386993383
131;5,231;6,28294056074639
132;5,235;5,96163985727395
133;5,239;5,91395501657245
134;5,243;5,66716721667676
135;5,248;5,43142012347744
136;5,252;5,33949650959877
137;5,256;5,18501205554036
138;5,260;4,97437473810361
139;5,264;4,87569189536182
140;5,268;4,71610953975917
141;5,272;4,50911764912501
142;5,276;4,3794107053654
143;5,281;4,27215541365816
144;5,285;4,11291481681825
145;5,289;3,97249943182606
146;5,293;3,84863086692996
147;5,297;3,75486555305207
148;5,301;3,57759718147751
149;5,305;3,44699786761519
150;5,309;3,22252881358635
151;5,313;3,09157824766232
152;5,318;2,94255244050882
153;5,322;2,80221300190834
154;5,326;2,61569815714182
155;5,330;2,39858640981091
156;5,334;2,28856856810483
157;5,338;2,16172860063267
158;5,342;1,98916890534478
159;5,346;1,84642766210615
160;5,351;1,74307411627355
161;5,355;1,57506171118992
162;5,359;1,52769964265324
163;5,363;1,44198464629772
164;5,367;1,34427961334933
165;5,371;1,28770904481654
166;5,375;1,18659591753969
167;5,379;1,11492151035349
168;5,384;1,07110044233077
169;5,388;1,03898461193198
170;5,392;0,977211715566333
171;5,396;0,942333335168704
172;5,400;0,904521525390872
173;5,404;0,820914041405593
174;5,408;0,837878566656154
175;5,412;0,826809380062895
176;5,417;0,788693784718181
177;5,421;0,760223381121967
178;5,425;0,728658162063144
179;5,429;0,712358167740137
180;5,433;0,681134707444056
181;5,437;0,694206980118943
182;5,441;0,683650431669797
183;5,445;0,641110959007365
184;5,450;0,632462563650196
185;5,454;0,630620863650975
186;5,458;0,630943635815787
187;5,462;0,625295122931576
188;5,466;0,591774284285951
189;5,470;0,603156749745058
190;5,474;0,595609577067835
191;5,478;0,575920475014302
192;5,482;0,625247656436751
193;5,487;0,693124744036927
194;5,491;0,919055766106379
195;5,495;1,42783013754081
196;5,499;2,40165274537662
197;5,503;3,95472797616347
198;5,507;6,06684459640474
199;5,511;8,413711513454
200;5,515;10,6000277584062
201;5,520;12,2427482113201
202;5,524;13,3018776036559
203;5,528;13,9874456817166
204;5,532;13,8970789688682
205;5,536;13,9363907198826
206;5,540;13,5984197834275
207;5,544;13,2828720191279
208;5,548;12,843503156427
209;5,553;12,3856603339401
210;5,557;11,9327920001109
211;5,561;11,4967932585426
212;5,565;11,1200706757121
213;5,569;10,6414849949866
214;5,573;10,2674680023612
215;5,577;9,91618746075708
216;5,581;9,45898068930084
217;5,586;9,19774408838033
218;5,590;8,77419106175524
219;5,594;8,33404374853922
220;5,598;8,02749563165848
221;5,602;7,60178762616832
222;5,606;7,21499265313593
223;5,610;6,69627879768508
224;5,614;6,31262610661013
225;5,619;5,95985511706852
226;5,623;5,46914649356459
227;5,627;5,04001140714804
228;5,631;4,57783964033308
229;5,635;4,11435779826094
230;5,639;3,74242933140784
231;5,643;3,42118558772919
232;5,647;3,0853886167371
233;5,651;2,82379127045592
234;5,656;2,54702363242858
235;5,660;2,29477718562798
236;5,664;2,02880342852391
237;5,668;1,83792166623346
238;5,672;1,70524331989778
239;5,676;1,54394267718246
240;5,680;1,38960062260852
241;5,684;1,28880077419752
242;5,689;1,18514344279803
243;5,693;1,10454533458468
244;5,697;0,984379156284953
245;5,701;0,92566310218606
246;5,705;0,863434527470095
247;5,709;0,815284515119313
248;5,713;0,761571429575006
249;5,717;0,720237605881137
250;5,722;0,648382826014601
251;5,726;0,675163422395034
252;5,730;0,591081273461502
253;5,734;0,605587034280113
254;5,738;0,57411674821094
255;5,742;0,55411436729156
256;5,746;0,548665213685616
257;5,750;0,494401516801335
258;5,755;0,479145785364485
259;5,759;0,464203332793481
260;5,763;0,462703391557002
261;5,767;0,455165712178744
262;5,771;0,448577362696993
263;5,775;0,460814225062955
264;5,779;0,44646985032675
265;5,783;0,417372888998842
266;5,788;0,411923735392898
267;5,792;0,40256334261335
268;5,796;0,402829154984371
269;5,800;0,411107311681903
270;5,804;0,395842086946087
271;5,808;0,393525721998613
272;5,812;0,379067427674827
273;5,816;0,388513260145061
274;5,820;0,362444661187008
275;5,825;0,390772665298746
276;5,829;0,374064459120241
277;5,833;0,356625268921426
278;5,837;0,363346524588689
279;5,841;0,364789506031378
280;5,845;0,34766359469841
281;5,849;0,359663124590245
282;5,853;0,392358046225911
283;5,858;0,456703626611084
284;5,862;0,663420211575255
285;5,866;1,08890037789026
286;5,870;1,79676821521992
287;5,874;2,84928077817711
288;5,878;4,09632053022733
289;5,882;5,38509282452795
290;5,886;6,58371675185637
291;5,891;7,4506732932425
292;5,895;8,0283595218643
293;5,899;8,19986546096707
294;5,903;8,16101888160204
295;5,907;8,03776738113867
296;5,911;7,84432242812766
297;5,915;7,62131534213944
298;5,919;7,41700056181343
299;5,924;7,15896320264415
300;5,928;6,81541969969657
301;5,932;6,53951595187505
302;5,936;6,31906256330844
303;5,940;6,04333918816725
304;5,944;5,7049505465577
305;5,948;5,53032131209543
306;5,952;5,28367591168422
307;5,957;4,91850667369424
308;5,961;4,62365430113846
309;5,965;4,35632300228238
310;5,969;4,0772010261117
311;5,973;3,81733146024216
312;5,977;3,46419972533987
313;5,981;3,12160555228881
314;5,985;2,85163511632044
315;5,989;2,51257245048438
316;5,994;2,30757415263288
317;5,998;2,04830266459814
318;6,002;1,81696995541757
319;6,006;1,61194317766918
320;6,010;1,4637243009277
321;6,014;1,28074096337618
322;6,018;1,21767697835129
323;6,022;1,06841383872366
324;6,027;0,946747719187457
325;6,031;0,88258251148262
326;6,035;0,822518408930688
327;6,039;0,750075044528319
328;6,043;0,704061024444675
329;6,047;0,67129015641729
330;6,051;0,632642936330532
331;6,055;0,604390878610515
332;6,060;0,597194957995
333;6,064;0,546253915748491
334;6,068;0,527798942560415
335;6,072;0,522691547717213
336;6,076;0,472130237429306
337;6,080;0,467250681761265
338;6,084;0,471522666295542
339;6,088;0,448472936408377
340;6,093;0,422831535903752
341;6,097;0,427122507035959
342;6,101;0,452384175581982
343;6,105;0,421141728687971
344;6,109;0,413395196732482
345;6,113;0,408449187971686
346;6,117;0,382684374580515
347;6,121;0,385048206022815
348;6,126;0,390032187979471
349;6,130;0,335825450888981
350;6,134;0,347929407069432
351;6,138;0,329512407077216
352;6,142;0,317152131824709
353;6,146;0,309614452446452
354;6,150;0,321433609657951
355;6,154;0,325895460171529
356;6,158;0,310706181827433
357;6,163;0,283982545240791
358;6,167;0,286033097817244
359;6,171;0,233136435983932
360;6,175;0,261844172054272
361;6,179;0,249806668966577
362;6,183;0,214263757641394
363;6,187;0,207570981871027
364;6,191;0,244376501958563
365;6,196;0,201049085482031
366;6,200;0,198191602493548
367;6,204;0,193530392701704
368;6,208;0,198381468472849
369;6,212;0,191954505073504
370;6,216;0,213399867435573
371;6,220;0,200451007647232
372;6,224;0,195875237546073
373;6,229;0,205264110222517
374;6,233;0,182280833428108
375;6,237;0,179005645285163
376;6,241;0,187597080848541
377;6,245;0,191147574661474
378;6,249;0,194413269505454
379;6,253;0,187929346312319
380;6,257;0,190748856104941
381;6,262;0,195495505587471
382;6,266;0,185631967962774
383;6,270;0,20645077259315
384;6,274;0,283878118952175
385;6,278;0,512676117309075
386;6,282;0,990037162468129
387;6,286;1,8843438981726
388;6,290;3,48813233203079
389;6,295;5,70789346923687
390;6,299;8,73296166434999
391;6,303;11,7905633950164
392;6,307;14,6892852742035
393;6,311;16,9811100438533
394;6,315;18,563576528236
395;6,319;19,1528066083993
396;6,323;19,2844311985499
397;6,327;19,1033275341934
398;6,332;18,6232703921283
399;6,336;17,793309236809
400;6,340;17,0976782618453
401;6,344;16,1510064890496
402;6,348;15,5132751444738
403;6,352;14,8260172591973
404;6,356;14,0060145744923
405;6,360;13,3016212845839
406;6,365;12,4393449395875
407;6,369;11,6145196590083
408;6,373;10,7390761083474
409;6,377;9,83812406336739
410;6,381;8,88487343438887
411;6,385;7,8911243920254
412;6,389;6,92733620119566
413;6,393;6,1298611149348
414;6,398;5,32584514568701
415;6,402;4,74060225108902
416;6,406;4,09558005290805
417;6,410;3,53622538458778
418;6,414;3,0395264894369
419;6,418;2,62781160662123
420;6,422;2,28564463202359
421;6,426;1,96203705690264
422;6,431;1,6870066925859
423;6,435;1,45592080917843
424;6,439;1,26922559173156
425;6,443;1,1268450938536
426;6,447;0,956231524853552
427;6,451;0,885658340347299
428;6,455;0,773779812044072
429;6,459;0,679416420331381
430;6,464;0,61792832293469
431;6,468;0,564243717287278
432;6,472;0,490680143607032
433;6,476;0,455137232281849
434;6,480;0,419423441575295
435;6,484;0,378839588499666
436;6,488;0,381564165302638
437;6,492;0,333518579240472
438;6,496;0,319848228730786
439;6,501;0,289118419980888
440;6,505;0,285491979776235
441;6,509;0,264198510197607
442;6,513;0,290770254000808
443;6,517;0,267502178237448
444;6,521;0,264283949888292
445;6,525;0,251515462780287
446;6,529;0,254448892160491
447;6,534;0,242772134433467
448;6,538;0,246797293194653
449;6,542;0,234579417426621
450;6,546;0,232557344747063
451;6,550;0,225465850420164
452;6,554;0,242098110206948
453;6,558;0,25594883339697
454;6,562;0,255274809170451
455;6,567;0,272182374627222
456;6,571;0,287333679775457
457;6,575;0,285662859157606
458;6,579;0,301279335955129
459;6,583;0,326740363779419
460;6,587;0,317531863783311
461;6,591;0,318063488525355
462;6,595;0,303994419459136
463;6,600;0,290542414825647
464;6,604;0,28223577823122
465;6,608;0,28461859627145
466;6,612;0,2933809112162
467;6,616;0,2575437076231
468;6,620;0,257932932880668
469;6,624;0,271062165349345
470;6,628;0,247851049379774
471;6,633;0,240066544228425
472;6,637;0,229367596294803
473;6,641;0,26150241329153
474;6,645;0,330727549344744
475;6,649;0,532251299775028
476;6,653;0,907502421265901
477;6,657;1,56241663696846
478;6,661;2,56901960613062
479;6,665;3,85075736589813
480;6,670;5,34987268536758
481;6,674;6,77866164610387
482;6,678;8,09137604039437
483;6,682;9,01208364052067
484;6,686;9,49688743206833
485;6,690;9,58003923770328
486;6,694;9,50587758618824
487;6,698;9,34933308625441
488;6,703;9,02223197711431
489;6,707;8,69931741281781
490;6,711;8,32811992998502
491;6,715;7,87586866058855
492;6,719;7,47137817828529
493;6,723;7,08357691556261
494;6,727;6,53234851115643
495;6,731;6,07116404743384
496;6,736;5,51910023271873
497;6,740;5,0177970875698
498;6,744;4,64484334442847
499;6,748;4,48879249604082
500;6,752;4,56846975425456
501;6,756;5,13647281793201
502;6,760;6,15357537574952
503;6,764;7,4814031019924
504;6,769;8,83903978698556
505;6,773;10,2550792472118
506;6,777;11,3999141426042
507;6,781;11,9452187284561
508;6,785;12,2722913576993
509;6,789;12,0842196119025
510;6,793;11,7669155872944
511;6,797;11,4101479188885
512;6,802;10,7459492567981
513;6,806;10,2690438899894
514;6,810;9,46126857435142
515;6,814;8,86711147202524
516;6,818;8,21544396456873
517;6,822;7,69064490448127
518;6,826;7,01581374755002
519;6,830;6,29653496486435
520;6,834;5,60035337856068
521;6,839;4,86279999536727
522;6,843;4,27831656468648
523;6,847;3,64191428196579
524;6,851;3,18222026618071
525;6,855;2,67307565608664
526;6,859;2,31980152169988
527;6,863;1,9079252528018
528;6,867;1,65742557301078
529;6,872;1,38667668652728
530;6,876;1,17135917270077
531;6,880;0,997422949062945
532;6,884;0,816176885222028
533;6,888;0,737097704843082
534;6,892;0,630525930661324
535;6,896;0,564167770895558
536;6,900;0,465494421452729
537;6,905;0,456475787435923
538;6,909;0,404651868385663
539;6,913;0,366583739535774
540;6,917;0,346201626657791
541;6,921;0,303358368428477
542;6,925;0,27028371483421
543;6,929;0,272457680297209
544;6,933;0,240104517424286
545;6,938;0,216010524650965
546;6,942;0,236743889590655
547;6,946;0,193150660743101
548;6,950;0,1841035468294
549;6,954;0,182318806623968
550;6,958;0,17776202312074
551;6,962;0,162439838591134
552;6,966;0,163617007662801
553;6,971;0,162041120034601
554;6,975;0,172702094772363
555;6,979;0,127276659224553
556;6,983;0,12363123242197
557;6,987;0,10516676593493
558;6,991;0,112305726756654
559;6,995;0,117878293249144
560;6,999;0,11719477572366
561;7,003;0,1084894205727
562;7,008;0,110767812324315
563;7,012;0,0898161015084282
564;7,016;0,0842435350159383
565;7,020;0,101597285524067
566;7,024;0,0724148845054741
567;7,028;0,0928444638782822
568;7,032;0,0759653783184064
569;7,036;0,0828480200680746
570;7,041;0,0618488427573629
571;7,045;0,0622760412107905
572;7,049;0,0624279339942315
573;7,053;0,0621526283242448
574;7,057;0,0529631149260671
575;7,061;0,0445520520430244
576;7,065;0,0482924118352578
577;7,069;0,0376124504995659
578;7,074;0,0239895664847054
579;7,078;0,0339860102949131
580;7,082;0,0480550793611314
581;7,086;0,0531529809053683
582;7,090;0,0424255530748511
583;7,094;0,0289925350392918
584;7,098;0,0577667242023873
585;7,102;0,0443906659606184
586;7,107;0,0377358633861116
587;7,111;0,0488050499793711
588;7,115;0,0349068602945239
589;7,119;0,0410205448280222
590;7,123;0,0298469319461472
591;7,127;0,0489284628659168
592;7,131;0,0453399958571243
593;7,135;0,0845758004797154
594;7,140;0,156810312304853
595;7,144;0,341540416865947
596;7,148;0,768112312561932
597;7,152;1,42410876434651
598;7,156;2,42449362268655
599;7,160;3,86419987723266
600;7,164;5,51246441674215
601;7,168;7,38002416234453
602;7,172;9,09318489357917
603;7,177;10,2758410920484
604;7,181;11,0895307329415
605;7,185;11,5085079894655
606;7,189;11,437441153413
607;7,193;11,1415540112701
608;7,197;10,6547756135377
609;7,201;10,1874299987868
610;7,205;9,5734603815205
611;7,210;8,85421957203069
612;7,214;8,09969217028776
613;7,218;7,2967014773282
614;7,222;6,56565100392586
615;7,226;5,70279556769263
616;7,230;5,05467855404905
617;7,234;4,3514814198102
618;7,238;3,87482287877456
619;7,243;3,73232846130902
620;7,247;4,16870693483591
621;7,251;5,39829800338835
622;7,255;7,83887327452171
623;7,259;11,4181412766171
624;7,263;16,4128791410007
625;7,267;22,0192512711053
626;7,271;28,0430532500024
627;7,276;33,3425924642573
628;7,280;37,340704816691
629;7,284;39,8906428919019
630;7,288;40,891540388386
631;7,292;40,48698345299
632;7,296;39,1191889381043
633;7,300;37,5298967717657
634;7,304;34,8424672476439
635;7,309;32,0319381158422
636;7,313;28,942505353746
637;7,317;25,9688813457245
638;7,321;22,7844966073797
639;7,325;19,9707302606309
640;7,329;17,184693840159
641;7,333;14,6240947902104
642;7,337;12,1911711180429
643;7,341;10,1988029709469
644;7,346;8,46102611549586
645;7,350;6,88558467234733
646;7,354;5,66700583059436
647;7,358;4,67362702689053
648;7,362;3,82916011075262
649;7,366;3,22746532904818
650;7,370;2,72639951637338
651;7,374;2,29180578305192
652;7,379;1,9902796213237
653;7,383;1,70081944258007
654;7,387;1,4643223787625
655;7,391;1,2615265262709
656;7,395;1,12943676447106
657;7,399;0,9878442104072
658;7,403;0,894695960962036
659;7,407;0,806778519246619
660;7,412;0,757100085762463
661;7,416;0,659508972401651
662;7,420;0,619190931697043
663;7,424;0,561898872442909
664;7,428;0,510729991021238
665;7,432;0,502717646694728
666;7,436;0,455412537951836
667;7,440;0,406066369931457
668;7,445;0,397512907563938
669;7,449;0,344464352947185
670;7,453;0,339784156557411
671;7,457;0,315927496258216
672;7,461;0,30779173904516
673;7,465;0,279112482871715
674;7,469;0,268603400917394
675;7,473;0,252464792676793
676;7,478;0,234474991138005
677;7,482;0,248714939585595
678;7,486;0,223738070008523
679;7,490;0,226168354543578
680;7,494;0,228560665882773
681;7,498;0,207912740633769
682;7,502;0,213485307126259
683;7,506;0,234636377220411
684;7,510;0,210713263828461
685;7,515;0,209488628261969
686;7,519;0,214415650424835
687;7,523;0,196254969504676
688;7,527;0,191100108166648
689;7,531;0,204039474656025
690;7,535;0,148978340658679
691;7,539;0,177486717450753
692;7,543;0,155310371068374
693;7,548;0,140785623651833
694;7,552;0,142532390661404
695;7,556;0,127504498399715
696;7,560;0,139086323137087
697;7,564;0,127191219533868
698;7,568;0,121571186546552
699;7,572;0,101758671606473
700;7,576;0,115372062322369
701;7,581;0,120156685000759
702;7,585;0,116074566445783
703;7,589;0,17706901229629
704;7,593;0,277270782872494
705;7,597;0,528093234828332
706;7,601;0,946975558362619
707;7,605;1,74920678740497
708;7,609;3,00079382965946
709;7,614;4,72624838305385
710;7,618;6,66725778274889
711;7,622;8,68587490148329
712;7,626;10,4973102636042
713;7,630;11,9614617629854
714;7,634;12,8010586167542
715;7,638;13,1908914454554
716;7,642;13,286916164487
717;7,647;12,7887173280996
718;7,651;11,9327255470181
719;7,655;11,067126547384
720;7,659;10,0114906890673
721;7,663;8,91085659365624
722;7,667;7,80501067711335
723;7,671;6,73262863942229
724;7,675;5,8488974387649
725;7,679;4,84556965774569
726;7,684;4,063805981272
727;7,688;3,37661454908823
728;7,692;2,74415198543804
729;7,696;2,30291294284104
730;7,700;1,89520423218863
731;7,704;1,57562181582886
732;7,708;1,32144822933836
733;7,712;1,10228592943099
734;7,717;0,930713537235472
735;7,721;0,785874274925558
736;7,725;0,680792948681314
737;7,729;0,599406896653859
738;7,733;0,526640760086678
739;7,737;0,440356165793252
740;7,741;0,4034462194171
741;7,745;0,358087236962046
742;7,750;0,318196394710865
743;7,754;0,290580388021507
744;7,758;0,255597581335263
745;7,762;0,268641374113255
746;7,766;0,373437901388547
747;7,770;0,610912774999511
748;7,774;1,12286740158724
749;7,778;2,05909654552141
750;7,783;3,43290981195104
751;7,787;5,35708759258103
752;7,791;7,5704122730888
753;7,795;9,93315198600764
754;7,799;12,0462654026402
755;7,803;13,812911380244
756;7,807;14,8333176061014
757;7,811;15,3242920419763
758;7,816;15,3516897027895
759;7,820;14,8377130035222
760;7,824;13,903676811649
761;7,828;12,6405838910488
762;7,832;11,1881566158895
763;7,836;9,7396310866049
764;7,840;8,38038054078767
765;7,844;7,1230025861645
766;7,848;5,82423384805367
767;7,853;4,82747542991828
768;7,857;3,95541149368895
769;7,861;3,16031922546832
770;7,865;2,58933526591585
771;7,869;2,11657847075485
772;7,873;1,72391663896206
773;7,877;1,45689861897183
774;7,881;1,21277843608532
775;7,886;0,984407636181848
776;7,890;0,882060380039541
777;7,894;0,766375038851326
778;7,898;0,66262277446219
779;7,902;0,623187610561333
780;7,906;0,539228874514347
781;7,910;0,518552469368447
782;7,914;0,492056671956966
783;7,919;0,487490395154772
784;7,923;0,435201304455224
785;7,927;0,443887673008254
786;7,931;0,406370155498338
787;7,935;0,374918856027096
788;7,939;0,366204007577172
789;7,943;0,356919561189343
790;7,947;0,325515728212926
791;7,952;0,335920383878632
792;7,956;0,265812371021667
793;7,960;0,270739393184533
794;7,964;0,246142255566064
795;7,968;0,233905393200102
796;7,972;0,19934029166832
797;7,976;0,193587352495494
798;7,980;0,181208090645056
799;7,985;0,154418000965658
800;7,989;0,14588352519607
801;7,993;0,13471940561316
802;7,997;0,113340496343846
803;8,001;0,113207590158335
804;8,005;0,109733042737123
805;8,009;0,0914109757345583
806;8,013;0,0822214623363806
807;8,017;0,076867241720087
808;8,022;0,0579281102847933
809;8,026;0,0786424886265532
810;8,030;0,0590767994595655
811;8,034;0,0635671298700386
812;8,038;0,0565325953369295
813;8,042;0,0503809376075709
814;8,046;0,0659974144050939
815;8,050;0,0671650901777962
816;8,055;0,0415426762711005
817;8,059;0,076544469555275
818;8,063;0,0530770345136478
819;8,067;0,0684846587339395
820;8,071;0,0582698690475354
821;8,075;0,0546814020387429
822;8,079;0,0468114571967086
823;8,083;0,028536856688969
824;8,088;0,0311759938012555
825;8,092;0,0247585237008753
826;8,096;0,0232301025675007
827;8,100;0,00316126855536482
828;8,104;0,00924647319196798
829;8,108;0,00485107577114542
830;8,112;0,00477512937942494
831;8,116;0,0015474077313047
832;8,121;0,0246635907112247
833;8,125;0,0452735427643689
834;8,129;0,163218289106269
835;8,133;0,411525016836366
836;8,137;0,886189965089342
837;8,141;1,7330871657623
838;8,145;3,11410584610641
839;8,149;4,92014901441519
840;8,154;7,19230366860944
841;8,158;9,79426502214882
842;8,162;12,0180987846109
843;8,166;13,9606935652331
844;8,170;15,0570461828109
845;8,174;15,3759640682431
846;8,178;15,3824574847352
847;8,182;14,6026209479515
848;8,186;13,4994806216136
849;8,191;12,05039498769
850;8,195;10,602239697065
851;8,199;9,03254169979037
852;8,203;7,57987709215696
853;8,207;6,23171471953092
854;8,211;5,06298519064348
855;8,215;4,0988267611541
856;8,219;3,36707378362835
857;8,224;2,66341147774021
858;8,228;2,14025475837371
859;8,232;1,73715029771935
860;8,236;1,42478278857303
861;8,240;1,21504733453797
862;8,244;1,00389737895712
863;8,248;0,871162072827653
864;8,252;0,75745133782417
865;8,257;0,651040949724818
866;8,261;0,547981696160131
867;8,265;0,513625447205581
868;8,269;0,438410039505414
869;8,273;0,403512672509855
870;8,277;0,379940811179613
871;8,281;0,305067162242188
872;8,285;0,306386730798331
873;8,290;0,29264992719589
874;8,294;0,267540151433308
875;8,298;0,267302818959181
876;8,302;0,326550497800118
877;8,306;0,582243012125031
878;8,310;1,10091889438002
879;8,314;2,12306239394798
880;8,318;4,10346898434802
881;8,323;7,08369083515019
882;8,327;11,3213855735652
883;8,331;16,7118990718022
884;8,335;22,4894828487416
885;8,339;28,1903512767443
886;8,343;32,6885136588636
887;8,347;35,6970160472827
888;8,351;37,0862369379326
889;8,355;36,2506272697291
890;8,360;34,1304603319655
891;8,364;31,2112803935086
892;8,368;27,1157288204975
893;8,372;23,1608394582516
894;8,376;19,3301224464687
895;8,380;15,7688062727163
896;8,384;12,5766370292202
897;8,388;10,0591375565729
898;8,393;8,02271100898009
899;8,397;6,42089718130663
900;8,401;5,16760134523844
901;8,405;4,21552788533158
902;8,409;3,4368590243205
903;8,413;2,89114622661302
904;8,417;2,40561145104505
905;8,421;2,10417072900752
906;8,426;1,77913915904181
907;8,430;1,53842707048376
908;8,434;1,39921733446012
909;8,438;1,24388797679382
910;8,442;1,07632175676155
911;8,446;0,988318875355453
912;8,450;0,884595090863212
913;8,454;0,799411719249733
914;8,459;0,737211624430663
915;8,463;0,652085212610974
916;8,467;0,60042267964312
917;8,471;0,54135537348252
918;8,475;0,520071397202856
919;8,479;0,49037635804015
920;8,483;0,435524076620036
921;8,487;0,400455830243106
922;8,492;0,354802555520135
923;8,496;0,362492127681833
924;8,500;0,326436578212537
925;8,504;0,298782598327319
926;8,508;0,308399310178924
927;8,512;0,368131147267079
928;8,516;0,508337679682043
929;8,520;0,785693902245222
930;8,524;1,32088812469942
931;8,529;2,26893642584509
932;8,533;3,80162954375395
933;8,537;5,97031673252801
934;8,541;8,51944787732683
935;8,545;11,4329793028995
936;8,549;14,0700848492075
937;8,553;16,2461673178753
938;8,557;17,7256410017861
939;8,562;18,2332192175509
940;8,566;17,932699345513
941;8,570;16,745638256324
942;8,574;14,89047675917
943;8,578;12,8020269332486
944;8,582;10,7980959480132
945;8,586;8,88984792304656
946;8,590;7,13182186090304
947;8,595;5,80950974135887
948;8,599;4,65708020679443
949;8,603;3,74759368604483
950;8,607;3,11427672548778
951;8,611;2,52996417418837
952;8,615;2,05690359346048
953;8,619;1,79419553120039
954;8,623;1,59136170551293
955;8,628;1,54005042460678
956;8,632;1,77715505955811
957;8,636;2,44916670669674
958;8,640;3,91668832721047
959;8,644;6,30616117001492
960;8,648;9,88743225819191
961;8,652;14,8218591942506
962;8,656;20,3380259975891
963;8,661;26,3448159847409
964;8,665;31,6530415675487
965;8,669;35,4690439659358
966;8,673;37,1364944626536
967;8,677;36,4762355196338
968;8,681;34,406905197828
969;8,685;30,8996818415785
970;8,689;26,928378565422
971;8,694;22,4707620631825
972;8,698;18,5223851040266
973;8,702;14,927149373072
974;8,706;11,9871601232838
975;8,710;9,4761350805307
976;8,714;7,56560866381247
977;8,718;6,16846086852673
978;8,722;4,99291515098238
979;8,726;4,1705011683403
980;8,731;3,42432786968662
981;8,735;2,93641976937739
982;8,739;2,48550705513499
983;8,743;2,14599820424757
984;8,747;1,85748735540044
985;8,751;1,64298626528492
986;8,755;1,45912005092965
987;8,759;1,33842224788788
988;8,764;1,18113727063478
989;8,768;1,07923619954383
990;8,772;0,963788190829739
991;8,776;0,882373658905388
992;8,780;0,842188524386291
993;8,784;0,732502948143994
994;8,788;0,692127947645595
995;8,792;0,655664186320802
996;8,797;0,628912069837264
997;8,801;0,571990249242767
998;8,805;0,513198248752153
999;8,809;0,478984399282079
1000;8,813;0,461260410114313
1001;8,817;0,420790476626264
1002;8,821;0,410499740548139
1003;8,825;0,398652103439745
1004;8,830;0,354375357066707
1005;8,834;0,339746183361551
1006;8,838;0,337676644187168
1007;8,842;0,38676649313549
1008;8,846;0,499594351335223
1009;8,850;0,907929619719329
1010;8,854;1,67420023228204
1011;8,858;3,30470280942791
1012;8,863;6,2529417360168
1013;8,867;10,9163539732209
1014;8,871;17,3524499261706
1015;8,875;25,212872989343
1016;8,879;33,7494942444976
1017;8,883;41,9863930647274
1018;8,887;49,3429308054324
1019;8,891;54,0047481684104
1020;8,895;55,6753979068795
1021;8,900;53,9536077668856
1022;8,904;49,1473878333501
1023;8,908;42,826331677259
1024;8,912;35,7543175998358
1025;8,916;29,2493382695956
1026;8,920;23,2832460551071
1027;8,924;18,3017038762848
1028;8,928;14,6796970422488
1029;8,933;11,6123172136484
1030;8,937;9,29586682648319
1031;8,941;7,51245568290711
1032;8,945;6,23007237880997
1033;8,949;5,09137964784797
1034;8,953;4,32902976775783
1035;8,957;3,70131385359017
1036;8,961;3,20375106823347
1037;8,966;2,85435969312342
1038;8,970;2,54412817624423
1039;8,974;2,20939445473624
1040;8,978;2,02118980275393
1041;8,982;1,76063671935891
1042;8,986;1,604111206023
1043;8,990;1,46730327463753
1044;8,994;1,33584956386835
1045;8,999;1,25100795101762
1046;9,003;1,17323884589585
1047;9,007;1,0713377748049
1048;9,011;0,976034546494666
1049;9,015;0,967034899075789
1050;9,019;0,890433469726724
1051;9,023;0,845577632116818
1052;9,027;0,775972764105001
1053;9,032;0,736119895049681
1054;9,036;0,723911512580615
1055;9,040;0,680280310537201
1056;9,044;0,638775607461961
1057;9,048;0,616200542523049
1058;9,052;0,591793270883881
1059;9,056;0,559060376052356
1060;9,060;0,480977992064741
1061;9,064;0,481205831239903
1062;9,069;0,475899077118434
1063;9,073;0,43453677352767
1064;9,077;0,421844232811385
1065;9,081;0,403294326633659
1066;9,085;0,391959327669378
1067;9,089;0,343049851401391
1068;9,093;0,344046647792723
1069;9,097;0,353397547273306
1070;9,102;0,351840646243036
1071;9,106;0,476478168355303
1072;9,110;0,706804587845577
1073;9,114;1,23367318710742
1074;9,118;2,18896487536343
1075;9,122;3,63955045052349
1076;9,126;5,60285011618849
1077;9,130;8,12871318522395
1078;9,135;10,8951079701371
1079;9,139;13,5455041349962
1080;9,143;15,3155487136295
1081;9,147;16,4887305997316
1082;9,151;16,2238675586064
1083;9,155;15,3736192233988
1084;9,159;13,8337586647713
1085;9,163;12,0463508423309
1086;9,168;10,078674765843
1087;9,172;8,13346932800544
1088;9,176;6,57809671886905
1089;9,180;5,24444010706163
1090;9,184;4,19054152245554
1091;9,188;3,33184415116901
1092;9,192;2,76618593233594
1093;9,196;2,22352997689521
1094;9,201;1,93990817701509
1095;9,205;1,6161487091107
1096;9,209;1,41356170919633
1097;9,213;1,21562642577484
1098;9,217;1,06306911140633
1099;9,221;0,965031812994162
1100;9,225;0,861051709429865
1101;9,229;0,784355347091149
1102;9,233;0,706367896093185
1103;9,238;0,627564021384226
1104;9,242;0,557427528630366
1105;9,246;0,529061551322768
1106;9,250;0,457045385373826
1107;9,254;0,453295532282628
1108;9,258;0,40185134519097
1109;9,262;0,394418092101328
1110;9,266;0,352922882325053
1111;9,271;0,349685667377968
1112;9,275;0,325411301924311
1113;9,279;0,296523193173635
1114;9,283;0,264891521022056
1115;9,287;0,25748674782931
1116;9,291;0,265812371021667
1117;9,295;0,224402600936077
1118;9,299;0,218678141660146
1119;9,304;0,217852224650186
1120;9,308;0,198296028782164
1121;9,312;0,173395105596812
1122;9,316;0,167243447867454
1123;9,320;0,176537387554247
1124;9,324;0,171724284978962
1125;9,328;0,168781362299793
1126;9,332;0,148465702514566
1127;9,337;0,138155979838511
1128;9,341;0,119397221083554
1129;9,345;0,122691395824429
1130;9,349;0,13946605509569
1131;9,353;0,120830709227278
1132;9,357;0,115998620054062
1133;9,361;0,115970140157167
1134;9,365;0,119805432939051
1135;9,370;0,116909976754708
1136;9,374;0,0992524406796974
1137;9,378;0,0994138267621034
1138;9,382;0,0892275169725946
1139;9,386;0,133760582417689
1140;9,390;0,146111364371231
1141;9,394;0,261568866384285
1142;9,398;0,542428116265572
1143;9,402;1,18255177218057
1144;9,407;2,44246443762741
1145;9,411;4,76566456035678
1146;9,415;8,42460982066589
1147;9,419;13,7568914230512
1148;9,423;20,1576248373561
1149;9,427;27,6428822187283
1150;9,431;34,9454695414148
1151;9,435;41,2313625181393
1152;9,440;44,7926786918918
1153;9,444;45,1308015211303
1154;9,448;42,4324831830955
1155;9,452;37,4406028017004
1156;9,456;31,6617659092976
1157;9,460;26,4059623233748
1158;9,464;22,2662384302792
1159;9,468;19,6263228674775
1160;9,473;18,4308602087045
1161;9,477;18,2882328850534
1162;9,481;18,821148715756
1163;9,485;19,2811655037059
1164;9,489;19,5940456509963
1165;9,493;18,895860978611
1166;9,497;17,7397100708523
1167;9,501;15,9932563401472
1168;9,506;13,8842060554716
1169;9,510;11,7804055651237
1170;9,514;9,79887876544583
1171;9,518;8,01536319558114
1172;9,522;6,55548368073428
1173;9,526;5,4284961873962
1174;9,530;4,47357473779983
1175;9,534;3,71957896079894
1176;9,539;3,16510384814671
1177;9,543;2,74908850089987
1178;9,547;2,41236118660921
1179;9,551;2,10218662952382
1180;9,555;1,88146742858618
1181;9,559;1,6931488570163
1182;9,563;1,51795951791509
1183;9,567;1,40058436951109
1184;9,571;1,296006188112
1185;9,576;1,16979277837153
1186;9,580;1,07970137119312
1187;9,584;1,03142794595579
1188;9,588;0,943510504240372
1189;9,592;0,881604701689219
1190;9,596;0,826534074392908
1191;9,600;0,774339916683011
1192;9,604;0,748404223910468
1193;9,609;0,702712975991637
1194;9,613;0,654980668795317
1195;9,617;0,623785688396132
1196;9,621;0,611074161081917
1197;9,625;0,575502769859839
1198;9,629;0,589837651297079
1199;9,633;0,537596027092356
1200;9,637;0,524257942046448
1201;9,642;0,501568957519955
1202;9,646;0,464829890525175
1203;9,650;0,479734369900318
1204;9,654;0,536048619361052
1205;9,658;0,623453422932355
1206;9,662;0,880845237772014
1207;9,666;1,3980021921926
1208;9,670;2,33768689695005
1209;9,675;3,77073834892165
1210;9,679;5,73335449706116
1211;9,683;8,21412439601259
1212;9,687;10,717184560934
1213;9,691;12,8646447332222
1214;9,695;14,21856953832
1215;9,699;14,6980001226534
1216;9,703;14,1942192264746
1217;9,708;13,0117908671806
1218;9,712;11,4772750358704
1219;9,716;9,64172669437824
1220;9,720;8,2656065563001
1221;9,724;7,32751672576878
1222;9,728;7,15608673305774
1223;9,732;7,8192601188599
1224;9,736;9,44685774652246
1225;9,740;12,1346575093039
1226;9,745;15,3934127517409
1227;9,749;18,5888761699779
1228;9,753;21,1124513539628
1229;9,757;22,6212213584797
1230;9,761;22,1753305993898
1231;9,765;20,5695675593469
1232;9,769;17,9157348202624
1233;9,773;15,1117655580455
1234;9,778;12,3497661705532
1235;9,782;9,91423184117027
1236;9,786;8,01601823320972
1237;9,790;6,41542904110276
1238;9,794;5,20687512305689
1239;9,798;4,36444926619647
1240;9,802;3,66789744123316
1241;9,806;3,10827696054186
1242;9,811;2,65700350093879
1243;9,815;2,32714933509883
1244;9,819;2,06102368521132
1245;9,823;1,86942992549849
1246;9,827;1,61238936272054
1247;9,831;1,49153966689533
1248;9,835;1,31896098500951
1249;9,839;1,19649742836024
1250;9,844;1,09617224489749
1251;9,848;0,997157136691923
1252;9,852;0,92243538053794
1253;9,856;0,868513442416401
1254;9,860;0,818179971303656
1255;9,864;0,806322840896297
1256;9,868;0,749315580611114
1257;9,872;0,68326120641223
1258;9,877;0,663182879101129
1259;9,881;0,605036422940139
1260;9,885;0,59711901160328
1261;9,889;0,554645992033603
1262;9,893;0,531387409569207
1263;9,897;0,505603609580106
1264;9,901;0,482591852888801
1265;9,905;0,458364953929969
1266;9,909;0,447903338470474
1267;9,914;0,428650928169333
1268;9,918;0,389623976123973
1269;9,922;0,375716293140161
1270;9,926;0,40429112302499
1271;9,930;0,40260131580921
1272;9,934;0,442871890018992
1273;9,938;0,576793858519087
1274;9,942;0,923792922289943
1275;9,947;1,58960544520439
1276;9,951;2,91469910134533
1277;9,955;4,89533353092053
1278;9,959;7,91821826727168
1279;9,963;11,5649551451117
1280;9,967;15,6451560536964
1281;9,971;19,1942448583818
1282;9,975;21,7849566526476
1283;9,980;22,8935461325914
1284;9,984;22,0263522587311
1285;9,988;19,859582716348
1286;9,992;16,9145430315103
1287;9,996;13,8819086771221
1288;10,000;11,1202130751966
1289;10,004;8,89820202613581
1290;10,008;7,20623983149015
1291;10,013;5,73735117592545
1292;10,017;4,71707785625361
1293;10,021;3,99179930862202
1294;10,025;3,45267486039629
1295;10,029;2,91541109876771
1296;10,033;2,53418869222782
1297;10,037;2,19083505525954
1298;10,041;1,99536802956897
1299;10,046;1,81884013531369
1300;10,050;1,6279393864253
1301;10,054;1,42303602156346
1302;10,058;1,3539058184999
1303;10,062;1,24306205978386
1304;10,066;1,1554009371405
1305;10,070;1,06898343666156
1306;10,074;0,978426857833861
1307;10,078;0,943709863518638
1308;10,083;0,861649787264663
1309;10,087;0,785105317709389
1310;10,091;0,755467238340473
1311;10,095;0,733281398659128
1312;10,099;0,706852054340403
1313;10,103;0,693257650222437
1314;10,107;0,663581597657661
1315;10,111;0,639592031172956
1316;10,116;0,57884441109554
1317;10,120;0,570566254398008
1318;10,124;0,54056742966842
1319;10,128;0,495768551852304
1320;10,132;0,496490042573649
1321;10,136;0,458298500837214
1322;10,140;0,459684522486113
1323;10,144;0,451805084345113
1324;10,149;0,415512202401691
1325;10,153;0,423524546728201
1326;10,157;0,430188842601673
1327;10,161;0,372108839533439
1328;10,165;0,365283157577561
1329;10,169;0,35880872768339
1330;10,173;0,348859750368008
1331;10,177;0,348812283873182
1332;10,182;0,357536625622072
1333;10,186;0,371795560667592
1334;10,190;0,468380384338107
1335;10,194;0,65778119199001
1336;10,198;1,06473993202418
1337;10,202;1,86390482550082
1338;10,206;3,19650768112313
1339;10,210;5,19310034625859
1340;10,215;7,81948795803506
1341;10,219;10,9282205969272
1342;10,223;14,0430099605591
1343;10,227;16,3767856183356
1344;10,231;17,5359364085673
1345;10,235;17,6745955332509
1346;10,239;16,4728388172641
1347;10,243;14,7738610746832
1348;10,247;12,3505256344704
1349;10,252;10,1289322905641
1350;10,256;8,17204060170048
1351;10,260;6,60079519669451
1352;10,264;5,35123022711958
1353;10,268;4,30526804044829
1354;10,272;3,59989694074644
1355;10,276;3,0285237559364
1356;10,280;2,54877989273711
1357;10,285;2,20766667432459
1358;10,289;1,8715469311677
1359;10,293;1,68884839258513
1360;10,297;1,48032808081759
1361;10,301;1,31340740511495
1362;10,305;1,22204389587522
1363;10,309;1,09562163355752
1364;10,313;0,999596914525944
1365;10,318;0,929783193936896
1366;10,322;0,848748393971148
1367;10,326;0,765235842975519
1368;10,330;0,756274168752503
1369;10,334;0,727329100208036
1370;10,338;0,655388880650815
1371;10,342;0,610428616752293
1372;10,346;0,623149637365473
1373;10,351;0,577505855941467
1374;10,355;0,536143552350702
1375;10,359;0,508593998754099
1376;10,363;0,495559699275073
1377;10,367;0,449849464758311
1378;10,371;0,44568190651265
1379;10,375;0,429647724560664
1380;10,379;0,398766023027326
1381;10,384;0,424977021469855
1382;10,388;0,389510056536393
1383;10,392;0,365577449845478
1384;10,396;0,355590499334235
1385;10,400;0,327803613263506
1386;10,404;0,317835649350193
1387;10,408;0,321462089554846
1388;10,412;0,30131730915099
1389;10,416;0,311180846775686
1390;10,421;0,288719701424356
1391;10,425;0,288245036476103
1392;10,429;0,26623007617613
1393;10,433;0,242914533917943
1394;10,437;0,236240744745506
1395;10,441;0,243389198866196
1396;10,445;0,254752677727373
1397;10,449;0,227478429800757
1398;10,454;0,208624738056148
1399;10,458;0,208900043726135
1400;10,462;0,201087058677891
1401;10,466;0,237712206085091
1402;10,470;0,298820571523179
1403;10,474;0,324376532337119
1404;10,478;0,481405190518169
1405;10,482;0,848425621806336
1406;10,487;1,56909991943986
1407;10,491;2,90218693330938
1408;10,495;5,20737826790204
1409;10,499;8,94612419931143
1410;10,503;14,0947959064135
1411;10,507;20,4744636903149
1412;10,511;28,0224622845472
1413;10,515;35,1963204732675
1414;10,520;41,1130380398388
1415;10,524;44,610027619804
1416;10,528;44,5046804811887
1417;10,532;41,2404476052489
1418;10,536;35,8924830729733
1419;10,540;30,2973699954413
1420;10,544;24,7549827003613
1421;10,548;20,2851673089516
1422;10,553;17,0222540015679
1423;10,557;15,147517321948
1424;10,561;14,6580997871033
1425;10,565;15,0175730457142
1426;10,569;16,2446673766389
1427;10,573;17,541442521967
1428;10,577;18,7781725513412
1429;10,581;19,1111310259427
1430;10,585;18,9728041667228
1431;10,590;17,9859282728101
1432;10,594;16,3929337198752
1433;10,598;14,5015173139736
1434;10,602;12,4926498132763
1435;10,606;10,5977873398504
1436;10,610;8,82794212049541
1437;10,614;7,42827860098392
1438;10,618;6,29628813909126
1439;10,623;5,29383374157683
1440;10,627;4,5728081918816
1441;10,631;3,96970840193033
1442;10,635;3,52103610624369
1443;10,639;3,11343182187989
1444;10,643;2,83979697251101
1445;10,647;2,55188420149869
1446;10,651;2,33119348045795
1447;10,656;2,13760612796246
1448;10,660;1,96616664195245
1449;10,664;1,80600519511293
1450;10,668;1,6962721523758
1451;10,672;1,60560165396052
1452;10,676;1,52340867152103
1453;10,680;1,41956147414225
1454;10,684;1,34911170252254
1455;10,689;1,25965634637478
1456;10,693;1,18450739176737
1457;10,697;1,14372417941348
1458;10,701;1,05843638151138
1459;10,705;1,04953166708216
1460;10,709;1,05360429233817
1461;10,713;0,951826634133764
1462;10,717;0,929403461978293
1463;10,722;0,951067170216559
1464;10,726;0,888117104779249
1465;10,730;0,881310409421302
1466;10,734;0,815085155841046
1467;10,738;0,807851262029671
1468;10,742;0,801386325434466
1469;10,746;0,792405664613519
1470;10,750;0,869358346024292
1471;10,754;1,04630394543404
1472;10,759;1,40268238858237
1473;10,763;2,08891499757066
1474;10,767;3,1771698311313
1475;10,771;4,7850593701424
1476;10,775;6,89981512749595
1477;10,779;9,37300937387326
1478;10,783;11,7466189141071
1479;10,787;13,6957450844173
1480;10,792;14,97743537769
1481;10,796;15,1540582049349
1482;10,800;14,6329805180417
1483;10,804;13,6210707947581
1484;10,808;12,2563995752318
1485;10,812;10,9268535618763
1486;10,816;10,4007064533358
1487;10,820;10,6835972691956
1488;10,825;12,1724693190817
1489;10,829;15,114623041034
1490;10,833;19,2116935418796
1491;10,837;23,9037280754634
1492;10,841;28,6845629275663
1493;10,845;32,5620913965459
1494;10,849;34,4734247436762
1495;10,853;34,3230034215748
1496;10,858;32,4390297620619
1497;10,862;29,50164167619
1498;10,866;25,6231164108191
1499;10,870;21,8488655412804
1500;10,874;18,3444996680193
1501;10,878;15,2361657476837
1502;10,882;12,5569289405687
1503;10,886;10,4621091110418
1504;10,891;8,80569932102027
1505;10,895;7,53230617104305
1506;10,899;6,40580283595219
1507;10,903;5,56612054249267
1508;10,907;4,96291632625279
1509;10,911;4,41537132184505
1510;10,915;3,87747150918581
1511;10,919;3,53734559386566
1512;10,923;3,22292753214289
1513;10,928;2,90494948330822
1514;10,932;2,69154961587264
1515;10,936;2,4787383329729
1516;10,940;2,27632221243991
1517;10,944;2,12665086095678
1518;10,948;1,99463704554866
1519;10,952;1,92956997444214
1520;10,956;1,77754428481568
1521;10,961;1,69193371474877
1522;10,965;1,63036967096036
1523;10,969;1,5771882101581
1524;10,973;1,47032214370842
1525;10,977;1,41207126125882
1526;10,981;1,33468188809565
1527;10,985;1,28603822419868
1528;10,989;1,20421548041884
1529;10,994;1,18005503455276
1530;10,998;1,1022289696372
1531;11,002;1,06270836604566
1532;11,006;1,005558706276
1533;11,010;0,923660016104432
1534;11,014;0,923802415588908
1535;11,018;0,905233522813252
1536;11,022;0,875785309423637
1537;11,027;0,896347794981956
1538;11,031;1,01498555214831
1539;11,035;1,20899060979826
1540;11,039;1,64387863538764
1541;11,043;2,38387179641506
1542;11,047;3,62092459795404
1543;11,051;5,48533256830001
1544;11,055;8,18739126612698
1545;11,060;11,4246251998102
1546;11,064;14,7253977834666
1547;11,068;17,5614923693812
1548;11,072;19,5121754407217
1549;11,076;20,2502319687602
1550;11,080;19,4545321294058
1551;11,084;18,073171690299
1552;11,088;15,8026593768257
1553;11,092;13,6452312406242
1554;11,097;11,4302357394986
1555;11,101;9,57726719440548
1556;11,105;8,03530861670673
1557;11,109;6,90880528161587
1558;11,113;5,8685675542205
1559;11,117;5,08949997465289
1560;11,121;4,52841752592098
1561;11,125;3,95613298441029
1562;11,130;3,60514673507411
1563;11,134;3,21434558987847
1564;11,138;2,90445583176203
1565;11,142;2,61201475714338
1566;11,146;2,47448533503656
1567;11,150;2,2552945552323
1568;11,154;2,13518533672636
1569;11,158;1,9520501063914
1570;11,163;1,79591381831307
1571;11,167;1,70050616371422
1572;11,171;1,60082652458109
1573;11,175;1,52825974729218
1574;11,179;1,43574754887767
1575;11,183;1,38277494065264
1576;11,187;1,30405650563437
1577;11,191;1,27860497110904
1578;11,196;1,21268350309567
1579;11,200;1,15073972734866
1580;11,204;1,11941184076396
1581;11,208;1,0644646263542
1582;11,212;1,02803883822526
1583;11,216;0,99658753875402
1584;11,220;0,944431354239983
1585;11,224;0,885981112512111
1586;11,229;0,893319432612102
1587;11,233;0,878291540350413
1588;11,237;0,824502508414386
1589;11,241;0,830264940886177
1590;11,245;0,789377302243665
1591;11,249;0,749581392982136
1592;11,253;0,792282251726974
1593;11,257;0,753055940403347
1594;11,261;0,753122393496103
1595;11,266;0,71354483011077
1596;11,270;0,728591708970389
1597;11,274;0,68491304043215
1598;11,278;0,66260378786426
1599;11,282;0,681618865691275
1600;11,286;0,668622539408108
1601;11,290;0,615384118812054
1602;11,294;0,576034394601882
1603;11,299;0,602957390466791
1604;11,303;0,628200072414885
1605;11,307;0,760033515142666
1606;11,311;0,964300828973852
1607;11,315;1,45087037412901
1608;11,319;2,23291884957165
1609;11,323;3,52380814954148
1610;11,327;5,35402125701531
1611;11,332;7,70179953076522
1612;11,336;10,154754063749
1613;11,340;12,5043835307971
1614;11,344;14,3562223733133
1615;11,348;15,5002978047885
1616;11,352;15,5622225939376
1617;11,356;14,7659721432432
1618;11,360;13,6081883880625
1619;11,365;12,0491228856287
1620;11,369;10,4824532507239
1621;11,373;8,88935427150038
1622;11,377;7,57359252824209
1623;11,381;6,35618136226182
1624;11,385;5,49963896984036
1625;11,389;4,70582829698001
1626;11,393;4,08732088280845
1627;11,398;3,55542083509513
1628;11,402;3,15624660021231
1629;11,406;2,82149389210638
1630;11,410;2,51548689326665
1631;11,414;2,29871690469848
1632;11,418;2,11842017075407
1633;11,422;1,99360227596147
1634;11,426;1,97435935895929
1635;11,430;2,05518530634781
1636;11,435;2,36015753560035
1637;11,439;2,86476434878912
1638;11,443;3,70683895358783
1639;11,447;4,88677057525405
1640;11,451;6,424058449862
1641;11,455;8,00509144610094
1642;11,459;9,57782729904442
1643;11,463;10,7289277717538
1644;11,468;11,4598928054654
1645;11,472;11,8426910996335
1646;11,476;11,400512220439
1647;11,480;10,5242237661702
1648;11,484;9,46755313826629
1649;11,488;8,32659150885165
1650;11,492;7,18731968665278
1651;11,496;6,12744032369871
1652;11,501;5,19828368749351
1653;11,505;4,46359728058755
1654;11,509;3,84045713652104
1655;11,513;3,30794951767396
1656;11,517;2,94167905700403
1657;11,521;2,6099167380721
1658;11,525;2,28090747584003
1659;11,529;2,08977888777649
1660;11,534;1,87238234147662
1661;11,538;1,70830016216453
1662;11,542;1,57709327716845
1663;11,546;1,45658534010598
1664;11,550;1,38329707209572
1665;11,554;1,25982722575616
1666;11,558;1,2011016783583
1667;11,562;1,12142442014455
1668;11,567;1,03106720059512
1669;11,571;0,94954824238215
1670;11,575;0,935260827439735
1671;11,579;0,892085303746644
1672;11,583;0,83871397696508
1673;11,587;0,854463359948113
1674;11,591;0,780425121319614
1675;11,595;0,812294125945319
1676;11,599;0,797209273889839
1677;11,604;0,909894732605096
1678;11,608;1,06937266191913
1679;11,612;1,40641325507564
1680;11,616;1,97875475638011
1681;11,620;2,99365486883773
1682;11,624;4,52457273984013
1683;11,628;6,79771469712674
1684;11,632;9,8492881829503
1685;11,637;14,0610852017886
1686;11,641;18,9189202017972
1687;11,645;24,3485176118733
1688;11,649;29,3131712118367
1689;11,653;33,3988212740273
1690;11,657;35,6975761519216
1691;11,661;36,2677341944642
1692;11,665;34,4815794874872
1693;11,670;31,1915628115582
1694;11,674;27,033270025687
1695;11,678;22,9225196810327
1696;11,682;19,3082119124574
1697;11,686;16,3583781116423
1698;11,690;13,815360651377
1699;11,694;11,8017654877951
1700;11,698;10,221871687432
1701;11,703;8,90987878386284
1702;11,707;7,88270383584339
1703;11,711;6,8444312213338
1704;11,715;6,22208851438035
1705;11,719;5,62691562906491
1706;11,723;5,08264581280012
1707;11,727;4,67197519287061
1708;11,731;4,30939762549809
1709;11,736;3,96879704522968
1710;11,740;3,74829619016825
1711;11,744;3,42882769339606
1712;11,748;3,25582181305682
1713;11,752;3,01217629511856
1714;11,756;2,83449971168851
1715;11,760;2,63337467981476
1716;11,764;2,52910028398255
1717;11,768;2,37820429693292
1718;11,773;2,24370323719596
1719;11,777;2,1731585325866
1720;11,781;2,00952253832587
1721;11,785;1,99763692802162
1722;11,789;1,8433992997363
1723;11,793;1,80238824820724
1724;11,797;1,65969447146343
1725;11,801;1,6140032235446
1726;11,806;1,55192654161207
1727;11,810;1,46963862618294
1728;11,814;1,41217568754743
1729;11,818;1,35890878705448
1730;11,822;1,34166895613393
1731;11,826;1,28446233657049
1732;11,830;1,20535467629464
1733;11,834;1,16455247734282
1734;11,839;1,16814094435161
1735;11,843;1,10277958097718
1736;11,847;1,09536531448546
1737;11,851;1,06015466862406
1738;11,855;0,99182190267356
1739;11,859;0,969037985157417
1740;11,863;0,960845268150571
1741;11,867;0,911869338789828
1742;11,872;0,907464448070041
1743;11,876;0,89140178622116
1744;11,880;0,852327367680975
1745;11,884;0,848330688816685
1746;11,888;0,797683938838092
1747;11,892;0,779058086268646
1748;11,896;0,788836184202657
1749;11,900;0,762321400193246
1750;11,905;0,743913893499995
1751;11,909;0,727424033197687
1752;11,913;0,677147521878732
1753;11,917;0,686868660018952
1754;11,921;0,680593589403048
1755;11,925;0,668375713635016
1756;11,929;0,629709506950329
1757;11,933;0,623102170870648
1758;11,937;0,602008060570285
1759;11,942;0,594422914697203
1760;11,946;0,577353963158026
1761;11,950;0,625731814683969
1762;11,954;0,613580392008693
1763;11,958;0,695630974963702
1764;11,962;0,803579277495394
1765;11,966;1,02832363719421
1766;11,970;1,41536543599969
1767;11,975;1,9093397543476
1768;11,979;2,74662024316895
1769;11,983;4,02430436427839
1770;11,987;5,68015404966097
1771;11,991;7,73727598899765
1772;11,995;10,0404832241066
1773;11,999;12,1898040829919
1774;12,003;14,1117699249631
1775;12,008;15,429800566674
1776;12,012;15,7358740186065
1777;12,016;15,3189947811538
1778;12,020;14,4101632980328
1779;12,024;13,0488242264433
1780;12,028;11,7054179965987
1781;12,032;10,1888729802294
1782;12,036;9,00541934464719
1783;12,041;7,78214131990652
1784;12,045;6,83892510793406
1785;12,049;6,00209080416407
1786;12,053;5,3153075838358
1787;12,057;4,73339683717454
1788;12,061;4,29056292035141
1789;12,065;3,86281385558376
1790;12,069;3,505191790271
1791;12,074;3,16150588783895
1792;12,078;2,96238394204683
1793;12,082;2,75972099574074
1794;12,086;2,51703430099795
1795;12,090;2,32636139128473
1796;12,094;2,19103441453781
1797;12,098;2,06139392387096
1798;12,102;1,90266596517516
1799;12,106;1,81026768634824
1800;12,111;1,72507482143579
1801;12,115;1,59099146685329
1802;12,119;1,52743383028222
1803;12,123;1,48085021226067
1804;12,127;1,40712525249802
1805;12,131;1,38337301848744
1806;12,135;1,28427247059118
1807;12,139;1,20132002423449
1808;12,144;1,16607140517723
1809;12,148;1,15446110054296
1810;12,152;1,11373484798285
1811;12,156;1,04670266399057
1812;12,160;1,02471618358749
1813;12,164;0,977809793401132
1814;12,168;0,950516558876586
1815;12,172;0,920308881569766
1816;12,177;0,896480701167467
1817;12,181;0,880550945504097
1818;12,185;0,810376479554377
1819;12,189;0,810822664605735
1820;12,193;0,813974439862134
1821;12,197;0,785722382142117
1822;12,201;0,773276667198924
1823;12,205;0,74063870535705
1824;12,210;0,71675356516096
1825;12,214;0,709035513102366
1826;12,218;0,679986018269284
1827;12,222;0,656623009516273
1828;12,226;0,648022080653929
1829;12,230;0,650167566220032
1830;12,234;0,631000595609577
1831;12,238;0,610257737370922
1832;12,243;0,596188668304704
1833;12,247;0,607808466237937
1834;12,251;0,570775106975239
1835;12,255;0,535393581732463
1836;12,259;0,550165154922095
1837;12,263;0,537273254927544
1838;12,267;0,549111398736974
1839;12,271;0,502110075560964
1840;12,275;0,553601729147447
1841;12,280;0,501720850303396
1842;12,284;0,5229668533872
1843;12,288;0,457311197744848
1844;12,292;0,467858252895029
1845;12,296;0,458213061146528
1846;12,300;0,431005266312668
1847;12,304;0,453779690529846
1848;12,308;0,418046913225362
1849;12,313;0,45206140341717
1850;12,317;0,425119420954331
1851;12,321;0,415901427659258
1852;12,325;0,437811961670616
1853;12,329;0,413499623021098
1854;12,333;0,432239395178126
1855;12,337;0,423116334872703
1856;12,341;0,398091998800806
1857;12,346;0,398898929212837
1858;12,350;0,394418092101328
1859;12,354;0,40665495446729
1860;12,358;0,415037537453438
1861;12,362;0,4081738823017
1862;12,366;0,42742629260284
1863;12,370;0,42813829002522
1864;12,374;0,409275104981647
1865;12,379;0,411278191063274
1866;12,383;0,42170183332691
1867;12,387;0,369659568400453
1868;12,391;0,369906394173545
1869;12,395;0,352324804490254
1870;12,399;0,368976050874969
1871;12,403;0,364855959124133
1872;12,407;0,336898193672033
1873;12,412;0,330480723571652
1874;12,416;0,328582063778641
1875;12,420;0,322753178214094
1876;12,424;0,29891550451283
1877;12,428;0,294928318947505
1878;12,432;0,300880617398597
1879;12,436;0,282530070499137
1880;12,440;0,27825808596486
1881;12,444;0,276245506584267
1882;12,449;0,253480575666055
1883;12,453;0,262954888033184
1884;12,457;0,264948480815847
1885;12,461;0,263249180301101
1886;12,465;0,257800026695157
1887;12,469;0,279140962768611
1888;12,473;0,265897810712352
1889;12,477;0,268394548340163
1890;12,482;0,266116156588549
1891;12,486;0,273122211224763
1892;12,490;0,295336530803002
1893;12,494;0,313373798836615
1894;12,498;0,37147278850278
1895;12,502;0,402231077149572
1896;12,506;0,463329949288696
1897;12,510;0,553079597704368
1898;12,515;0,654316137867763
1899;12,519;0,731458685257837
1900;12,523;0,813015616666664
1901;12,527;0,919198165590854
1902;12,531;0,971734082063494
1903;12,535;1,03935485059161
1904;12,539;1,03327913925397
1905;12,543;0,989837803189862
1906;12,548;0,959658605779938
1907;12,552;0,927694668164583
1908;12,556;0,854786132112925
1909;12,560;0,750274403806585
1910;12,564;0,715206157429655
1911;12,568;0,637123773442041
1912;12,572;0,587464326555814
1913;12,576;0,561015995639158
1914;12,581;0,511100229680875
1915;12,585;0,46236163279426
1916;12,589;0,433701363218745
1917;12,593;0,427891464252128
1918;12,597;0,415929907556153
1919;12,601;0,368112160669148
1920;12,605;0,357802437993094
1921;12,609;0,355020901396331
1922;12,613;0,340761966350812
1923;12,618;0,313829477186938
1924;12,622;0,292801819979331
1925;12,626;0,291415798330433
1926;12,630;0,291444278227328
1927;12,634;0,275438576172237
1928;12,638;0,26236630349735
1929;12,642;0,240977900929071
1930;12,646;0,242857574124153
1931;12,651;0,254164093191539
1932;12,655;0,221820423617581
1933;12,659;0,234569924127656
1934;12,663;0,248107368451831
1935;12,667;0,262195424115979
1936;12,671;0,232680757633609
1937;12,675;0,242496828763481
1938;12,679;0,215061194754459
1939;12,684;0,234997122581084
1940;12,688;0,255502648345612
1941;12,692;0,224146281864021
1942;12,696;0,234579417426621
1943;12,700;0,250784478759978
1944;12,704;0,21204232568357
1945;12,708;0,188432491157467
1946;12,712;0,25356601535674
1947;12,717;0,211159448879819
1948;12,721;0,209061429808541
1949;12,725;0,215792178774768
1950;12,729;0,197811870534946
1951;12,733;0,177296851471452
1952;12,737;0,190435577239094
1953;12,741;0,179954975181669
1954;12,745;0,198343495276989
1955;12,750;0,161395575704977
1956;12,754;0,18738822827131
1957;12,758;0,176793706626304
1958;12,762;0,168145311269134
1959;12,766;0,170015491165251
1960;12,770;0,173214732916476
1961;12,774;0,179290444254114
1962;12,778;0,173366625699917
1963;12,782;0,192675995794848
1964;12,787;0,181170117449196
1965;12,791;0,169369946835627
1966;12,795;0,16661689013576
1967;12,799;0,176850666420094
1968;12,803;0,187625560745437
1969;12,807;0,18496743703522
1970;12,811;0,170262316938343
1971;12,815;0,190672909713221
1972;12,820;0,179945481882703
1973;12,824;0,152528834471612
1974;12,828;0,17935689734687
1975;12,832;0,163227782405234
1976;12,836;0,160132966942624
1977;12,840;0,150554228286879
1978;12,844;0,170119917453867
1979;12,848;0,165952359208206
1980;12,853;0,180363187037166
1981;12,857;0,140681197363217
1982;12,861;0,177885436007286
1983;12,865;0,165743506630974
1984;12,869;0,173955210235751
1985;12,873;0,153326271584677
1986;12,877;0,150487775194124
1987;12,881;0,190093818476352
1988;12,886;0,183078270541173
1989;12,890;0,165990332404066
1990;12,894;0,173062840133035
1991;12,898;0,16903768137185
1992;12,902;0,141260288600086
1993;12,906;0,129630997367888
1994;12,910;0,15306995251262
1995;12,914;0,144810782413018
1996;12,919;0,147089174164632
1997;12,923;0,151892783440953
1998;12,927;0,143870945815477
1999;12,931;0,136599078808242
2000;12,935;0,121656626237238
2001;12,939;0,130589820563359
2002;12,943;0,137823714374734
2003;12,947;0,144478516949241
2004;12,951;0,159297556633699
2005;12,956;0,129811370048224
2006;12,960;0,143007055609657
2007;12,964;0,152509847873681
2008;12,968;0,128624707677592
2009;12,972;0,148047997360103
2010;12,976;0,15700967158312
2011;12,980;0,153335764883642
2012;12,984;0,156696392717273
2013;12,989;0,163711940652452
2014;12,993;0,177087998894221
2015;12,997;0,16986359838181
2016;13,001;0,146975254577052
2017;13,005;0,154550907151169
2018;13,009;0,170898367969002
2019;13,013;0,165961852507171
2020;13,017;0,13867811128159
2021;13,022;0,144601929835787
2022;13,026;0,174420381885039
2023;13,030;0,148968847359714
2024;13,034;0,172303376215831
2025;13,038;0,210570864343986
2026;13,042;0,262774515352848
2027;13,046;0,35727081325105
2028;13,050;0,521675764727952
2029;13,055;0,751660425455484
2030;13,059;1,12456670210199
2031;13,063;1,59661149984061
2032;13,067;2,26644918151624
2033;13,071;3,03714367139667
2034;13,075;3,8643517700161
2035;13,079;4,65172598617814
2036;13,083;5,40557936369455
2037;13,088;6,11912419380532
2038;13,092;6,45090549933518
2039;13,096;6,6739125853234
2040;13,100;6,67926680593969
2041;13,104;6,44366211222484
2042;13,108;6,1062512804087
2043;13,112;5,59080311980183
2044;13,116;5,17462638647258
2045;13,120;4,66679185163569
2046;13,125;4,15193227556465
2047;13,129;3,72814191646542
2048;13,133;3,37648164290272
2049;13,137;2,94356822349808
2050;13,141;2,62177386847946
2051;13,145;2,39545362115244
2052;13,149;2,15717181712944
2053;13,153;1,94254731412738
2054;13,158;1,76572512760418
2055;13,162;1,61073752870062
2056;13,166;1,50574164214706
2057;13,170;1,34827629221362
2058;13,174;1,25794755256107
2059;13,178;1,17670390001809
2060;13,182;1,06908786295018
2061;13,186;1,03317471296536
2062;13,191;0,946111668156798
2063;13,195;0,907910633121399
2064;13,199;0,829695342948273
2065;13,203;0,819679912540135
2066;13,207;0,748945341951477
2067;13,211;0,720398991963543
2068;13,215;0,671071810541093
2069;13,219;0,650053646632452
2070;13,224;0,652645317249913
2071;13,228;0,582224025527101
2072;13,232;0,553962474508119
2073;13,236;0,555215589971507
2074;13,240;0,528169181220052
2075;13,244;0,49910069978904
2076;13,248;0,501436051334445
2077;13,252;0,484424059589058
2078;13,257;0,45448219465326
2079;13,261;0,410993392094322
2080;13,265;0,408297295188245
2081;13,269;0,419717733843212
2082;13,273;0,399582446738321
2083;13,277;0,379247800355163
2084;13,281;0,371975933347928
2085;13,285;0,374235338501612
2086;13,289;0,365340117371351
2087;13,294;0,345052937483019
2088;13,298;0,343344143669308
2089;13,302;0,340258821505664
2090;13,306;0,334534362229733
2091;13,310;0,314456034918632
2092;13,314;0,327898546253156
2093;13,318;0,312870653991467
2094;13,322;0,295944101936766
2095;13,327;0,268375561742233
2096;13,331;0,301298322553059
2097;13,335;0,303140022552281
2098;13,339;0,298298440080101
2099;13,343;0,254097640098783
2100;13,347;0,269144518958403
2101;13,351;0,280004852974431
2102;13,355;0,284685049364205
2103;13,360;0,255815927211459
2104;13,364;0,265603518444436
2105;13,368;0,252360366388178
2106;13,372;0,214016931868302
2107;13,376;0,228703065367249
2108;13,380;0,243825890618589
2109;13,384;0,226234807636334
2110;13,388;0,226092408151858
2111;13,393;0,223681110214733
2112;13,397;0,213551760219014
2113;13,401;0,216010524650965
2114;13,405;0,207476048881376
2115;13,409;0,20416288754257
2116;13,413;0,192277277238316
2117;13,417;0,186400925178944
2118;13,421;0,205226137026657
2119;13,426;0,198742213833521
2120;13,430;0,193387993217228
2121;13,434;0,173983690132646
2122;13,438;0,190084325177387
2123;13,442;0,202112334966117
2124;13,446;0,16588590611545
2125;13,450;0,171211646834849
2126;13,454;0,18097075817093
2127;13,458;0,179546763326171
2128;13,463;0,19693848703016
2129;13,467;0,159601342200581
2130;13,471;0,163569541167976
2131;13,475;0,156677406119343
2132;13,479;0,172075537040669
2133;13,483;0,164936576218944
2134;13,487;0,16507897570342
2135;13,491;0,159401982922315
2136;13,496;0,199644077235202
2137;13,500;0,182793471572221
2138;13,504;0,15627868756281
2139;13,508;0,171933137556193
2140;13,512;0,180296733944411
2141;13,516;0,157759642201359
2142;13,520;0,17384129064817
2143;13,524;0,172910947349594
2144;13,529;0,154892665913911
2145;13,533;0,168164297867065
2146;13,537;0,161091790138095
2147;13,541;0,146215790659847
2148;13,545;0,143908919011337
2149;13,549;0,13877304427124
2150;13,553;0,165961852507171
2151;13,557;0,130599313862324
2152;13,562;0,152975019522969
2153;13,566;0,149623884988303
2154;13,570;0,142133672104871
2155;13,574;0,129830356646154
2156;13,578;0,155576183439396
2157;13,582;0,137054757158564
2158;13,586;0,120925642216928
2159;13,590;0,147668265401501
2160;13,595;0,130257555099582
2161;13,599;0,136086440664128
2162;13,603;0,118618770568419
2163;13,607;0,144355104062695
2164;13,611;0,132469493758441
2165;13,615;0,121590173144483
2166;13,619;0,12590013087462
2167;13,623;0,125767224689109
2168;13,628;0,119454180877344
2169;13,632;0,134510553035929
2170;13,636;0,107891342737902
2171;13,640;0,148503675710426
2172;13,644;0,126089996853921
2173;13,648;0,138687604580555
2174;13,652;0,125216613349135
2175;13,656;0,134624472623509
2176;13,660;0,124086910772293
2177;13,665;0,124067924174363
2178;13,669;0,137833207673699
2179;13,673;0,112153833973213
2180;13,677;0,124286270050559
2181;13,681;0,128643694275522
2182;13,685;0,140453358188056
2183;13,689;0,139997679837733
2184;13,693;0,14271276334174
2185;13,698;0,117033389641254
2186;13,702;0,135982014375513
2187;13,706;0,111394370056009
2188;13,710;0,12524509324603
2189;13,714;0,105214232429755
2190;13,718;0,124817894792603
2191;13,722;0,125074213864659
2192;13,726;0,112058900983563
2193;13,731;0,123317953556123
2194;13,735;0,12515016025638
2195;13,739;0,142162152001767
2196;13,743;0,12511218706052
2197;13,747;0,124998267472939
2198;13,751;0,125453945823262
2199;13,755;0,148703034988693
2200;13,759;0,136722491694787
2201;13,764;0,135279510252098
2202;13,768;0,134092847881466
2203;13,772;0,154503440656344
2204;13,776;0,147250560247038
2205;13,780;0,127333619018344
2206;13,784;0,128833560254823
2207;13,788;0,14357665354756
2208;13,792;0,134880791695566
2209;13,797;0,114147426755876
2210;13,801;0,125767224689109
2211;13,805;0,135830121592072
2212;13,809;0,124628028813302
2213;13,813;0,130922086027136
2214;13,817;0,1124291396432
2215;13,821;0,138260406127127
2216;13,825;0,126089996853921
2217;13,829;0,131225871594018
2218;13,834;0,130827153037485
2219;13,838;0,137016783962704
2220;13,842;0,127827270564527
2221;13,846;0,10372378449224
2222;13,850;0,0964234375881097
2223;13,854;0,1155809148996
2224;13,858;0,0976195932577072
2225;13,862;0,12516914685431
2226;13,867;0,109771015932983
2227;13,871;0,105147779336999
2228;13,875;0,110929198406721
2229;13,879;0,102584588616433
2230;13,883;0,118666237063244
2231;13,887;0,101625765420962
2232;13,891;0,124428669535035
2233;13,895;0,100325183462749
2234;13,900;0,111840555107366
2235;13,904;0,111793088612541
2236;13,908;0,127020340152497
2237;13,912;0,116758083971267
2238;13,916;0,0851169185207238
2239;13,920;0,117327681909171
2240;13,924;0,095350694805058
2241;13,928;0,115732807683041
2242;13,933;0,120526923660396
2243;13,937;0,135811134994142
2244;13,941;0,095844346351241
2245;13,945;0,0947051504754339
2246;13,949;0,115989126755097
2247;13,953;0,116606191187826
2248;13,957;0,125539385513947
2249;13,961;0,10038214325654
2250;13,966;0,115742300982006
2251;13,970;0,101663738616823
2252;13,974;0,112656978818361
2253;13,978;0,0914869221262787
2254;13,982;0,0865314200665177
2255;13,986;0,0966797566601663
2256;13,990;0,0859048623348237
2257;13,994;0,107502117480334
2258;13,998;0,0960816788253675
2259;14,003;0,0781203571834749
2260;14,007;0,103562398409834
2261;14,011;0,112039914385633
2262;14,015;0,120659829845907
2263;14,019;0,0888952515088175
2264;14,023;0,118153598919131
2265;14,027;0,100923261297548
2266;14,031;0,108271074696504
2267;14,036;0,0957304267636603
2268;14,040;0,108793206139582
2269;14,044;0,116805550466093
2270;14,048;0,101986510781635
2271;14,052;0,111878528303227
2272;14,056;0,116701124177477
2273;14,060;0,12121044118588
2274;14,064;0,0820885561508698
2275;14,069;0,112068394282528
2276;14,073;0,0989391618138505
2277;14,077;0,110995651499476
2278;14,081;0,112903804591453
2279;14,085;0,0968031695467121
2280;14,089;0,10368581129638
2281;14,093;0,117754880362598
2282;14,097;0,114982837064801
2283;14,102;0,10210992366818
2284;14,106;0,0899490076939391
2285;14,110;0,107483130882404
2286;14,114;0,108992565417849
2287;14,118;0,113331003044881
2288;14,122;0,107445157686544
2289;14,126;0,106334441707632
2290;14,130;0,091211616456292
2291;14,135;0,0987967623293746
2292;14,139;0,112913297890418
2293;14,143;0,11235319325148
2294;14,147;0,0981417247007855
2295;14,151;0,121628146340343
2296;14,155;0,0900819138794499
2297;14,159;0,102992800471931
2298;14,163;0,102935840678141
2299;14,167;0,100609982431701
2300;14,172;0,101673231915788
2301;14,176;0,0990056149066059
2302;14,180;0,101920057688879
2303;14,184;0,094714643774399
2304;14,188;0,116862510259883
2305;14,192;0,112704445313187
2306;14,196;0,0831802855318516
2307;14,200;0,10839448758305
2308;14,205;0,101426406142696
2309;14,209;0,0954551210936736
2310;14,213;0,0997745721227757
2311;14,217;0,0929204102700027
2312;14,221;0,102432695832992
2313;14,225;0,105783830367658
2314;14,229;0,106989479336221
2315;14,233;0,12111550819623
2316;14,238;0,127665884482121
2317;14,242;0,10923939119094
2318;14,246;0,0949519762485255
2319;14,250;0,105622444285252
2320;14,254;0,10445476851255
2321;14,258;0,113976547374505
2322;14,262;0,106562280882793
2323;14,266;0,10364783810052
2324;14,271;0,0937937937747882
2325;14,275;0,100695422122386
2326;14,279;0,106609747377619
2327;14,283;0,0888003185191669
2328;14,287;0,0901293803742752
2329;14,291;0,10683758655278
2330;14,295;0,0745508767726125
2331;14,299;0,0769147082149123
2332;14,304;0,105584471089392
2333;14,308;0,0957304267636603
2334;14,312;0,123365420050949
2335;14,316;0,119976312320422
2336;14,320;0,0976195932577072
2337;14,324;0,0980562850100999
2338;14,328;0,0882307205812633
2339;14,332;0,101749178307508
2340;14,336;0,108973578819918
2341;14,341;0,103875677275681
2342;14,345;0,115865713868552
2343;14,349;0,0527732489467659
2344;14,353;0,0848890793455623
2345;14,357;0,0710003829596803
2346;14,361;0,0866833128499586
2347;14,365;0,103467465420184
2348;14,369;0,0875092298599188
2349;14,374;0,0730794154330283
2350;14,378;0,0884680530553898
2351;14,382;0,0847656664590166
2352;14,386;0,110454533458468
2353;14,390;0,07734190666834
2354;14,394;0,0943823783106219
2355;14,398;0,0712092355369116
2356;14,402;0,0654562963640855
2357;14,407;0,0845473205828202
2358;14,411;0,0865219267675526
2359;14,415;0,101492859235451
2360;14,419;0,0760033515142666
2361;14,423;0,0774748128538509
2362;14,427;0,076857748421122
2363;14,431;0,0655607226527011
2364;14,435;0,0831802855318516
2365;14,440;0,0524409834829889
2366;14,444;0,0743705040922764
2367;14,448;0,0676302618270841
2368;14,452;0,068095433476372
2369;14,456;0,0723674180106488
2370;14,460;0,0556212386362838
2371;14,464;0,0715130211037935
2372;14,468;0,0612697515204942
2373;14,473;0,0710573427534706
2374;14,477;0,0655892025495963
2375;14,481;0,0772469736786894
2376;14,485;0,0918286808890209
2377;14,489;0,07175035357792
2378;14,493;0,073677493267827
2379;14,497;0,0758039922360004
2380;14,501;0,0699466267745586
2381;14,505;0,0622950278087207
2382;14,510;0,0750065551229354
2383;14,514;0,0678011412084552
2384;14,518;0,0672505298684817
2385;14,522;0,0930912896513738
2386;14,526;0,086749765942714
2387;14,530;0,0968791159384325
2388;14,534;0,0832277520266769
2389;14,538;0,0552984664714718
2390;14,543;0,0906135386214933
2391;14,547;0,0930533164555135
2392;14,551;0,0883066669729838
2393;14,555;0,086436487076867
2394;14,559;0,0648107520344614
2395;14,563;0,0862561143965309
2396;14,567;0,0923887855279594
2397;14,571;0,101777658204403
2398;14,576;0,112751911808012
2399;14,580;0,093755820578928
2400;14,584;0,0931862226410244
2401;14,588;0,0933381154244653
2402;14,592;0,0792025932654917
2403;14,596;0,0785000891420773
2404;14,600;0,0632633443031567
2405;14,604;0,0935849411975569
2406;14,609;0,0769906546066328
2407;14,613;0,0890756241891536
2408;14,617;0,0703833185269514
2409;14,621;0,0824682881094722
2410;14,625;0,0899964741887644
2411;14,629;0,060111569046757
2412;14,633;0,0639563551276061
2413;14,637;0,0585356814185571
2414;14,642;0,0828480200680746
2415;14,646;0,0661588004874999
2416;14,650;0,0731553618247488
2417;14,654;0,0685036453318696
2418;14,658;0,0552415066776814
2419;14,662;0,0631968912104013
2420;14,666;0,0645829128593
2421;14,670;0,0930628097544786
2422;14,674;0,0579945633775487
2423;14,679;0,0954456277947086
2424;14,683;0,084841612850737
2425;14,687;0,09010090047738
2426;14,691;0,0968601293405024
2427;14,695;0,090252793260821
2428;14,699;0,0700130798673141
2429;14,703;0,0762786571842533
2430;14,707;0,0662537334771505
2431;14,712;0,0679435406929311
2432;14,716;0,0659214680133734
2433;14,720;0,0611463386339485
2434;14,724;0,0635956097669338
2435;14,728;0,0551275870901007
2436;14,732;0,0530580479157177
2437;14,736;0,0868731788292598
2438;14,740;0,0891230906839789
2439;14,745;0,0632063845093664
2440;14,749;0,0470962561656603
2441;14,753;0,0501720850303396
2442;14,757;0,0678960741981058
2443;14,761;0,0636810494576193
2444;14,765;0,0652569370858192
2445;14,769;0,0652949102816795
2446;14,773;0,055811104615585
2447;14,778;0,0820031164601843
2448;14,782;0,0479601463714808
2449;14,786;0,0327423881304903
2450;14,790;0,0579565901816885
2451;14,794;0,0535327128639707
2452;14,798;0,0448178644140461
2453;14,802;0,0589533865730197
2454;14,806;0,0757565257411751
2455;14,811;0,0378118097778321
2456;14,815;0,0676207685281191
2457;14,819;0,0577382443054921
2458;14,823;0,0443716793626883
2459;14,827;0,0449982370943822
2460;14,831;0,0608710329639617
2461;14,835;0,0587255473978583
2462;14,839;0,0539314314205032
2463;14,843;0,0500581654427589
2464;14,848;0,0547573484304634
2465;14,852;0,0663011999719758
2466;14,856;0,0512828010092516
2467;14,860;0,0305969025643869
2468;14,864;0,0538554850287827
2469;14,868;0,0409730783331969
2470;14,872;0,0470013231760098
2471;14,876;0,0499252592572481
2472;14,881;0,0672125566726215
2473;14,885;0,0574724319344704
2474;14,889;0,0794778989354784
2475;14,893;0,0700320664652442
2476;14,897;0,0607950865722413
2477;14,901;0,0496404602882963
2478;14,905;0,0427198453427679
2479;14,909;0,0586496010061378
2480;14,914;0,0739243190409186
2481;14,918;0,0582224025527101
2482;14,922;0,0639848350245013
2483;14,926;0,051026481937195
2484;14,930;0,0676397551260492
2485;14,934;0,0532479138950189
2486;14,938;0,0466595644132676
2487;14,942;0,0738483726491981
2488;14,947;0,0747027695560535
2489;14,951;0,0567414479141608
2490;14,955;0,0574724319344704
2491;14,959;0,0536846056474117
2492;14,963;0,0847087066652262
2493;14,967;0,064744298941706
2494;14,971;0,0803417891412988
2495;14,975;0,0734971205874909
2496;14,980;0,0790317138841206
2497;14,984;0,0847561731600515
2498;14,988;0,0561623566772922
2499;14,992;0,0682378329608479
2500;14,996;0,0518618922461202
2501;15,000;0,0468304437946387
2502;15,004;0,0565895551307199
2503;15,008;0,0685131386308346
2504;15,012;0,0773988664621304
2505;15,017;0,0681903664660226
2506;15,021;0,0606052205929401
2507;15,025;0,0449222907026617
2508;15,029;0,0517574659575046
2509;15,033;0,0568268876048464
2510;15,037;0,0557921180176549
2511;15,041;0,060747620077416
2512;15,045;0,0478747066807952
2513;15,050;0,0624754004890568
2514;15,054;0,0542826834822104
2515;15,058;0,0532194339981237
2516;15,062;0,0480550793611314
2517;15,066;0,0699371334755936
2518;15,070;0,0281381381324365
2519;15,074;0,0477512937942495
2520;15,078;0,0461184463722592
2521;15,083;0,0610324190463677
2522;15,087;0,0556307319352489
2523;15,091;0,0431185638993004
2524;15,095;0,0332265463777084
2525;15,099;0,0474570015263326
2526;15,103;0,051672026266819
2527;15,107;0,0364162948299684
2528;15,111;0,0398054025604946
2529;15,116;0,0501530984324095
2530;15,120;0,0625893200766375
2531;15,124;0,0522890906995479
2532;15,128;0,056447155646244
2533;15,132;0,0679435406929311
2534;15,136;0,0757850056380703
2535;15,140;0,0762881504832184
2536;15,144;0,0565990484296849
2537;15,149;0,0616684700770267
2538;15,153;0,0773798798642003
2539;15,157;0,084993505634178
2540;15,161;0,0828670066660047
2541;15,165;0,0836074839852793
2542;15,169;0,0729180293506223
2543;15,173;0,091363509239733
2544;15,177;0,0826771406867035
2545;15,181;0,094562750990958
2546;15,186;0,0851928649124443
2547;15,190;0,100059371091727
2548;15,194;0,0732787747112945
2549;15,198;0,1069135329445
2550;15,202;0,0843954277993793
2551;15,206;0,0920944932600425
2552;15,210;0,0692346293521792
2553;15,214;0,0720446458458368
2554;15,219;0,0654942695599457
2555;15,223;0,0743705040922764
2556;15,227;0,068731484507031
2557;15,231;0,0747977025457041
2558;15,235;0,0662917066730107
2559;15,239;0,0939077133623689
2560;15,243;0,0603014350260582
2561;15,247;0,0502670180199902
2562;15,252;0,0420268345183186
2563;15,256;0,0746742896591583
2564;15,260;0,0658265350237228
2565;15,264;0,0723769113096139
2566;15,268;0,0675827953322588
2567;15,272;0,0667189051264384
2568;15,276;0,0546719087397779
2569;15,280;0,0566370216255452
2570;15,285;0,0598457566757353
2571;15,289;0,0665195458481722
2572;15,293;0,0673359695591673
2573;15,297;0,0633677705917724
2574;15,301;0,0601495422426172
2575;15,305;0,0383814077157357
2576;15,309;0,0912780695490474
2577;15,313;0,0338815840062975
2578;15,318;0,067459382445713
2579;15,322;0,0677441814146648
2580;15,326;0,0734021875978403
2581;15,330;0,0838448164594058
2582;15,334;0,0480455860621663
2583;15,338;0,0458526340012375
2584;15,342;0,0583458154392559
2585;15,346;0,0542067370904899
2586;15,350;0,0513777339989022
2587;15,355;0,0503809376075709
2588;15,359;0,0617254298708171
2589;15,363;0,0626842530662881
2590;15,367;0,0639278752307109
2591;15,371;0,0485107577114542
2592;15,375;0,0493176881234843
2593;15,379;0,0663771463636963
2594;15,383;0,0799810437806266
2595;15,388;0,0481215324538868
2596;15,392;0,045757701011587
2597;15,396;0,0763451102770088
2598;15,400;0,0385997535919321
2599;15,404;0,0357612572013793
2600;15,408;0,0724433644023693
2601;15,412;0,0613741778091099
2602;15,416;0,0576338180168764
2603;15,421;0,0662062669823252
2604;15,425;0,0521561845140371
2605;15,429;0,0312424468940109
2606;15,433;0,0566275283265801
2607;15,437;0,0612602582215292
2608;15,441;0,051985305132666
2609;15,445;0,0543016700801405
2610;15,449;0,0639088886327808
2611;15,454;0,0559440108010958
2612;15,458;0,0492322484327987
2613;15,462;0,0407262525601054
2614;15,466;0,0744084772881366
2615;15,470;0,0906704984152836
2616;15,474;0,0883826133647043
2617;15,478;0,0959867458357169
2618;15,482;0,0747217561539836
2619;15,487;0,0951228556298965
2620;15,491;0,0928254772803521
2621;15,495;0,114242359745526
2622;15,499;0,12515016025638
2623;15,503;0,102233336554726
2624;15,507;0,0999549448031118
2625;15,511;0,104312369028074
2626;15,515;0,130124648914071
2627;15,519;0,125302053039821
2628;15,524;0,130418941181988
2629;15,528;0,0878509886226609
2630;15,532;0,104654127790816
2631;15,536;0,110729839128454
2632;15,540;0,119425700980449
2633;15,544;0,0948190700630146
2634;15,548;0,0624943870869869
2635;15,552;0,0774558262559207
2636;15,557;0,094714643774399
2637;15,561;0,092170439651763
2638;15,565;0,0654752829620156
2639;15,569;0,0658265350237228
2640;15,573;0,0681713798680925
2641;15,577;0,0733357345050849
2642;15,581;0,0838922829542311
2643;15,585;0,0576907778106668
2644;15,590;0,0674309025488179
2645;15,594;0,0616969499739219
2646;15,598;0,05341879327639
2647;15,602;0,0531150077095081
2648;15,606;0,0426533922500125
2649;15,610;0,0715035278048284
2650;15,614;0,0569692870893223
2651;15,618;0,069206149455284
2652;15,623;0,05022904482413
2653;15,627;0,0579376035837583
2654;15,631;0,0569692870893223
2655;15,635;0,0371947453451033
2656;15,639;0,0575958448210162
2657;15,643;0,0627601994580086
2658;15,647;0,0326664417387699
2659;15,651;0,0589628798719848
2660;15,656;0,0454064489498797
2661;15,660;0,0318215381308796
2662;15,664;0,051349254102007
2663;15,668;0,0234104752478368
2664;15,672;0,0502385381230951
2665;15,676;0,0404414535911536
2666;15,680;0,0476088943097736
2667;15,684;0,0554693458528429
2668;15,688;0,0525833829674648
2669;15,693;0,0509885087413348
2670;15,697;0,0474380149284025
2671;15,701;0,0293627736989291
2672;15,705;0,0548427881211489
2673;15,709;0,0432324834868811
2674;15,713;0,0485392376083494
2675;15,717;0,0345366216348866
2676;15,721;0,0525074365757443
2677;15,726;0,0444096525585485
2678;15,730;0,0599786628612461
2679;15,734;0,0743799973912414
2680;15,738;0,0355239247272528
2681;15,742;0,0339955035938782
2682;15,746;0,0604818077063943
2683;15,750;0,0605102876032895
2684;15,754;0,0393307376122416
2685;15,759;0,0734021875978403
2686;15,763;0,0546814020387429
2687;15,767;0,058687574201998
2688;15,771;0,0622190814170002
2689;15,775;0,033653744831136
2690;15,779;0,0573490190479246
2691;15,783;0,0269324891638739
2692;15,787;0,0378972494685177
2693;15,792;0,0555642788424935
2694;15,796;0,0498018463707023
2695;15,800;0,0408971319414765
2696;15,804;0,0517289860606094
2697;15,808;0,0385807669940019
2698;15,812;0,0304165298840507
2699;15,816;0,0520137850295612
2700;15,820;0,0316316721515784
2701;15,825;0,0243787917422729
2702;15,829;0,0425394726624318
2703;15,833;0,0421217675079692
2704;15,837;0,0161386082406012
2705;15,841;0,0562193164710826
2706;15,845;0,0546624154408128
2707;15,849;0,0438115747237497
2708;15,853;0,0423021401883053
2709;15,857;0,0403844937973633
2710;15,862;0,0248154834946656
2711;15,866;0,0413528102917993
2712;15,870;0,0836644437790697
2713;15,874;0,0476563608045989
2714;15,878;0,0382010350353996
2715;15,882;0,0583458154392559
2716;15,886;0,0512353345144263
2717;15,890;0,0463367922484556
2718;15,895;0,0582508824496053
2719;15,899;0,0407167592611403
2720;15,903;0,0526498360602202
2721;15,907;0,0343847288514456
2722;15,911;0,0524219968850587
2723;15,915;0,0333119860683939
2724;15,919;0,0447893845171509
2725;15,923;0,0298943984409725
2726;15,928;0,0644405133748241
2727;15,932;0,0506657365765227
2728;15,936;0,0360270695724009
2729;15,940;0,0314228195743471
2730;15,944;0,0408686520445813
2731;15,948;0,0478082535880398
2732;15,952;0,032362656171888
2733;15,956;0,0336727314290662
2734;15,961;0,0651335241992735
2735;15,965;0,0223092525678899
2736;15,969;0,0679530339918961
2737;15,973;0,0268755293700835
2738;15,977;0,0479506530725157
2739;15,981;0,031413326275382
2740;15,985;0,0475614278149483
2741;15,989;0,0200688340121359
2742;15,994;0,051349254102007
2743;15,998;0,0489094762679867
2744;16,002;0,0594185582223076
2745;16,006;0,0304260231830158
2746;16,010;0,0246920706081198
2747;16,014;0,0588964267792293
2748;16,018;0,0387136731795128
2749;16,022;0,0291064546268725
2750;16,026;0,0294102401937544
2751;16,031;0,0435457623527281
2752;16,035;0,0464981783308616
2753;16,039;0,0337486778207866
2754;16,043;0,021530802052755
2755;16,047;0,0431660303941257
2756;16,051;0,0414857164773102
2757;16,055;0,0274546206069522
2758;16,059;0,0307298087498977
2759;16,064;0,0378307963757622
2760;16,068;0,0469633499801495
2761;16,072;0,0442577597751075
2762;16,076;0,0310335943167796
2763;16,080;0,0252142020511981
2764;16,084;0,0224611453513309
2765;16,088;0,0328183345222108
2766;16,092;0,0357422706034491
2767;16,097;0,0292583474103135
2768;16,101;0,0326854283367
2769;16,105;0,0467829772998134
2770;16,109;0,0342992891607601
2771;16,113;0,0327423881304903
2772;16,117;0,037944715963343
2773;16,121;0,034451181944201
2774;16,125;0,0327328948315253
2775;16,130;0,0413907834876596
2776;16,134;0,048311398433188
2777;16,138;0,0431470437961956
2778;16,142;0,0350587530779649
2779;16,146;0,0202397133935069
2780;16,150;0,0412388907042186
2781;16,154;0,0495455272986457
2782;16,158;0,0632253711072965
2783;16,163;0,0371662654482081
2784;16,167;0,0345271283359215
2785;16,171;0,0585451747175221
2786;16,175;0,0446944515275003
2787;16,179;0,027274247926616
2788;16,183;0,029343787100999
2789;16,187;0,0559440108010958
2790;16,191;0,0114584118508269
2791;16,195;0,0188631850435733
2792;16,200;0,0184169999922155
2793;16,204;0,0479601463714808
2794;16,208;0,0574914185324005
2795;16,212;0,0416565958586812
2796;16,216;0,00569597937903572
2797;16,220;0,0439824541051208
2798;16,224;0,0375839706026707
2799;16,228;0,0403939870963283
2800;16,233;0,0509885087413348
2801;16,237;0,0450646901871376
2802;16,241;0,0404414535911536
2803;16,245;0,0255559608139403
2804;16,249;0,0325145489553289
2805;16,253;0,020249206692472
2806;16,257;0,0123033154587172
2807;16,261;0,0393402309112067
2808;16,266;0,0229453035985489
2809;16,270;0,0253945747315343
2810;16,274;0,0303785566881905
2811;16,278;0,00814525051202108
2812;16,282;0,018179667518089
2813;16,286;0,0497638731748421
2814;16,290;0,0576528046148065
2815;16,294;0,0268280628752582
2816;16,299;0,0208472845272707
2817;16,303;0,0406882793642452
2818;16,307;0,0188252118477131
2819;16,311;0,023752234010579
2820;16,315;0,026790089679398
2821;16,319;0,0205150190634937
2822;16,323;0,0503334711127456
2823;16,327;0,0429666711158595
2824;16,332;0,0241129793712512
2825;16,336;0,0330746535942674
2826;16,340;0,0428337649303486
2827;16,344;0,0322962030791325
2828;16,348;0,0389984721484646
2829;16,352;0,0488430231752313
2830;16,356;0,0144298144268905
2831;16,360;0,0197650484452539
2832;16,364;0,0345271283359215
2833;16,369;0,0252047087522331
2834;16,373;0,0138602164889869
2835;16,377;0,0108603340160281
2836;16,381;0,0231446628768151
2837;16,385;0,0237902072064392
2838;16,389;0,0587350406968233
2839;16,393;0,0437071484351341
2840;16,397;0,0287172293693051
2841;16,402;0,044333706166828
2842;16,406;0,0405268932818392
2843;16,410;0,00471816958563459
2844;16,414;0,0404889200859789
2845;16,418;0,0448273577130111
2846;16,422;0,0120185164897654
2847;16,426;0,0429856577137896
2848;16,430;0,0275590468955678
2849;16,435;0,0157588762819988
2850;16,439;0,0327993479242807
2851;16,443;0,0195561958680226
2852;16,447;0,0366346407061647
2853;16,451;0,0344132087483408
2854;16,455;0,0240939927733211
2855;16,459;0,0285273633900039
2856;16,463;0,0135184577262448
2857;16,468;0,0280337118438208
2858;16,472;0,0173632438070939
2859;16,476;0,0376883968912863
2860;16,480;0,0374225845202647
2861;16,484;0,0468399370936037
2862;16,488;0,0179328417449975
2863;16,492;0,0485772108042096
2864;16,496;0,0458811138981327
2865;16,501;0,0478177468870049
2866;16,505;0,0499537391541433
2867;16,509;0,0377548499840418
2868;16,513;0,0330936401921975
2869;16,517;0,040669292766315
2870;16,521;0,046403245341211
2871;16,525;0,0267711030814679
2872;16,529;0,0320019108112157
2873;16,533;0,0404319602921886
2874;16,538;0,057567364924121
2875;16,542;0,0355334180262178
2876;16,546;0,0602254886343377
2877;16,550;0,0428337649303486
2878;16,554;0,0411629443124981
2879;16,558;0,0484917711135241
2880;16,562;0,0389415123546742
2881;16,566;0,048159505649747
2882;16,571;0,0499442458551782
2883;16,575;0,0616779633759918
2884;16,579;0,0348783803976287
2885;16,583;0,0522321309057576
2886;16,587;0,0393592175091368
2887;16,591;0,0340334767897384
2888;16,595;0,0269229958649088
2889;16,599;0,0536466324515514
2890;16,604;0,032362656171888
2891;16,608;0,0512543211123564
2892;16,612;0,0330461736973722
2893;16,616;0,0406408128694199
2894;16,620;0,0565136087389994
2895;16,624;0,0494221144120999
2896;16,628;0,0318784979246699
2897;16,632;0,042093287611074
2898;16,637;0,0694814551252707
2899;16,641;0,0380396489529935
2900;16,645;0,045757701011587
2901;16,649;0,0295906128740906
2902;16,653;0,0268755293700835
2903;16,657;0,0356853108096588
2904;16,661;0,0485202510104193
2905;16,665;0,0549851876056248
2906;16,670;0,0386851932826176
2907;16,674;0,038751646375373
2908;16,678;0,0388655659629537
2909;16,682;0,0290589881320472
2910;16,686;0,0430426175075799
2911;16,690;0,0201257938059262
2912;16,694;0,0258692396797872
2913;16,698;0,0292773340082436
2914;16,702;0,0491657953400433
2915;16,707;0
2916;16,711;0,0245401778246789
2917;16,715;0,0264578242156209
2918;16,719;0,0130912592728171
2919;16,723;0,0308437283374784
2920;16,727;0,0214358690631044
2921;16,731;0,00930343298575834
2922;16,735;0,0291064546268725
2923;16,740;0,0323151896770627
2924;16,744;0,0237142608147187
2925;16,748;0,0313278865846965
2926;16,752;0,0258597463808222
2927;16,756;0,0268185695762932
2928;16,760;0,00800285102754519
2929;16,764;0,0299513582347628
2930;16,768;0,0299323716368327
2931;16,773;0,0183980133942854
2932;16,777;0,041134464415603
2933;16,781;0,0291918943175581
2934;16,785;0,0350112865831396
2935;16,789;0,0346600345214324
2936;16,793;0,0252047087522331
2937;16,797;0,0292488541113484
2938;16,801;0,0125216613349135
2939;16,806;0,0396535097770537
2940;16,810;0,0187492654559926
2941;16,814;0,033321479367359
2942;16,818;0,012122942778381
2943;16,822;0,0385807669940019
2944;16,826;0,046080473176399
2945;16,830;0,0154930639109772
2946;16,834;0,0322772164812024
2947;16,839;0,0376883968912863
2948;16,843;0,0276919530810787
2949;16,847;0,0361884556548069
2950;16,851;0,0254990010201499
2951;16,855;0,0526308494622901
2952;16,859;0,0366916004999551
2953;16,863;0,042900218023104
2954;16,867;0,0305304494716315
2955;16,871;0,0277299262769389
2956;16,876;0,0277014463800437
2957;16,880;0,0253186283398138
2958;16,884;0,0206289386510744
2959;16,888;0,0212365097848382
2960;16,892;0,0342138494700746
2961;16,896;0,0549472144097646
