#"+EI TIC Scan 120C_1ml-min_10C-min_1.d "
#Point;X(Minutes);Y(Counts)
0;5,591;0,563943027821355
1;5,595;0,546996729506235
2;5,599;0,533382966843043
3;5,603;0,562666737571681
4;5,608;0,518953796520336
5;5,612;0,534269279516428
6;5,616;0,539658060570608
7;5,620;0,554087230893314
8;5,624;0,494952449325073
9;5,628;0,529802263642568
10;5,632;0,544834126583176
11;5,636;0,583406454128888
12;5,641;0,544585959034628
13;5,645;0,560043252058461
14;5,649;0,525299795261772
15;5,653;0,52909321350386
16;5,657;0,566991943417799
17;5,661;0,581456566247441
18;5,665;0,518492913930176
19;5,669;0,503248335947956
20;5,674;0,550506527692839
21;5,678;0,575075114999069
22;5,682;0,469213929289975
23;5,686;0,488854618132185
24;5,690;0,504170101128276
25;5,694;0,495094259352814
26;5,698;0,527852375761121
27;5,702;0,522747214762424
28;5,707;0,51076426741826
29;5,711;0,465916846144983
30;5,715;0,501582068121992
31;5,719;0,457514602001294
32;5,723;0,470809292102068
33;5,727;0,504099196114405
34;5,731;0,447694257580189
35;5,735;0,47187286731013
36;5,740;0,449254167885347
37;5,744;0,446488872344386
38;5,748;0,47187286731013
39;5,752;0,476871670788021
40;5,756;0,451239508273729
41;5,760;0,451133150752923
42;5,764;0,424827390606858
43;5,768;0,413234420838984
44;5,772;0,418765011920905
45;5,777;0,439646538505854
46;5,781;0,439788348533596
47;5,785;0,404300389091264
48;5,789;0,393806447038386
49;5,793;0,399727015696597
50;5,797;0,436491265388604
51;5,801;0,406604802042064
52;5,805;0,380830829500031
53;5,810;0,382674359860672
54;5,814;0,416850576546394
55;5,818;0,441631878894236
56;5,822;0,39501183227419
57;5,826;0,403201361376266
58;5,830;0,395756334919833
59;5,834;0,414758878637206
60;5,838;0,413553493401402
61;5,843;0,440674661206981
62;5,847;0,433761422354578
63;5,851;0,42450831804444
64;5,855;0,422629335176864
65;5,859;0,469178476783039
66;5,863;0,474673615358026
67;5,867;0,500624850434736
68;5,871;0,487365612840898
69;5,876;0,504489173690695
70;5,880;0,471801962296259
71;5,884;0,453898446293884
72;5,888;0,443014526664717
73;5,892;0,442518191567621
74;5,896;0,459003607292581
75;5,900;0,442057308977461
76;5,904;0,402811383799977
77;5,909;0,434293209958609
78;5,913;0,384907867797602
79;5,917;0,41780779423365
80;5,921;0,417843246740585
81;5,925;0,385935990498728
82;5,929;0,402279596195946
83;5,933;0,391750201636133
84;5,937;0,372074060286988
85;5,941;0,409724622652379
86;5,946;0,349207193313657
87;5,950;0,352043393868489
88;5,954;0,401180568480949
89;5,958;0,402492311237558
90;5,962;0,408341974881899
91;5,966;0,411816320561568
92;5,970;0,410114600228669
93;5,974;0,412241750644792
94;5,979;0,410291862763346
95;5,983;0,42234571512138
96;5,987;0,410894555381247
97;5,991;0,378561869056166
98;5,995;0,398982513050954
99;5,999;0,377072863764879
100;6,003;0,394090067093869
101;6,007;0,391253866539038
102;6,012;0,38653868311663
103;6,016;0,334884380511757
104;6,020;0,348356333147208
105;6,024;0,340769496663033
106;6,028;0,35126343871591
107;6,032;0,353390589132034
108;6,036;0,337791486080459
109;6,040;0,357751247485088
110;6,045;0,334990738032563
111;6,049;0,374768450814078
112;6,053;0,30790502273392
113;6,057;0,315243691669547
114;6,061;0,361651023247981
115;6,065;0,371967702766182
116;6,069;0,30659327997731
117;6,073;0,375796573515205
118;6,078;0,44198640396359
119;6,082;0,748402421406224
120;6,086;1,41799391989506
121;6,090;2,59455626756007
122;6,094;4,55621438130944
123;6,098;7,28194492453048
124;6,102;10,3596834091131
125;6,106;13,2216579364868
126;6,110;16,0391041151497
127;6,115;17,8632065019898
128;6,119;18,5637480390332
129;6,123;18,6656385439655
130;6,127;18,2104992599289
131;6,131;17,5472537601815
132;6,135;16,3032961968323
133;6,139;15,3921313160857
134;6,143;14,5752701037872
135;6,148;13,6235475551065
136;6,152;12,6088968066154
137;6,156;11,6343782959753
138;6,160;11,0984782011398
139;6,164;10,1963537096617
140;6,168;9,36889219778954
141;6,172;8,81590399461122
142;6,176;8,02715662031251
143;6,181;7,46555345794889
144;6,185;6,95737722353692
145;6,189;6,33064780593298
146;6,193;5,70303207565565
147;6,197;5,42533258883069
148;6,201;4,92963563685997
149;6,205;4,38749590080389
150;6,209;3,9651501856825
151;6,214;3,54011008003403
152;6,218;3,13541971336648
153;6,222;2,79606831698086
154;6,226;2,40534623804586
155;6,230;2,17958467388125
156;6,234;1,88149999556844
157;6,238;1,66694142359542
158;6,242;1,46883281484042
159;6,247;1,32773183723754
160;6,251;1,17539241493614
161;6,255;1,10009129020536
162;6,259;0,945695622501706
163;6,263;0,833523890558111
164;6,267;0,746098008455423
165;6,271;0,657963076214027
166;6,275;0,598934652166591
167;6,279;0,579471225859059
168;6,284;0,558093364177014
169;6,288;0,483146764515586
170;6,292;0,43344234979216
171;6,296;0,449573240447765
172;6,300;0,447694257580189
173;6,304;0,440355588644562
174;6,308;0,344208389835766
175;6,312;0,393841899545322
176;6,317;0,333076302658052
177;6,321;0,326553041381939
178;6,325;0,340202256552066
179;6,329;0,304714297109734
180;6,333;0,325489466173877
181;6,337;0,295142120237177
182;6,341;0,305742419810861
183;6,345;0,284151843087204
184;6,350;0,267808237389986
185;6,354;0,294007640015245
186;6,358;0,289540624141385
187;6,362;0,249266576262774
188;6,366;0,259051468176943
189;6,370;0,261816763717904
190;6,374;0,243204197576821
191;6,378;0,277699486824962
192;6,383;0,250471961498577
193;6,387;0,2543008322476
194;6,391;0,252102776817606
195;6,395;0,241821549806341
196;6,399;0,24267240997279
197;6,403;0,254407189768406
198;6,407;0,265255656890638
199;6,411;0,261639501183227
200;6,416;0,244835012895849
201;6,420;0,205801802759978
202;6,424;0,231150345218786
203;6,428;0,232993875579427
204;6,432;0,248663883644872
205;6,436;0,246997615818909
206;6,440;0,223847128790095
207;6,444;0,240722522091343
208;6,448;0,245012275430526
209;6,453;0,239268969306992
210;6,457;0,220833665700586
211;6,461;0,234305618336037
212;6,465;0,240545259556666
213;6,469;0,23682274632845
214;6,473;0,212537779077703
215;6,477;0,217749297597206
216;6,481;0,220124615561878
217;6,486;0,222996268623645
218;6,490;0,212395969049961
219;6,494;0,235227383516357
220;6,498;0,225442491602187
221;6,502;0,238169941591995
222;6,506;0,224591631435738
223;6,510;0,223244436172193
224;6,514;0,206688115433363
225;6,519;0,202114742038696
226;6,523;0,220160068068813
227;6,527;0,197966798727255
228;6,531;0,189103671993406
229;6,535;0,198640396359028
230;6,539;0,220372783110426
231;6,543;0,197966798727255
232;6,547;0,192755280207752
233;6,552;0,183963058487773
234;6,556;0,198321323796609
235;6,560;0,204738227551916
236;6,564;0,202540172121921
237;6,568;0,173681831476508
238;6,572;0,199065826442252
239;6,576;0,198994921428381
240;6,580;0,184955728681964
241;6,585;0,188820051937923
242;6,589;0,191727157506625
243;6,593;0,221755430880906
244;6,597;0,217252962500111
245;6,601;0,182864030772776
246;6,605;0,220869118207521
247;6,609;0,272452515798523
248;6,613;0,472723727476579
249;6,617;0,813103246563323
250;6,622;1,54711195015378
251;6,626;2,76912441170996
252;6,630;4,58776711248194
253;6,634;6,60352575181472
254;6,638;8,67742650252156
255;6,642;10,6762388435392
256;6,646;11,6742978187845
257;6,650;12,5400834906538
258;6,655;12,6454837937728
259;6,659;12,3059551348525
260;6,663;11,8210711974971
261;6,667;11,2181304120468
262;6,671;10,4062680032262
263;6,675;9,71235608497966
264;6,679;8,87053630779866
265;6,683;8,18506208620277
266;6,688;7,39918636496583
267;6,692;6,79635193703635
268;6,696;6,04784315810932
269;6,700;5,52392601061803
270;6,704;4,93272000496335
271;6,708;4,48148049668962
272;6,712;4,00967853439336
273;6,716;3,57325817401863
274;6,721;3,09752098345254
275;6,725;2,71725739406348
276;6,729;2,35514548822534
277;6,733;2,00597374741861
278;6,737;1,72618256268446
279;6,741;1,43369938046744
280;6,745;1,3103601088392
281;6,749;1,0933198613807
282;6,754;0,958742145053932
283;6,758;0,815301301993317
284;6,762;0,676788357396722
285;6,766;0,619319843654444
286;6,770;0,570608099125209
287;6,774;0,460598970104673
288;6,778;0,397528960266603
289;6,782;0,407349304687708
290;6,786;0,380901734513902
291;6,791;0,285605395871556
292;6,795;0,283017362865272
293;6,799;0,314286473982291
294;6,803;0,25476171483776
295;6,807;0,268588192542565
296;6,811;0,21540943213947
297;6,815;0,255967100073564
298;6,819;0,202752887163534
299;6,824;0,203461937302241
300;6,828;0,225300681574446
301;6,832;0,200377569198862
302;6,836;0,192329850124527
303;6,840;0,217111152472369
304;6,844;0,209878841057548
305;6,848;0,219380112916235
306;6,852;0,214452214452214
307;6,857;0,245508610527622
308;6,861;0,200519379226604
309;6,865;0,212644136598509
310;6,869;0,214274951917537
311;6,873;0,196761413491452
312;6,877;0,199952139115637
313;6,881;0,208673455821745
314;6,885;0,166910402651848
315;6,890;0,198179513768867
316;6,894;0,180027830217944
317;6,898;0,139080184707561
318;6,902;0,192081682575979
319;6,906;0,182864030772776
320;6,910;0,215941219743501
321;6,914;0,185345706258254
322;6,918;0,20200838451789
323;6,923;0,223528056227676
324;6,927;0,215373979632535
325;6,931;0,203603747329983
326;6,935;0,22072730817978
327;6,939;0,210162461113031
328;6,943;0,17651803203134
329;6,947;0,219238302888493
330;6,951;0,200661189254345
331;6,955;0,173220948886348
332;6,960;0,191585347478884
333;6,964;0,197186843574676
334;6,968;0,188749146924052
335;6,972;0,158011823411063
336;6,976;0,169640245685873
337;6,980;0,140604642505783
338;6,984;0,167619452790555
339;6,988;0,152020349738981
340;6,993;0,164074202097016
341;6,997;0,142129100304005
342;7,001;0,157054605723807
343;7,005;0,168186692901522
344;7,009;0,162939721875083
345;7,013;0,136279436659665
346;7,017;0,119155875809868
347;7,021;0,133407783597898
348;7,026;0,130252510480647
349;7,030;0,122346601434054
350;7,034;0,149432316732697
351;7,038;0,139966497380946
352;7,042;0,132663280952254
353;7,046;0,128940767724038
354;7,050;0,144362608240935
355;7,054;0,106322068299255
356;7,059;0,126352734717754
357;7,063;0,111427229297952
358;7,067;0,113412569686334
359;7,071;0,146844283726413
360;7,075;0,129791627890487
361;7,079;0,111427229297952
362;7,083;0,127558119953557
363;7,087;0,122736579010343
364;7,092;0,116922367872938
365;7,096;0,124651014384855
366;7,100;0,128798957696296
367;7,104;0,145284373421256
368;7,108;0,126778164800978
369;7,112;0,110221844062148
370;7,116;0,119191328316804
371;7,120;0,0901202726297783
372;7,124;0,124438299343242
373;7,129;0,138619302117401
374;7,133;0,135038598916926
375;7,137;0,1323087558829
376;7,141;0,115185195033104
377;7,145;0,107385643507317
378;7,149;0,13092610811242
379;7,153;0,135924911590311
380;7,157;0,12422558430163
381;7,162;0,0951545286146047
382;7,166;0,147588786372056
383;7,170;0,130181605466777
384;7,174;0,118305015643419
385;7,178;0,131209728167903
386;7,182;0,111498134311823
387;7,186;0,126884522321785
388;7,190;0,109158268854086
389;7,195;0,12691997482872
390;7,199;0,244374130305689
391;7,203;0,5126077977789
392;7,207;1,15252554796281
393;7,211;2,38925079989719
394;7,215;4,70529217297278
395;7,219;8,25656979269147
396;7,223;12,8426706373474
397;7,228;18,2703430916359
398;7,232;23,7852287129854
399;7,236;28,1667685926241
400;7,240;31,6182828578266
401;7,244;32,3804763044307
402;7,248;32,8434505925
403;7,252;31,4187206962872
404;7,256;29,3253919717798
405;7,261;27,0884096891701
406;7,265;24,382497097326
407;7,269;21,8321501059144
408;7,273;19,3317202442678
409;7,277;17,2159146303633
410;7,281;14,9099772217643
411;7,285;12,9221906104035
412;7,289;11,1542095420422
413;7,293;9,50403715422727
414;7,298;7,76338996871316
415;7,302;6,61107713579196
416;7,306;5,51580738652982
417;7,310;4,41603516888688
418;7,314;3,63058487773317
419;7,318;2,91231708722203
420;7,322;2,48015102767954
421;7,326;1,94634263075328
422;7,331;1,65910641956269
423;7,335;1,34584806828153
424;7,339;1,18872255754385
425;7,343;0,935627110532053
426;7,347;0,816683949763798
427;7,351;0,736384021555124
428;7,355;0,6305937408599
429;7,359;0,554193588414121
430;7,364;0,48350128958494
431;7,368;0,410575482818829
432;7,372;0,366259849149583
433;7,376;0,378384606521489
434;7,380;0,316519981919221
435;7,384;0,312797468691005
436;7,388;0,292624992244764
437;7,392;0,250011078908417
438;7,397;0,228739574747179
439;7,401;0,246926710805038
440;7,405;0,215267622111729
441;7,409;0,205199110142076
442;7,413;0,188323716840827
443;7,417;0,215834862222695
444;7,421;0,215090359577052
445;7,425;0,183963058487773
446;7,430;0,175277194288601
447;7,434;0,164605989701047
448;7,438;0,171022893456354
449;7,442;0,171306513511837
450;7,446;0,154324762689782
451;7,450;0,14617068609464
452;7,454;0,125501874551304
453;7,458;0,144504418268677
454;7,462;0,145000753365772
455;7,467;0,129224387779521
456;7,471;0,118801350740514
457;7,475;0,12422558430163
458;7,479;0,146737926205607
459;7,483;0,117737775532452
460;7,487;0,127664477474363
461;7,491;0,0900493676159075
462;7,495;0,119545853386158
463;7,500;0,103450415237487
464;7,504;0,117454155476969
465;7,508;0,108201051166831
466;7,512;0,087674049651236
467;7,516;0,138867469665949
468;7,520;0,10096873975201
469;7,524;0,117985943081
470;7,528;0,0983807067457258
471;7,533;0,119191328316804
472;7,537;0,119049518289062
473;7,541;0,0917156354418712
474;7,545;0,116532390296649
475;7,549;0,125253707002756
476;7,553;0,138193872034176
477;7,557;0,0998697120370124
478;7,561;0,118978613275191
479;7,566;0,0918574454696128
480;7,570;0,0866459269501095
481;7,574;0,105648470667482
482;7,578;0,10951279392344
483;7,582;0,110044581527471
484;7,586;0,111037251721662
485;7,590;0,0706213938153102
486;7,594;0,105329398105064
487;7,599;0,104301275403937
488;7,603;0,0679624557951554
489;7,607;0,074982052168364
490;7,611;0,0950481710937985
491;7,615;0,0944100259689613
492;7,619;0,103344057716681
493;7,623;0,0438192985721503
494;7,627;0,0858659717975307
495;7,631;0,0788463754243222
496;7,636;0,102386840029426
497;7,640;0,0746629796059454
498;7,644;0,0650553502264529
499;7,648;0,0987352318150797
500;7,652;0,0772155601052939
501;7,656;0,0673952156841891
502;7,660;0,0853341841934998
503;7,664;0,0662607354622564
504;7,669;0,110470011610696
505;7,673;0,108059241139089
506;7,677;0,0864332119084971
507;7,681;0,0887376248592979
508;7,685;0,123339271628245
509;7,689;0,0994442819537877
510;7,693;0,105648470667482
511;7,697;0,10327315270281
512;7,702;0,0714013489678889
513;7,706;0,0589929715405001
514;7,710;0,0740248344811082
515;7,714;0,0523988052505163
516;7,718;0,0895884850257474
517;7,722;0,0872840720749466
518;7,726;0,0848733016033396
519;7,730;0,0860786868391431
520;7,735;0,0823561736109265
521;7,739;0,0529305928545472
522;7,743;0,0330062839568543
523;7,747;0,0515833975910022
524;7,751;0,0583548264156629
525;7,755;0,0842706089854379
526;7,759;0,0711531814193411
527;7,763;0,055589530874702
528;7,768;0,0846960390686626
529;7,772;0,0841642514646317
530;7,776;0,0792718055075469
531;7,780;0,0553059108192188
532;7,784;0,0664734505038688
533;7,788;0,0900848201228429
534;7,792;0,0686006009199926
535;7,796;0,0843769665062441
536;7,800;0,0870713570333342
537;7,805;0,0901911776436491
538;7,809;0,120893048649703
539;7,813;0,136456699194342
540;7,817;0,175029026740053
541;7,821;0,196442340929033
542;7,825;0,230689462628626
543;7,829;0,231859395357494
544;7,833;0,313116541253423
545;7,838;0,52108094693646
546;7,842;1,11381141038936
547;7,846;2,04833949320641
548;7,850;3,76243275102591
549;7,854;6,19798452498072
550;7,858;9,38665390376417
551;7,862;12,921375202744
552;7,866;15,8256800233987
553;7,871;18,3290169906139
554;7,875;19,9132122630221
555;7,879;20,4063920870005
556;7,883;19,5994575766439
557;7,887;18,1720687424109
558;7,891;16,3677843069478
559;7,895;14,6368865608409
560;7,899;12,5035319560034
561;7,904;10,6192312123871
562;7,908;8,71989860583016
563;7,912;7,10425695977027
564;7,916;5,91018107367917
565;7,920;4,59198596080725
566;7,924;3,64480133301426
567;7,928;2,81485814565662
568;7,932;2,19461653682186
569;7,937;1,76603118047985
570;7,941;1,3362049863951
571;7,945;1,07204835721946
572;7,949;0,912441170996304
573;7,953;0,713588059595664
574;7,957;0,640733157843424
575;7,961;0,527568755705638
576;7,965;0,44152552137343
577;7,969;0,427060898543788
578;7,974;0,332189989984667
579;7,978;0,311733893482943
580;7,982;0,295709360348144
581;7,986;0,249514743811322
582;7,990;0,264192081682576
583;7,994;0,245437705513751
584;7,998;0,223918033803965
585;8,002;0,169250268109584
586;8,007;0,175277194288601
587;8,011;0,172547351254576
588;8,015;0,14570980350448
589;8,019;0,11890770826132
590;8,023;0,132875995993867
591;8,027;0,10951279392344
592;8,031;0,112348994478272
593;8,035;0,121495741267604
594;8,040;0,0827461511872158
595;8,044;0,116851462859067
596;8,048;0,0930628307054163
597;8,052;0,0932046407331578
598;8,056;0,0885958148315563
599;8,060;0,0760810798833612
600;8,064;0,0757974598278781
601;8,068;0,0782436828064204
602;8,073;0,0633536298935539
603;8,077;0,0688487684685403
604;8,081;0,0732803318354649
605;8,085;0,0721458516135322
606;8,089;0,0738475719464313
607;8,093;0,06345998741436
608;8,097;0,0555540783677666
609;8,101;0,0628218422895229
610;8,106;0,0478608843627855
611;8,110;0,063814512483714
612;8,114;0,0599147367208204
613;8,118;0,0595602116514664
614;8,122;0,0598438317069496
615;8,126;0,0573621562214718
616;8,130;0,0717558740372429
617;8,134;0,0470809292102068
618;8,138;0,046300974057628
619;8,143;0,0383241599971638
620;8,147;0,0595956641584018
621;8,151;0,0474709067864961
622;8,155;0,0868940944986572
623;8,159;0,066225282955321
624;8,163;0,0354525069353967
625;8,167;0,0720749465996614
626;8,171;0,0679624557951554
627;8,176;0,0675370257119307
628;8,180;0,0769673925567462
629;8,184;0,123162009093568
630;8,188;0,138619302117401
631;8,192;0,138512944596595
632;8,196;0,133407783597898
633;8,200;0,137094844319179
634;8,204;0,109229173867957
635;8,209;0,119368590851481
636;8,213;0,116709652831326
637;8,217;0,123587439176793
638;8,221;0,0862914018807555
639;8,225;0,074095739494979
640;8,229;0,10103964476588
641;8,233;0,0480735994043979
642;8,237;0,0627863897825875
643;8,242;0,0646299201432281
644;8,246;0,0612973844913008
645;8,250;0,0553768158330896
646;8,254;0,0413021705797371
647;8,258;0,0359488420324922
648;8,262;0,0471518342240776
649;8,266;0,04289753339183
650;8,270;0,034140764178787
651;8,275;0,0409476455103832
652;8,279;0,0328290214221773
653;8,283;0,0178326109885045
654;8,287;0,0511579675077774
655;8,291;0,0269439052709015
656;8,295;0,0565112960550223
657;8,299;0,0413021705797371
658;8,303;0,0590638765543708
659;8,307;0,0294610332633146
660;8,312;0,0427911758710238
661;8,316;0,0308791335407305
662;8,320;0,0506970849176172
663;8,324;0,0635308924282308
664;8,328;0,0187189236618894
665;8,332;0,0347789093036241
666;8,336;0,027794765437351
667;8,340;0,016627225752701
668;8,345;0,0374023948168435
669;8,349;0,0304891559644411
670;8,353;0,0360906520602338
671;8,357;0,0572203461937302
672;8,361;0,0393877352052257
673;8,365;0,0273693353541262
674;8,369;0,0347789093036241
675;8,373;0,0357715794978152
676;8,378;0,0439965611068273
677;8,382;0,0227959619594601
678;8,386;0,0244622297854237
679;8,390;0,0285392680829943
680;8,394;0,0623609596993627
681;8,398;0,0546323131874463
682;8,402;0,0383950650110346
683;8,406;0,0686006009199926
684;8,411;0,0651617077472591
685;8,415;0,109087363840216
686;8,419;0,120751238621961
687;8,423;0,118801350740514
688;8,427;0,122736579010343
689;8,431;0,0963599138504081
690;8,435;0,101323264821364
691;8,439;0,118340468150354
692;8,444;0,121389383746798
693;8,448;0,0970689639891161
694;8,452;0,089730295053489
695;8,456;0,0912193003447756
696;8,460;0,0688133159616049
697;8,464;0,050945252466165
698;8,468;0,0484990294876226
699;8,472;0,0677142882466076
700;8,476;0,0541005255834153
701;8,481;0,0464073315784342
702;8,485;0,072748544231434
703;8,489;0,252882731970184
704;8,493;0,619709821230734
705;8,497;1,47939766190717
706;8,501;3,38996871316263
707;8,505;6,58026890726511
708;8,509;11,6803956499774
709;8,514;18,7206608347293
710;8,518;26,8486089322591
711;8,522;35,5626578744449
712;8,526;43,0433495528553
713;8,530;47,7993388107457
714;8,534;50,1790174337703
715;8,538;48,8971611405071
716;8,542;45,1038847084474
717;8,547;39,4818616111392
718;8,551;32,5983319595487
719;8,555;26,5729302383295
720;8,559;20,4524448935095
721;8,563;15,657564235511
722;8,567;11,751407021369
723;8,571;8,92112703519548
724;8,575;6,58324691784768
725;8,580;5,05574020402918
726;8,584;3,75697306495786
727;8,588;2,91923032607443
728;8,592;2,3058310510782
729;8,596;1,80658884841394
730;8,600;1,51977806730658
731;8,604;1,16404761271681
732;8,608;1,09856683240714
733;8,613;0,964591808698273
734;8,617;0,888865253884265
735;8,621;0,786407508840969
736;8,625;0,694018275767325
737;8,629;0,566247440772156
738;8,633;0,483820362147358
739;8,637;0,479105178724951
740;8,641;0,381185354569385
741;8,645;0,351866131333812
742;8,650;0,304217962012639
743;8,654;0,295213025251048
744;8,658;0,296241147952175
745;8,662;0,267099187251279
746;8,666;0,324106818403396
747;8,670;0,329956482047737
748;8,674;0,326198516312585
749;8,678;0,295496645306531
750;8,683;0,311592083455201
751;8,687;0,34502379749528
752;8,691;0,293227684862666
753;8,695;0,292447729710087
754;8,699;0,290781461884123
755;8,703;0,228455954691696
756;8,707;0,192684375193881
757;8,711;0,167903072846039
758;8,716;0,171625586074255
759;8,720;0,145107110886579
760;8,724;0,142448172866424
761;8,728;0,150814964503177
762;8,732;0,114901574977621
763;8,736;0,123977416753082
764;8,740;0,131989683320482
765;8,744;0,0848733016033396
766;8,749;0,0852987316865644
767;8,753;0,0599147367208204
768;8,757;0,100259689613302
769;8,761;0,0765774149804568
770;8,765;0,0705504888014394
771;8,769;0,0714013489678889
772;8,773;0,087674049651236
773;8,777;0,0817534809930247
774;8,782;0,0492080796263306
775;8,786;0,0497753197372969
776;8,790;0,0458400914674679
777;8,794;0,0583902789225983
778;8,798;0,0684942433991864
779;8,802;0,0552704583122834
780;8,806;0,0484281244737518
781;8,810;0,047187286731013
782;8,814;0,0288228881384775
783;8,819;0,0794490680422239
784;8,823;0,0860786868391431
785;8,827;0,0784918503549682
786;8,831;0,158791778563642
787;8,835;0,160458046389605
788;8,839;0,194882430623875
789;8,843;0,214168594396731
790;8,847;0,256569792691466
791;8,852;0,267347354799826
792;8,856;0,234801953433132
793;8,860;0,222854458595903
794;8,864;0,178716087461335
795;8,868;0,172476446240705
796;8,872;0,152197612273658
797;8,876;0,13716574933305
798;8,880;0,124651014384855
799;8,885;0,103414962730552
800;8,889;0,0735994043978835
801;8,893;0,057468513742278
802;8,897;0,0749111471544932
803;8,901;0,0544905031597047
804;8,905;0,0154572930238329
805;8,909;0,0620418871369442
806;8,913;0,0257739725420334
807;8,918;0,0424721033086052
808;8,922;0,0412667180728017
809;8,926;0,0390332101358717
810;8,930;0,0757265548140073
811;8,934;0,0497044147234261
812;8,938;0,0497753197372969
813;8,942;0,0449892313010184
814;8,946;0,0402740478786106
815;8,951;0,0282911005344465
816;8,955;0,0401676903578044
817;8,959;0,0180807785370523
818;8,963;0,0255258049934856
819;8,967;0,0135074051423861
820;8,971;0,0265539276946121
821;8,975;0,0254548999796148
822;8,979;0,0517961126326145
823;8,983;0,122594768982602
824;8,988;0,403839506501103
825;8,992;0,952467051326367
826;8,996;2,05596178219752
827;9,000;3,85638189440471
828;9,004;6,699956570679
829;9,008;10,5388603791646
830;9,012;14,7880915029204
831;9,016;19,2442589096581
832;9,021;22,2586792168541
833;9,025;24,0288228881385
834;9,029;24,3993724906272
835;9,033;22,7725987573896
836;9,037;20,2845418206635
837;9,041;16,9150646565095
838;9,045;13,7527010378721
839;9,049;10,9469541864979
840;9,054;8,49356980155459
841;9,058;6,35475551064905
842;9,062;4,63311086885231
843;9,066;3,51437155999894
844;9,070;2,59469807758781
845;9,074;1,98381593058399
846;9,078;1,51329025853741
847;9,082;1,23041470569988
848;9,087;0,977638331250498
849;9,091;0,770772953282459
850;9,095;0,625630389888945
851;9,099;0,516294858500182
852;9,103;0,476765313267214
853;9,107;0,400116993272887
854;9,111;0,356049527152189
855;9,115;0,267843689896922
856;9,120;0,227286021962828
857;9,124;0,207361713065135
858;9,128;0,203249222260629
859;9,132;0,177014367128436
860;9,136;0,133726856160316
861;9,140;0,126636354773237
862;9,144;0,120006735976318
863;9,148;0,119545853386158
864;9,152;0,194067022964361
865;9,157;0,407313852180772
866;9,161;0,863162186356103
867;9,165;1,82654860981857
868;9,169;3,63916438441153
869;9,173;6,41693920781373
870;9,177;10,2548148935982
871;9,181;14,9606743066819
872;9,185;19,9228553449086
873;9,190;24,2457213255692
874;9,194;26,7733787125422
875;9,198;27,618070142785
876;9,202;26,4164428727166
877;9,206;23,515435135207
878;9,210;19,4259530077021
879;9,214;15,5259999822737
880;9,218;11,6864225761564
881;9,223;8,63881872246891
882;9,227;6,22216313471066
883;9,231;4,6259849149583
884;9,235;3,34380954913274
885;9,239;2,57991438219575
886;9,243;1,91734248008012
887;9,247;1,50527799197001
888;9,251;1,15596444113554
889;9,256;1,00940377746461
890;9,260;0,793675272762725
891;9,264;0,628005707853617
892;9,268;0,553590895796219
893;9,272;0,472085582351742
894;9,276;0,408519237416576
895;9,280;0,382000762228899
896;9,284;0,346406445265761
897;9,289;0,278373084456735
898;9,293;0,279862089748021
899;9,297;0,220301878096555
900;9,301;0,204915490086593
901;9,305;0,190876297340176
902;9,309;0,178538824926658
903;9,313;0,128515337640813
904;9,317;0,133124163542414
905;9,321;0,105577565653611
906;9,326;0,103627677772164
907;9,330;0,115823340157941
908;9,334;0,129685270369681
909;9,338;0,0876385971443006
910;9,342;0,105648470667482
911;9,346;0,0789881854520638
912;9,350;0,0776764426954541
913;9,354;0,0754429347585241
914;9,359;0,0740248344811082
915;9,363;0,0733512368493357
916;9,367;0,0627154847687167
917;9,371;0,0249231123755839
918;9,375;0,06792700328822
919;9,379;0,0458400914674679
920;9,383;0,053178760403095
921;9,387;0,0670406906148351
922;9,392;0,0719685890788552
923;9,396;0,0770028450636816
924;9,400;0,0682106233437032
925;9,404;0,0571494411798594
926;9,408;0,0267666427362245
927;9,412;0,0635308924282308
928;9,416;0,0440674661206981
929;9,420;0,0637790599767786
930;9,425;0,0265184751876767
931;9,429;0,0474709067864961
932;9,433;0,0209878841057548
933;9,437;0,0264830226807413
934;9,441;0,0396004502468381
935;9,445;0,050945252466165
936;9,449;0,0371187747613603
937;9,453;0,0481445044182687
938;9,458;0,0434293209958609
939;9,462;0,0611201219566239
940;9,466;0,0447410637524706
941;9,470;0,0428620808848946
942;9,474;0,0147836953920604
943;9,478;0,0304891559644411
944;9,482;0,00350979818660427
945;9,486;0,0328290214221773
946;9,490;0,00223350793692999
947;9,495;0,0109193721361022
948;9,499;0,0249940173894546
949;9,503;0,0219451017930105
950;9,507;0,017336275891409
951;9,511;0,0198179513768867
952;9,515;0,0218387442722043
953;9,519;0,0407703829757062
954;9,523;0,010813014615296
955;9,528;0,0244976822923591
956;9,532;0,00914674678933234
957;9,536;0,0252776374449378
958;9,540;0,00943036684481551
959;9,544;0,00716140640095013
960;9,548;0,0142519077880295
961;9,552;0,021626029230592
962;9,556;0,0220514593138167
963;9,561;0,0129401650314198
964;9,565;0,0338925966302392
965;9,569;0,0321554237904048
966;9,573;0,0413376230866725
967;9,577;0,0297446533187978
968;9,581;0,0217678392583336
969;9,585;0,0295673907841208
970;9,589;0
971;9,594;0,00350979818660427
972;9,598;0,0237886321536512
973;9,602;0,0186125661410832
974;9,606;0,0318718037349216
975;9,610;0,018683471154954
976;9,614;0,0148191478989958
977;9,618;0,032439043845888
978;9,622;0,0335380715608853
979;9,627;0,0141810027741587
980;9,631;0,0339989541510454
981;9,635;0,017336275891409
982;9,639;0,0178680634954399
983;9,643;0,0325808538736295
984;9,647;0,0561213184787329
985;9,651;0,129968890425164
986;9,655;0,328290214221773
987;9,659;0,854689037198543
988;9,664;1,87830926994425
989;9,668;3,73346805285969
990;9,672;6,82248043464773
991;9,676;10,7761440080832
992;9,680;15,9483811499021
993;9,684;20,8019357068787
994;9,688;25,1559998936425
995;9,692;27,4032634032634
996;9,697;27,6760704441313
997;9,701;25,6124863729426
998;9,705;22,3447579036933
999;9,709;17,6908009607629
1000;9,713;14,077091476331
1001;9,717;10,2607709147633
1002;9,721;7,56606131511074
1003;9,725;5,62340574507875
1004;9,730;3,89775496999832
1005;9,734;2,81872246891258
1006;9,738;2,12108803743785
1007;9,742;1,71678764834658
1008;9,746;1,3080556958884
1009;9,750;1,1077490317034
1010;9,754;0,833275723009563
1011;9,758;0,717097857782268
1012;9,763;0,581243851205828
1013;9,767;0,467973091547236
1014;9,771;0,44507077206697
1015;9,775;0,35211429888236
1016;9,779;0,328751096811933
1017;9,783;0,311273010892783
1018;9,787;0,254938977372437
1019;9,791;0,189103671993406
1020;9,796;0,230086770010724
1021;9,800;0,167477642762814
1022;9,804;0,148085121469152
1023;9,808;0,1769789146215
1024;9,812;0,264582059258865
1025;9,816;0,548556639811393
1026;9,820;1,35680289292457
1027;9,824;3,18235883254895
1028;9,828;6,60873727033423
1029;9,833;13,0052203816462
1030;9,837;22,0296205695445
1031;9,841;34,5447454953158
1032;9,845;49,801058257332
1033;9,849;66,6360357006745
1034;9,853;81,3425509851365
1035;9,857;91,0792629423808
1036;9,861;94,0625204959806
1037;9,866;87,7238249709733
1038;9,870;74,5266292642718
1039;9,874;58,8940235936434
1040;9,878;43,6269687220258
1041;9,882;31,102767954479
1042;9,886;21,5202389498967
1043;9,890;14,8703767715175
1044;9,894;10,6947095996526
1045;9,899;7,81593058399142
1046;9,903;5,91925691545463
1047;9,907;4,46205252288902
1048;9,911;3,69656199313994
1049;9,915;3,00566353798293
1050;9,919;2,4576741382825
1051;9,923;2,08361473760713
1052;9,927;1,83441906635823
1053;9,932;1,60305600609783
1054;9,936;1,37314649862178
1055;9,940;1,2021945101793
1056;9,944;1,04503354693469
1057;9,948;0,914001081301462
1058;9,952;0,844762335256632
1059;9,956;0,760030843681034
1060;9,960;0,695436376044741
1061;9,965;0,622546021785566
1062;9,969;0,541962473521409
1063;9,973;0,521577282033556
1064;9,977;0,506439061572141
1065;9,981;0,456344669272426
1066;9,985;0,413943470977691
1067;9,989;0,421246687406383
1068;9,993;0,435888572770702
1069;9,997;0,430251624167974
1070;10,002;0,493498896540722
1071;10,006;0,408838309978994
1072;10,010;0,346583707800438
1073;10,014;0,304182509505703
1074;10,018;0,289895149210739
1075;10,022;0,264582059258865
1076;10,026;0,209595221002065
1077;10,030;0,192719827700816
1078;10,035;0,203674652343854
1079;10,039;0,17159013356732
1080;10,043;0,159678091237027
1081;10,047;0,129188935272585
1082;10,051;0,145426183448997
1083;10,055;0,143618105595292
1084;10,059;0,141030072589008
1085;10,063;0,123977416753082
1086;10,068;0,130287962987583
1087;10,072;0,0779600627509373
1088;10,076;0,0796263305769009
1089;10,080;0,0787754704104514
1090;10,084;0,0969271539613745
1091;10,088;0,0922474230459021
1092;10,092;0,0880994797344607
1093;10,096;0,0845896815478565
1094;10,101;0,110470011610696
1095;10,105;0,111001799214727
1096;10,109;0,0780664202717435
1097;10,113;0,112703519547626
1098;10,117;0,101394169835234
1099;10,121;0,119545853386158
1100;10,125;0,0951545286146047
1101;10,129;0,061758267081461
1102;10,134;0,0803708332225442
1103;10,138;0,0794490680422239
1104;10,142;0,0846960390686626
1105;10,146;0,0642399425669388
1106;10,150;0,0744857170712684
1107;10,154;0,0439256560929565
1108;10,158;0,0443865386831166
1109;10,162;0,0272984303402554
1110;10,166;0,044776516259406
1111;10,171;0,0357361269908798
1112;10,175;0,023327749563491
1113;10,179;0,063991775018391
1114;10,183;0,0590284240474355
1115;10,187;0,0903684401783261
1116;10,191;0,0724649241759508
1117;10,195;0,0794136155352885
1118;10,199;0,0663316404761272
1119;10,204;0,0578584913185674
1120;10,208;0,0878867646928483
1121;10,212;0,10635752080619
1122;10,216;0,0690260310032173
1123;10,220;0,113164402137786
1124;10,224;0,205376372676753
1125;10,228;0,442730906609234
1126;10,232;1,01014828011026
1127;10,237;2,16338287821178
1128;10,241;4,15092132202398
1129;10,245;7,44648000921765
1130;10,249;12,0001418100277
1131;10,253;17,7716681290826
1132;10,257;23,1044342223049
1133;10,261;26,679110496601
1134;10,265;28,9118739308853
1135;10,270;28,1681157878877
1136;10,274;25,5792319214372
1137;10,278;21,555230574242
1138;10,282;17,0835704219735
1139;10,286;12,7487923989825
1140;10,290;9,12154005690127
1141;10,294;6,68956898614693
1142;10,298;4,69958431935618
1143;10,303;3,48760491726271
1144;10,307;2,53932126175472
1145;10,311;2,00335026190539
1146;10,315;1,60911838478378
1147;10,319;1,27579391457718
1148;10,323;1,05630744414014
1149;10,327;0,834516560752302
1150;10,331;0,74804789633687
1151;10,335;0,703484095119076
1152;10,340;0,642257615641646
1153;10,344;0,575571450096165
1154;10,348;0,591312363175481
1155;10,352;0,536750955001906
1156;10,356;0,456380121779361
1157;10,360;0,419899492142838
1158;10,364;0,387673163338563
1159;10,368;0,354595974367837
1160;10,373;0,291951394612992
1161;10,377;0,255506217483404
1162;10,381;0,235404646051034
1163;10,385;0,213317734230282
1164;10,389;0,190415414750015
1165;10,393;0,176766199579888
1166;10,397;0,117312345449228
1167;10,401;0,128196265078394
1168;10,406;0,097600751593147
1169;10,410;0,123410176642116
1170;10,414;0,113377117179399
1171;10,418;0,0947290985313799
1172;10,422;0,117135082914551
1173;10,426;0,152658494863818
1174;10,430;0,194527905554522
1175;10,434;0,17559626685102
1176;10,439;0,246430375707942
1177;10,443;0,292022299626862
1178;10,447;0,329211979402093
1179;10,451;0,338784156274651
1180;10,455;0,376860148723267
1181;10,459;0,348179070612531
1182;10,463;0,42404743545428
1183;10,467;0,611378482100915
1184;10,472;1,03287333705585
1185;10,476;2,05971974793268
1186;10,480;4,05920568658211
1187;10,484;7,30768344456557
1188;10,488;12,2918450370922
1189;10,492;18,2337206519716
1190;10,496;24,4595353948966
1191;10,500;29,381832362821
1192;10,504;32,1438308206369
1193;10,509;32,2939721875083
1194;10,513;29,1610696021342
1195;10,517;24,3341398778661
1196;10,521;18,9473441640742
1197;10,525;14,0188430074362
1198;10,529;9,84253769044643
1199;10,533;7,15186967658451
1200;10,537;4,91963802990419
1201;10,542;3,68114015262304
1202;10,546;2,66992829730472
1203;10,550;2,0698591649162
1204;10,554;1,59787994008526
1205;10,558;1,36860857773405
1206;10,562;1,09633332447021
1207;10,566;0,93172733476916
1208;10,570;0,780947822772918
1209;10,575;0,695188208496193
1210;10,579;0,64754003917502
1211;10,583;0,589291570280163
1212;10,587;0,461556187791929
1213;10,591;0,442979074157781
1214;10,595;0,380369946909871
1215;10,599;0,367713401933934
1216;10,603;0,305636062290055
1217;10,608;0,308436810337951
1218;10,612;0,226470614303314
1219;10,616;0,250081983922288
1220;10,620;0,258555133079848
1221;10,624;0,216969342444628
1222;10,628;0,192117135082915
1223;10,632;0,176269864482792
1224;10,636;0,213246829216411
1225;10,641;0,176447127017469
1226;10,645;0,104868515514903
1227;10,649;0,134825883875314
1228;10,653;0,142767245428842
1229;10,657;0,1363148891666
1230;10,661;0,124615561877919
1231;10,665;0,158437253494288
1232;10,669;0,114866122470685
1233;10,674;0,125643684579046
1234;10,678;0,123835606725341
1235;10,682;0,115823340157941
1236;10,686;0,129649817862746
1237;10,690;0,128302622599201
1238;10,694;0,153863880099622
1239;10,698;0,0987352318150797
1240;10,702;0,118517730685031
1241;10,706;0,132415113403707
1242;10,711;0,144078988185452
1243;10,715;0,141455502672233
1244;10,719;0,0746984321128808
1245;10,723;0,0888794348870394
1246;10,727;0,0969626064683099
1247;10,731;0,105542113146676
1248;10,735;0,0911129428239694
1249;10,739;0,0446347062316644
1250;10,744;0,0890566974217164
1251;10,748;0,0825688886525388
1252;10,752;0,0319781612557278
1253;10,756;0,0728903542591755
1254;10,760;0,0363388196087816
1255;10,764;0,0369769647336187
1256;10,768;0,0489599120777828
1257;10,772;0,0564049385342161
1258;10,777;0,0343889317273348
1259;10,781;0,0352752444007197
1260;10,785;0,0584611839364691
1261;10,789;0,0502007498205217
1262;10,793;0,0559795084509913
1263;10,797;0,019037996224308
1264;10,801;0,077038297570617
1265;10,805;0,0759747223625551
1266;10,810;0,0508388949453588
1267;10,814;0,0571848936867948
1268;10,818;0,0195343313214036
1269;10,822;0,0329353789429835
1270;10,826;0,0323326863250818
1271;10,830;0,0521506377019685
1272;10,834;0,0260575925975166
1273;10,838;0,0248167548547777
1274;10,843;0,0669343330940289
1275;10,847;0,057468513742278
1276;10,851;0,0609074069150115
1277;10,855;0,0566885585896993
1278;10,859;0,078917280438193
1279;10,863;0,118411373164225
1280;10,867;0,166165900006204
1281;10,871;0,395189094808867
1282;10,875;0,900741843707623
1283;10,880;1,9569783828339
1284;10,884;3,83865564093701
1285;10,888;7,31704290639652
1286;10,892;12,1918689675344
1287;10,896;18,3371001621952
1288;10,900;24,2937240199598
1289;10,904;29,2578194935609
1290;10,908;31,6761413491452
1291;10,913;30,9213574764906
1292;10,917;28,1179504905741
1293;10,921;23,3913159084262
1294;10,925;18,3856700966967
1295;10,929;13,5957173371622
1296;10,933;9,81477837751602
1297;10,937;6,99598500358957
1298;10,941;4,88372464037863
1299;10,946;3,59679863862373
1300;10,950;2,75228447091565
1301;10,954;2,18507981245624
1302;10,958;1,69838779724711
1303;10,962;1,38101695516144
1304;10,966;1,1128541927021
1305;10,970;0,895636682708926
1306;10,974;0,827319701844417
1307;10,979;0,696109973676514
1308;10,983;0,571352601770853
1309;10,987;0,572345271965044
1310;10,991;0,49289620392282
1311;10,995;0,426068228349597
1312;10,999;0,389303978657591
1313;11,003;0,359949302915082
1314;11,007;0,31368378136439
1315;11,012;0,276671364123836
1316;11,016;0,24983381637374
1317;11,020;0,238418109140543
1318;11,024;0,215267622111729
1319;11,028;0,212112348994478
1320;11,032;0,240261639501183
1321;11,036;0,199526709032412
1322;11,040;0,230405842573143
1323;11,044;0,202079289531761
1324;11,049;0,208992528384163
1325;11,053;0,214416761945279
1326;11,057;0,162159766722504
1327;11,061;0,175844434399567
1328;11,065;0,175029026740053
1329;11,069;0,17382364150425
1330;11,073;0,118269563136483
1331;11,077;0,0990543043774983
1332;11,082;0,126210924690012
1333;11,086;0,120999406170509
1334;11,090;0,0947645510383153
1335;11,094;0,14702154626109
1336;11,098;0,236716388807644
1337;11,102;0,55812881668395
1338;11,106;1,25009084704902
1339;11,110;2,8912582981024
1340;11,115;5,8453029859874
1341;11,119;11,0133567319879
1342;11,123;18,4337082435942
1343;11,127;28,3762220035984
1344;11,131;40,8793285295186
1345;11,135;53,1366073723488
1346;11,139;63,9309385164898
1347;11,143;70,1453375521817
1348;11,148;69,236937966976
1349;11,152;62,6528401889619
1350;11,156;51,2467405851436
1351;11,160;38,4829163232205
1352;11,164;27,6645838318842
1353;11,168;19,2835048348356
1354;11,172;13,4792203993725
1355;11,176;9,48358105772554
1356;11,181;7,18345786026394
1357;11,185;5,43479840818244
1358;11,189;4,32946014695064
1359;11,193;3,55904171873754
1360;11,197;3,17799817419589
1361;11,201;2,71123046788446
1362;11,205;2,35542910828082
1363;11,209;2,07499977842183
1364;11,213;1,80066827975573
1365;11,218;1,66250986022849
1366;11,222;1,43589743589744
1367;11,226;1,24303579816888
1368;11,230;1,06474514079077
1369;11,234;0,975333918299698
1370;11,238;0,842812447375185
1371;11,242;0,751841314578957
1372;11,246;0,747976991322999
1373;11,251;0,603401668040451
1374;11,255;0,557809744121531
1375;11,259;0,497221409768938
1376;11,263;0,476304430677054
1377;11,267;0,432378774584098
1378;11,271;0,41518430872043
1379;11,275;0,375122975883432
1380;11,279;0,373527613071339
1381;11,284;0,348001808077854
1382;11,288;0,31059941326101
1383;11,292;0,366649826725872
1384;11,296;0,307231425102148
1385;11,300;0,335132548060305
1386;11,304;0,322015120494208
1387;11,308;0,316023646822126
1388;11,312;0,288796121495741
1389;11,317;0,315598216738901
1390;11,321;0,30521063220683
1391;11,325;0,46247795297225
1392;11,329;0,717558740372429
1393;11,333;1,23640617937196
1394;11,337;2,43385005362192
1395;11,341;4,59460944632047
1396;11,345;7,81830590195609
1397;11,350;12,7830395206821
1398;11,354;18,909587244188
1399;11,358;25,2223669866255
1400;11,362;30,5974988256357
1401;11,366;33,2568977283806
1402;11,370;32,9602311503452
1403;11,374;29,8308029106508
1404;11,378;24,7635051893607
1405;11,382;19,4527196504383
1406;11,387;14,4878442216845
1407;11,391;10,4903968021839
1408;11,395;7,63530006115557
1409;11,399;5,42565166139311
1410;11,403;4,14457532328255
1411;11,407;3,01718560273693
1412;11,411;2,39027892259831
1413;11,415;1,82048623113262
1414;11,420;1,55732227215117
1415;11,424;1,35495936256393
1416;11,428;1,1421025109238
1417;11,432;0,988593155893536
1418;11,436;0,875003323672525
1419;11,440;0,835190158384075
1420;11,444;0,932081859838514
1421;11,448;1,3442172529625
1422;11,453;2,37258812163755
1423;11,457;4,5286323309137
1424;11,461;8,25685341274695
1425;11,465;14,8204950942594
1426;11,469;23,665824669627
1427;11,473;35,1439992200448
1428;11,477;47,9232098699779
1429;11,481;58,9971903888254
1430;11,486;65,9649197443874
1431;11,490;66,589628369096
1432;11,494;61,4873035709538
1433;11,498;51,7163444920099
1434;11,502;40,1652795873328
1435;11,506;29,4189865900893
1436;11,510;20,9967826849956
1437;11,514;14,6905616563411
1438;11,519;10,4866388364487
1439;11,523;7,75364052930593
1440;11,527;5,74256162088862
1441;11,531;4,41238356067253
1442;11,535;3,65426715236601
1443;11,539;3,03296196832318
1444;11,543;2,5407039095252
1445;11,547;2,18277539950544
1446;11,551;1,90805392326305
1447;11,556;1,650704175419
1448;11,560;1,48056759463604
1449;11,564;1,28299077348507
1450;11,568;1,23817880471873
1451;11,572;1,03911297827648
1452;11,576;0,972994052841961
1453;11,580;0,852703696810161
1454;11,584;0,802680209524316
1455;11,589;0,723195688975157
1456;11,593;0,687814087053631
1457;11,597;0,636478857011176
1458;11,601;0,654311467999681
1459;11,605;0,522995382310972
1460;11,609;0,497327767289744
1461;11,613;0,512714155299707
1462;11,617;0,465136890992404
1463;11,622;0,4656332260895
1464;11,626;0,459003607292581
1465;11,630;0,403201361376266
1466;11,634;0,374591188279401
1467;11,638;0,363388196087816
1468;11,642;0,33917413385094
1469;11,646;0,333749900289824
1470;11,650;0,304856107137476
1471;11,655;0,303118934297642
1472;11,659;0,307054162567471
1473;11,663;0,277415866769479
1474;11,667;0,265326561904509
1475;11,671;0,222216313471066
1476;11,675;0,271530750618203
1477;11,679;0,20246926710805
1478;11,683;0,237212723904739
1479;11,688;0,336373385803044
1480;11,692;0,507857161849557
1481;11,696;1,03570953761068
1482;11,700;2,16253201804533
1483;11,704;4,34293209958609
1484;11,708;7,89665594228332
1485;11,712;13,1440169462983
1486;11,716;19,2566318345786
1487;11,720;24,9980944277522
1488;11,725;29,8240669343331
1489;11,729;31,5137334148741
1490;11,733;30,4527107873115
1491;11,737;27,0565733379422
1492;11,741;22,1104522853572
1493;11,745;16,9126893385449
1494;11,749;12,3877440683524
1495;11,753;8,99359195937143
1496;11,758;6,41878273817437
1497;11,762;4,82451895379652
1498;11,766;3,50412578549461
1499;11,770;2,75334804612371
1500;11,774;2,15129357334681
1501;11,778;1,80109370983896
1502;11,782;1,49294051955649
1503;11,786;1,22275696420183
1504;11,791;1,05159226071774
1505;11,795;0,92456592836821
1506;11,799;0,851037428984197
1507;11,803;0,671435028849477
1508;11,807;0,690331215046044
1509;11,811;0,620206156327829
1510;11,815;0,529908621163374
1511;11,819;0,496157834560876
1512;11,824;0,52824235333741
1513;11,828;0,465845941131112
1514;11,832;0,472121034858677
1515;11,836;0,413234420838984
1516;11,840;0,346406445265761
1517;11,844;0,334955285525628
1518;11,848;0,348888120751239
1519;11,852;0,316200909356803
1520;11,857;0,355624097068964
1521;11,861;0,309464933039078
1522;11,865;0,313116541253423
1523;11,869;0,319958875091955
1524;11,873;0,266744662181925
1525;11,877;0,32577308622936
1526;11,881;0,355978622138318
1527;11,885;0,231646680315882
1528;11,889;0,275678693929645
1529;11,894;0,292235014668475
1530;11,898;0,311875703510684
1531;11,902;0,30875588290037
1532;11,906;0,368351547058771
1533;11,910;0,309642195573754
1534;11,914;0,272665230840136
1535;11,918;0,312194776073103
1536;11,922;0,282911005344465
1537;11,927;0,28372641300398
1538;11,931;0,248415716096324
1539;11,935;0,282804647823659
1540;11,939;0,211048773786416
1541;11,943;0,226506066810249
1542;11,947;0,222464481019614
1543;11,951;0,201582954434665
1544;11,955;0,192436207645333
1545;11,960;0,352397918937843
1546;11,964;0,623290524431209
1547;11,968;1,17975307328919
1548;11,972;2,64067997908302
1549;11,976;5,06676593368609
1550;11,980;8,8803921047267
1551;11,984;13,8527125599369
1552;11,988;19,9375681352868
1553;11,993;25,2848697563526
1554;11,997;29,05145045069
1555;12,001;30,1421468265575
1556;12,005;28,1035213202514
1557;12,009;24,5425651661393
1558;12,013;19,6611094862045
1559;12,017;15,0179655578895
1560;12,021;10,8757655525716
1561;12,026;7,92108271956181
1562;12,030;5,66846588139364
1563;12,034;4,10958369893731
1564;12,038;3,16215090359577
1565;12,042;2,45593696544267
1566;12,046;1,97176207822596
1567;12,050;1,59440559440559
1568;12,054;1,34209010254638
1569;12,058;1,19201964068884
1570;12,063;1,01461529598412
1571;12,067;0,967959796857135
1572;12,071;0,852703696810161
1573;12,075;0,746842511101066
1574;12,079;0,755528375300238
1575;12,083;0,635698901858598
1576;12,087;0,720040415857906
1577;12,091;0,628962925540872
1578;12,096;0,519485584124367
1579;12,100;0,531362173947725
1580;12,104;0,490485433451213
1581;12,108;0,448793285295186
1582;12,112;0,360693805560726
1583;12,116;0,340379519086743
1584;12,120;0,327793879124678
1585;12,124;0,307763212706178
1586;12,129;0,359630230352664
1587;12,133;0,313612876350519
1588;12,137;0,28780345130155
1589;12,141;0,273232470951102
1590;12,145;0,268978170118854
1591;12,149;0,295780265362014
1592;12,153;0,280003899775763
1593;12,157;0,227250569455893
1594;12,162;0,266000159536281
1595;12,166;0,262880338925966
1596;12,170;0,25784608294114
1597;12,174;0,207290808051264
1598;12,178;0,240013471952635
1599;12,182;0,232639350510073
1600;12,186;0,224414368901061
1601;12,190;0,192755280207752
1602;12,195;0,176411674510534
1603;12,199;0,15641646059897
1604;12,203;0,187543761688248
1605;12,207;0,22703785441428
1606;12,211;0,199739424074025
1607;12,215;0,178857897489076
1608;12,219;0,193606140374201
1609;12,223;0,205447277690624
1610;12,227;0,199633066553219
1611;12,232;0,221507263332358
1612;12,236;0,17474540668457
1613;12,240;0,181481383002296
1614;12,244;0,162727006833471
1615;12,248;0,172370088719899
1616;12,252;0,200802999282087
1617;12,256;0,27124713056272
1618;12,260;0,258413323052106
1619;12,265;0,26139133363468
1620;12,269;0,2479902860131
1621;12,273;0,230299485052337
1622;12,277;0,22973224494137
1623;12,281;0,21803291765269
1624;12,285;0,208177120724649
1625;12,289;0,192719827700816
1626;12,293;0,196087815859679
1627;12,298;0,205659992732236
1628;12,302;0,226222446754766
1629;12,306;0,18013418773875
1630;12,310;0,379589991757292
1631;12,314;0,746523438538648
1632;12,318;1,51144672817677
1633;12,322;3,31998546447216
1634;12,326;6,76316839054482
1635;12,331;12,7185514105666
1636;12,335;21,4398681166742
1637;12,339;34,361349676939
1638;12,343;49,6648142731793
1639;12,347;67,4581438839994
1640;12,351;83,8903453960488
1641;12,355;95,3081443271557
1642;12,359;100
1643;12,364;94,6690065321244
1644;12,368;82,2921463834011
1645;12,372;66,9497549345458
1646;12,376;51,480337153341
1647;12,380;37,7446178662909
1648;12,384;27,0814609978108
1649;12,388;19,7333262428319
1650;12,392;14,4659700249054
1651;12,396;10,8328680191798
1652;12,401;8,45981901495209
1653;12,405;6,74349224919567
1654;12,409;5,36350341673536
1655;12,413;4,45918086982726
1656;12,417;3,85680732448793
1657;12,421;3,26439593359745
1658;12,425;2,87980713836227
1659;12,429;2,52765738697298
1660;12,434;2,23386246199934
1661;12,438;2,08691182075212
1662;12,442;1,88217359320021
1663;12,446;1,70125945030888
1664;12,450;1,60426139133363
1665;12,454;1,31830147039273
1666;12,458;1,31780513529563
1667;12,462;1,21889264094587
1668;12,467;1,14142891329203
1669;12,471;1,15054020757443
1670;12,475;1,04446630682372
1671;12,479;0,972604075265672
1672;12,483;0,9009191062423
1673;12,487;0,8339138681344
1674;12,491;0,786052983771615
1675;12,495;0,811436978737359
1676;12,500;0,732271530750618
1677;12,504;0,750529571822347
1678;12,508;0,658069433734833
1679;12,512;0,644172051016157
1680;12,516;0,633642656456345
1681;12,520;0,561957687432973
1682;12,524;0,552137343011868
1683;12,528;0,596772049243532
1684;12,533;0,536148262384004
1685;12,537;0,552917298164446
1686;12,541;0,527568755705638
1687;12,545;0,560255967100074
1688;12,549;0,72525193437741
1689;12,553;0,931869144796901
1690;12,557;1,49889654072164
1691;12,561;2,70084288335239
1692;12,565;4,77750892960018
1693;12,570;8,30354436438087
1694;12,574;12,740283797318
1695;12,578;17,9686068051087
1696;12,582;22,8735320446347
1697;12,586;26,4111959016902
1698;12,590;27,6493038013951
1699;12,594;25,8586331285951
1700;12,598;22,6087018178273
1701;12,603;18,0110789084173
1702;12,607;13,6208177120725
1703;12,611;9,98828294645785
1704;12,615;7,37979384367217
1705;12,619;5,41678853465926
1706;12,623;4,00262348551322
1707;12,627;3,05706967303925
1708;12,631;2,52723195688975
1709;12,636;2,28991287546421
1710;12,640;2,14739379758391
1711;12,644;2,57619186896753
1712;12,648;3,78249886995134
1713;12,652;6,14023239118296
1714;12,656;9,91390358690739
1715;12,660;15,5304315456407
1716;12,664;21,863631932073
1717;12,669;28,432981467202
1718;12,673;33,4466395454989
1719;12,677;35,5853474788836
1720;12,681;34,5064922403325
1721;12,685;30,5110301612203
1722;12,689;25,0729346698928
1723;12,693;19,3679881588627
1724;12,697;14,2731438396838
1725;12,702;10,6191603073732
1726;12,706;7,7960771801076
1727;12,710;5,89394382550276
1728;12,714;4,52934138105241
1729;12,718;3,69450574773769
1730;12,722;3,01718560273693
1731;12,726;2,56154998360322
1732;12,730;2,30246306291934
1733;12,734;1,90496955515967
1734;12,739;1,70051494766324
1735;12,743;1,49921561328405
1736;12,747;1,33787125422106
1737;12,751;1,25172166236805
1738;12,755;1,15787887651006
1739;12,759;1,01411896088702
1740;12,763;1,03975112340131
1741;12,767;0,956012302019907
1742;12,772;0,86156682354401
1743;12,776;0,814734061882351
1744;12,780;0,793994345325144
1745;12,784;0,796476020810622
1746;12,788;0,743155450379785
1747;12,792;0,685864199172184
1748;12,796;0,668137945704486
1749;12,800;0,65108528986856
1750;12,805;0,686715059338633
1751;12,809;0,584611839364691
1752;12,813;0,568161876146667
1753;12,817;0,560220514593138
1754;12,821;0,585923582121301
1755;12,825;0,540402563216251
1756;12,829;0,496689622164907
1757;12,833;0,474638162851091
1758;12,838;0,4696393593732
1759;12,842;0,47010024196336
1760;12,846;0,454252971363238
1761;12,850;0,453898446293884
1762;12,854;0,496725074671843
1763;12,858;0,497115052248132
1764;12,862;0,471908319817065
1765;12,866;0,463825148235795
1766;12,871;0,401676903578044
1767;12,875;0,472971895025127
1768;12,879;0,420856709830094
1769;12,883;0,43081886427894
1770;12,887;0,536467334946422
1771;12,891;0,930911927109646
1772;12,895;1,72997598092655
1773;12,899;3,33707357281502
1774;12,903;6,39736942398539
1775;12,908;10,6742535031508
1776;12,912;17,087682912778
1777;12,916;24,7648169321173
1778;12,920;32,2156221471811
1779;12,924;37,6826823366747
1780;12,928;39,4075886091095
1781;12,932;37,2449856860503
1782;12,936;32,1219566238578
1783;12,941;25,448234908311
1784;12,945;19,2790023664548
1785;12,949;14,2373013551721
1786;12,953;10,1472874400631
1787;12,957;7,71006939828233
1788;12,961;5,70551375114113
1789;12,965;4,56802006611893
1790;12,969;3,75775302011043
1791;12,974;3,10124349668076
1792;12,978;2,66808476694408
1793;12,982;2,26445797548459
1794;12,986;2,03011690464162
1795;12,990;1,80605706080991
1796;12,994;1,61276999299813
1797;12,998;1,46773378712542
1798;13,002;1,335708651298
1799;13,007;1,18861620002304
1800;13,011;1,14823579462363
1801;13,015;1,18875801005079
1802;13,019;1,0675813413456
1803;13,023;1,00777296214559
1804;13,027;0,956083207033777
1805;13,031;0,969165182092939
1806;13,035;0,957572212325064
1807;13,040;0,876669591498489
1808;13,044;0,836608258661491
1809;13,048;0,822569065915074
1810;13,052;0,8012621092469
1811;13,056;0,754996587696207
1812;13,060;0,687884992067502
1813;13,064;0,631409148519415
1814;13,068;0,68997668997669
1815;13,072;0,665053577601106
1816;13,077;0,612690224857525
1817;13,081;0,611449387114786
1818;13,085;0,608506829039148
1819;13,089;0,646511916473894
1820;13,093;0,584257314295337
1821;13,097;0,567452826007959
1822;13,101;0,601309970131263
1823;13,105;0,513423205438415
1824;13,110;0,504666436225372
1825;13,114;0,504205553635211
1826;13,118;0,476091715635442
1827;13,122;0,536148262384004
1828;13,126;0,535297402217554
1829;13,130;0,778997934891471
1830;13,134;1,14979570492878
1831;13,138;2,15171900343003
1832;13,143;3,9117587102378
1833;13,147;7,0562188128728
1834;13,151;11,5828658033981
1835;13,155;17,3218821735932
1836;13,159;23,4112402173239
1837;13,163;28,6303810258183
1838;13,167;31,4045396935131
1839;13,171;30,820672356794
1840;13,176;27,8346849601602
1841;13,180;23,4677869658858
1842;13,184;18,7363662953017
1843;13,188;13,917413385094
1844;13,192;10,3642567825077
1845;13,196;7,49735435666995
1846;13,200;5,69441711647035
1847;13,204;4,41794960426139
1848;13,209;3,382630044227
1849;13,213;2,8242530599945
1850;13,217;2,38478378402333
1851;13,221;2,06486036143831
1852;13,225;1,74610687158216
1853;13,229;1,63755129534597
1854;13,233;1,41508681432636
1855;13,237;1,33843849433203
1856;13,241;1,24920453437564
1857;13,246;1,14412330381912
1858;13,250;1,04708979233694
1859;13,254;1,02018133957297
1860;13,258;0,90184087142262
1861;13,262;0,924282308312727
1862;13,266;0,885993600822498
1863;13,270;0,732236078243683
1864;13,274;0,751912219592828
1865;13,279;0,749855974190575
1866;13,283;0,734363228659807
1867;13,287;0,665904437767556
1868;13,291;0,597622909409982
1869;13,295;0,623715954514434
1870;13,299;0,683311618672835
1871;13,303;0,569650881437954
1872;13,307;0,571671674333271
1873;13,312;0,554938091059764
1874;13,316;0,540296205695445
1875;13,320;0,539480798035931
1876;13,324;0,56397848032829
1877;13,328;0,54387690889592
1878;13,332;0,503177430934085
1879;13,336;0,481515949196558
1880;13,340;0,502432928288442
1881;13,345;0,449006000336799
1882;13,349;0,487932852951864
1883;13,353;0,464427840853696
1884;13,357;0,417985056768327
1885;13,361;0,441135543797141
1886;13,365;0,440036516082143
1887;13,369;0,456557384314038
1888;13,373;0,462017070382089
1889;13,378;0,426103680856533
1890;13,382;0,402740478786106
1891;13,386;0,447906972621802
1892;13,390;0,455245641557429
1893;13,394;0,431598819431519
1894;13,398;0,441560973880365
1895;13,402;0,430003456619426
1896;13,406;0,452622156044209
1897;13,410;0,489457310750086
1898;13,415;0,476375335690925
1899;13,419;0,494987901832008
1900;13,423;0,411709963040762
1901;13,427;0,402315048702881
1902;13,431;0,362147358345077
1903;13,435;0,388701286039689
1904;13,439;0,414900688664947
1905;13,443;0,445957084740355
1906;13,448;0,500837565476349
1907;13,452;0,593191346043057
1908;13,456;0,836891878716974
1909;13,460;1,44954665106756
1910;13,464;2,56399620658176
1911;13,468;4,63484804169215
1912;13,472;8,06406268003226
1913;13,476;13,5386742535031
1914;13,481;20,7752045166494
1915;13,485;30,2766536378704
1916;13,489;41,7009758302534
1917;13,493;54,6948868621872
1918;13,497;67,9791893784289
1919;13,501;77,6894537654994
1920;13,505;82,8001808077854
1921;13,509;82,9811304031836
1922;13,514;77,5928811366074
1923;13,518;69,734123924238
1924;13,522;61,2739503842165
1925;13,526;53,6398911608037
1926;13,530;47,0881969741285
1927;13,534;39,9035691811357
1928;13,538;33,2810763381106
1929;13,542;26,574277433593
1930;13,547;21,0850594272647
1931;13,551;16,4348959025765
1932;13,555;12,8790094569562
1933;13,559;10,2835314242158
1934;13,563;8,34952626587608
1935;13,567;6,87612007764099
1936;13,571;5,74759587687344
1937;13,575;5,00607124181269
1938;13,579;4,31272656367713
1939;13,584;3,86127434036179
1940;13,588;3,58878637205633
1941;13,592;3,20398486177954
1942;13,596;2,84080938073333
1943;13,600;2,68559830537017
1944;13,604;2,53942761927553
1945;13,608;2,27860352575181
1946;13,612;2,09435684720856
1947;13,617;2,04844585072722
1948;13,621;1,85927127371994
1949;13,625;1,86962340574508
1950;13,629;1,70367022078049
1951;13,633;1,58447889246368
1952;13,637;1,48992705646698
1953;13,641;1,49244418445939
1954;13,645;1,42749519175375
1955;13,650;1,37247290099001
1956;13,654;1,34446542051105
1957;13,658;1,26746257544737
1958;13,662;1,20588157090058
1959;13,666;1,1701454439097
1960;13,670;1,14986660994266
1961;13,674;1,1461086442075
1962;13,678;1,09814140232391
1963;13,683;1,04457266434453
1964;13,687;1,06073900750707
1965;13,691;1,08754110275023
1966;13,695;1,00589397927801
1967;13,699;1,0944188890957
1968;13,703;1,141996153403
1969;13,707;1,34719526354507
1970;13,711;1,81655100286279
1971;13,716;2,72282343765233
1972;13,720;4,32279507564679
1973;13,724;6,89693069921207
1974;13,728;10,9023549327732
1975;13,732;15,3228925700409
1976;13,736;20,1569127956961
1977;13,740;24,1406755475197
1978;13,744;26,4988699513414
1979;13,748;27,2396146312496
1980;13,753;25,3596036409725
1981;13,757;21,9889919965966
1982;13,761;18,2309199039237
1983;13,765;14,7980891098762
1984;13,769;12,0113802547263
1985;13,773;10,6106162532018
1986;13,777;10,2980314995524
1987;13,781;11,7767910163347
1988;13,786;14,5954071277265
1989;13,790;19,4167708084058
1990;13,794;24,9657617414271
1991;13,798;31,4673969883095
1992;13,802;37,594192879364
1993;13,806;43,1039024347009
1994;13,810;47,610944188891
1995;13,814;49,8374679819547
1996;13,819;50,0412135393124
1997;13,823;47,6469993884443
1998;13,827;42,977656057504
1999;13,831;37,1882616749537
2000;13,835;30,6174585870403
2001;13,839;24,2657519919877
2002;13,843;19,1754455936965
2003;13,847;15,0356563588503
2004;13,852;11,6846144983027
2005;13,856;9,35988726102794
2006;13,860;7,74211846455192
2007;13,864;6,5275864819591
2008;13,868;5,45461635955933
2009;13,872;4,80136846676771
2010;13,876;4,45960629991048
2011;13,880;3,87113013728983
2012;13,885;3,44704724932862
2013;13,889;3,23468673278559
2014;13,893;2,98623556418233
2015;13,897;2,71615836634848
2016;13,901;2,48156912795696
2017;13,905;2,3706382337561
2018;13,909;2,22985632871564
2019;13,913;2,03142864739823
2020;13,917;1,87986918024941
2021;13,922;1,74273888342329
2022;13,926;1,77553245233854
2023;13,930;1,65687291162576
2024;13,934;1,52619497106189
2025;13,938;1,44653318797805
2026;13,942;1,36233348400649
2027;13,946;1,33624043890204
2028;13,950;1,24331941822436
2029;13,955;1,16943639377099
2030;13,959;1,23527169915003
2031;13,963;1,12115007932498
2032;13,967;1,09746780469214
2033;13,971;1,14196070089606
2034;13,975;1,0561656341124
2035;13,979;1,03110071170908
2036;13,983;1,03453960488181
2037;13,988;0,998874382904801
2038;13,992;0,926480363742721
2039;13,996;0,92679943630514
2040;14,000;0,895601230201991
2041;14,004;0,867310129667544
2042;14,008;0,873478865874303
2043;14,012;0,846464055589531
2044;14,016;0,914887393974846
2045;14,021;0,86872822994496
2046;14,025;1,00160422593883
2047;14,029;1,3580437306673
2048;14,033;2,09155609916066
2049;14,037;3,40106534783341
2050;14,041;5,51878539711239
2051;14,045;8,85805702535741
2052;14,049;13,3763726767529
2053;14,054;19,1670788020598
2054;14,058;25,6632189103672
2055;14,062;31,506678365994
2056;14,066;35,4739557020926
2057;14,070;37,0131262906928
2058;14,074;35,0314729630319
2059;14,078;30,8309535838053
2060;14,082;25,8766430021183
2061;14,086;20,5031774309341
2062;14,091;15,8026358938906
2063;14,095;12,303473459367
2064;14,099;9,8384961046558
2065;14,103;7,80901734513902
2066;14,107;6,53878947415069
2067;14,111;5,63365151958308
2068;14,115;4,68146808831219
2069;14,119;4,16687495014491
2070;14,124;3,55992803141092
2071;14,128;3,19792248309359
2072;14,132;2,94982583955968
2073;14,136;2,71091139532204
2074;14,140;2,49454474549532
2075;14,144;2,34170898809682
2076;14,148;2,22127682203728
2077;14,152;2,00342116691927
2078;14,157;1,87862834250667
2079;14,161;1,84377852818917
2080;14,165;1,70902354932773
2081;14,169;1,59398016432237
2082;14,173;1,62815638100809
2083;14,177;1,44841217084563
2084;14,181;1,50169728876953
2085;14,185;1,39246811490157
2086;14,190;1,35091777677329
2087;14,194;1,35003146409991
2088;14,198;1,31585524741418
2089;14,202;1,18227020128161
2090;14,206;1,20861141393461
2091;14,210;1,09668784953956
2092;14,214;1,04992599289177
2093;14,218;1,09027094578425
2094;14,223;0,990862116337401
2095;14,227;1,06524147588786
2096;14,231;0,981431749492586
2097;14,235;0,941476774176394
2098;14,239;0,977248353674209
2099;14,243;0,906166077268739
2100;14,247;0,864473929112712
2101;14,251;0,853767272018223
2102;14,255;0,871032642895761
2103;14,260;0,85663892507999
2104;14,264;0,864119404043358
2105;14,268;0,82136368067927
2106;14,272;0,799524936407066
2107;14,276;0,780947822772918
2108;14,280;0,859723293183369
2109;14,284;0,900812748721494
2110;14,288;1,05935635973659
2111;14,293;1,27536848449396
2112;14,297;1,82250702402794
2113;14,301;2,99449599829828
2114;14,305;4,96586809894795
2115;14,309;7,8774052310174
2116;14,313;11,5651750024374
2117;14,317;16,1114981343118
2118;14,321;21,0432609215879
2119;14,326;25,7159367881801
2120;14,330;28,2079289531761
2121;14,334;29,0396802183874
2122;14,338;27,5478741790529
2123;14,342;24,4885709980767
2124;14,346;20,8354737784396
2125;14,350;16,8370691412516
2126;14,354;13,2255931647567
2127;14,359;10,7302330116018
2128;14,363;8,37636381362617
2129;14,367;6,80514415875633
2130;14,371;5,61323087558829
2131;14,375;4,7045122178202
2132;14,379;3,89261435649268
2133;14,383;3,4524360303828
2134;14,387;3,0029336949489
2135;14,392;2,99775762893634
2136;14,396;2,9725863490122
2137;14,400;3,43144814627704
2138;14,404;4,38324159997164
2139;14,408;5,88149999556844
2140;14,412;8,17509993175392
2141;14,416;10,9049075132725
2142;14,420;14,2972515443998
2143;14,424;17,3983532310528
2144;14,429;20,1007914772173
2145;14,433;21,3717993033582
2146;14,437;21,2077251012612
2147;14,441;19,6408661047444
2148;14,445;17,69349535129
2149;14,449;15,1426874772882
2150;14,453;12,1924716601523
2151;14,457;9,86742535031508
2152;14,462;8,02779476543735
2153;14,466;6,46721086264813
2154;14,470;5,26615083269076
2155;14,474;4,28248557526124
2156;14,478;3,66270484901664
2157;14,482;3,09684738582077
2158;14,486;2,75345440364452
2159;14,490;2,43211288078208
2160;14,495;2,23903852801191
2161;14,499;2,07943134178876
2162;14,503;1,89139124500341
2163;14,507;1,74522055890877
2164;14,511;1,57852287129854
2165;14,515;1,52701037872141
2166;14,519;1,37438733636452
2167;14,523;1,34850700630168
2168;14,528;1,34662802343411
2169;14,532;1,30178060216083
2170;14,536;1,23013108564439
2171;14,540;1,19428860113271
2172;14,544;1,16280677497408
2173;14,548;1,16369308764746
2174;14,552;1,08959734815248
2175;14,556;1,12068919673482
2176;14,561;1,08271956180701
2177;14,565;1,03705673287422
2178;14,569;1,02333661269022
2179;14,573;1,03085254416053
2180;14,577;1,00926196743687
2181;14,581;0,936300708163826
2182;14,585;0,979836386680493
2183;14,589;0,926905793825946
2184;14,593;0,886809008482012
2185;14,598;0,884185522968793
2186;14,602;0,906591507351964
2187;14,606;0,945837432529448
2188;14,610;0,900848201228429
2189;14,614;1,03691492284648
2190;14,618;1,28926586721264
2191;14,622;1,84448757832788
2192;14,626;2,75597153163693
2193;14,631;4,34683187534899
2194;14,635;6,73817437315536
2195;14,639;10,3826920861141
2196;14,643;15,4017389454652
2197;14,647;21,6596027546598
2198;14,651;29,0232657076764
2199;14,655;37,6310634865768
2200;14,659;46,7897223182394
2201;14,664;54,6625187233552
2202;14,668;62,0578407650651
2203;14,672;65,8332136811224
2204;14,676;64,8340202256552
2205;14,680;59,4985597419057
2206;14,684;50,8572238914444
2207;14,688;41,5344554051778
2208;14,692;33,0303207565565
2209;14,697;25,7530910154484
2210;14,701;20,0860786868391
2211;14,705;15,8624797255976
2212;14,709;13,0518404282663
2213;14,713;10,9388355624097
2214;14,717;9,3487197213433
2215;14,721;8,29347585241121
2216;14,725;7,0853607735737
2217;14,730;6,31256702739592
2218;14,734;5,72745885293414
2219;14,738;5,20995860919815
2220;14,742;4,73907841208221
2221;14,746;4,32857383427726
2222;14,750;4,04534375637037
2223;14,754;3,67305698104177
2224;14,758;3,41428913292031
2225;14,762;3,25585187942602
2226;14,767;3,03313923085786
2227;14,771;2,856904818882
2228;14,775;2,65925709271717
2229;14,779;2,56208177120725
2230;14,783;2,43714713676691
2231;14,787;2,38471287900946
2232;14,791;2,18678153278914
2233;14,795;2,01480142164553
2234;14,800;2,1042126441366
2235;14,804;2,01976477261648
2236;14,808;1,91308817924787
2237;14,812;1,84367217066837
2238;14,816;1,69984135003146
2239;14,820;1,64960514770401
2240;14,824;1,6488960975653
2241;14,828;1,66513334574171
2242;14,833;1,48581456566247
2243;14,837;1,48581456566247
2244;14,841;1,48911164880747
2245;14,845;1,39182996977674
2246;14,849;1,44763221569305
2247;14,853;1,38030790502273
2248;14,857;1,26703714536414
2249;14,861;1,33999840463719
2250;14,866;1,31287723683161
2251;14,870;1,22346601434054
2252;14,874;1,27132689870332
2253;14,878;1,17964671576839
2254;14,882;1,18914798762707
2255;14,886;1,20003190725624
2256;14,890;1,12586526274739
2257;14,894;1,02939899137618
2258;14,899;1,03624132521471
2259;14,903;1,11774663865919
2260;14,907;1,07353736251075
2261;14,911;1,05825733202159
2262;14,915;1,04712524484388
2263;14,919;1,01330355322751
2264;14,923;1,0194013844204
2265;14,927;0,973632197966799
2266;14,931;0,984870642665319
2267;14,936;1,01727423400427
2268;14,940;0,874932418658654
2269;14,944;0,949453588236858
2270;14,948;0,928784776693522
2271;14,952;1,00160422593883
2272;14,956;0,994584629565618
2273;14,960;1,02893810878602
2274;14,964;1,0630788729648
2275;14,969;1,39246811490157
2276;14,973;1,84842280659771
2277;14,977;2,5074494580198
2278;14,981;3,75403050688222
2279;14,985;5,60904747976991
2280;14,989;8,36345910110169
2281;14,993;11,8652095686316
2282;14,997;16,0923537805667
2283;15,002;20,7992413163516
2284;15,006;25,1796467157684
2285;15,010;28,8624531362174
2286;15,014;30,531486257722
2287;15,018;30,6021431040442
2288;15,022;28,7335478210003
2289;15,026;25,4126051388409
2290;15,030;21,8660072500377
2291;15,035;18,1579231921437
2292;15,039;14,881047976105
2293;15,043;12,4385829632978
2294;15,047;10,0699300699301
2295;15,051;8,2829464578514
2296;15,055;7,07929839488775
2297;15,059;6,2383294778732
2298;15,063;5,32624283194625
2299;15,068;4,69777624150248
2300;15,072;4,23171758532975
2301;15,076;3,80653566965354
2302;15,080;3,38000655871378
2303;15,084;3,07756122204791
2304;15,088;2,95312292270467
2305;15,092;2,76189210029514
2306;15,096;2,56463435170659
2307;15,100;2,26569881322733
2308;15,105;2,32618079005912
2309;15,109;2,13984241360667
2310;15,113;2,08669910571051
2311;15,117;2,04848130323415
2312;15,121;1,82364150424987
2313;15,125;1,77255444175596
2314;15,129;1,64056475843548
2315;15,133;1,60826752461733
2316;15,138;1,63209160927792
2317;15,142;1,60443865386831
2318;15,146;1,45146108644207
2319;15,150;1,51495652636337
2320;15,154;1,51297118597499
2321;15,158;1,55189803859005
2322;15,162;1,50403715422727
2323;15,166;1,41845480248522
2324;15,171;1,4003031189343
2325;15,175;1,34336639279605
2326;15,179;1,33017806021608
2327;15,183;1,19627394152109
2328;15,187;1,24647469134161
2329;15,191;1,18453916172547
2330;15,195;1,21244028468363
2331;15,199;1,18280198888564
2332;15,204;1,0899164207149
2333;15,208;1,217722708217
2334;15,212;1,04907513272532
2335;15,216;0,998484405328512
2336;15,220;1,06502876084625
2337;15,224;1,01961409946201
2338;15,228;0,951332571104434
2339;15,232;1,0704884469143
2340;15,237;0,934847155379475
2341;15,241;0,942398539356714
2342;15,245;0,942682159412197
2343;15,249;0,936123445629149
2344;15,253;0,901982681450362
2345;15,257;0,832034885266824
2346;15,261;0,888085298731687
2347;15,265;0,909250445372118
2348;15,269;0,841252537070028
2349;15,274;0,824199881234102
2350;15,278;0,794526132929175
2351;15,282;0,913079316121141
2352;15,286;0,799773103955613
2353;15,290;0,860432343322077
2354;15,294;0,810479761050103
2355;15,298;0,861070488446914
2356;15,302;0,771411098407296
2357;15,307;0,869118207521249
2358;15,311;0,796830545879975
2359;15,315;0,75882545844523
2360;15,319;0,777367119572443
2361;15,323;0,810515213557039
2362;15,327;0,819768317867177
2363;15,331;0,801510276795448
2364;15,335;0,817499357423312
2365;15,340;0,820229200457337
2366;15,344;0,862594946245136
2367;15,348;0,759321793542326
2368;15,352;0,825547076497647
2369;15,356;0,861212298474656
2370;15,360;0,82536981396297
2371;15,364;0,754074822515887
2372;15,368;0,768433087824723
2373;15,373;0,753862107474275
2374;15,377;0,714935254859209
2375;15,381;0,7199340583371
2376;15,385;0,685828746665249
2377;15,389;0,673172201689312
2378;15,393;0,666294415343845
2379;15,397;0,715396137449369
2380;15,401;0,635238019268437
2381;15,406;0,701037872140534
2382;15,410;0,638818722468913
2383;15,414;0,609712214274952
2384;15,418;0,681326278284453
2385;15,422;0,624637719694754
2386;15,426;0,696287236211191
2387;15,430;0,697173548884576
2388;15,434;0,635238019268437
2389;15,438;0,674271229404309
2390;15,443;0,645590151293573
2391;15,447;0,625524032368139
2392;15,451;0,712489031880667
2393;15,455;0,696996286349899
2394;15,459;0,674661206980599
2395;15,463;0,680546323131874
2396;15,467;0,660232036657892
2397;15,471;0,639563225114556
2398;15,476;0,679908178007037
2399;15,480;0,657608551144673
2400;15,484;0,710716406533897
2401;15,488;0,713410797060987
2402;15,492;0,711957244276636
2403;15,496;0,723585666551446
2404;15,500;0,671966816453508
2405;15,504;0,67565387717479
2406;15,509;0,771836528490521
2407;15,513;0,684729718950251
2408;15,517;0,649348117028725
2409;15,521;0,661082896824342
2410;15,525;0,605741533498187
2411;15,529;0,621446994070568
2412;15,533;0,651758887500332
2413;15,537;0,614852827780584
2414;15,542;0,597055669299015
2415;15,546;0,590922385599192
2416;15,550;0,668457018266904
2417;15,554;0,63899598500359
2418;15,558;0,67256950907141
2419;15,562;0,669626950995772
2420;15,566;0,65647407092274
2421;15,570;0,604075265672224
2422;15,575;0,676008402244144
2423;15,579;0,665230840135783
2424;15,583;0,648036374272116
2425;15,587;0,654630540562099
2426;15,591;0,643392095863579
2427;15,595;0,6202770613417
2428;15,599;0,632330913699735
2429;15,603;0,628253875402164
2430;15,608;0,608754996587696
2431;15,612;0,639953202690845
2432;15,616;0,634883494199084
2433;15,620;0,546535846916075
2434;15,624;0,634564421636665
2435;15,628;0,678206457674138
2436;15,632;0,688452232178468
2437;15,636;0,602196282804648
2438;15,640;0,62112792150815
2439;15,645;0,623290524431209
2440;15,649;0,638889627482783
2441;15,653;0,666613487906264
2442;15,657;0,589433380307905
2443;15,661;0,634777136678277
2444;15,665;0,610173096865112
2445;15,669;0,637755147260851
2446;15,673;0,62204968668847
2447;15,678;0,621730614126051
2448;15,682;0,625843104930557
2449;15,686;0,638003314809398
2450;15,690;0,659062103929024
2451;15,694;0,661011991810471
2452;15,698;0,588511615127585
2453;15,702;0,606450583636895
2454;15,706;0,592198675848866
2455;15,711;0,593616776126282
2456;15,715;0,551251030338483
2457;15,719;0,545472271708013
2458;15,723;0,617511765800739
2459;15,727;0,575571450096165
2460;15,731;0,547776684658814
2461;15,735;0,543132406250277
2462;15,739;0,507289921738591
2463;15,744;0,551676460421708
2464;15,748;0,539268082994319
2465;15,752;0,565077508043287
2466;15,756;0,536396429932552
2467;15,760;0,559795084509913
2468;15,764;0,560716849690234
2469;15,768;0,649489927056467
2470;15,772;0,572309819458108
2471;15,777;0,614852827780584
2472;15,781;0,599147367208204
2473;15,785;0,606237868595283
2474;15,789;0,574188802325684
2475;15,793;0,601168160103521
2476;15,797;0,537460005140613
2477;15,801;0,592305033369672
2478;15,805;0,620525228890248
2479;15,809;0,580570253574056
2480;15,814;0,539977133133027
2481;15,818;0,622191496716212
2482;15,822;0,520974589415654
2483;15,826;0,551818270449449
2484;15,830;0,557561576572983
2485;15,834;0,623538691979757
2486;15,838;0,617511765800739
2487;15,842;0,63236636620667
2488;15,847;0,585037269447916
2489;15,851;0,569225451354729
2490;15,855;0,568658211243763
2491;15,859;0,558802414315722
2492;15,863;0,553236370726865
2493;15,867;0,545295009173336
2494;15,871;0,540615278257864
2495;15,875;0,552279153039609
2496;15,880;0,585710867079688
2497;15,884;0,617653575828481
2498;15,888;0,551499197887031
2499;15,892;0,536325524918681
2500;15,896;0,56752373102183
2501;15,900;0,525618867824191
2502;15,904;0,58454093435082
2503;15,908;0,610527621934466
2504;15,913;0,569473618903277
2505;15,917;0,601770852721423
2506;15,921;0,548166662235103
2507;15,925;0,608400471518342
2508;15,929;0,631799126095704
2509;15,933;0,580109370983896
2510;15,937;0,53224848662111
2511;15,941;0,580003013463089
2512;15,946;0,515266735799055
2513;15,950;0,53047586127434
2514;15,954;0,586029939642107
2515;15,958;0,616838168168967
2516;15,962;0,576989550373581
2517;15,966;0,538098150265451
2518;15,970;0,589433380307905
2519;15,974;0,616377285578806
2520;15,978;0,594715803841279
2521;15,983;0,585639962065818
2522;15,987;0,591312363175481
2523;15,991;0,470135694470295
2524;15,995;0,571210791743111
2525;15,999;0,567913708598119
2526;16,003;0,579116700789705
2527;16,007;0,636266141969564
2528;16,011;0,575677807616971
2529;16,016;0,586065392149042
2530;16,020;0,567311015980217
2531;16,024;0,56482934049474
2532;16,028;0,586065392149042
2533;16,032;0,613470180010104
2534;16,036;0,679376390403006
2535;16,040;0,758329123348135
2536;16,044;1,07084297198366
2537;16,049;1,43728008366792
2538;16,053;1,96633784466484
2539;16,057;2,84116390580269
2540;16,061;3,99741196699372
2541;16,065;5,58905226585835
2542;16,069;7,47044590390598
2543;16,073;9,57104239233517
2544;16,077;11,6434186852438
2545;16,082;13,3183014703927
2546;16,086;14,6134170012497
2547;16,090;15,4197133664814
2548;16,094;15,2991393903941
2549;16,098;14,2204968668847
2550;16,102;13,632587944375
2551;16,106;12,0180807785371
2552;16,110;10,5604864083952
2553;16,115;9,05581110904305
2554;16,119;7,71556453685731
2555;16,123;6,47898109495068
2556;16,127;5,61865510914941
2557;16,131;4,7744245614968
2558;16,135;4,14581616102529
2559;16,139;3,54645607877547
2560;16,143;3,09794641353577
2561;16,147;2,76412560823207
2562;16,152;2,46781355526603
2563;16,156;2,2605581997217
2564;16,160;2,07503523092877
2565;16,164;1,90691944304112
2566;16,168;1,84016237248176
2567;16,172;1,67332287484379
2568;16,176;1,56774530919018
2569;16,180;1,45390730942062
2570;16,185;1,40788995541847
2571;16,189;1,3613408138123
2572;16,193;1,27728291986847
2573;16,197;1,20435711310236
2574;16,201;1,1940758860911
2575;16,205;1,08644207503523
2576;16,209;1,08644207503523
2577;16,213;1,04964237283629
2578;16,218;1,0120981679917
2579;16,222;0,973738555487605
2580;16,226;0,92463683338208
2581;16,230;0,96253556329602
2582;16,234;0,894041319896833
2583;16,238;0,92240332544515
2584;16,242;0,967498914266975
2585;16,246;0,880782082302995
2586;16,251;0,889503399009102
2587;16,255;0,835154705877139
2588;16,259;0,819697412853306
2589;16,263;0,823668093630071
2590;16,267;0,856532567559183
2591;16,271;0,833169365488757
2592;16,275;0,785273028619036
2593;16,279;0,764639669582635
2594;16,284;0,798638623733681
2595;16,288;0,829872282343765
2596;16,292;0,817676619957989
2597;16,296;0,762937949249736
2598;16,300;0,728017229918371
2599;16,304;0,675512067147048
2600;16,308;0,768823065401012
2601;16,312;0,770276618185363
2602;16,316;0,747799728788322
2603;16,321;0,703944977709236
2604;16,325;0,698414386627314
2605;16,329;0,660976539303536
2606;16,333;0,690402120059915
2607;16,337;0,7686103503594
2608;16,341;0,69490458844071
2609;16,345;0,663103689719659
2610;16,349;0,703519547626011
2611;16,354;0,685580579116701
2612;16,358;0,759534508583938
2613;16,362;0,661153801838212
2614;16,366;0,659877511588538
2615;16,370;0,704051335230042
2616;16,374;0,595850284063212
2617;16,378;0,654665993069035
2618;16,382;0,654453278027422
2619;16,387;0,718515958059684
2620;16,391;0,599679154812235
2621;16,395;0,664202717434657
2622;16,399;0,586738989780815
