#"+EI TIC Scan 150C_1ml-min_8C-min_4.d "
#Point;X(Minutes);Y(Counts)
0;4,691;100
1;4,695;94,7630028716102
2;4,699;90,1503823927171
3;4,703;85,4521431174553
4;4,707;80,9310140119154
5;4,712;77,1765538296754
6;4,716;73,1173504354147
7;4,720;69,6019601080554
8;4,724;66,0207276202843
9;4,728;62,47983911449
10;4,732;59,3390321317916
11;4,736;56,3600719492851
12;4,740;52,9195414308085
13;4,745;50,3469351456053
14;4,749;48,4908454431912
15;4,753;46,0102813630704
16;4,757;43,5976828108339
17;4,761;41,6890508689548
18;4,765;39,4340612663479
19;4,769;36,6878097206874
20;4,773;35,4384345149029
21;4,778;33,8249595360789
22;4,782;32,116492737106
23;4,786;30,5199780449134
24;4,790;28,652418604395
25;4,794;27,1163976742108
26;4,798;25,7749447258128
27;4,802;24,4966775073905
28;4,806;23,228547369663
29;4,810;22,0569371659139
30;4,815;20,8815244463564
31;4,819;19,8704461541551
32;4,823;18,9256720102675
33;4,827;17,9221720965349
34;4,831;16,8963013070882
35;4,835;16,0802974064888
36;4,839;15,071075950278
37;4,843;14,2872868214575
38;4,848;13,5457695856662
39;4,852;12,7904015971988
40;4,856;12,1385810894492
41;4,860;11,7959726382334
42;4,864;10,9590104787741
43;4,868;10,5157597399932
44;4,872;9,97585580149304
45;4,876;9,58429440143515
46;4,881;9,02745682945166
47;4,885;8,71366931581191
48;4,889;8,11990824920267
49;4,893;7,84403928105443
50;4,897;7,33829579415098
51;4,901;6,96647549251908
52;4,905;6,69976632296544
53;4,909;6,38222071543091
54;4,914;6,02226994912625
55;4,918;5,80462922539022
56;4,922;5,63264534450349
57;4,926;5,29077429705431
58;4,930;5,01456772236233
59;4,934;4,91151776707743
60;4,938;4,57220542185448
61;4,942;4,39517521157713
62;4,947;4,29091698024096
63;4,951;4,13548470438016
64;4,955;3,92427627374063
65;4,959;3,77771949622707
66;4,963;3,56654660311845
67;4,967;3,39554888871475
68;4,971;3,23299133790453
69;4,975;3,08179691260593
70;4,979;3,01520846404481
71;4,984;2,86600414047773
72;4,988;2,776405140646
73;4,992;2,69743186255931
74;4,996;2,58596839682913
75;5,000;2,51681236165906
76;5,004;2,40907145229273
77;5,008;2,35102089553512
78;5,012;2,2263552370682
79;5,017;2,18510504805296
80;5,021;2,21233568112031
81;5,025;2,22338785323639
82;5,029;2,48017316728067
83;5,033;3,11036020308277
84;5,037;4,21284102480999
85;5,041;5,77796719281758
86;5,045;7,37813336631216
87;5,050;8,74472911783588
88;5,054;9,92949709240806
89;5,058;10,545806722386
90;5,062;10,7680140188452
91;5,066;10,8448372763112
92;5,070;10,7927214872172
93;5,074;10,6662878365871
94;5,078;10,4235220784907
95;5,083;10,2244408302775
96;5,087;9,92382885622634
97;5,091;9,67713620096332
98;5,095;9,35635667811508
99;5,099;9,16483603960516
100;5,103;8,85262106170861
101;5,107;8,41334164200806
102;5,111;8,22379333646419
103;5,116;7,99623764160151
104;5,120;7,73159853322395
105;5,124;7,45700891618882
106;5,128;7,28816122240577
107;5,132;7,03293067533925
108;5,136;6,78679773618821
109;5,140;6,57383019776814
110;5,144;6,25789266350773
111;5,148;6,00044990514145
112;5,153;5,82171389337994
113;5,157;5,56708748433905
114;5,161;5,35744270505999
115;5,165;5,13814060175346
116;5,169;4,88285674839055
117;5,173;4,75322471997758
118;5,177;4,5839505758235
119;5,181;4,35418266966106
120;5,186;4,11025305742705
121;5,190;3,86093950925868
122;5,194;3,60282153780491
123;5,198;3,39195959809185
124;5,202;3,15994394309873
125;5,206;2,97389608435046
126;5,210;2,77552558675573
127;5,214;2,57859435916325
128;5,219;2,40177737407143
129;5,223;2,22480935447319
130;5,227;2,09748726557001
131;5,231;2,00200680437105
132;5,235;1,86306394285707
133;5,239;1,70370476982963
134;5,243;1,63292289261997
135;5,247;1,52463115152439
136;5,252;1,43347738471492
137;5,256;1,35732934033636
138;5,260;1,28365115435673
139;5,264;1,24176128978493
140;5,268;1,17028643072234
141;5,272;1,12318143348805
142;5,276;1,08884329423672
143;5,280;1,02628835543501
144;5,285;0,97380830664909
145;5,289;0,951659540503279
146;5,293;0,915198033779489
147;5,297;0,893777787017536
148;5,301;0,870598432475049
149;5,305;0,853105082879741
150;5,309;0,836926621928469
151;5,313;0,800633918476549
152;5,317;0,821298992706455
153;5,322;0,816412582204972
154;5,326;0,882849996259675
155;5,330;1,04809063065435
156;5,334;1,40884987578745
157;5,338;1,95117036639017
158;5,342;2,78925195807353
159;5,346;3,65965493412852
160;5,350;4,51422594015871
161;5,355;5,23787668228008
162;5,359;5,64014376352758
163;5,363;5,85546566337109
164;5,367;5,97815898887196
165;5,371;6,00258215699664
166;5,375;5,9841914847456
167;5,379;5,80234593902861
168;5,383;5,63961958494651
169;5,388;5,568997626626
170;5,392;5,39210956647233
171;5,396;5,27512001468411
172;5,400;5,07881069388273
173;5,404;4,96606787703943
174;5,408;4,79244926973039
175;5,412;4,65631387315909
176;5,416;4,4972656535272
177;5,421;4,39137269576871
178;5,425;4,21157944246234
179;5,429;4,11907524947791
180;5,433;4,01549223122921
181;5,437;3,81725499937543
182;5,441;3,63330385495144
183;5,445;3,55322891340623
184;5,449;3,43743875328656
185;5,454;3,29437353818588
186;5,458;3,14618203425001
187;5,462;3,01415122249995
188;5,466;2,87508397962775
189;5,470;2,80264072284759
190;5,474;2,57289058545061
191;5,478;2,46587819546815
192;5,482;2,32442993802432
193;5,486;2,17431052303605
194;5,491;2,0113620593857
195;5,495;1,86975388305274
196;5,499;1,78046583661656
197;5,503;1,65120695227825
198;5,507;1,52413362609151
199;5,511;1,41471356838922
200;5,515;1,29766182592189
201;5,519;1,23683934175253
202;5,524;1,1552451707605
203;5,528;1,09910475628983
204;5,532;1,02214823308285
205;5,536;0,99048429303324
206;5,540;0,89253397343534
207;5,544;0,860301432891015
208;5,548;0,812903251026635
209;5,552;0,78622344968854
210;5,557;0,726236097495795
211;5,561;0,720727780203214
212;5,565;0,6854745495307
213;5,569;0,668540916047381
214;5,573;0,643886753971719
215;5,577;0,646756409593499
216;5,581;0,622759691839854
217;5,585;0,608491373175525
218;5,590;0,585054371533869
219;5,594;0,571496803487938
220;5,598;0,541432052329725
221;5,602;0,545883128077439
222;5,606;0,565073394774171
223;5,610;0,538660124917975
224;5,614;0,506827381596499
225;5,618;0,516262596055725
226;5,623;0,516928924760473
227;5,627;0,514432413213352
228;5,631;0,50659638764552
229;5,635;0,51203362987626
230;5,639;0,474257234508435
231;5,643;0,506782959682849
232;5,647;0,491759468486473
233;5,651;0,485078412673536
234;5,655;0,485211678414486
235;5,660;0,45898498059562
236;5,664;0,4393238416142
237;5,668;0,469512974130632
238;5,672;0,475909729696209
239;5,676;0,495490909233059
240;5,680;0,483337073658463
241;5,684;0,495064458862021
242;5,688;0,580905364798974
243;5,693;0,738345511156741
244;5,697;1,1162604993414
245;5,701;1,88195214054098
246;5,705;3,03600680401567
247;5,709;4,72130313282881
248;5,713;6,67316648107191
249;5,717;8,51190498401433
250;5,721;10,273020635045
251;5,726;11,416307426651
252;5,730;12,2085189502995
253;5,734;12,6142598251944
254;5,738;12,6383276180099
255;5,742;12,5646672007958
256;5,746;12,1703072201779
257;5,750;12,0200634238314
258;5,754;11,712548284399
259;5,759;11,4020568767521
260;5,763;11,072783884014
261;5,767;10,6171216625594
262;5,771;10,2754993778267
263;5,775;10,1096101834927
264;5,779;9,7194969378198
265;5,783;9,37562690425638
266;5,787;9,00369110564899
267;5,792;8,7095469622252
268;5,796;8,38857198295691
269;5,800;8,12945896063739
270;5,804;7,73254916217606
271;5,808;7,47470660658692
272;5,812;7,1946353254074
273;5,816;6,8106611882009
274;5,820;6,38833317074913
275;5,824;5,98460905073391
276;5,829;5,65163127039743
277;5,833;5,25468593440518
278;5,837;4,89488620260693
279;5,841;4,52198200628197
280;5,845;4,09849013469257
281;5,849;3,70602252759623
282;5,853;3,41209160935796
283;5,857;3,05638757799822
284;5,862;2,78015435015804
285;5,866;2,46240440182073
286;5,870;2,27068830689075
287;5,874;2,03828173905751
288;5,878;1,8086115611051
289;5,882;1,62341660309891
290;5,886;1,49070169387864
291;5,890;1,34820507927268
292;5,895;1,23532011230571
293;5,899;1,13108853411772
294;5,903;1,05018734497863
295;5,907;0,939718930114202
296;5,911;0,878407804894691
297;5,915;0,834359035319508
298;5,919;0,771404299294953
299;5,923;0,711390293954018
300;5,928;0,673880430068092
301;5,932;0,63225709697819
302;5,936;0,594969342660514
303;5,940;0,570635018363131
304;5,944;0,542649212763731
305;5,948;0,544861424063493
306;5,952;0,500510585475491
307;5,956;0,476309526919058
308;5,961;0,460166603498705
309;5,965;0,445649522117937
310;5,969;0,450953498607728
311;5,973;0,439688101306129
312;5,977;0,419262905409932
313;5,981;0,403528663595158
314;5,985;0,419209599113552
315;5,989;0,394670934013379
316;5,993;0,382330526401454
317;5,998;0,397780467968868
318;6,002;0,378048253925609
319;6,006;0,373188496572316
320;6,010;0,353047600923478
321;6,014;0,364899367485256
322;6,018;0,355846181483418
323;6,022;0,339383420284787
324;6,026;0,360101800811073
325;6,031;0,342466301092086
326;6,035;0,329583946133632
327;6,039;0,335305488611732
328;6,043;0,317350151114466
329;6,047;0,322725202666097
330;6,051;0,340840459052502
331;6,055;0,320370841242655
332;6,059;0,315333396234763
333;6,064;0,310144916720462
334;6,068;0,29944811991358
335;6,072;0,314267270307167
336;6,076;0,274483004442369
337;6,080;0,304183495908653
338;6,084;0,269818703509136
339;6,088;0,296187551451681
340;6,092;0,266504828750858
341;6,097;0,266344909861718
342;6,101;0,292305076198685
343;6,105;0,266949047887356
344;6,109;0,272883815550975
345;6,113;0,275007183023437
346;6,117;0,290821384282781
347;6,121;0,294188565337439
348;6,125;0,351572793390304
349;6,130;0,485753625761014
350;6,134;0,731140276762737
351;6,138;1,15335279723902
352;6,142;1,82696669582521
353;6,146;2,72178395562215
354;6,150;3,76509478836778
355;6,154;4,80975604728837
356;6,158;5,75725769667402
357;6,162;6,39541402378491
358;6,167;6,81384179721823
359;6,171;7,0767040290498
360;6,175;7,17331280685547
361;6,179;7,04491570764197
362;6,183;6,86102675389709
363;6,187;6,6883410067747
364;6,191;6,56605636287941
365;6,195;6,35715787174967
366;6,200;6,18647111074152
367;6,204;5,9445227158563
368;6,208;5,77892670615242
369;6,212;5,66034684985553
370;6,216;5,41108660798354
371;6,220;5,20874479130851
372;6,224;5,14266275256301
373;6,228;4,88256356376046
374;6,233;4,73093380370809
375;6,237;4,49141972969088
376;6,241;4,3263567829508
377;6,245;4,04268732676564
378;6,249;3,78849625247852
379;6,253;3,52055215372541
380;6,257;3,30010396504671
381;6,261;2,95347088845426
382;6,266;2,69591263311249
383;6,270;2,47216833844096
384;6,274;2,21825268001847
385;6,278;2,00730189647811
386;6,282;1,77391804654457
387;6,286;1,58440527853162
388;6,290;1,41624168221878
389;6,294;1,30204182660777
390;6,299;1,14580995630128
391;6,303;1,0362744016235
392;6,307;0,976064939862502
393;6,311;0,875209427111902
394;6,315;0,793899556367233
395;6,319;0,747985066418757
396;6,323;0,67999288538631
397;6,327;0,627237420735758
398;6,331;0,585365324929418
399;6,336;0,533764830033762
400;6,340;0,497356629606353
401;6,344;0,471538613393065
402;6,348;0,447133214033842
403;6,352;0,418498848495154
404;6,356;0,401307567912666
405;6,360;0,39161470635427
406;6,364;0,385022494368634
407;6,369;0,378927807815876
408;6,373;0,354042651789235
409;6,377;0,356494741422706
410;6,381;0,354877783765852
411;6,385;0,346597539061521
412;6,389;0,349991373264369
413;6,393;0,323124999888945
414;6,397;0,319944390871617
415;6,402;0,323640294087283
416;6,406;0,31888714932675
417;6,410;0,303348363932036
418;6,414;0,295299113178685
419;6,418;0,271862111537028
420;6,422;0,306484551035715
421;6,426;0,280293390747768
422;6,430;0,293229052002602
423;6,435;0,28820937576017
424;6,439;0,246488314460239
425;6,443;0,253800161447003
426;6,447;0,244560403407836
427;6,451;0,252005516135549
428;6,455;0,235960320925227
429;6,459;0,235898130246117
430;6,463;0,239931640005523
431;6,468;0,246443892546589
432;6,472;0,21832482120624
433;6,476;0,201000274882802
434;6,480;0,224996992636446
435;6,484;0,212807619530929
436;6,488;0,206917273780961
437;6,492;0,182671793310877
438;6,496;0,18174781750696
439;6,500;0,183604653497524
440;6,505;0,185061692265239
441;6,509;0,1959894830231
442;6,513;0,189050780110994
443;6,517;0,186412118440194
444;6,521;0,200067414696155
445;6,525;0,177767614043935
446;6,529;0,18751378189871
447;6,533;0,171823961997586
448;6,538;0,160451952103227
449;6,542;0,145712761154209
450;6,546;0,183906722510343
451;6,550;0,165622662852068
452;6,554;0,186154471341025
453;6,558;0,166004691309457
454;6,562;0,170402460760791
455;6,566;0,175608709040552
456;6,571;0,165844772420317
457;6,575;0,174400432989277
458;6,579;0,143447243558067
459;6,583;0,168803271869397
460;6,587;0,164387733652603
461;6,591;0,169540675635984
462;6,595;0,171619621194797
463;6,599;0,181401326580492
464;6,604;0,159048219631892
465;6,608;0,153619861783881
466;6,612;0,147631787823882
467;6,616;0,169149762795865
468;6,620;0,172854550394262
469;6,624;0,247296793288666
470;6,628;0,374263506882642
471;6,632;0,723757354714133
472;6,637;1,34282114333832
473;6,641;2,41159461698804
474;6,645;3,99696829323723
475;6,649;5,95680981717184
476;6,653;8,33631404373924
477;6,657;10,6786015910508
478;6,661;12,831687323745
479;6,665;14,3239970908977
480;6,669;15,3730650036524
481;6,674;15,9959490768504
482;6,678;16,2503622607058
483;6,682;15,9809877763332
484;6,686;15,723935930807
485;6,690;15,3705063014261
486;6,694;14,9111481767559
487;6,698;14,5672070681306
488;6,702;14,0797920627991
489;6,707;13,5727248028689
490;6,711;13,169418248842
491;6,715;12,7721886126024
492;6,719;12,2041833715273
493;6,723;11,6741499822401
494;6,727;11,2178569696117
495;6,731;10,6669275121436
496;6,735;10,0264168236093
497;6,740;9,26907650217587
498;6,744;8,52175776446187
499;6,748;7,73898145527255
500;6,752;6,95107885724805
501;6,756;6,26380077802316
502;6,760;5,48782990600501
503;6,764;4,89102149611939
504;6,768;4,24048922386566
505;6,773;3,70526735506418
506;6,777;3,21163328182168
507;6,781;2,80784697112736
508;6,785;2,458513042185
509;6,789;2,13419753501024
510;6,793;1,83315022620527
511;6,797;1,61218674332823
512;6,801;1,37787003320805
513;6,806;1,22755516179971
514;6,810;1,07829753193625
515;6,814;0,953711832913902
516;6,818;0,852456522940453
517;6,822;0,751778697844453
518;6,826;0,689552481203756
519;6,830;0,635508781057359
520;6,834;0,546496150485807
521;6,838;0,490524539287007
522;6,843;0,470712365799178
523;6,847;0,435023800372895
524;6,851;0,412697346572485
525;6,855;0,365077055139855
526;6,859;0,355970562841638
527;6,863;0,317696642040935
528;6,867;0,313760860491559
529;6,871;0,30787051474159
530;6,876;0,288822398168538
531;6,880;0,260952089544627
532;6,884;0,257620446020889
533;6,888;0,257869208737328
534;6,892;0,221665349112708
535;6,896;0,228230907950154
536;6,900;0,20419865266559
537;6,904;0,218902306083688
538;6,909;0,218076058489801
539;6,913;0,235818170801547
540;6,917;0,233437156229916
541;6,921;0,239549611548134
542;6,925;0,249588964032998
543;6,929;0,261707262076675
544;6,933;0,245359997853533
545;6,937;0,263466369857208
546;6,942;0,268459392951451
547;6,946;0,256545435710563
548;6,950;0,24053577803116
549;6,954;0,2489670572419
550;6,958;0,221638695964518
551;6,962;0,247474480943266
552;6,966;0,213411757556567
553;6,970;0,215615084473599
554;6,975;0,220083928986773
555;6,979;0,200227333585294
556;6,983;0,196131633146779
557;6,987;0,203150295503454
558;6,991;0,231109447954664
559;6,995;0,217063238858584
560;6,999;0,24071346568576
561;7,003;0,242783526861842
562;7,007;0,220661413864221
563;7,012;0,234556588453892
564;7,016;0,236528921419945
565;7,020;0,211936950023393
566;7,024;0,221620927199058
567;7,028;0,202528388712356
568;7,032;0,206766239274551
569;7,036;0,199676501856036
570;7,040;0,195456420059301
571;7,045;0,203825508590932
572;7,049;0,191378488386246
573;7,053;0,189450577333843
574;7,057;0,197544250000844
575;7,061;0,244444906432346
576;7,065;0,297831162256726
577;7,069;0,467949322770158
578;7,073;0,801939922737854
579;7,078;1,25897033913288
580;7,082;1,98819158922594
581;7,086;2,92677331835071
582;7,090;4,00154375034316
583;7,094;5,07596769140914
584;7,098;6,17538340109452
585;7,102;6,91975252374218
586;7,106;7,68906899309559
587;7,111;8,04965055057408
588;7,115;8,17520464731399
589;7,119;8,13168005631988
590;7,123;8,09013668267455
591;7,127;7,94106562484841
592;7,131;7,72696976982164
593;7,135;7,40821588623583
594;7,139;7,12380902628409
595;7,144;6,88998984159679
596;7,148;6,60442801189015
597;7,152;6,34710075049935
598;7,156;6,02026207862927
599;7,160;5,69058928866834
600;7,164;5,31336728233662
601;7,168;4,8532539851343
602;7,172;4,42852718434543
603;7,176;4,0644362956886
604;7,181;3,62124774758687
605;7,185;3,27752874852986
606;7,189;2,93923810732086
607;7,193;2,8431979300099
608;7,197;2,80523496260474
609;7,201;3,04382506081804
610;7,205;3,63315282044503
611;7,209;4,52924054697235
612;7,214;5,6434398695204
613;7,218;6,75085152366275
614;7,222;7,75977979524341
615;7,226;8,73855447183855
616;7,230;9,26419009167439
617;7,234;9,5999042618917
618;7,238;9,73521341086912
619;7,242;9,68253790566314
620;7,247;9,50085227883529
621;7,251;9,13584629875727
622;7,255;8,86580548567989
623;7,259;8,61198755546742
624;7,263;8,3644064619314
625;7,267;8,06191988312417
626;7,271;7,7475637689897
627;7,275;7,30475724934535
628;7,280;6,84822435838321
629;7,284;6,43685078483749
630;7,288;5,96566754675362
631;7,292;5,42279622442164
632;7,296;4,93862401878656
633;7,300;4,37057435579785
634;7,304;3,84313520626783
635;7,308;3,34998977407548
636;7,313;2,88113424426686
637;7,317;2,49518777409431
638;7,321;2,15640849183516
639;7,325;1,87826512170805
640;7,329;1,57502337036877
641;7,333;1,37152658393885
642;7,337;1,15409020100561
643;7,341;1,0117890428197
644;7,345;0,892027563619732
645;7,350;0,771599755715012
646;7,354;0,683102419341799
647;7,358;0,606874415518671
648;7,362;0,526488520577918
649;7,366;0,471254313145706
650;7,370;0,412253127435987
651;7,374;0,382525982821513
652;7,378;0,354815593086742
653;7,383;0,332382526693572
654;7,387;0,281137407107115
655;7,391;0,273727831910322
656;7,395;0,287054406005274
657;7,399;0,249224704341069
658;7,403;0,236022511604336
659;7,407;0,212949769654609
660;7,411;0,202963723466125
661;7,416;0,198219463088322
662;7,420;0,154890328514266
663;7,424;0,153273370857412
664;7,428;0,182796174669097
665;7,432;0,147640672206612
666;7,436;0,146103673994328
667;7,440;0,139467040095042
668;7,444;0,139387080650472
669;7,449;0,130102900697655
670;7,453;0,133256856566794
671;7,457;0,124345820688636
672;7,461;0,114910606229409
673;7,465;0,110290727209826
674;7,469;0,110983709062763
675;7,473;0,109890929986977
676;7,477;0,101584032134457
677;7,482;0,0939701161348742
678;7,486;0,0854233399486447
679;7,490;0,0813542926583193
680;7,494;0,103298718001341
681;7,498;0,0787778216666285
682;7,502;0,0781825680237206
683;7,506;0,079461919136836
684;7,510;0,0612222813922112
685;7,514;0,068551897144435
686;7,519;0,057926175399393
687;7,523;0,0645539249159493
688;7,527;0,0600406584891254
689;7,531;0,0700355890603397
690;7,535;0,0727186726447901
691;7,539;0,0613200096022409
692;7,543;0,052337898662243
693;7,547;0,0440843071061024
694;7,552;0,0507298253881187
695;7,556;0,0347912427705557
696;7,560;0,0548077570611741
697;7,564;0,0461543682821851
698;7,568;0,0382916895661632
699;7,572;0,0385582210480622
700;7,576;0,0530575336633704
701;7,580;0,0268930265236139
702;7,585;0,0374121356758963
703;7,589;0,0412857265461625
704;7,593;0,0345247112886566
705;7,597;0,035244346289784
706;7,601;0,0420142459300199
707;7,605;0,0419165177199902
708;7,609;0,0266264950417148
709;7,613;0,0304823171465211
710;7,618;0,0298959478863432
711;7,622;0,0333697415337607
712;7,626;0,0337606543738793
713;7,630;0,0315306743086573
714;7,634;0,0385493366653322
715;7,638;0,0392512029009997
716;7,642;0,0254804096695489
717;7,646;0,0368079976502585
718;7,651;0,0425650776592779
719;7,655;0,0452748143919182
720;7,659;0,049237249089484
721;7,663;0,121547240128696
722;7,667;0,204518490443869
723;7,671;0,404434870633615
724;7,675;0,745781739501725
725;7,679;1,27853374990427
726;7,683;2,08598198993471
727;7,688;3,14739919468401
728;7,692;4,38280815081702
729;7,696;5,68593387211784
730;7,700;6,91011296848016
731;7,704;7,9275435943334
732;7,708;8,64786269293103
733;7,712;9,24134834367564
734;7,716;9,45054001943548
735;7,721;9,47440347144817
736;7,725;9,37993582988042
737;7,729;9,10898880976458
738;7,733;8,89823348264427
739;7,737;8,51796413303617
740;7,741;8,27738393309136
741;7,745;7,76167216876489
742;7,749;7,29903570686725
743;7,754;6,7703438593723
744;7,758;6,15382988859162
745;7,762;5,61185588891536
746;7,766;5,02468703429176
747;7,770;4,34981155335791
748;7,774;3,78995329124624
749;7,778;3,28588895267876
750;7,782;2,82535808948812
751;7,787;2,50950939905502
752;7,791;2,1686334024716
753;7,795;2,0522124511781
754;7,799;2,20308703869842
755;7,803;2,69362046236815
756;7,807;3,86146368783975
757;7,811;5,90203759764159
758;7,815;8,66619117450296
759;7,820;12,3884987756432
760;7,824;16,535444333745
761;7,828;20,8939359290301
762;7,832;25,2543287822194
763;7,836;28,563121673576
764;7,840;30,8425077911594
765;7,844;32,4020545668126
766;7,848;33,1667955790601
767;7,852;33,1256431182549
768;7,857;32,8292689947659
769;7,861;31,9318130732981
770;7,865;30,7083891494678
771;7,869;29,4627631531954
772;7,873;28,1715069672218
773;7,877;26,3643346761189
774;7,881;24,1689859347783
775;7,885;22,1245828560199
776;7,890;19,9661043030086
777;7,894;17,6464097409794
778;7,898;15,4862609240149
779;7,902;13,3828566595467
780;7,906;11,4155966760326
781;7,910;9,75516773448063
782;7,914;8,16987401767601
783;7,918;6,94419346063232
784;7,923;5,7443842260983
785;7,927;4,88600181987696
786;7,931;4,11532603996586
787;7,935;3,49142914713657
788;7,939;2,95103656758625
789;7,943;2,51967313289811
790;7,947;2,23348939640037
791;7,951;1,92385977387824
792;7,956;1,65350800740531
793;7,960;1,48139974516037
794;7,964;1,33092495486289
795;7,968;1,1607001817567
796;7,972;1,04968981954575
797;7,976;0,955684165879955
798;7,980;0,854535468499266
799;7,984;0,774327261213113
800;7,989;0,704895810178411
801;7,993;0,69673106244957
802;7,997;0,642980546933262
803;8,001;0,566157289467227
804;8,005;0,488267906073595
805;8,009;0,479223604454487
806;8,013;0,46178356115556
807;8,017;0,437475890006367
808;8,022;0,410360753914503
809;8,026;0,390513042895754
810;8,030;0,366978313044068
811;8,034;0,343292548685973
812;8,038;0,337295590343245
813;8,042;0,315626580864852
814;8,046;0,314427189196306
815;8,050;0,280044628031329
816;8,054;0,270733794930322
817;8,059;0,263333104116259
818;8,063;0,258117971453768
819;8,067;0,263537444919048
820;8,071;0,238918820374306
821;8,075;0,257744827379109
822;8,079;0,24068681253757
823;8,083;0,237124175062853
824;8,087;0,218013867810691
825;8,092;0,201098003092831
826;8,096;0,198485994570221
827;8,100;0,206224291928023
828;8,104;0,193297515055919
829;8,108;0,199534351732357
830;8,112;0,19309317425313
831;8,116;0,172943394221562
832;8,120;0,154135155982219
833;8,125;0,161216009018004
834;8,129;0,149977264864594
835;8,133;0,154783715921507
836;8,137;0,150483674680202
837;8,141;0,136926106634271
838;8,145;0,130325010265904
839;8,149;0,131950852305488
840;8,153;0,132706024837536
841;8,158;0,108211781651013
842;8,162;0,104649144176296
843;8,166;0,0896878436590295
844;8,170;0,102943342692142
845;8,174;0,0930816778618773
846;8,178;0,0887638678551128
847;8,182;0,0815408646956486
848;8,186;0,0913847607604534
849;8,191;0,0812832175964795
850;8,195;0,0900165658200383
851;8,199;0,114182086845552
852;8,203;0,0898033406345191
853;8,207;0,0981013541043094
854;8,211;0,127393163965015
855;8,215;0,157440146357767
856;8,219;0,264727952204864
857;8,223;0,472711351913421
858;8,228;0,793171036983375
859;8,232;1,33215988406236
860;8,236;2,14317076156751
861;8,240;3,28082485452267
862;8,244;4,70449388070371
863;8,248;6,12499118225014
864;8,252;7,63891665258492
865;8,256;8,84132901125882
866;8,261;9,727617263635
867;8,265;10,488129309703
868;8,269;10,6737507180802
869;8,273;10,7869999447391
870;8,277;10,7021629740507
871;8,281;10,4594505222507
872;8,285;10,1383067397105
873;8,289;9,65194009154113
874;8,294;8,98347913493831
875;8,298;8,26222717615403
876;8,302;7,51998142097884
877;8,306;6,80576589331669
878;8,310;5,93943196455202
879;8,314;5,12660867296996
880;8,318;4,4180524971068
881;8,322;3,77188245677348
882;8,327;3,15094406339327
883;8,331;2,68815656698922
884;8,335;2,27101702905175
885;8,339;1,92244715702418
886;8,343;1,61875230216567
887;8,347;1,39416399113481
888;8,351;1,17240091381207
889;8,355;1,01899427721371
890;8,360;0,881828292245728
891;8,364;0,765158578235785
892;8,368;0,687686760830462
893;8,372;0,5877019175874
894;8,376;0,551062723209011
895;8,380;0,489458413359411
896;8,384;0,442326762976929
897;8,388;0,403244363347799
898;8,392;0,364872714337066
899;8,397;0,304467796156012
900;8,401;0,295921019969782
901;8,405;0,261973793558574
902;8,409;0,243050058343741
903;8,413;0,242001701181605
904;8,417;0,205700113346955
905;8,421;0,192142545301023
906;8,425;0,168581162301148
907;8,430;0,158479619137174
908;8,434;0,196664696110577
909;8,438;0,243281052294721
910;8,442;0,393569270554863
911;8,446;0,670984121298122
912;8,450;1,14209628432015
913;8,454;1,92720918616744
914;8,458;3,00352550075491
915;8,463;4,46804491872833
916;8,467;6,12426266286628
917;8,471;7,86771616102979
918;8,475;9,56832916566939
919;8,479;10,7749082998437
920;8,483;11,9157874237298
921;8,487;12,5010639048319
922;8,491;12,679879876038
923;8,496;12,5728408329073
924;8,500;12,2275937200208
925;8,504;11,8767672147798
926;8,508;11,1767133931892
927;8,512;10,4015243468513
928;8,516;9,54776181964952
929;8,520;8,49830299405475
930;8,524;7,64976448389821
931;8,529;6,61675953511934
932;8,533;5,72099164637029
933;8,537;4,88464250931927
934;8,541;4,07473329527264
935;8,545;3,43179717025303
936;8,549;2,94531502510815
937;8,553;2,47471815628447
938;8,557;2,1062294981763
939;8,561;1,81586121741275
940;8,566;1,51177544971413
941;8,570;1,26910741982777
942;8,574;1,14580107191855
943;8,578;1,0145165483178
944;8,582;0,886421518117122
945;8,586;0,777196916834892
946;8,590;0,721678409155321
947;8,594;0,625851457029883
948;8,599;0,564291569093933
949;8,603;0,531463774906701
950;8,607;0,47835293494695
951;8,611;0,424087125232304
952;8,615;0,415842418058894
953;8,619;0,375347401575699
954;8,623;0,347743624433687
955;8,627;0,313725322960639
956;8,632;0,308412462088118
957;8,636;0,291949700889487
958;8,640;0,221807499236387
959;8,644;0,23771942870576
960;8,648;0,218546930774489
961;8,652;0,199187860805888
962;8,656;0,16501852482643
963;8,660;0,171557430515687
964;8,665;0,161855684574562
965;8,669;0,14272760855694
966;8,673;0,12585616575273
967;8,677;0,135806674410295
968;8,681;0,126335922420148
969;8,685;0,12034784846015
970;8,689;0,102294782752854
971;8,693;0,105937379672141
972;8,698;0,104951213189115
973;8,702;0,0858231371714933
974;8,706;0,0821538871040164
975;8,710;0,0718124656063334
976;8,714;0,0860008248260926
977;8,718;0,0804569700025925
978;8,722;0,0539104344054473
979;8,726;0,0479667823590986
980;8,730;0,0430626030921561
981;8,735;0,0439066194515031
982;8,739;0,0629991579382048
983;8,743;0,0526488520577918
984;8,747;0,0392689716664597
985;8,751;0,0616131942323298
986;8,755;0,067716765167818
987;8,759;0,0700711265912596
988;8,763;0,0635322209020029
989;8,768;0,0683564407243757
990;8,772;0,0692626477628325
991;8,776;0,0546656069374946
992;8,780;0,050916397425448
993;8,784;0,0501789936588607
994;8,788;0,048393232730137
995;8,792;0,0470516909379118
996;8,796;0,0373410606140566
997;8,801;0,0408770449405839
998;8,805;0,030508970294711
999;8,809;0,0379363142569644
1000;8,813;0,0265198824489552
1001;8,817;0,0228772855296682
1002;8,821;0,0269907547336435
1003;8,825;0,0195101044750103
1004;8,829;0,012598054711095
1005;8,834;0,0149790692827265
1006;8,838;0,00222998006522203
1007;8,842;0,00461987901958349
1008;8,846;0
1009;8,850;0,00459322587139358
1010;8,854;0,00147480753317473
1011;8,858;0,000719635001127428
1012;8,862;0,00378474704296647
1013;8,867;0,00743622834498342
1014;8,871;0,0306600048011204
1015;8,875;0,068836197391794
1016;8,879;0,198388266360191
1017;8,883;0,411933289657708
1018;8,887;0,762386650824035
1019;8,891;1,4067620458459
1020;8,895;2,29169987204712
1021;8,899;3,55984777854006
1022;8,904;5,15363496523452
1023;8,908;6,93029828604265
1024;8,912;8,6019304342171
1025;8,916;10,1516866201018
1026;8,920;11,4255027627765
1027;8,924;12,3760606398213
1028;8,928;12,8949707819305
1029;8,932;13,0132752223628
1030;8,937;12,8224386813231
1031;8,941;12,0721436753945
1032;8,945;11,4547590351063
1033;8,949;10,5695457930404
1034;8,953;9,46107689735322
1035;8,957;8,27249752258987
1036;8,961;7,26251200946435
1037;8,965;6,15517143038384
1038;8,970;5,24775611587581
1039;8,974;4,36633650523566
1040;8,978;3,5994365879848
1041;8,982;2,97578845787194
1042;8,986;2,56753330266444
1043;8,990;2,06046604273424
1044;8,994;1,69188854079877
1045;8,998;1,47241763422037
1046;9,003;1,23370315464885
1047;9,007;1,05575785295032
1048;9,011;0,905007646788216
1049;9,015;0,821725443077493
1050;9,019;0,717973621556924
1051;9,023;0,617535674794633
1052;9,027;0,561723982484972
1053;9,031;0,492630137994009
1054;9,036;0,464288957085411
1055;9,040;0,4282361319672
1056;9,044;0,392787444874626
1057;9,048;0,3188427274131
1058;9,052;0,295210269351385
1059;9,056;0,289319923601416
1060;9,060;0,236937603025523
1061;9,064;0,236013627221607
1062;9,068;0,214842143176092
1063;9,073;0,192577880054792
1064;9,077;0,162122216056461
1065;9,081;0,15961682012661
1066;9,085;0,138516411142935
1067;9,089;0,1482003883186
1068;9,093;0,166431141680495
1069;9,097;0,190418975051409
1070;9,101;0,272608399686346
1071;9,106;0,484651962302498
1072;9,110;0,939612317521442
1073;9,114;1,73147735024351
1074;9,118;2,99936760963728
1075;9,122;5,08615807840041
1076;9,126;7,75065553417973
1077;9,130;11,2410718616851
1078;9,134;15,3596407013474
1079;9,139;19,4336721303844
1080;9,143;23,4906188914316
1081;9,147;26,9861170858585
1082;9,151;29,4397526019247
1083;9,155;30,4504577500514
1084;9,159;30,7946120838622
1085;9,163;29,7640236871859
1086;9,167;28,0676663018739
1087;9,172;25,7242682067211
1088;9,176;23,1703280096335
1089;9,180;20,4291583308946
1090;9,184;17,6798772107232
1091;9,188;15,069992055585
1092;9,192;12,5251850039438
1093;9,196;10,2830333343817
1094;9,200;8,50543715338691
1095;9,205;7,02664053236643
1096;9,209;5,74330033140524
1097;9,213;4,76257109060951
1098;9,217;4,01469263678351
1099;9,221;3,36190373131637
1100;9,225;2,84549010075423
1101;9,229;2,481576899752
1102;9,233;2,07161594306035
1103;9,237;1,85634734951322
1104;9,242;1,63625453614371
1105;9,246;1,43873693929106
1106;9,250;1,28401541404866
1107;9,254;1,14707153864893
1108;9,258;1,0670765565483
1109;9,262;0,947839255929393
1110;9,266;0,870554010561399
1111;9,270;0,775695456153528
1112;9,275;0,739687052948967
1113;9,279;0,694678770038947
1114;9,283;0,659825336589282
1115;9,287;0,628205818453325
1116;9,291;0,61557222621131
1117;9,295;0,625273972152435
1118;9,299;0,607905003915347
1119;9,303;0,647955801262044
1120;9,308;0,584094858199033
1121;9,312;0,605923786566565
1122;9,316;0,580754330292565
1123;9,320;0,570492868239451
1124;9,324;0,597456969824905
1125;9,328;0,564718019464972
1126;9,332;0,526568480022488
1127;9,336;0,496210544234187
1128;9,341;0,463604859615203
1129;9,345;0,440905261740134
1130;9,349;0,42813840375717
1131;9,353;0,41405665713017
1132;9,357;0,435503557040314
1133;9,361;0,518483691738217
1134;9,365;0,697868263439006
1135;9,369;1,08658666102331
1136;9,374;1,68915215091794
1137;9,378;2,71993600401432
1138;9,382;4,14914000063612
1139;9,386;5,89085215978456
1140;9,390;7,92850310766824
1141;9,394;9,89032584895163
1142;9,398;11,798255924595
1143;9,402;13,2263760265238
1144;9,406;14,2796995586061
1145;9,411;14,7832486029752
1146;9,415;14,5641064185578
1147;9,419;14,102234013575
1148;9,423;13,3514681353617
1149;9,427;12,1637150081923
1150;9,431;10,8302668886341
1151;9,435;9,42810695304231
1152;9,439;8,24659954693202
1153;9,444;6,85561616481454
1154;9,448;5,73539323077557
1155;9,452;4,74306987051723
1156;9,456;3,94445270692038
1157;9,460;3,24487864199722
1158;9,464;2,724289351552
1159;9,468;2,25233317217063
1160;9,472;1,91174147583457
1161;9,477;1,64332650479677
1162;9,481;1,41905803154418
1163;9,485;1,26138689123543
1164;9,489;1,14135888055356
1165;9,493;1,14971908470246
1166;9,497;1,30063809413643
1167;9,501;1,69710367346126
1168;9,505;2,4985638395317
1169;9,510;3,83388656384593
1170;9,514;5,88935069910319
1171;9,518;8,93937705906675
1172;9,522;12,580978927488
1173;9,526;16,4485817237941
1174;9,530;20,677316909308
1175;9,534;24,4187081645523
1176;9,538;27,4614226775291
1177;9,543;29,5424471819004
1178;9,547;30,4727753194691
1179;9,551;30,1892657821731
1180;9,555;28,9373052210141
1181;9,559;26,8777542697011
1182;9,563;24,3847342849929
1183;9,567;21,4385663591426
1184;9,571;18,3834670166403
1185;9,575;15,4486355631535
1186;9,580;12,9247867703723
1187;9,584;10,6323939164722
1188;9,588;8,68953933231731
1189;9,592;7,23540575775522
1190;9,596;5,93501642633523
1191;9,600;4,96733834376982
1192;9,604;4,17443383826834
1193;9,608;3,56319719082926
1194;9,613;3,04376287013893
1195;9,617;2,63398848548461
1196;9,621;2,24104112172084
1197;9,625;1,99744911603057
1198;9,629;1,75473666423057
1199;9,633;1,57879034864628
1200;9,637;1,42292273803171
1201;9,641;1,29414361036083
1202;9,646;1,18472355265854
1203;9,650;1,06605485253435
1204;9,654;0,993771514643328
1205;9,658;0,922705337186312
1206;9,662;0,847534574908051
1207;9,666;0,801069253230317
1208;9,670;0,705944167340547
1209;9,674;0,666950611538716
1210;9,679;0,637010241738723
1211;9,683;0,590775914011969
1212;9,687;0,533222882687234
1213;9,691;0,516058255252936
1214;9,695;0,503522391220951
1215;9,699;0,457545710593365
1216;9,703;0,437822380932835
1217;9,707;0,389597951474568
1218;9,712;0,378554663741217
1219;9,716;0,359639812909115
1220;9,720;0,31626625642141
1221;9,724;0,344518593502709
1222;9,728;0,317900982843724
1223;9,732;0,264736836587594
1224;9,736;0,278463207905395
1225;9,740;0,256429938735074
1226;9,744;0,235800402036087
1227;9,749;0,24635504871929
1228;9,753;0,242623607972703
1229;9,757;0,224641617327247
1230;9,761;0,230034437644338
1231;9,765;0,274731767158808
1232;9,769;0,394857506050709
1233;9,773;0,662419576346433
1234;9,777;1,15601811205801
1235;9,782;1,97551357507028
1236;9,786;3,45163599688904
1237;9,790;5,71430170617463
1238;9,794;8,70396756987078
1239;9,798;12,8238424137944
1240;9,802;17,7341430204378
1241;9,806;23,1444122652102
1242;9,810;28,8694285369572
1243;9,815;33,8831522429602
1244;9,819;38,7474939377414
1245;9,823;42,2469367981004
1246;9,827;44,2888966716082
1247;9,831;44,2175550782865
1248;9,835;42,7780363133152
1249;9,839;39,8306956489446
1250;9,843;35,8196722622286
1251;9,848;30,9542910946679
1252;9,852;26,2407440279624
1253;9,856;22,0478662111466
1254;9,860;18,1438285612648
1255;9,864;14,8184574117341
1256;9,868;12,0657735729771
1257;9,872;9,80985111018358
1258;9,876;8,02239326435854
1259;9,881;6,76133509528412
1260;9,885;5,70203237362454
1261;9,889;4,81638379680493
1262;9,893;4,14962864168627
1263;9,897;3,61721423782746
1264;9,901;3,16058361865528
1265;9,905;2,80623889785323
1266;9,909;2,50442753213348
1267;9,913;2,22161986107313
1268;9,918;1,98108408304197
1269;9,922;1,79537383083744
1270;9,926;1,65215758123036
1271;9,930;1,47716189459817
1272;9,934;1,38957964964614
1273;9,938;1,30251269889246
1274;9,942;1,15406354785742
1275;9,946;1,08441887163719
1276;9,951;0,995441778596562
1277;9,955;0,96244518113746
1278;9,959;0,905194218825545
1279;9,963;0,823146944314288
1280;9,967;0,803290348912809
1281;9,971;0,733690094606238
1282;9,975;0,700480271961617
1283;9,979;0,650976491390234
1284;9,984;0,625886994560803
1285;9,988;0,60714094700057
1286;9,992;0,563305402610907
1287;9,996;0,535808238061655
1288;10,000;0,476069648585349
1289;10,004;0,490675573793416
1290;10,008;0,462645346280367
1291;10,012;0,437422583709987
1292;10,017;0,426921243323164
1293;10,021;0,417939132383166
1294;10,025;0,40569645298127
1295;10,029;0,3497337261652
1296;10,033;0,355624071915169
1297;10,037;0,331911654408884
1298;10,041;0,335145569722592
1299;10,045;0,329832708850071
1300;10,050;0,280000206117679
1301;10,054;0,314720373826395
1302;10,058;0,297600168305746
1303;10,062;0,280737609884267
1304;10,066;0,301997937757081
1305;10,070;0,286556880572396
1306;10,074;0,304805402699751
1307;10,078;0,359471009637245
1308;10,082;0,536279110346343
1309;10,087;0,848716197811137
1310;10,091;1,31514629113447
1311;10,095;2,1880813162675
1312;10,099;3,31733078316011
1313;10,103;4,8322957262743
1314;10,107;6,53353952208773
1315;10,111;8,51608064389742
1316;10,115;10,3218492025289
1317;10,120;11,7952263500841
1318;10,124;12,9563529822119
1319;10,128;13,5065628046788
1320;10,132;13,4983092131227
1321;10,136;12,9756320927359
1322;10,140;12,1216563403486
1323;10,144;10,7446125547345
1324;10,148;9,38973530403157
1325;10,153;8,01277147786198
1326;10,157;6,57020536961431
1327;10,161;5,48191290710685
1328;10,165;4,5275347454882
1329;10,169;3,76913718250992
1330;10,173;3,0719174790102
1331;10,177;2,57869208737328
1332;10,181;2,17715352550964
1333;10,186;1,86394349674734
1334;10,190;1,61361712894775
1335;10,194;1,40366139627314
1336;10,198;1,23042481742149
1337;10,202;1,09896260616615
1338;10,206;0,957923030327907
1339;10,210;0,901818153388157
1340;10,214;0,806115582620939
1341;10,219;0,746359224379173
1342;10,223;0,658297222759727
1343;10,227;0,599980134520216
1344;10,231;0,5595384243334
1345;10,235;0,511491682529732
1346;10,239;0,467505103633659
1347;10,243;0,442566641310638
1348;10,247;0,415629192873375
1349;10,251;0,371047360334394
1350;10,256;0,357107763831074
1351;10,260;0,321214857602002
1352;10,264;0,317056966484377
1353;10,268;0,283198583900468
1354;10,272;0,275380327098096
1355;10,276;0,28530418260747
1356;10,280;0,248327381685343
1357;10,284;0,231962348696741
1358;10,289;0,205851147853364
1359;10,293;0,233312774871696
1360;10,297;0,195092160367373
1361;10,301;0,191573944806305
1362;10,305;0,15943913247201
1363;10,309;0,16501852482643
1364;10,313;0,144397872510174
1365;10,317;0,15116777215041
1366;10,322;0,150945662582161
1367;10,326;0,129214462424658
1368;10,330;0,118188943456768
1369;10,334;0,111392390668342
1370;10,338;0,1146707278957
1371;10,342;0,107119002575227
1372;10,346;0,110024195727927
1373;10,350;0,0897500343381392
1374;10,355;0,0903364035983172
1375;10,359;0,106017339116711
1376;10,363;0,0695380636274615
1377;10,367;0,0869958756918491
1378;10,371;0,0776495050599225
1379;10,375;0,0620307602206383
1380;10,379;0,0655045538680559
1381;10,383;0,0574819562628946
1382;10,388;0,0565046741625981
1383;10,392;0,0698579014057403
1384;10,396;0,047860169766339
1385;10,400;0,0621551415788579
1386;10,404;0,0558472298405804
1387;10,408;0,0659043510909045
1388;10,412;0,0791687345067471
1389;10,416;0,0576774126829539
1390;10,420;0,0510585475491275
1391;10,425;0,062110719665208
1392;10,429;0,0402729069149461
1393;10,433;0,0496636994605225
1394;10,437;0,0482244294582677
1395;10,441;0,0381584238252136
1396;10,445;0,0438888506860431
1397;10,449;0,073589342152327
1398;10,453;0,147116493625544
1399;10,458;0,272999312526464
1400;10,462;0,587008935734462
1401;10,466;1,21254055498607
1402;10,470;2,3166561031356
1403;10,474;4,08313792133519
1404;10,478;6,76630146523017
1405;10,482;10,3353978861921
1406;10,486;15,1653836729566
1407;10,491;20,1109908165689
1408;10,495;25,6374855562148
1409;10,499;30,7098284194701
1410;10,503;35,1100055385242
1411;10,507;37,8589668209173
1412;10,511;38,7780384455671
1413;10,515;37,846013390897
1414;10,519;35,5210503899089
1415;10,524;32,4924087391764
1416;10,528;29,6172536844868
1417;10,532;27,1922081120456
1418;10,536;25,0798039678719
1419;10,540;23,4819921558008
1420;10,544;22,3040740403134
1421;10,548;20,4931614240813
1422;10,552;18,9253077505756
1423;10,557;17,2603122363004
1424;10,561;15,4956428321777
1425;10,565;13,4884297795269
1426;10,569;11,6202040103038
1427;10,573;9,95027766361346
1428;10,577;8,381659933193
1429;10,581;7,18926027385577
1430;10,585;5,98036231578899
1431;10,589;5,09483812032759
1432;10,594;4,37460786555726
1433;10,598;3,71101555069047
1434;10,602;3,2444877291571
1435;10,606;2,86638616893512
1436;10,610;2,52027727092374
1437;10,614;2,25906753427995
1438;10,618;1,98260331248879
1439;10,622;1,82811278119738
1440;10,627;1,64152297510258
1441;10,631;1,50100757784541
1442;10,635;1,36333518306182
1443;10,639;1,29061651041703
1444;10,643;1,14854634618211
1445;10,647;1,1133553061887
1446;10,651;1,01261529041359
1447;10,655;0,935543270231116
1448;10,660;0,871700095933565
1449;10,664;0,8141381802261
1450;10,668;0,784499879438926
1451;10,672;0,739589324738937
1452;10,676;0,701137716283634
1453;10,680;0,649848174783528
1454;10,684;0,622715269926205
1455;10,688;0,601916929955349
1456;10,693;0,548033148698091
1457;10,697;0,524880447303794
1458;10,701;0,482777357546475
1459;10,705;0,485025106377157
1460;10,709;0,458087657939893
1461;10,713;0,443410657669985
1462;10,717;0,416784162628271
1463;10,721;0,399210853588393
1464;10,726;0,389740101598247
1465;10,730;0,364703911065197
1466;10,734;0,35803173963499
1467;10,738;0,350853158389176
1468;10,742;0,361940868036176
1469;10,746;0,356752388521875
1470;10,750;0,349484963448761
1471;10,754;0,3777195317646
1472;10,758;0,485718088230094
1473;10,763;0,670042376728745
1474;10,767;0,96240964360654
1475;10,771;1,5445854751359
1476;10,775;2,36735927537553
1477;10,779;3,5651073331162
1478;10,783;5,15599821104069
1479;10,787;6,92909889437411
1480;10,791;8,87908763786119
1481;10,796;10,3775009759494
1482;10,800;11,6555372004208
1483;10,804;12,2998326359981
1484;10,808;12,3700192595649
1485;10,812;12,0274907677937
1486;10,816;11,1180053921096
1487;10,820;10,0994553340324
1488;10,824;8,73582696634045
1489;10,829;7,4002910168407
1490;10,833;6,20012640699748
1491;10,837;5,18947456516721
1492;10,841;4,37208470086194
1493;10,845;3,68764962411065
1494;10,849;3,27839053365466
1495;10,853;3,1432146504182
1496;10,857;3,39007610895309
1497;10,862;3,99775900330019
1498;10,866;5,24446889426572
1499;10,870;6,95721796571446
1500;10,874;9,18258703629963
1501;10,878;11,6740789071783
1502;10,882;14,0984226133838
1503;10,886;16,2821505821136
1504;10,890;17,5246670444306
1505;10,895;17,8867411782077
1506;10,899;17,4110269049316
1507;10,903;16,0860900240287
1508;10,907;14,2658754590783
1509;10,911;12,3352013636461
1510;10,915;10,4752736078927
1511;10,919;8,6403820426724
1512;10,923;7,24803934999724
1513;10,927;6,01317234121076
1514;10,932;4,95664154696294
1515;10,936;4,18694304915214
1516;10,940;3,51897073359947
1517;10,944;2,98511705973841
1518;10,948;2,55833796653893
1519;10,952;2,27490838868748
1520;10,956;1,99728919714143
1521;10,960;1,8208275873588
1522;10,965;1,59941988534526
1523;10,969;1,42229194685789
1524;10,973;1,28969253461311
1525;10,977;1,16269028348821
1526;10,981;1,07637850526657
1527;10,985;0,977397597271997
1528;10,989;0,925290692560733
1529;10,993;0,840684715823246
1530;10,998;0,797275621804621
1531;11,002;0,764918699902076
1532;11,006;0,695887046090223
1533;11,010;0,642705131068633
1534;11,014;0,602858674524726
1535;11,018;0,550440816417913
1536;11,022;0,556393352846992
1537;11,026;0,508684217587062
1538;11,031;0,48134697192695
1539;11,035;0,458478570780011
1540;11,039;0,440061245380787
1541;11,043;0,394715355927029
1542;11,047;0,37204241120015
1543;11,051;0,377524075344541
1544;11,055;0,371678151508222
1545;11,059;0,343958877390721
1546;11,064;0,328446745144196
1547;11,068;0,303668201710315
1548;11,072;0,294179680954709
1549;11,076;0,299776842074589
1550;11,080;0,278392132843555
1551;11,084;0,266655863257267
1552;11,088;0,263795092018217
1553;11,092;0,222384984113835
1554;11,096;0,268050711345872
1555;11,101;0,239807258647303
1556;11,105;0,242134966922555
1557;11,109;0,22385090726428
1558;11,113;0,226098656094962
1559;11,117;0,24901147915555
1560;11,121;0,222527134237515
1561;11,125;0,233295006106236
1562;11,129;0,331156481876836
1563;11,134;0,456923803802267
1564;11,138;0,78899537710029
1565;11,142;1,34381619420408
1566;11,146;2,27318481843787
1567;11,150;3,7093364023545
1568;11,154;5,77131279015283
1569;11,158;8,55510085284743
1570;11,162;11,4730697479127
1571;11,167;14,3808837935177
1572;11,171;16,7004895117197
1573;11,175;18,2485132429721
1574;11,179;18,9856860156084
1575;11,183;18,4310340017765
1576;11,187;17,1255450346695
1577;11,191;15,2132616114884
1578;11,195;12,9379445411954
1579;11,200;10,7619815229715
1580;11,204;8,80173131743135
1581;11,208;7,28248410184132
1582;11,212;6,00009452983225
1583;11,216;4,9938671106015
1584;11,220;4,15274706002449
1585;11,224;3,50969543802939
1586;11,228;3,03535824407638
1587;11,233;2,62359375769054
1588;11,237;2,30158819002557
1589;11,241;2,05947099186848
1590;11,245;1,82035671507411
1591;11,249;1,63966613911202
1592;11,253;1,43499661416174
1593;11,257;1,3147109563807
1594;11,261;1,17130813473628
1595;11,265;1,09124207757381
1596;11,270;0,991852487973655
1597;11,274;0,928018198058833
1598;11,278;0,886803546574511
1599;11,282;0,796102883284265
1600;11,286;0,781621339434417
1601;11,290;0,728572690153776
1602;11,294;0,667634709008924
1603;11,298;0,602805368228346
1604;11,303;0,615892063989589
1605;11,307;0,575983416766571
1606;11,311;0,534191280404801
1607;11,315;0,51771963482344
1608;11,319;0,525608966687652
1609;11,323;0,505930058940772
1610;11,327;0,482253178965407
1611;11,331;0,454711592502505
1612;11,336;0,416135602688983
1613;11,340;0,421688341895213
1614;11,344;0,387723346718544
1615;11,348;0,377959410098309
1616;11,352;0,361621030257898
1617;11,356;0,334665813055174
1618;11,360;0,329441796009953
1619;11,364;0,317669988892745
1620;11,369;0,310908973635239
1621;11,373;0,309594084991204
1622;11,377;0,295778869846103
1623;11,381;0,255372697190207
1624;11,385;0,279129536610142
1625;11,389;0,253418132989614
1626;11,393;0,270200731966524
1627;11,397;0,253871236508843
1628;11,402;0,223468878806891
1629;11,406;0,250104258231336
1630;11,410;0,220057275838584
1631;11,414;0,218395896268079
1632;11,418;0,222180643311046
1633;11,422;0,216254760030157
1634;11,426;0,286903371498865
1635;11,430;0,40569645298127
1636;11,434;0,63799640822175
1637;11,439;1,06307858431981
1638;11,443;1,7825536665581
1639;11,447;2,94885989381741
1640;11,451;4,50599900175076
1641;11,455;6,47740799199979
1642;11,459;8,77709492412115
1643;11,463;10,8983034915802
1644;11,467;12,6869607290738
1645;11,472;14,2431136705241
1646;11,476;14,7406302190196
1647;11,480;14,482867622875
1648;11,484;13,689323441817
1649;11,488;12,2422707202907
1650;11,492;10,7138103998097
1651;11,496;8,99635260551404
1652;11,500;7,54133059267895
1653;11,505;6,24775558281284
1654;11,509;5,13013577291376
1655;11,513;4,26165182352844
1656;11,517;3,58028185881898
1657;11,521;3,04395832655899
1658;11,525;2,51531978536042
1659;11,529;2,20091036492957
1660;11,533;1,87465806231968
1661;11,538;1,68805937184216
1662;11,542;1,46316010741574
1663;11,546;1,29502316425109
1664;11,550;1,18941450673996
1665;11,554;1,09771879258396
1666;11,558;0,983199099194666
1667;11,562;0,913598844888095
1668;11,566;0,836802240570249
1669;11,571;0,773003488186347
1670;11,575;0,699307533441261
1671;11,579;0,692297755467316
1672;11,583;0,633047807041158
1673;11,587;0,592330680989713
1674;11,591;0,540712417328598
1675;11,595;0,517222109390562
1676;11,599;0,506010018385342
1677;11,603;0,454818205095265
1678;11,608;0,430732643514321
1679;11,612;0,406815885205246
1680;11,616;0,409054749653198
1681;11,620;0,384516084553026
1682;11,624;0,345282650417486
1683;11,628;0,357818514449471
1684;11,632;0,352034781292262
1685;11,636;0,298417531516904
1686;11,641;0,296960492749189
1687;11,645;0,281279557230795
1688;11,649;0,253000567001306
1689;11,653;0,254368761941721
1690;11,657;0,245564338656322
1691;11,661;0,234094600551933
1692;11,665;0,22952802782873
1693;11,669;0,220430419913242
1694;11,674;0,210106767181019
1695;11,678;0,210684252058467
1696;11,682;0,208454271993245
1697;11,686;0,205735650877875
1698;11,690;0,185372645660788
1699;11,694;0,181303598370462
1700;11,698;0,172756822184233
1701;11,702;0,183116012447376
1702;11,707;0,156214101541032
1703;11,711;0,148635723072369
1704;11,715;0,146823308995455
1705;11,719;0,171672927491176
1706;11,723;0,142105701765842
1707;11,727;0,162139984821921
1708;11,731;0,148102660108571
1709;11,735;0,13993791237973
1710;11,740;0,174995686632185
1711;11,744;0,150510327828392
1712;11,748;0,187273903565001
1713;11,752;0,142123470531302
1714;11,756;0,161926759636401
1715;11,760;0,130333894648634
1716;11,764;0,129774178536646
1717;11,768;0,126122697234629
1718;11,772;0,150314871408333
1719;11,777;0,146148095907978
1720;11,781;0,126424766247448
1721;11,785;0,146912152822755
1722;11,789;0,231926811165821
1723;11,793;0,341089221768941
1724;11,797;0,586262647585145
1725;11,801;1,06967079630545
1726;11,805;1,93349044475753
1727;11,810;3,29734092201769
1728;11,814;5,50760654196192
1729;11,818;8,51764429525789
1730;11,822;12,6534399530336
1731;11,826;17,5775024685257
1732;11,830;22,9993747171435
1733;11,834;28,3630276057317
1734;11,838;33,8412534940056
1735;11,843;37,6572646797988
1736;11,847;39,5709340666858
1737;11,851;39,5368446901509
1738;11,855;36,4897057545746
1739;11,859;32,7610458197824
1740;11,863;28,9411788118844
1741;11,867;25,497680909576
1742;11,871;22,9863590964441
1743;11,876;21,4722204009238
1744;11,880;21,0538992400832
1745;11,884;20,9232366232736
1746;11,888;20,5538328737442
1747;11,892;19,9494372010072
1748;11,896;18,9878449206118
1749;11,900;17,563740559677
1750;11,904;15,7035285036763
1751;11,909;13,7158610930314
1752;11,913;11,9060057183441
1753;11,917;10,110685193803
1754;11,921;8,52974482453611
1755;11,925;7,24248661079101
1756;11,929;6,14161386233791
1757;11,933;5,28567466136731
1758;11,937;4,61999451655898
1759;11,941;4,07907775842759
1760;11,946;3,59579399106551
1761;11,950;3,24791710089087
1762;11,954;2,95310662876234
1763;11,958;2,67408370474495
1764;11,962;2,41436654439979
1765;11,966;2,23515077597087
1766;11,970;2,04924506734629
1767;11,974;1,90242175835083
1768;11,979;1,75135171441045
1769;11,983;1,65285944746602
1770;11,987;1,54763281841228
1771;11,991;1,43850594534008
1772;11,995;1,3589729511414
1773;11,999;1,2650827944511
1774;12,003;1,2381631147793
1775;12,007;1,18163178746851
1776;12,012;1,10075725147761
1777;12,016;1,03890417891157
1778;12,020;0,986237558088315
1779;12,024;0,932451505041088
1780;12,028;0,89815778770341
1781;12,032;0,857111939490957
1782;12,036;0,830121184757313
1783;12,040;0,813507389052273
1784;12,045;0,764110221073649
1785;12,049;0,742805471287185
1786;12,053;0,741908148631459
1787;12,057;0,67150829987919
1788;12,061;0,692670899541974
1789;12,065;0,710315283643691
1790;12,069;0,644020019712668
1791;12,073;0,642802859278663
1792;12,078;0,6213204218376
1793;12,082;0,662463998260083
1794;12,086;0,660882578134148
1795;12,090;0,689117146449987
1796;12,094;0,751849772906293
1797;12,098;0,92617913083373
1798;12,102;1,22112286870322
1799;12,106;1,74440412711562
1800;12,110;2,56572088858753
1801;12,115;3,78384083592802
1802;12,119;5,37222631792266
1803;12,123;7,280520653258
1804;12,127;9,37285497684463
1805;12,131;11,1959125442687
1806;12,135;12,7113572440503
1807;12,139;13,6304999437619
1808;12,143;13,6195899217695
1809;12,148;12,9061295666394
1810;12,152;11,758018555211
1811;12,156;10,5338394588487
1812;12,160;9,18719803093649
1813;12,164;8,06771250066411
1814;12,168;7,29533980365159
1815;12,172;7,18383191600776
1816;12,176;7,43131528133375
1817;12,181;8,58042134362785
1818;12,185;10,3925155827631
1819;12,189;13,1038692730603
1820;12,193;16,3091057993164
1821;12,197;19,6049186075045
1822;12,201;22,946254992801
1823;12,205;25,8690214545405
1824;12,209;28,1337483406194
1825;12,214;28,9740776811335
1826;12,218;28,8075399268602
1827;12,222;27,3548012003867
1828;12,226;25,0746599102713
1829;12,230;22,1645448095393
1830;12,234;19,137440157019
1831;12,238;16,0546481935473
1832;12,242;13,476515822286
1833;12,247;11,199324147237
1834;12,251;9,33502527518043
1835;12,255;7,84695335858986
1836;12,259;6,79937802213384
1837;12,263;5,85711815855887
1838;12,267;5,13272112828818
1839;12,271;4,56661714511733
1840;12,275;4,11335370699981
1841;12,279;3,67676625526644
1842;12,284;3,36773188638722
1843;12,288;3,03755268661068
1844;12,292;2,79149970690421
1845;12,296;2,52645191692107
1846;12,300;2,35294880658752
1847;12,304;2,16900654654626
1848;12,308;2,01904705044712
1849;12,312;1,82157387550812
1850;12,317;1,75054323558202
1851;12,321;1,61895664296846
1852;12,325;1,50615163544606
1853;12,329;1,41594849758869
1854;12,333;1,34172836426253
1855;12,337;1,24176128978493
1856;12,341;1,20435803849177
1857;12,345;1,15936752434721
1858;12,350;1,09445822412206
1859;12,354;1,04443914935234
1860;12,358;1,00661833207086
1861;12,362;0,938661688569335
1862;12,366;0,946444407840788
1863;12,370;0,899072879124597
1864;12,374;0,832013558278797
1865;12,378;0,819486578629541
1866;12,383;0,806462073547408
1867;12,387;0,768339187253114
1868;12,391;0,732659506209562
1869;12,395;0,729043562438465
1870;12,399;0,697432928685238
1871;12,403;0,64904858033783
1872;12,407;0,638280708469109
1873;12,411;0,636725941491364
1874;12,416;0,572447432440044
1875;12,420;0,584983296472029
1876;12,424;0,589825285059862
1877;12,428;0,561128728842065
1878;12,432;0,567605443852211
1879;12,436;0,572669542008293
1880;12,440;0,606385774468523
1881;12,444;0,74985967117478
1882;12,448;0,99067086507057
1883;12,453;1,44193531707385
1884;12,457;2,24263142622951
1885;12,461;3,49855442208601
1886;12,465;5,30877405646523
1887;12,469;7,68427142642141
1888;12,473;10,4252101112094
1889;12,477;13,5214796832824
1890;12,481;16,3122597551855
1891;12,486;18,159713837586
1892;12,490;19,1761494125735
1893;12,494;18,9850196869037
1894;12,498;17,6823914910357
1895;12,502;15,7280849375419
1896;12,506;13,4273851857893
1897;12,510;11,4132067770782
1898;12,514;9,53876193994406
1899;12,519;7,99744591765279
1900;12,523;6,75769249836483
1901;12,527;5,73206158725183
1902;12,531;4,93214730377641
1903;12,535;4,20004751367884
1904;12,539;3,75788066959105
1905;12,543;3,35294827352456
1906;12,547;3,00224614964179
1907;12,552;2,73620330879289
1908;12,556;2,48480193068298
1909;12,560;2,27495281060113
1910;12,564;2,0903975281515
1911;12,568;1,92448168066934
1912;12,572;1,76773451616451
1913;12,576;1,68552732276412
1914;12,580;1,55441160243524
1915;12,585;1,464928099579
1916;12,589;1,42507275865237
1917;12,593;1,30603091445352
1918;12,597;1,26560697303217
1919;12,601;1,21307361794986
1920;12,605;1,15335279723902
1921;12,609;1,12489611935493
1922;12,613;1,1058835403128
1923;12,617;1,06514864549589
1924;12,622;1,02901586093311
1925;12,626;0,99063532753965
1926;12,630;0,985331351049859
1927;12,634;0,945236131789512
1928;12,638;0,918405295945008
1929;12,642;0,860532426841995
1930;12,646;0,829517046731675
1931;12,650;0,789528440064088
1932;12,655;0,759010585386647
1933;12,659;0,719617232361968
1934;12,663;0,672583310189516
1935;12,667;0,655161035656049
1936;12,671;0,642438599586734
1937;12,675;0,62111608103481
1938;12,679;0,592526137409772
1939;12,683;0,595688977661641
1940;12,688;0,570288527436662
1941;12,692;0,563225443166337
1942;12,696;0,562727917733459
1943;12,700;0,537647305286759
1944;12,704;0,512468964630029
1945;12,708;0,529944545459876
1946;12,712;0,507626976042196
1947;12,716;0,510416672219406
1948;12,721;0,527030467924447
1949;12,725;0,494789042997392
1950;12,729;0,499790950474364
1951;12,733;0,499177928065996
1952;12,737;0,594045366856597
1953;12,741;0,683413372737348
1954;12,745;0,903506186106851
1955;12,749;1,37918492185208
1956;12,754;2,11499838393078
1957;12,758;3,33158133305898
1958;12,762;4,97833720958952
1959;12,766;7,00878292307919
1960;12,770;9,18066800962996
1961;12,774;11,3682340316991
1962;12,778;13,3278978679791
1963;12,782;14,6830594189294
1964;12,786;15,0009426330077
1965;12,791;14,5482033734712
1966;12,795;13,6032693106945
1967;12,799;12,0516118669055
1968;12,803;10,511424161221
1969;12,807;8,93300695664936
1970;12,811;7,57218605390013
1971;12,815;6,39501422656207
1972;12,819;5,4167370753998
1973;12,824;4,59980031461376
1974;12,828;3,96759652393195
1975;12,832;3,46607311882524
1976;12,836;3,07430737796456
1977;12,840;2,70431725917504
1978;12,844;2,4684724352253
1979;12,848;2,33833399699672
1980;12,852;2,26413163243603
1981;12,857;2,3873313677525
1982;12,861;2,68574001488667
1983;12,865;3,23467048624049
1984;12,869;4,13017184350764
1985;12,873;5,21172105952305
1986;12,877;6,60380610509905
1987;12,881;8,12662484254653
1988;12,885;9,47699771120532
1989;12,890;10,4871520276027
1990;12,894;11,2036863791574
1991;12,898;11,3498522438308
1992;12,902;11,0478098841601
1993;12,906;10,2465895964234
1994;12,910;9,15904342206522
1995;12,914;8,08952366026618
1996;12,918;6,97117533098324
1997;12,923;6,00567392218667
1998;12,927;5,083901445187
1999;12,931;4,33506347802617
2000;12,935;3,70037206017997
2001;12,939;3,19808459815848
2002;12,943;2,77731134768445
2003;12,947;2,48871105908417
2004;12,951;2,22711040960025
2005;12,956;2,01902928168166
2006;12,960;1,77238104833229
2007;12,964;1,61218674332823
2008;12,968;1,4842249788685
2009;12,972;1,35510824465387
2010;12,976;1,28300259441744
2011;12,980;1,1846524775967
2012;12,984;1,14643186309237
2013;12,988;1,03908186656617
2014;12,993;0,981049078574014
2015;12,997;0,954520311742329
2016;13,001;0,873876769702407
2017;13,005;0,833097452971853
2018;13,009;0,833301793774642
2019;13,013;0,797622112731089
2020;13,017;0,738052326526652
2021;13,021;0,710919421669329
2022;13,026;0,672370085003997
2023;13,030;0,655516410965247
2024;13,034;0,633429835498546
2025;13,038;0,616513970780687
2026;13,042;0,628383506107924
2027;13,046;0,585089909064789
2028;13,050;0,578604309671912
2029;13,054;0,558161345010255
2030;13,059;0,533924748922902
2031;13,063;0,515072088769909
2032;13,067;0,518465922972757
2033;13,071;0,529784626570737
2034;13,075;0,507742473017685
2035;13,079;0,499968638128963
2036;13,083;0,512246855061779
2037;13,087;0,52038494964243
2038;13,092;0,553203859446933
2039;13,096;0,642651824772253
2040;13,100;0,827340372962833
2041;13,104;1,17113933146441
2042;13,108;1,67204082978002
2043;13,112;2,55544165776896
2044;13,116;3,8969656812287
2045;13,120;5,76763465570263
2046;13,125;8,46301422585131
2047;13,129;12,0431450501639
2048;13,133;15,9084379069603
2049;13,137;20,4600937515603
2050;13,141;25,4038529435648
2051;13,145;29,7695853107748
2052;13,149;33,4726937608356
2053;13,153;35,2337472211872
2054;13,157;34,8729968604368
2055;13,162;32,778530284995
2056;13,166;29,2271582075793
2057;13,170;25,2843757646122
2058;13,174;21,6037448028582
2059;13,178;17,9853489421277
2060;13,182;15,2069003934538
2061;13,186;12,8401363717212
2062;13,190;10,986552065237
2063;13,195;9,35705854435075
2064;13,199;8,15763133827412
2065;13,203;7,20399058042205
2066;13,207;6,35308882445934
2067;13,211;5,68711549502093
2068;13,215;5,14266275256301
2069;13,219;4,70625298848424
2070;13,223;4,26871490779876
2071;13,228;3,91001683945903
2072;13,232;3,57298778059768
2073;13,236;3,36187707816818
2074;13,240;3,11713898710574
2075;13,244;2,86013156349322
2076;13,248;2,70306456121011
2077;13,252;2,56354421481869
2078;13,256;2,43062496479563
2079;13,261;2,31039261331097
2080;13,265;2,19049786837005
2081;13,269;2,07110064886201
2082;13,273;1,94174403631367
2083;13,277;1,84880450857547
2084;13,281;1,7660109459149
2085;13,285;1,7007906922942
2086;13,289;1,60687388245571
2087;13,294;1,50142514383371
2088;13,298;1,45638132339278
2089;13,302;1,39892602027807
2090;13,306;1,35294045526775
2091;13,310;1,32898815942776
2092;13,314;1,24599914034713
2093;13,318;1,20787625405283
2094;13,322;1,16926472670839
2095;13,326;1,12634427373991
2096;13,331;1,07776446897245
2097;13,335;1,01631119362926
2098;13,339;1,02443151944445
2099;13,343;0,978721370298762
2100;13,347;0,96817560799829
2101;13,351;0,94850558463414
2102;13,355;0,906811176482399
2103;13,359;0,873192672232199
2104;13,364;0,855423906772263
2105;13,368;0,850848449666329
2106;13,372;0,830609825807462
2107;13,376;0,788684423704741
2108;13,380;0,779275862393705
2109;13,384;0,790372456423435
2110;13,388;0,749548717779231
2111;13,392;0,709933255186303
2112;13,397;0,706494999069805
2113;13,401;0,685900999901739
2114;13,405;0,684968139715092
2115;13,409;0,681361080326725
2116;13,413;0,662899333013851
2117;13,417;0,671295074693671
2118;13,421;0,618166465968461
2119;13,425;0,611094497315406
2120;13,430;0,629751701048339
2121;13,434;0,610934578426267
2122;13,438;0,6155100355322
2123;13,442;0,599109465012679
2124;13,446;0,603214049833924
2125;13,450;0,569018060706276
2126;13,454;0,564620291254942
2127;13,458;0,563536396561886
2128;13,463;0,59041165432004
2129;13,467;0,560871081742896
2130;13,471;0,527074889838096
2131;13,475;0,538109293188717
2132;13,479;0,586538063449774
2133;13,483;0,653277546517295
2134;13,487;0,757802309335372
2135;13,491;0,940953859313667
2136;13,495;1,27248348526516
2137;13,500;1,83690832010005
2138;13,504;2,61345667699565
2139;13,508;3,69742244511362
2140;13,512;5,25028816495385
2141;13,516;7,03032755119937
2142;13,520;9,09626637369526
2143;13,524;11,2658237519708
2144;13,528;13,2344163928944
2145;13,533;14,6638780366154
2146;13,537;15,4555298441519
2147;13,541;15,363043419933
2148;13,545;14,723474475968
2149;13,549;13,6680453451787
2150;13,553;12,1960541613294
2151;13,557;10,7100078840012
2152;13,561;9,37479177227977
2153;13,566;8,13455859632439
2154;13,570;6,99236458379421
2155;13,574;6,14875690605281
2156;13,578;5,38979074257981
2157;13,582;4,738405569584
2158;13,586;4,27185109490244
2159;13,590;3,82523317506694
2160;13,594;3,44873968811907
2161;13,599;3,14061152627832
2162;13,603;2,85449886484242
2163;13,607;2,65428930002258
2164;13,611;2,42845717540952
2165;13,615;2,26095990780143
2166;13,619;2,12000917579048
2167;13,623;1,94985547774613
2168;13,627;1,86955842663268
2169;13,632;1,7790265666143
2170;13,636;1,66941105249195
2171;13,640;1,57483679833144
2172;13,644;1,51948709392374
2173;13,648;1,4287597774853
2174;13,652;1,34179943932437
2175;13,656;1,27617938848083
2176;13,660;1,24757167609033
2177;13,664;1,20958205553699
2178;13,669;1,15520963322958
2179;13,673;1,0756144483518
2180;13,677;1,09563096264241
2181;13,681;1,02034470338866
2182;13,685;0,99066198068784
2183;13,689;0,94006542104067
2184;13,693;0,915899900015157
2185;13,697;0,897606955974152
2186;13,702;0,857307395911016
2187;13,706;0,85059080256716
2188;13,710;0,814511324300759
2189;13,714;0,782616390300173
2190;13,718;0,743045349620895
2191;13,722;0,758148800261841
2192;13,726;0,721456299587072
2193;13,730;0,707783234565651
2194;13,735;0,670930815001742
2195;13,739;0,646170040333321
2196;13,743;0,660047446157531
2197;13,747;0,630355839073977
2198;13,751;0,605159729651787
2199;13,755;0,609726302374991
2200;13,759;0,594871614450484
2201;13,763;0,578266703128173
2202;13,768;0,564025037612034
2203;13,772;0,574339805961527
2204;13,776;0,550289781911503
2205;13,780;0,545820937398329
2206;13,784;0,541165520847826
2207;13,788;0,533293957749074
2208;13,792;0,510123487589317
2209;13,796;0,482190988286297
2210;13,801;0,51763079099614
2211;13,805;0,529980082990796
2212;13,809;0,498476061830329
2213;13,813;0,48973382922404
2214;13,817;0,474017356174726
2215;13,821;0,475367782349681
2216;13,825;0,442735444582508
2217;13,829;0,45610644059111
2218;13,833;0,472080560739593
2219;13,838;0,434641771915507
2220;13,842;0,461357110784521
2221;13,846;0,468997679932294
2222;13,850;0,440052360998057
2223;13,854;0,455173580404463
2224;13,858;0,448812362369806
2225;13,862;0,460673013314314
2226;13,866;0,468837761043154
2227;13,871;0,469077639376864
2228;13,875;0,475207863460542
2229;13,879;0,447355323602091
2230;13,883;0,462165589612948
2231;13,887;0,473430986914548
2232;13,891;0,476611595931877
2233;13,895;0,448066074220489
2234;13,899;0,454089685711407
2235;13,904;0,456808306826777
2236;13,908;0,447968346010459
2237;13,912;0,400792273714328
2238;13,916;0,40020590445415
2239;13,920;0,413079375029874
2240;13,924;0,378616854420327
2241;13,928;0,384569390849406
2242;13,932;0,380926793930119
2243;13,937;0,359773078650064
2244;13,941;0,363300178593862
2245;13,945;0,356716850990955
2246;13,949;0,334479241017845
2247;13,953;0,339880945717665
2248;13,957;0,328322363785977
2249;13,961;0,339774333124906
2250;13,965;0,344945043873747
2251;13,970;0,307639520790611
2252;13,974;0,336016239230129
2253;13,978;0,354842246234932
2254;13,982;0,401165417788986
2255;13,986;0,437218242907197
2256;13,990;0,502722796775253
2257;13,994;0,55113379827085
2258;13,998;0,624367765113979
2259;14,002;0,719332932114609
2260;14,007;0,796769211989013
2261;14,011;0,92070635107207
2262;14,015;0,965057189660071
2263;14,019;1,03158344754207
2264;14,023;1,03527046637501
2265;14,027;1,05990685968521
2266;14,031;1,0253643796311
2267;14,035;0,929333086702869
2268;14,040;0,894524075166853
2269;14,044;0,871380258155286
2270;14,048;0,75832648791644
2271;14,052;0,722691228786537
2272;14,056;0,656093895842695
2273;14,060;0,577413802386096
2274;14,064;0,55687310951441
2275;14,068;0,494771274231932
2276;14,073;0,479472367170926
2277;14,077;0,455013661515324
2278;14,081;0,4337799867907
2279;14,085;0,392894057467386
2280;14,089;0,413719050586431
2281;14,093;0,391117180921392
2282;14,097;0,380224927694451
2283;14,101;0,366160949832911
2284;14,106;0,344882853194637
2285;14,110;0,362322896493565
2286;14,114;0,337766462627933
2287;14,118;0,377426347134511
2288;14,122;0,31902929945043
2289;14,126;0,329024230021644
2290;14,130;0,342457416709356
2291;14,134;0,341817741152798
2292;14,139;0,286734568226995
2293;14,143;0,315848690433101
2294;14,147;0,324146703902892
2295;14,151;0,288600288600289
2296;14,155;0,311077776907108
2297;14,159;0,277841301114297
2298;14,163;0,288413716562959
2299;14,167;0,282292376862011
2300;14,171;0,302904144795537
2301;14,176;0,264070507882846
2302;14,180;0,26574077183608
2303;14,184;0,269569940792697
2304;14,188;0,269241218631688
2305;14,192;0,267526532764804
2306;14,196;0,252645191692107
2307;14,200;0,255195009535608
2308;14,204;0,27983140284581
2309;14,209;0,258713225096675
2310;14,213;0,248025312672524
2311;14,217;0,226151962391342
2312;14,221;0,256163407253174
2313;14,225;0,247607746684215
2314;14,229;0,255532616079347
2315;14,233;0,25472413725092
2316;14,237;0,252156550641959
2317;14,242;0,252307585148368
2318;14,246;0,262409128312342
2319;14,250;0,259557241456022
2320;14,254;0,220723604543331
2321;14,258;0,258091318305578
2322;14,262;0,238723363954247
2323;14,266;0,250246408355016
2324;14,270;0,280426656488718
2325;14,275;0,228968311716742
2326;14,279;0,238892167226116
2327;14,283;0,260827708186408
2328;14,287;0,241051072229499
2329;14,291;0,237364053396562
2330;14,295;0,214620033607843
2331;14,299;0,244533750259646
2332;14,303;0,243671965134839
2333;14,308;0,235453911109619
2334;14,312;0,245057928840714
2335;14,316;0,236235736789856
2336;14,320;0,228835045975792
2337;14,324;0,230061090792528
2338;14,328;0,218697965280898
2339;14,332;0,207228227176509
2340;14,336;0,228479670666593
2341;14,340;0,218546930774489
2342;14,345;0,219666362998465
2343;14,349;0,221505430223568
2344;14,353;0,233836953452764
2345;14,357;0,224144091894369
2346;14,361;0,225858777761253
2347;14,365;0,207476989892949
2348;14,369;0,2266139502933
2349;14,373;0,219106646886477
2350;14,378;0,217898370835201
2351;14,382;0,208818531685174
2352;14,386;0,207245995941969
2353;14,390;0,214593380459653
2354;14,394;0,204625103036629
2355;14,398;0,20708607705283
2356;14,402;0,208045590387666
2357;14,406;0,213944820520365
2358;14,411;0,200209564819834
2359;14,415;0,192160314066483
2360;14,419;0,203594514639952
2361;14,423;0,19858372278025
2362;14,427;0,208774109771524
2363;14,431;0,225068067698286
2364;14,435;0,220234963493183
2365;14,439;0,22387756041247
2366;14,444;0,206641857916331
2367;14,448;0,206233176310753
2368;14,452;0,202350701057757
2369;14,456;0,191867129436394
2370;14,460;0,226267459366831
2371;14,464;0,214229120767724
2372;14,468;0,229830096841549
2373;14,472;0,227866648258226
2374;14,477;0,216992163796745
2375;14,481;0,201257921981971
2376;14,485;0,1847240857215
2377;14,489;0,20983135131639
2378;14,493;0,208916259895203
2379;14,497;0,205158166000427
2380;14,501;0,192071470239184
2381;14,505;0,194319219069866
2382;14,509;0,197784128334553
2383;14,514;0,183649075411174
2384;14,518;0,164130086553433
2385;14,522;0,178185180032243
2386;14,526;0,17061568594631
2387;14,530;0,184066641399482
2388;14,534;0,189068548876454
2389;14,538;0,17911804021889
2390;14,542;0,191191916348917
2391;14,547;0,187096215910401
2392;14,551;0,195252079256512
2393;14,555;0,188197879368917
2394;14,559;0,185443720722627
2395;14,563;0,176532684844469
2396;14,567;0,179251305959839
2397;14,571;0,197908509692773
2398;14,575;0,197490943704464
2399;14,580;0,199338895312298
2400;14,584;0,200040761547965
2401;14,588;0,184972848437939
2402;14,592;0,201702141118469
2403;14,596;0,205682344581495
2404;14,600;0,193519624624168
2405;14,604;0,193750618575148
2406;14,608;0,185052807882509
2407;14,613;0,174089479593728
2408;14,617;0,201968672600368
2409;14,621;0,204971593963097
2410;14,625;0,212043562616152
2411;14,629;0,222944700225823
2412;14,633;0,288564751069369
2413;14,637;0,379691864730653
2414;14,641;0,550112094256904
2415;14,646;0,745977195921784
2416;14,650;1,026848071547
2417;14,654;1,49390895604416
2418;14,658;2,05733874001329
2419;14,662;2,76736972340962
2420;14,666;3,5292055425044
2421;14,670;4,37713103025257
2422;14,674;5,17834243360656
2423;14,678;5,76513814415551
2424;14,683;6,3329745819587
2425;14,687;6,61603101573549
2426;14,691;6,68152668522081
2427;14,695;6,60035008021709
2428;14,699;6,26235262363818
2429;14,703;5,86639345412895
2430;14,707;5,36134294907845
2431;14,711;4,93218284130733
2432;14,716;4,40061245380787
2433;14,720;3,93231664011125
2434;14,724;3,51506160519829
2435;14,728;3,1331664135506
2436;14,732;2,7807940257146
2437;14,736;2,52347564870653
2438;14,740;2,21213134031752
2439;14,744;2,00450331591817
2440;14,749;1,86723960274016
2441;14,753;1,68702878344548
2442;14,757;1,51187317792416
2443;14,761;1,39734460015214
2444;14,765;1,29770624783554
2445;14,769;1,18386176753373
2446;14,773;1,11629603687232
2447;14,777;1,06617923389257
2448;14,782;0,95140189340411
2449;14,786;0,927351869354086
2450;14,790;0,874623057851724
2451;14,794;0,845837657806627
2452;14,798;0,785015173637264
2453;14,802;0,762528800947715
2454;14,806;0,711194837533958
2455;14,810;0,654574666395871
2456;14,815;0,652140345527859
2457;14,819;0,647858073052015
2458;14,823;0,594658389264965
2459;14,827;0,587248814068171
2460;14,831;0,545172377459042
2461;14,835;0,542160571713582
2462;14,839;0,517053306118692
2463;14,843;0,500021944425343
2464;14,847;0,464111269430811
2465;14,852;0,489947054409559
2466;14,856;0,446946641996513
2467;14,860;0,443570576559125
2468;14,864;0,458691795965531
2469;14,868;0,45605313429473
2470;14,872;0,396110204015634
2471;14,876;0,410040916136225
2472;14,880;0,407988623725602
2473;14,885;0,400365823343289
2474;14,889;0,392591988454567
2475;14,893;0,386852677211007
2476;14,897;0,351794902958553
2477;14,901;0,374512269599082
2478;14,905;0,346206626221403
2479;14,909;0,37223786762021
2480;14,913;0,353411860615407
2481;14,918;0,345717985171254
2482;14,922;0,345255997269296
2483;14,926;0,326198996313514
2484;14,930;0,336140620588349
2485;14,934;0,336691452317607
2486;14,938;0,336975752564966
2487;14,942;0,320895019823723
2488;14,946;0,303801467451264
2489;14,951;0,29372657743548
2490;14,955;0,263270913437149
2491;14,959;0,294455096819338
2492;14,963;0,304778749551561
2493;14,967;0,303179560660166
2494;14,971;0,282789902294889
2495;14,975;0,265554199798751
2496;14,979;0,276686331359401
2497;14,984;0,270627182337563
2498;14,988;0,272643937217266
2499;14,992;0,270955904498572
2500;14,996;0,277983451237977
2501;15,000;0,250983812121603
2502;15,004;0,249624501563918
2503;15,008;0,242028354329795
2504;15,012;0,243965149764928
2505;15,016;0,261671724545755
2506;15,021;0,250122026996796
2507;15,025;0,217267579661374
2508;15,029;0,23789711636036
2509;15,033;0,236297927468966
2510;15,037;0,248585028784512
2511;15,041;0,243769693344869
2512;15,045;0,214699993052413
2513;15,049;0,230691881966356
2514;15,054;0,215801656510929
2515;15,058;0,23219334264772
2516;15,062;0,221629811581788
2517;15,066;0,219577519171165
2518;15,070;0,208045590387666
2519;15,074;0,21824486176167
2520;15,078;0,217925023983391
2521;15,082;0,203363520688973
2522;15,087;0,22378871658517
2523;15,091;0,228648473938463
2524;15,095;0,196211592591349
2525;15,099;0,213962589285825
2526;15,103;0,221416586396269
2527;15,107;0,239887218091873
2528;15,111;0,225210217821965
2529;15,115;0,218644658984519
2530;15,120;0,204891634518528
2531;15,124;0,205442466247786
2532;15,128;0,211652649776034
2533;15,132;0,212301209715321
2534;15,136;0,215126443423451
2535;15,140;0,206384210817162
2536;15,144;0,202199666551347
2537;15,148;0,194567981786305
2538;15,153;0,194745669440904
2539;15,157;0,205220356679537
2540;15,161;0,225681090106653
2541;15,165;0,222589324916625
2542;15,169;0,202599463774196
2543;15,173;0,214699993052413
2544;15,177;0,188650982888146
2545;15,181;0,221860805532767
2546;15,185;0,2127098913209
2547;15,190;0,179313496638949
2548;15,194;0,211323927615025
2549;15,198;0,19573183592393
2550;15,202;0,194603519317225
2551;15,206;0,201675487970279
2552;15,210;0,19584733289942
2553;15,214;0,1986281446939
2554;15,218;0,185683599056336
2555;15,223;0,194532444255385
2556;15,227;0,206730701743631
2557;15,231;0,192728914561201
2558;15,235;0,220137235283153
2559;15,239;0,165809234889397
2560;15,243;0,193981612526127
2561;15,247;0,189352849123813
2562;15,251;0,188864208073665
2563;15,256;0,16499187167824
2564;15,260;0,185283801833488
2565;15,264;0,180175281763756
2566;15,268;0,1848129295488
2567;15,272;0,180495119542035
2568;15,276;0,167577227052661
2569;15,280;0,164467693097172
2570;15,284;0,161500309265363
2571;15,289;0,180033131640077
2572;15,293;0,178371752069573
2573;15,297;0,177101285339187
2574;15,301;0,179420109231709
2575;15,305;0,168554509152958
2576;15,309;0,175208911817704
2577;15,313;0,209618126130871
2578;15,317;0,169327450450465
2579;15,322;0,178122989353133
2580;15,326;0,182600718249037
2581;15,330;0,192249157893783
2582;15,334;0,197695284507253
2583;15,338;0,206810661188201
2584;15,342;0,181419095345952
2585;15,346;0,181081488802213
2586;15,350;0,172499175085064
2587;15,354;0,183613537880254
2588;15,359;0,185345992512598
2589;15,363;0,183080474916456
2590;15,367;0,189894796470341
2591;15,371;0,188535485912656
2592;15,375;0,191822707522744
2593;15,379;0,197793012717283
2594;15,383;0,182058770902509
2595;15,387;0,175013455397645
2596;15,392;0,176692603733609
2597;15,396;0,206855083101851
2598;15,400;0,199889727041556
2599;15,404;0,18176558627242
2600;15,408;0,16794148674459
2601;15,412;0,171024367551889
2602;15,416;0,175386599472303
2603;15,420;0,175368830706843
2604;15,425;0,182796174669097
2605;15,429;0,178425058365952
2606;15,433;0,173982867000968
2607;15,437;0,179873212750937
2608;15,441;0,175972968732481
2609;15,445;0,199214513954078
2610;15,449;0,19025017177954
2611;15,453;0,205664575816035
2612;15,458;0,175528749595983
2613;15,462;0,172205990454975
2614;15,466;0,161331505993493
2615;15,470;0,174116132741918
2616;15,474;0,175644246571472
2617;15,478;0,176488262930819
2618;15,482;0,168581162301148
2619;15,486;0,161402581055333
2620;15,491;0,172410331257764
2621;15,495;0,177119054104647
2622;15,499;0,19295990851218
2623;15,503;0,171290899033788
2624;15,507;0,199916380189746
2625;15,511;0,167666070879961
2626;15,515;0,164147855318893
2627;15,519;0,187940232269748
2628;15,523;0,166191263346786
2629;15,528;0,166155725815866
2630;15,532;0,1511055814713
2631;15,536;0,181463517259601
2632;15,540;0,161287084079844
2633;15,544;0,162557550810229
2634;15,548;0,173174388172541
2635;15,552;0,142514383371421
2636;15,556;0,161669112537232
2637;15,561;0,169167531561325
2638;15,565;0,183844531831233
2639;15,569;0,178878161885181
2640;15,573;0,151576453755988
2641;15,577;0,167657186497231
2642;15,581;0,175875240522451
2643;15,585;0,160922824387915
2644;15,589;0,146103673994328
2645;15,594;0,154170693513139
2646;15,598;0,168732196807557
2647;15,602;0,133665538172372
2648;15,606;0,14271872417421
2649;15,610;0,142194545593142
2650;15,614;0,152544851473555
2651;15,618;0,168980959523996
2652;15,622;0,13710379428887
2653;15,627;0,144380103744714
2654;15,631;0,172730169036043
2655;15,635;0,185932361772776
2656;15,639;0,193448549562329
2657;15,643;0,161482540499903
2658;15,647;0,183275931336515
2659;15,651;0,167683839645421
2660;15,655;0,163632561120555
2661;15,660;0,164680918282691
2662;15,664;0,151327691039549
2663;15,668;0,154783715921507
2664;15,672;0,154588259501448
2665;15,676;0,158790572532723
2666;15,680;0,170313616933491
2667;15,684;0,172845666011532
2668;15,688;0,186580921712063
2669;15,692;0,153673168080261
2670;15,697;0,191236338262567
2671;15,701;0,15669385820845
2672;15,705;0,180184166146486
2673;15,709;0,141092882134626
2674;15,713;0,149923958568214
2675;15,717;0,180930454295803
2676;15,721;0,172508059467793
2677;15,725;0,174578120643876
2678;15,730;0,187273903565001
2679;15,734;0,182316418001678
2680;15,738;0,186421002822924
2681;15,742;0,160185420621328
2682;15,746;0,169087572116756
2683;15,750;0,187789197763339
2684;15,754;0,197544250000844
2685;15,758;0,191147494435267
2686;15,763;0,196069442467669
2687;15,767;0,186127818192835
2688;15,771;0,186341043378354
2689;15,775;0,197188874691645
2690;15,779;0,191405141534436
2691;15,783;0,202768267046065
2692;15,787;0,220830217136091
2693;15,791;0,182973862323696
2694;15,796;0,19036566875503
2695;15,800;0,18469743257331
2696;15,804;0,197028955802506
2697;15,808;0,165747044210288
2698;15,812;0,189024126962804
2699;15,816;0,183826763065773
2700;15,820;0,192826642771231
2701;15,824;0,166777632606964
2702;15,829;0,189690455667552
2703;15,833;0,194754553823634
2704;15,837;0,188464410850816
2705;15,841;0,16779045223818
2706;15,845;0,174462623668386
2707;15,849;0,163170573218597
2708;15,853;0,166875360816994
2709;15,857;0,175093414842214
2710;15,861;0,165444975197469
2711;15,866;0,163490410996876
2712;15,870;0,149568583259015
2713;15,874;0,164894143468211
2714;15,878;0,166191263346786
2715;15,882;0,165444975197469
2716;15,886;0,172392562492304
2717;15,890;0,163463757848686
2718;15,894;0,151434303632309
2719;15,899;0,157102539814029
2720;15,903;0,150741321779371
2721;15,907;0,125127646368873
2722;15,911;0,13434963564258
2723;15,915;0,132670487306616
2724;15,919;0,159821160929399
2725;15,923;0,143651584360857
2726;15,927;0,152491545177175
2727;15,932;0,165747044210288
2728;15,936;0,146681158871776
2729;15,940;0,152793614189994
2730;15,944;0,147605134675692
2731;15,948;0,153726474376641
2732;15,952;0,15118554091587
2733;15,956;0,154055196537649
2734;15,960;0,174196092186487
2735;15,965;0,139209392995872
2736;15,969;0,13163989890994
2737;15,973;0,159696779571179
2738;15,977;0,148600185541449
2739;15,981;0,135291380211956
2740;15,985;0,154081849685839
2741;15,989;0,114475271475641
2742;15,993;0,140577587936288
2743;15,998;0,146308014797117
2744;16,002;0,152091747954326
2745;16,006;0,1511944252986
2746;16,010;0,139511462008691
2747;16,014;0,148875601406078
2748;16,018;0,143562740533557
2749;16,022;0,136544078176882
2750;16,026;0,14003564058976
2751;16,030;0,121707159017835
2752;16,035;0,140426553429878
2753;16,039;0,138933977131243
2754;16,043;0,122959856982761
2755;16,047;0,134767201630888
2756;16,051;0,131959736688218
2757;16,055;0,108460544367452
2758;16,059;0,148022700664001
2759;16,063;0,145144160659491
2760;16,068;0,116740789071783
2761;16,072;0,122871013155461
2762;16,076;0,136277546694983
2763;16,080;0,149195439184357
2764;16,084;0,121076367844007
2765;16,088;0,118082330864008
2766;16,092;0,109748779863298
2767;16,096;0,147596250292963
2768;16,101;0,136544078176882
2769;16,105;0,126922291680326
2770;16,109;0,127846267484243
2771;16,113;0,121245171115877
2772;16,117;0,138436451698365
2773;16,121;0,133807688296052
2774;16,125;0,11469738104389
2775;16,129;0,139733571576941
2776;16,134;0,167026395323403
2777;16,138;0,15098120011308
2778;16,142;0,15122107844679
2779;16,146;0,159279213582871
2780;16,150;0,132226268170117
2781;16,154;0,167248504891652
2782;16,158;0,15677381765302
2783;16,162;0,152198360547086
2784;16,167;0,155769882404533
2785;16,171;0,166057997605837
2786;16,175;0,161598037475392
2787;16,179;0,1651873280983
2788;16,183;0,133789919530592
2789;16,187;0,138223226512846
2790;16,191;0,149888421037294
2791;16,195;0,160958361918835
2792;16,199;0,149026635912487
2793;16,204;0,112094256904009
2794;16,208;0,152935764313673
2795;16,212;0,155743229256343
2796;16,216;0,145028663684002
2797;16,220;0,132945903171245
2798;16,224;0,158221972038005
2799;16,228;0,134900467371838
2800;16,232;0,157831059197886
2801;16,237;0,139609190218721
2802;16,241;0,177438891882926
2803;16,245;0,138658561266614
2804;16,249;0,148706798134209
2805;16,253;0,148093775725841
2806;16,257;0,154357265550468
2807;16,261;0,128015070756112
2808;16,265;0,160549680313256
2809;16,270;0,154721525242397
2810;16,274;0,151443188015039
2811;16,278;0,130751460636943
2812;16,282;0,147498522082933
2813;16,286;0,136259777929523
2814;16,290;0,135771136879375
2815;16,294;0,146814424612725
2816;16,298;0,146903268440025
2817;16,303;0,145064201214922
2818;16,307;0,152562620239015
2819;16,311;0,118793081482405
2820;16,315;0,124434664515935
2821;16,319;0,130493813537774
2822;16,323;0,1231197758719
2823;16,327;0,120516651732019
2824;16,331;0,141545985653854
2825;16,336;0,131169026625251
2826;16,340;0,138400914167445
2827;16,344;0,117824683764839
2828;16,348;0,146681158871776
2829;16,352;0,146814424612725
2830;16,356;0,116847401664542
2831;16,360;0,125003265010653
2832;16,364;0,149630773938125
2833;16,368;0,15666720506026
2834;16,373;0,11180107227392
2835;16,377;0,148129313256761
2836;16,381;0,135202536384657
2837;16,385;0,153379983450172
2838;16,389;0,115532513020507
2839;16,393;0,140053409355219
2840;16,397;0,12874359013997
2841;16,401;0,118215596604958
2842;16,406;0,116927361109112
2843;16,410;0,144113572262815
2844;16,414;0,120045779447331
2845;16,418;0,134616167124479
2846;16,422;0,141332760468335
2847;16,426;0,135611217990235
2848;16,430;0,127730770508754
2849;16,434;0,114972796908519
2850;16,439;0,151887407151537
2851;16,443;0,116234379256175
2852;16,447;0,0866138472344605
2853;16,451;0,117709186789349
2854;16,455;0,131240101687091
2855;16,459;0,154730409625127
2856;16,463;0,132830406195755
2857;16,467;0,123555110625668
2858;16,472;0,133132475208574
2859;16,476;0,136304199843173
2860;16,480;0,115736853823296
2861;16,484;0,120561073645669
2862;16,488;0,113089307769766
2863;16,492;0,132457262121097
2864;16,496;0,118286671666797
2865;16,500;0,128432636744421
2866;16,505;0,132057464898248
2867;16,509;0,111658922150241
2868;16,513;0,132990325084895
2869;16,517;0,108202897268283
2870;16,521;0,125029918158843
2871;16,525;0,112325250854989
2872;16,529;0,116909592343652
2873;16,533;0,121103020992197
2874;16,537;0,116536448268994
2875;16,542;0,112929388880626
2876;16,546;0,130378316562284
2877;16,550;0,124114826737656
2878;16,554;0,123572879391128
2879;16,558;0,117380464628341
2880;16,562;0,115026103204899
2881;16,566;0,122382372105313
2882;16,570;0,0897944562517891
2883;16,575;0,0870580663709589
2884;16,579;0,130991338970652
2885;16,583;0,129552068968397
2886;16,587;0,136846147189701
2887;16,591;0,11180107227392
2888;16,595;0,115683547526917
2889;16,599;0,110015311345197
2890;16,603;0,123848295255757
2891;16,608;0,12860144001629
2892;16,612;0,114581884068401
2893;16,616;0,125021033776113
2894;16,620;0,149959496099134
2895;16,624;0,11752261475202
2896;16,628;0,136926106634271
2897;16,632;0,123519573094749
2898;16,636;0,146796655847265
2899;16,641;0,130902495143352
2900;16,645;0,141821401518483
2901;16,649;0,134962658050948
2902;16,653;0,140950732010946
2903;16,657;0,127890689397893
2904;16,661;0,115665778761457
2905;16,665;0,136899453486081
2906;16,669;0,114137664931902
2907;16,674;0,115248212773148
2908;16,678;0,121644968338725
2909;16,682;0,13140890495896
2910;16,686;0,136730650214211
2911;16,690;0,1286636306954
2912;16,694;0,143518318619907
2913;16,698;0,109500017146859
2914;16,702;0,140817466269997
2915;16,706;0,147134262391004
2916;16,711;0,112716163695107
2917;16,715;0,106941314920628
2918;16,719;0,132075233663708
2919;16,723;0,13713933181979
2920;16,727;0,108620463256592
2921;16,731;0,127011135507626
2922;16,735;0,128006186373383
2923;16,739;0,123333001057419
2924;16,744;0,10637271442591
2925;16,748;0,11469738104389
2926;16,752;0,113933324129113
2927;16,756;0,121067483461277
2928;16,760;0,134944889285488
2929;16,764;0,136286431077713
2930;16,768;0,15106115955765
2931;16,772;0,149435317518066
2932;16,777;0,13721929126436
2933;16,781;0,157218036789518
2934;16,785;0,137485822746259
2935;16,789;0,161544731179013
