#"+EI TIC Scan 140C_1ml-min_10C-min_2.d "
#Point;X(Minutes);Y(Counts)
0;5,041;6,01898175264969
1;5,045;5,77272215870724
2;5,049;5,4306405447247
3;5,053;5,32350772940981
4;5,058;5,14855010992055
5;5,062;4,95772540306698
6;5,066;4,73368772492945
7;5,070;4,56284675531053
8;5,074;4,44883953438692
9;5,078;4,23944993564237
10;5,082;4,10775710726611
11;5,086;4,01051624188236
12;5,091;3,90815953976654
13;5,095;3,76401684309309
14;5,099;3,67297093625208
15;5,103;3,61893491076962
16;5,107;3,4742926206653
17;5,111;3,33650475243247
18;5,115;3,29823589562814
19;5,119;3,14795819162366
20;5,124;3,0781150299886
21;5,128;3,00079795062778
22;5,132;2,88141510438805
23;5,136;2,8928657858235
24;5,140;2,81634805595207
25;5,144;2,74826346319365
26;5,148;2,58861338642613
27;5,152;2,54648766833551
28;5,157;2,52198760648584
29;5,161;2,47350705995461
30;5,165;2,36191787123639
31;5,169;2,39291264768731
32;5,173;2,35080691333393
33;5,177;2,28052410947971
34;5,181;2,28262240188934
35;5,185;2,2422152852009
36;5,189;2,21343870358302
37;5,194;2,16817553874657
38;5,198;2,12772845458366
39;5,202;2,04313729486944
40;5,206;2,03478409270536
41;5,210;1,9430187713239
42;5,214;2,01122326650572
43;5,218;2,09845227953491
44;5,222;2,43665704849394
45;5,227;3,42065626992753
46;5,231;5,27115033785505
47;5,235;8,36561206490158
48;5,239;12,6865356972496
49;5,243;17,2910085772199
50;5,247;21,0958921629578
51;5,251;24,0727695801157
52;5,255;25,7775622198655
53;5,260;26,0629299875761
54;5,264;25,4238700545496
55;5,268;24,6399480103092
56;5,272;23,7756114074366
57;5,276;23,0060177027935
58;5,280;21,91318704838
59;5,284;21,0917555293502
60;5,288;20,4988180618613
61;5,293;19,4256114374122
62;5,297;18,4864357385959
63;5,301;17,8788901591885
64;5,305;17,1717456334035
65;5,309;16,4065283672148
66;5,313;15,6502038640954
67;5,317;15,1218338516116
68;5,321;14,4655879045633
69;5,326;13,8565635286004
70;5,330;13,4000550352123
71;5,334;12,5869167671349
72;5,338;11,9714376440453
73;5,342;11,7093309464758
74;5,346;11,19672810267
75;5,350;10,6110047643228
76;5,354;10,2487595594705
77;5,358;9,52734664530005
78;5,363;9,02473567011166
79;5,367;8,40082340990902
80;5,371;7,98310335049337
81;5,375;7,42497755326715
82;5,379;6,91816999325949
83;5,383;6,45220919215942
84;5,387;6,01644381802089
85;5,391;5,44368992513892
86;5,396;5,09279548303591
87;5,400;4,77549370322432
88;5,404;4,43604994255675
89;5,408;4,08361675268666
90;5,412;3,74555186988828
91;5,416;3,50149048704165
92;5,420;3,22527527098447
93;5,424;3,05715208962946
94;5,429;2,86291016370877
95;5,433;2,71832782481616
96;5,437;2,62424438991549
97;5,441;2,42184909920307
98;5,445;2,22033309292897
99;5,449;2,13010651931458
100;5,453;2,00165105637033
101;5,457;1,95209138802842
102;5,462;1,8185200883521
103;5,466;1,71328572807449
104;5,470;1,72000026378533
105;5,474;1,60773162800113
106;5,478;1,50249726772353
107;5,482;1,47949598616646
108;5,486;1,44402485257497
109;5,490;1,40072009398751
110;5,495;1,32682023369382
111;5,499;1,33539325696748
112;5,503;1,23679349745177
113;5,507;1,27837965463706
114;5,511;1,24704515465314
115;5,515;1,17964000896071
116;5,519;1,22078652392683
117;5,523;1,12704281255914
118;5,527;1,16207430393146
119;5,532;1,15533978448339
120;5,536;1,14193069679895
121;5,540;1,16237405998998
122;5,544;1,08331839548975
123;5,548;1,09756680013805
124;5,552;1,18281742318102
125;5,556;1,18639451214602
126;5,560;1,47515951518654
127;5,565;2,00494837301404
128;5,569;3,24789686153408
129;5,573;4,98518305802738
130;5,577;7,1986217616104
131;5,581;9,77942150677778
132;5,585;11,9354469332857
133;5,589;13,7719723688862
134;5,593;14,5625489976257
135;5,598;14,8812096715693
136;5,602;14,3974033931187
137;5,606;14,2746632790235
138;5,610;13,5931778718479
139;5,614;13,1732596013364
140;5,618;12,6533227259656
141;5,622;12,0437987565719
142;5,626;11,7587707123943
143;5,631;11,0826409467975
144;5,635;10,6297295261116
145;5,639;10,1691043828532
146;5,643;9,62314868160291
147;5,647;9,00942812738993
148;5,651;8,71095102805337
149;5,655;8,27796339339046
150;5,659;7,81400096601386
151;5,664;7,45413382589249
152;5,668;7,10234011561391
153;5,672;6,73811652077539
154;5,676;6,35766613130235
155;5,680;6,01074845290902
156;5,684;5,74882160897462
157;5,688;5,36237609833118
158;5,692;4,96280127232458
159;5,696;4,56658371417341
160;5,701;4,29984078956545
161;5,705;3,90192461374933
162;5,709;3,6361209247914
163;5,713;3,43152742298318
164;5,717;3,05175648057611
165;5,721;2,8699044717409
166;5,725;2,68795254421951
167;5,729;2,49886642250536
168;5,734;2,29421296948543
169;5,738;2,09987112487857
170;5,742;1,99605560994463
171;5,746;1,79923578192067
172;5,750;1,68366982949276
173;5,754;1,55409527726336
174;5,758;1,4704033857247
175;5,762;1,42927685449581
176;5,767;1,31239197541041
177;5,771;1,24642565879887
178;5,775;1,1855751789194
179;5,779;1,0825989809493
180;5,783;1,09780660498486
181;5,787;1,0453293110067
182;5,791;1,01737206261544
183;5,795;0,978243905110021
184;5,800;0,93162184614161
185;5,804;0,909240060438815
186;5,808;0,888816680985014
187;5,812;0,857022555044705
188;5,816;0,909539816497335
189;5,820;0,865675513267303
190;5,824;0,847949938340179
191;5,828;0,806803423374058
192;5,833;0,815596267757299
193;5,837;0,787059490986235
194;5,841;0,731264896627125
195;5,845;0,778366565289168
196;5,849;0,752507609307546
197;5,853;0,783002792327604
198;5,857;0,746432553188215
199;5,861;0,722691873353465
200;5,865;0,699131047153826
201;5,870;0,779046012355145
202;5,874;0,764557802860032
203;5,878;0,671173798762567
204;5,882;0,730465547137739
205;5,886;0,712420232414861
206;5,890;0,737379920220924
207;5,894;0,698751356146368
208;5,898;0,688199942886479
209;5,903;0,676849180137204
210;5,907;0,707604151741313
211;5,911;0,66411953951874
212;5,915;0,648072598519325
213;5,919;0,700829664818771
214;5,923;0,663120352657008
215;5,927;0,670094676951897
216;5,931;0,664739035373013
217;5,936;0,646493883277789
218;5,940;0,671113847550863
219;5,944;0,664699067898544
220;5,948;0,656006142201476
221;5,952;0,782663068794615
222;5,956;1,05018535915472
223;5,960;1,71024820001483
224;5,964;3,11204741581301
225;5,969;5,76518828976979
226;5,973;9,75719959097287
227;5,977;15,0125028252009
228;5,981;20,8878214908707
229;5,985;25,7777820409751
230;5,989;29,6899183444513
231;5,993;31,9917251340859
232;5,997;32,7843600877606
233;6,002;32,50087079135
234;6,006;31,4007460728459
235;6,010;30,1998433674676
236;6,014;28,9510796114122
237;6,018;27,5303957639273
238;6,022;26,2027561970069
239;6,026;24,7167654962392
240;6,030;23,3717600616618
241;6,034;21,8934431159922
242;6,039;20,4380075494563
243;6,043;19,394756547122
244;6,047;18,0117020768499
245;6,051;16,8218503781623
246;6,055;15,7306184227276
247;6,059;14,6909844768328
248;6,063;13,8189341513876
249;6,067;12,5762254677144
250;6,072;11,6760380402429
251;6,076;10,5772722158707
252;6,080;9,56223825051173
253;6,084;8,56063335657442
254;6,088;7,78526435187045
255;6,092;6,88431754238401
256;6,096;6,01654373670707
257;6,100;5,44780657500926
258;6,105;4,69681772973154
259;6,109;4,20555751729243
260;6,113;3,75584349456412
261;6,117;3,30834766666886
262;6,121;3,01980248473792
263;6,125;2,68349617081619
264;6,129;2,41987070921684
265;6,133;2,17497000940635
266;6,138;1,89168055036811
267;6,142;1,71622333744798
268;6,146;1,58544976098451
269;6,150;1,40339791477695
270;6,154;1,28653301942879
271;6,158;1,16792953894121
272;6,162;1,13020024304221
273;6,166;1,04770737573762
274;6,171;0,955602330823176
275;6,175;0,895471265484149
276;6,179;0,830304298361993
277;6,183;0,836179517108977
278;6,187;0,822670510738361
279;6,191;0,767375509810116
280;6,195;0,698611469985726
281;6,199;0,655306711398264
282;6,203;0,663839767197455
283;6,208;0,639199819187146
284;6,212;0,629747511475162
285;6,216;0,610063530299043
286;6,220;0,572893779042615
287;6,224;0,554768529370798
288;6,228;0,565479812528564
289;6,232;0,546475278418423
290;6,236;0,555328074013368
291;6,241;0,474234068315205
292;6,245;0,491380114862525
293;6,249;0,480928620288809
294;6,253;0,501112194895794
295;6,257;0,490261025577385
296;6,261;0,475293206388641
297;6,265;0,43582532535023
298;6,269;0,443938722667493
299;6,274;0,44551743790903
300;6,278;0,442439942374895
301;6,282;0,41096555623034
302;6,286;0,41949861202953
303;6,290;0,404131118096093
304;6,294;0,396557281684165
305;6,298;0,452611664627326
306;6,302;0,408647442711122
307;6,307;0,39739659864802
308;6,311;0,384567039343382
309;6,315;0,434526382429978
310;6,319;0,367940569964163
311;6,323;0,433527195568247
312;6,327;0,39881544399168
313;6,331;0,406729003936596
314;6,335;0,383487917532712
315;6,340;0,379291332713438
316;6,344;0,377732601209136
317;6,348;0,372097187308968
318;6,352;0,392580517974472
319;6,356;0,374095561032432
320;6,360;0,383707738642293
321;6,364;0,37611391849313
322;6,368;0,376173869704834
323;6,372;0,362724814545923
324;6,377;0,375454455164387
325;6,381;0,356529856003185
326;6,385;0,354691352177598
327;6,389;0,365042928065141
328;6,393;0,335107289687652
329;6,397;0,326034672983126
330;6,401;0,344559597399636
331;6,405;0,39020245324355
332;6,410;0,396337460574584
333;6,414;0,561163325285882
334;6,418;1,03625669430218
335;6,422;1,88116910458269
336;6,426;3,47249408431419
337;6,430;5,66355100219441
338;6,434;8,77206129651689
339;6,438;11,9670412218537
340;6,443;14,9675194326857
341;6,447;17,3481620657109
342;6,451;18,6040000647473
343;6,455;19,0769351901423
344;6,459;19,1480173434859
345;6,463;18,39556968539
346;6,467;17,570541093658
347;6,471;16,4579465231195
348;6,476;15,616531266855
349;6,480;14,7616669554317
350;6,484;13,7112018239557
351;6,488;12,6504450678038
352;6,492;11,639767557162
353;6,496;10,912179668186
354;6,500;9,93155769834509
355;6,504;9,09437899437438
356;6,509;8,15032726367282
357;6,513;7,417044009585
358;6,517;6,58464141881337
359;6,521;5,7791569220968
360;6,525;5,22410862040471
361;6,529;4,57865389146313
362;6,533;3,90226433728232
363;6,537;3,50644645387584
364;6,541;2,96862413368001
365;6,546;2,57940088356096
366;6,550;2,2165961340661
367;6,554;1,90201214251842
368;6,558;1,789383799464
369;6,562;1,56188893478487
370;6,566;1,3412884594517
371;6,570;1,22210545058431
372;6,574;1,06683181227117
373;6,579;0,993131789349827
374;6,583;0,853885108298866
375;6,587;0,827506575149144
376;6,591;0,735441497709164
377;6,595;0,642237347246811
378;6,599;0,662500856802734
379;6,603;0,57149491743619
380;6,607;0,557566252583647
381;6,612;0,546575197104596
382;6,616;0,518737851136745
383;6,620;0,499293674807442
384;6,624;0,457907354994505
385;6,628;0,4465965597197
386;6,632;0,437404040591766
387;6,636;0,411764905719725
388;6,640;0,373715870024974
389;6,645;0,382109039663522
390;6,649;0,375834146171845
391;6,653;0,354171775009497
392;6,657;0,343700296698547
393;6,661;0,388503835578606
394;6,665;0,308668805326226
395;6,669;0,375614325062264
396;6,673;0,341322231967625
397;6,678;0,396497330472461
398;6,682;0,384966714088075
399;6,686;0,369399382782292
400;6,690;0,380710178057097
401;6,694;0,35952741658838
402;6,698;0,35431166117014
403;6,702;0,361745611421425
404;6,706;0,352113450074329
405;6,710;0,362485009699107
406;6,715;0,369998894899331
407;6,719;0,35155390543176
408;6,723;0,35900783942028
409;6,727;0,331290395875836
410;6,731;0,26892115196653
411;6,735;0,321638250791506
412;6,739;0,31894044626483
413;6,743;0,277394256554016
414;6,748;0,266323266126027
415;6,752;0,308608854114522
416;6,756;0,289264596471392
417;6,760;0,23432930281337
418;6,764;0,242542618816807
419;6,768;0,272358354770887
420;6,772;0,242582586291276
421;6,776;0,224277482984347
422;6,781;0,214705272848956
423;6,785;0,207031517750854
424;6,789;0,253533674295858
425;6,793;0,231331742228175
426;6,797;0,236967156128343
427;6,801;0,194181974708982
428;6,805;0,199137941543172
429;6,809;0,220300719274654
430;6,814;0,223917775714124
431;6,818;0,230832148797309
432;6,822;0,21860210160971
433;6,826;0,196100413483507
434;6,830;0,198498461951664
435;6,834;0,185888723756607
436;6,838;0,178135033709567
437;6,842;0,218202426865017
438;6,847;0,234049530492086
439;6,851;0,227354978518482
440;6,855;0,189206024137557
441;6,859;0,212147354482922
442;6,863;0,203714217369904
443;6,867;0,242342781444461
444;6,871;0,220740361493816
445;6,875;0,17909425309683
446;6,879;0,222958556326861
447;6,884;0,23299039241865
448;6,888;0,167004092069874
449;6,892;0,22631582418228
450;6,896;0,215504622338341
451;6,900;0,253094032076696
452;6,904;0,216543776674542
453;6,908;0,223717938341777
454;6,912;0,320659047667009
455;6,917;0,496495951594592
456;6,921;1,01831129826547
457;6,925;2,33593901283136
458;6,929;4,68804486908554
459;6,933;8,66209079051468
460;6,937;14,6221405020594
461;6,941;21,9316320378476
462;6,945;29,6597029337525
463;6,950;36,1740215812372
464;6,954;41,5864169738667
465;6,958;44,5409525727963
466;6,962;45,9006860217155
467;6,966;44,8864713895832
468;6,970;43,0918918184382
469;6,974;40,3832361224436
470;6,978;37,2978070446271
471;6,983;34,2479889865627
472;6,987;31,0359429496276
473;6,991;28,3550846321264
474;6,995;25,5929924227664
475;6,999;22,7553217191849
476;7,003;19,9999040780613
477;7,007;17,4526969951853
478;7,011;15,0750719064825
479;7,016;12,5530043650477
480;7,020;10,7028899881277
481;7,024;9,09913512383622
482;7,028;7,52049981724872
483;7,032;6,17373581379473
484;7,036;5,15466513351435
485;7,040;4,31468870633079
486;7,044;3,59629333648277
487;7,048;3,04196444933113
488;7,053;2,5861154192718
489;7,057;2,16677667714014
490;7,061;1,83222893209506
491;7,065;1,59618102787951
492;7,069;1,30717621999217
493;7,073;1,18561514639386
494;7,077;1,07190768152877
495;7,081;0,932501130579934
496;7,086;0,792634953674699
497;7,090;0,77574869571143
498;7,094;0,715617630372403
499;7,098;0,635103153054045
500;7,102;0,568137649580771
501;7,106;0,549552773952557
502;7,110;0,484505709253809
503;7,114;0,49277897646895
504;7,119;0,445617356595203
505;7,123;0,37611391849313
506;7,127;0,361305969202263
507;7,131;0,386845185388131
508;7,135;0,360526603450112
509;7,139;0,326634185100166
510;7,143;0,32557504702673
511;7,147;0,296978319043962
512;7,152;0,319559942119103
513;7,156;0,278753150685972
514;7,160;0,298277261964214
515;7,164;0,305391472419745
516;7,168;0,31558317840941
517;7,172;0,385466307518941
518;7,176;0,358987855683045
519;7,180;0,361685660209721
520;7,185;0,404450857891848
521;7,189;0,40489050011101
522;7,193;0,447615730318667
523;7,197;0,404430874154613
524;7,201;0,412424369048468
525;7,205;0,387704486089221
526;7,209;0,428990887215984
527;7,213;0,383507901269946
528;7,218;0,388403916892433
529;7,222;0,42889096852981
530;7,226;0,377392877676147
531;7,230;0,338744329864356
532;7,234;0,322697388864942
533;7,238;0,282749898132899
534;7,242;0,28740610890857
535;7,246;0,251855040368148
536;7,250;0,252754308543707
537;7,255;0,248257967665913
538;7,259;0,229233449818538
539;7,263;0,226735482664208
540;7,267;0,212846785286134
541;7,271;0,205093095239094
542;7,275;0,178414806030852
543;7,279;0,164646011076186
544;7,283;0,197079616608004
545;7,288;0,213246460030827
546;7,292;0,194381812081328
547;7,296;0,259728632838596
548;7,300;0,254113202675663
549;7,304;0,260468031116278
550;7,308;0,276355102217815
551;7,312;0,298077424591867
552;7,316;0,359607351537319
553;7,321;0,33354855818335
554;7,325;0,391781168485087
555;7,329;0,382049088451818
556;7,333;0,490181090628447
557;7,337;0,670594270382763
558;7,341;1,09083228068997
559;7,345;1,97109592213856
560;7,349;3,51921606196877
561;7,354;5,81462805568828
562;7,358;8,96334562932685
563;7,362;12,5211303041585
564;7,366;16,4342058432847
565;7,370;19,4380812894466
566;7,374;21,6166883390297
567;7,378;22,9273217455635
568;7,382;23,0155499454544
569;7,387;22,1572883987011
570;7,391;21,0150979133181
571;7,395;19,4643199364357
572;7,399;17,9340652576933
573;7,403;16,0311138795248
574;7,407;14,3188872895238
575;7,411;12,518532418318
576;7,415;10,8101826733404
577;7,419;9,47113239245902
578;7,424;7,81985620102361
579;7,428;6,71167803641397
580;7,432;5,56648999044577
581;7,436;4,5501370984293
582;7,440;3,84423156435293
583;7,444;3,15972861285486
584;7,448;2,56968878726492
585;7,452;2,11010279834271
586;7,457;1,80101433453456
587;7,461;1,76234580298553
588;7,465;2,02379303722631
589;7,469;2,82452140448103
590;7,473;4,41586636794976
591;7,477;6,91723075760946
592;7,481;10,3871069723459
593;7,485;14,4242215684876
594;7,490;18,8557152189548
595;7,494;22,5930937403141
596;7,498;25,0833871395458
597;7,502;26,4495953193291
598;7,506;26,5116048559682
599;7,510;25,5498475340768
600;7,514;23,8455544877579
601;7,518;21,6147499165179
602;7,523;19,4278496159825
603;7,527;17,0217477017203
604;7,531;14,8602067637357
605;7,535;12,7218069934687
606;7,539;10,7462546979268
607;7,543;9,05529080434343
608;7,547;7,42929404050983
609;7,551;6,10553131861291
610;7,556;4,98172587148578
611;7,560;4,17332374913296
612;7,564;3,20493182647961
613;7,568;2,66353241731879
614;7,572;2,14883128110344
615;7,576;1,80009508262176
616;7,580;1,48059509171436
617;7,584;1,31714810487225
618;7,588;1,05184400934519
619;7,593;0,961637419468037
620;7,597;0,856023368182973
621;7,601;0,72572940141313
622;7,605;0,673292074909439
623;7,609;0,56486031667429
624;7,613;0,482047709573949
625;7,617;0,49273900899448
626;7,621;0,465461207669199
627;7,626;0,437583894226878
628;7,630;0,431468870633079
629;7,634;0,372057219834499
630;7,638;0,343920117808128
631;7,642;0,330371143963043
632;7,646;0,297417961263124
633;7,650;0,328632558823629
634;7,654;0,247418650702059
635;7,659;0,252234731375607
636;7,663;0,217842719594794
637;7,667;0,18185200883521
638;7,671;0,220000963216135
639;7,675;0,225456523481191
640;7,679;0,217802752120324
641;7,683;0,214365549315967
642;7,687;0,172579554758338
643;7,692;0,197219502768647
644;7,696;0,18155225277669
645;7,700;0,180093439958562
646;7,704;0,139946111854173
647;7,708;0,134230763005066
648;7,712;0,179194171783003
649;7,716;0,111749058616098
650;7,720;0,166664368536885
651;7,725;0,148579086339537
652;7,729;0,141324989723363
653;7,733;0,133431413515681
654;7,737;0,0872889642409008
655;7,741;0,0894272241250071
656;7,745;0,0965014671060691
657;7,749;0,0681845114445864
658;7,753;0,0966413532667116
659;7,757;0,117884065947132
660;7,762;0,114187074558724
661;7,766;0,106273514613807
662;7,770;0,0949427356017673
663;7,774;0,113927285974674
664;7,778;0,0684443000286367
665;7,782;0,0783362499597827
666;7,786;0,0824329160928836
667;7,790;0,109410961359646
668;7,795;0,0720413727308716
669;7,799;0,0696832917371843
670;7,803;0,0744993724107322
671;7,807;0,0631286259242229
672;7,811;0,0795152904566264
673;7,815;0,0672252920573237
674;7,819;0,0695434055765418
675;7,823;0,0800148838874924
676;7,828;0,110749871754366
677;7,832;0,0668056335753963
678;7,836;0,0398475720458691
679;7,840;0,031894044626483
680;7,844;0,0498594244004229
681;7,848;0,078815859653414
682;7,852;0,047421408457797
683;7,856;0,0799149652013192
684;7,861;0,0586722525208985
685;7,865;0,0460225468513724
686;7,869;0,051458123379194
687;7,873;0,0277574110189128
688;7,877;0,0328532640137456
689;7,881;0,0413263686012323
690;7,885;0,0179254122994707
691;7,889;0,024819801645421
692;7,894;0,0958619875145607
693;7,898;0,143563168293643
694;7,902;0,34599842648053
695;7,906;0,756724177864054
696;7,910;1,68980483682379
697;7,914;3,29733662745258
698;7,918;5,89526243543005
699;7,922;9,55182672341249
700;7,926;13,6643399601404
701;7,931;18,0260504001843
702;7,935;22,092800878645
703;7,939;24,5454848844011
704;7,943;26,3424625040142
705;7,947;26,4736157714852
706;7,951;25,304667061945
707;7,955;23,6221962566863
708;7,959;21,1918340854213
709;7,964;18,7312365197203
710;7,968;16,3328283442934
711;7,972;13,7212736275219
712;7,976;11,3480049935363
713;7,980;9,32924785809308
714;7,984;7,46630392186838
715;7,988;6,04715882215053
716;7,992;4,74316001637867
717;7,997;3,73270232684641
718;8,001;3,0230198664327
719;8,005;2,47016977583642
720;8,009;1,86550185459073
721;8,013;1,62747556038896
722;8,017;1,44272590965472
723;8,021;1,34420608508796
724;8,025;1,50771302314177
725;8,030;2,34776938527426
726;8,034;4,30653534153906
727;8,038;8,46129419878103
728;8,042;15,4862972512969
729;8,046;26,1237404999811
730;8,050;39,3060727180221
731;8,054;54,580222614836
732;8,058;68,6712952998849
733;8,063;80,839193064684
734;8,067;88,57527743922
735;8,071;90,7452914817921
736;8,075;88,5881069985246
737;8,079;82,8098293608661
738;8,083;74,3924993840013
739;8,087;64,9154917727953
740;8,091;54,8958857281944
741;8,095;45,0812728601464
742;8,100;36,1795770601884
743;8,104;28,7076577081571
744;8,108;22,659339829247
745;8,112;17,6596685617245
746;8,116;13,8341018079487
747;8,120;10,7232933838442
748;8,124;8,60070074972987
749;8,128;6,91816999325949
750;8,133;5,57058665657888
751;8,137;4,63438853461053
752;8,141;3,73458079814647
753;8,145;3,28768448236825
754;8,149;2,72514227921318
755;8,153;2,3417342966294
756;8,157;2,09947145013388
757;8,161;1,85656912404685
758;8,166;1,60561335185426
759;8,170;1,50739328334601
760;8,174;1,27304399679541
761;8,178;1,15154287440881
762;8,182;1,08909369555056
763;8,186;0,966273646506473
764;8,190;0,860199969265012
765;8,194;0,816515519670093
766;8,199;0,74813117085316
767;8,203;0,712640053524442
768;8,207;0,670614254119997
769;8,211;0,648132549731029
770;8,215;0,560324008322028
771;8,219;0,543477717833227
772;8,223;0,520756208597443
773;8,227;0,474793612957775
774;8,232;0,463163077887215
775;8,236;0,462024004864841
776;8,240;0,426652789959531
777;8,244;0,415861571852826
778;8,248;0,388204079520087
779;8,252;0,358028636295782
780;8,256;0,345938475268826
781;8,260;0,335626866855753
782;8,264;0,302653700418599
783;8,269;0,31864069020631
784;8,273;0,312245894291226
785;8,277;0,282090434804156
786;8,281;0,273337557895385
787;8,285;0,290363702019297
788;8,289;0,256930909625747
789;8,293;0,245859919197757
790;8,297;0,213666118512754
791;8,302;0,231411677177113
792;8,306;0,249596878060634
793;8,310;0,210868395299905
794;8,314;0,221219971187448
795;8,318;0,218222410602252
796;8,322;0,208590249255156
797;8,326;0,205512753721022
798;8,330;0,20257514434753
799;8,335;0,196580023177138
800;8,339;0,175397261708422
801;8,343;0,185648918909791
802;8,347;0,183770447609735
803;8,351;0,179533895315992
804;8,355;0,179553879053226
805;8,359;0,155633345583364
806;8,363;0,177575489066997
807;8,368;0,151716533085375
808;8,372;0,135209966129564
809;8,376;0,162347881294203
810;8,380;0,16082911726437
811;8,384;0,154833996093979
812;8,388;0,197819014885686
813;8,392;0,151396793289621
814;8,396;0,191684007554652
815;8,401;0,227774637000409
816;8,405;0,411824856931429
817;8,409;0,768374696671848
818;8,413;1,60721205083303
819;8,417;3,12329825987611
820;8,421;5,68980963292073
821;8,425;9,49813042146301
822;8,429;14,3629913976006
823;8,433;19,6148174615498
824;8,438;24,4073972601097
825;8,442;27,835867171296
826;8,446;29,7396578664283
827;8,450;29,4517721478261
828;8,454;27,5443843799916
829;8,458;25,0583075493164
830;8,462;21,6759800874049
831;8,466;18,1743497142026
832;8,471;15,025971864097
833;8,475;12,225810635305
834;8,479;9,63919562260233
835;8,483;7,5885644262699
836;8,487;5,9650456458534
837;8,491;4,84633605172111
838;8,495;3,76481619258248
839;8,499;2,98812826122102
840;8,504;2,46077741933614
841;8,508;2,03270578403295
842;8,512;1,78676592988626
843;8,516;1,5577523011773
844;8,520;1,35953361154692
845;8,524;1,11305419649489
846;8,528;1,03861477529586
847;8,532;1,00582146249382
848;8,537;0,822630543263892
849;8,541;0,681185651117121
850;8,545;0,674311245508405
851;8,549;0,572953730254319
852;8,553;0,49553673220733
853;8,557;0,483806278450597
854;8,561;0,378531950698522
855;8,565;0,368839838139722
856;8,570;0,323456770879858
857;8,574;0,301094968914298
858;8,578;0,283789052469101
859;8,582;0,288465246982006
860;8,586;0,245979821621165
861;8,590;0,216383906776665
862;8,594;0,21364613477552
863;8,598;0,260028388897116
864;8,602;0,293301311392789
865;8,607;0,481388246245206
866;8,611;0,952245062967757
867;8,615;1,9768312547249
868;8,619;3,87852365744757
869;8,623;7,23343343187314
870;8,627;12,0721956471823
871;8,631;17,7749747255683
872;8,635;23,6699174212026
873;8,640;28,8995215693469
874;8,644;32,6186749223482
875;8,648;33,5995566807732
876;8,652;32,4542487323816
877;8,656;29,9626364064924
878;8,660;26,2270764052214
879;8,664;22,0653432236846
880;8,668;18,1330633130758
881;8,673;14,3780391517383
882;8,677;11,3366742145242
883;8,681;8,84346318965626
884;8,685;6,79786789510696
885;8,689;5,40218370290258
886;8,693;4,18139717897575
887;8,697;3,39239926547775
888;8,701;2,84044844305704
889;8,706;2,36907204916639
890;8,710;1,97185530415348
891;8,714;1,71240644363617
892;8,718;1,4806750266633
893;8,722;1,29398695341731
894;8,726;1,17202620507431
895;8,730;0,978243905110021
896;8,734;0,86445650529599
897;8,739;0,789057864709699
898;8,743;0,715197971890476
899;8,747;0,659263491370722
900;8,751;0,593696849503874
901;8,755;0,564280788294486
902;8,759;0,520596338699566
903;8,763;0,508106502927917
904;8,767;0,464721809391517
905;8,771;0,404430874154613
906;8,776;0,385126583985952
907;8,780;0,374834959310113
908;8,784;0,31700202375307
909;8,788;0,313265064890192
910;8,792;0,292681815538515
911;8,796;0,26780206268139
912;8,800;0,247998179081863
913;8,804;0,241583399429544
914;8,809;0,23492881493041
915;8,813;0,201775794858144
916;8,817;0,178674594614902
917;8,821;0,1765962859425
918;8,825;0,183370772865042
919;8,829;0,134130844318893
920;8,833;0,167703522873086
921;8,837;0,168123181355013
922;8,842;0,116185448282188
923;8,846;0,107672376220232
924;8,850;0,159590125555823
925;8,854;0,122380406824926
926;8,858;0,126896731439954
927;8,862;0,14096528245314
928;8,866;0,107592441271293
929;8,870;0,0961217760986109
930;8,875;0,0846910784003978
931;8,879;0,0918852238048676
932;8,883;0,113687481127858
933;8,887;0,109830619841573
934;8,891;0,0701828851680502
935;8,895;0,0814537129683863
936;8,899;0,0682444626562903
937;8,903;0,0948428169155941
938;8,908;0,104155238466936
939;8,912;0,0839716638599508
940;8,916;0,0799149652013192
941;8,920;0,0493398472323223
942;8,924;0,0857702002110682
943;8,928;0,0787159409672409
944;8,932;0,0612701383614015
945;8,936;0,0729206571691957
946;8,940;0,0478210832024898
947;8,945;0
948;8,949;0,06660579620305
949;8,953;0,0473614572460931
950;8,957;0,0437643845438582
951;8,961;0,0076937388353358
952;8,965;0,0459226281651992
953;8,969;0,0348916052116787
954;8,973;0,0350714588467905
955;8,978;0,0595315532219879
956;8,982;0,0861299074812917
957;8,986;0,170181506290181
958;8,990;0,431309000735202
959;8,994;0,888936583408422
960;8,998;1,93856239792057
961;9,002;4,05386096794429
962;9,006;7,4379869662069
963;9,011;12,1268311847818
964;9,015;17,9442169962085
965;9,019;23,7053485873196
966;9,023;28,9546567003772
967;9,027;32,2146437229383
968;9,031;32,9713079495906
969;9,035;31,8512594450636
970;9,039;29,0808739847512
971;9,044;25,2475735246656
972;9,048;20,7419202253206
973;9,052;16,6420566942622
974;9,056;13,0171466460594
975;9,060;10,1513588241889
976;9,064;7,74875406394276
977;9,068;6,01952131355503
978;9,072;4,72409553105683
979;9,077;3,64155650131923
980;9,081;2,93555104855668
981;9,085;2,40528258103555
982;9,089;1,94987319319538
983;9,093;1,68402953676298
984;9,097;1,46316927284576
985;9,101;1,23095824617926
986;9,105;1,11305419649489
987;9,109;0,981121563271809
988;9,114;0,901426419180071
989;9,118;0,789057864709699
990;9,122;0,742755545537042
991;9,126;0,683863471906562
992;9,130;0,618596586098233
993;9,134;0,575711485992699
994;9,138;0,534345149916998
995;9,142;0,456468525913611
996;9,147;0,418599343853972
997;9,151;0,413363604698496
998;9,155;0,340243110156954
999;9,159;0,320918836251059
1000;9,163;0,28852519819371
1001;9,167;0,272957866887927
1002;9,171;0,247378683227589
1003;9,175;0,280231947241335
1004;9,180;0,306410643018711
1005;9,184;0,338704362389887
1006;9,188;0,608364912634098
1007;9,192;1,21623023183733
1008;9,196;2,82124407157455
1009;9,200;5,77076375245825
1010;9,204;11,1249665022605
1011;9,208;19,5245908879354
1012;9,213;30,8545105992743
1013;9,217;43,9163608655276
1014;9,221;57,693029412664
1015;9,225;68,8961323275119
1016;9,229;75,4473409539317
1017;9,233;75,9361631504282
1018;9,237;71,2269954710856
1019;9,241;62,3708625920226
1020;9,246;51,5318833533271
1021;9,250;41,4573819825426
1022;9,254;32,0706409124255
1023;9,258;24,4350547524425
1024;9,262;18,424865844176
1025;9,266;14,106919788676
1026;9,270;10,8328642151018
1027;9,274;8,63848999684057
1028;9,278;6,90016464601108
1029;9,283;5,69704374579967
1030;9,287;4,70357223291685
1031;9,291;3,86235681402475
1032;9,295;3,3369843621261
1033;9,299;2,84040847558257
1034;9,303;2,55020464346115
1035;9,307;2,21991343444705
1036;9,311;1,98308616447935
1037;9,316;1,70647127367748
1038;9,320;1,61038946505334
1039;9,324;1,42490041604143
1040;9,328;1,29626509946206
1041;9,332;1,16121500323037
1042;9,336;1,1071190265362
1043;9,340;1,02840308556896
1044;9,344;0,897549574156551
1045;9,349;0,877246097126159
1046;9,353;0,847810052179536
1047;9,357;0,850487872968978
1048;9,361;0,882381917595461
1049;9,365;0,86863310637803
1050;9,369;0,849448718632777
1051;9,373;0,892293851263842
1052;9,377;0,843353678776212
1053;9,382;0,830044509777943
1054;9,386;0,800628448568555
1055;9,390;0,807442902965567
1056;9,394;0,70608538771148
1057;9,398;0,690138365398239
1058;9,402;0,658743914202622
1059;9,406;0,78044487396157
1060;9,410;1,11625159445243
1061;9,415;1,95301063994122
1062;9,419;3,50526741337899
1063;9,423;6,23312748085608
1064;9,427;10,9350410635825
1065;9,431;16,720652732806
1066;9,435;23,0717442145582
1067;9,439;29,1078720137552
1068;9,443;33,4890466138656
1069;9,447;35,6662747855795
1070;9,452;35,3835448711838
1071;9,456;32,8454903399613
1072;9,460;28,2933149003341
1073;9,464;23,4954793788815
1074;9,468;18,8257995643146
1075;9,472;14,7497166805654
1076;9,476;11,3545596593492
1077;9,480;8,80949083635737
1078;9,485;6,80244417093369
1079;9,489;5,43961324274306
1080;9,493;4,34876097831585
1081;9,497;3,50051128391715
1082;9,501;3,05123690340801
1083;9,505;2,49910622735218
1084;9,509;2,20832286685096
1085;9,513;1,86612135044501
1086;9,518;1,76142655107274
1087;9,522;1,8491551575328
1088;9,526;2,26913337925596
1089;9,530;3,59075784126878
1090;9,534;6,43878012073774
1091;9,538;11,5622506404288
1092;9,542;19,8310614821658
1093;9,546;30,8303902284321
1094;9,551;43,8909415517652
1095;9,555;57,2809247834113
1096;9,559;67,2966539829886
1097;9,563;73,606459063614
1098;9,567;73,6922692312996
1099;9,571;68,5260135301891
1100;9,575;59,4050961327672
1101;9,579;49,1199861552668
1102;9,584;39,033354655981
1103;9,588;30,1354357823603
1104;9,592;22,9634923099582
1105;9,596;17,4753785369466
1106;9,600;13,6019107650194
1107;9,604;10,6520913280772
1108;9,608;8,47360418091757
1109;9,612;6,94912480223594
1110;9,616;5,74478489405322
1111;9,621;4,86659956127703
1112;9,625;4,11990721950477
1113;9,629;3,60348748188724
1114;9,633;3,11184757844067
1115;9,637;2,69023069026426
1116;9,641;2,37814466587091
1117;9,645;2,12223292684413
1118;9,649;1,91448199455283
1119;9,654;1,73045175835905
1120;9,658;1,54530243288012
1121;9,662;1,43543184556408
1122;9,666;1,2912691651534
1123;9,670;1,21605037820222
1124;9,674;1,16331329564001
1125;9,678;1,0637343329998
1126;9,682;1,00262406453628
1127;9,687;0,933100642696973
1128;9,691;0,935099016420437
1129;9,695;0,811239813040148
1130;9,699;0,832482525720569
1131;9,703;0,744534098150925
1132;9,707;0,718894963278884
1133;9,711;0,654087703426951
1134;9,715;0,605767026793595
1135;9,720;0,589120573677142
1136;9,724;0,555647813809122
1137;9,728;0,556766903094262
1138;9,732;0,497355252295682
1139;9,736;0,560683715592251
1140;9,740;0,474573791848194
1141;9,744;0,457607598935986
1142;9,748;0,527111037038058
1143;9,753;0,651469833849214
1144;9,757;0,991752911480637
1145;9,761;1,79727737567168
1146;9,765;3,65188809346953
1147;9,769;6,9729853844941
1148;9,773;12,6686102849501
1149;9,777;20,880947085262
1150;9,781;31,9552548136327
1151;9,785;45,2317504015232
1152;9,790;59,9332663078786
1153;9,794;74,7890566656855
1154;9,798;87,367000734802
1155;9,802;96,8244842347298
1156;9,806;100
1157;9,810;97,1506188263991
1158;9,814;88,3932855442241
1159;9,818;75,8064087445637
1160;9,823;61,339761701927
1161;9,827;47,9539151038885
1162;9,831;36,6017934604819
1163;9,835;27,9274326553051
1164;9,839;21,4526618238078
1165;9,843;16,7304247803138
1166;9,847;13,3734366972158
1167;9,851;10,8942542558866
1168;9,856;8,9094295062678
1169;9,860;7,40237594645478
1170;9,864;6,28034905194153
1171;9,868;5,50877695731214
1172;9,872;4,76142515221113
1173;9,876;4,09750545006474
1174;9,880;3,70676343591585
1175;9,884;3,27925134525523
1176;9,889;2,96059067131169
1177;9,893;2,68407569919599
1178;9,897;2,50594066548643
1179;9,901;2,25146775554054
1180;9,905;2,07009535639896
1181;9,909;1,87683263360277
1182;9,913;1,81983901500959
1183;9,917;1,60287557985312
1184;9,922;1,58419078553873
1185;9,926;1,50655396638216
1186;9,930;1,38994885961804
1187;9,934;1,31177247955614
1188;9,938;1,24906351211384
1189;9,942;1,21289294771915
1190;9,946;1,14031201408294
1191;9,950;1,11195509094699
1192;9,954;1,04662825392695
1193;9,959;1,02572526477952
1194;9,963;0,958579907671137
1195;9,967;0,861418977236325
1196;9,971;0,828445810799172
1197;9,975;0,852146523159453
1198;9,979;0,815276527961545
1199;9,983;0,757063901397043
1200;9,987;0,717276280562878
1201;9,992;0,702987908440111
1202;9,996;0,640618664530805
1203;10,000;0,682404659088434
1204;10,004;0,594815938789014
1205;10,008;0,636042388704073
1206;10,012;0,65882384915156
1207;10,016;0,760141396931177
1208;10,020;0,955742216983819
1209;10,025;1,58654886653242
1210;10,029;2,70723685065094
1211;10,033;4,79913446437289
1212;10,037;8,35945707383331
1213;10,041;13,3883245814556
1214;10,045;19,0704204918038
1215;10,049;24,7531758654807
1216;10,053;29,6849423938799
1217;10,058;32,6559445922908
1218;10,062;32,4159798755773
1219;10,066;30,0980262262571
1220;10,070;26,596076113259
1221;10,074;22,0280935374792
1222;10,078;17,6164637218232
1223;10,082;13,7339633006659
1224;10,086;10,6343457694129
1225;10,091;8,16555487144562
1226;10,095;6,52103318319552
1227;10,099;5,09935014884887
1228;10,103;4,15649744238139
1229;10,107;3,3855048761318
1230;10,111;2,89900079315453
1231;10,115;2,49343084597754
1232;10,119;2,14761227313212
1233;10,123;1,86891907365786
1234;10,128;1,7072306556924
1235;10,132;1,58604927310155
1236;10,136;1,40429718295251
1237;10,140;1,26477072958027
1238;10,144;1,15022394775132
1239;10,148;1,09628784095503
1240;10,152;0,963555858242562
1241;10,156;0,944851080190941
1242;10,161;0,800428611196209
1243;10,165;0,782982808590369
1244;10,169;0,760521087938635
1245;10,173;0,735701286293215
1246;10,177;0,665058775168768
1247;10,181;0,614140212694909
1248;10,185;0,618096992667367
1249;10,189;0,570815470370213
1250;10,194;0,561563000030575
1251;10,198;0,505968243043811
1252;10,202;0,487263464992189
1253;10,206;0,481488164931379
1254;10,210;0,441220934403582
1255;10,214;0,412704141369753
1256;10,218;0,455049680569952
1257;10,222;0,40045411044492
1258;10,227;0,364283546050224
1259;10,231;0,405529979702518
1260;10,235;0,382828454203969
1261;10,239;0,378931625443214
1262;10,243;0,357728880237263
1263;10,247;0,360326766077766
1264;10,251;0,32333686845645
1265;10,255;0,342840995997457
1266;10,260;0,314943698817902
1267;10,264;0,270459899733597
1268;10,268;0,286107165988319
1269;10,272;0,34957551544553
1270;10,276;0,302154106987733
1271;10,280;0,266263314914323
1272;10,284;0,285907328615972
1273;10,288;0,289804157376727
1274;10,292;0,300075798315331
1275;10,297;0,257730259115132
1276;10,301;0,272018631237899
1277;10,305;0,288405295770302
1278;10,309;0,302773602842007
1279;10,313;0,264504746037675
1280;10,317;0,245760000511584
1281;10,321;0,241583399429544
1282;10,325;0,270459899733597
1283;10,330;0,344499646187932
1284;10,334;0,443898755193024
1285;10,338;0,71327953311595
1286;10,342;1,39766258219061
1287;10,346;3,09849844196793
1288;10,350;6,67053152144785
1289;10,354;12,9613920191748
1290;10,358;22,6035452348878
1291;10,363;36,150580657461
1292;10,367;51,893588997274
1293;10,371;67,9343949893577
1294;10,375;80,2551083927899
1295;10,379;86,1031092896601
1296;10,383;85,6822717672358
1297;10,387;79,0919949345223
1298;10,391;70,4640163834671
1299;10,396;62,0044008186138
1300;10,400;55,7579042175478
1301;10,404;51,6590198896138
1302;10,408;49,2076148430407
1303;10,412;46,8467361261405
1304;10,416;43,5377489798802
1305;10,420;38,6014461431287
1306;10,424;33,4123290466219
1307;10,429;27,751295995319
1308;10,433;22,4296067859976
1309;10,437;17,8875031499366
1310;10,441;14,1734256661929
1311;10,445;11,3252834843005
1312;10,449;9,17057698445005
1313;10,453;7,73916187007014
1314;10,457;6,50262816120241
1315;10,461;5,5209270695508
1316;10,466;4,7584675591004
1317;10,470;4,23083694489424
1318;10,474;3,73508039157733
1319;10,478;3,47205444209502
1320;10,482;3,08472964701326
1321;10,486;2,75597718576622
1322;10,490;2,55767856118691
1323;10,494;2,25786255145563
1324;10,499;2,1140795620524
1325;10,503;1,99351767531583
1326;10,507;1,88448640496364
1327;10,511;1,8129246419264
1328;10,515;1,64466157441074
1329;10,519;1,5455222539897
1330;10,523;1,4800954982835
1331;10,527;1,37158380509941
1332;10,532;1,32166442948728
1333;10,536;1,27028624105703
1334;10,540;1,21736930485971
1335;10,544;1,21107442763079
1336;10,548;1,08947338655802
1337;10,552;1,079421566729
1338;10,556;1,08040076985349
1339;10,560;1,01623298959307
1340;10,565;1,01321544527064
1341;10,569;0,965714101863903
1342;10,573;0,940954251430186
1343;10,577;0,935418756216191
1344;10,581;0,955282591027422
1345;10,585;0,954663095173148
1346;10,589;1,1386733476297
1347;10,593;1,46093109427548
1348;10,598;2,28753840124906
1349;10,602;3,7478699834075
1350;10,606;6,58236327276862
1351;10,610;10,476374326573
1352;10,614;15,6339770694609
1353;10,618;21,3079595824918
1354;10,622;26,1454628223552
1355;10,626;28,9061961375832
1356;10,630;29,5222348053154
1357;10,635;27,7024757252548
1358;10,639;24,6404675874773
1359;10,643;20,4733188131499
1360;10,647;16,4692972858688
1361;10,651;13,0586528682958
1362;10,655;10,4144846923574
1363;10,659;8,42832103234388
1364;10,663;7,13263546126162
1365;10,668;6,59499299470091
1366;10,672;7,39378293944388
1367;10,676;9,42079335836496
1368;10,680;13,4338075674016
1369;10,684;19,2089077908398
1370;10,688;26,2565124501681
1371;10,692;33,5043941240618
1372;10,696;38,3430764044221
1373;10,701;40,6128092957951
1374;10,705;39,051839612923
1375;10,709;35,1741752561765
1376;10,713;29,7048461961656
1377;10,717;24,3352759524299
1378;10,721;19,4541881816578
1379;10,725;15,2530870377687
1380;10,729;12,10964517076
1381;10,734;9,73299928518172
1382;10,738;7,93945886837292
1383;10,742;6,6606395715167
1384;10,746;5,64504606151514
1385;10,750;4,78001002783934
1386;10,754;4,19584542099639
1387;10,758;3,70874182590208
1388;10,762;3,32559363190236
1389;10,767;2,9582925415297
1390;10,771;2,65957563734633
1391;10,775;2,42256851374352
1392;10,779;2,26553630655373
1393;10,783;2,12311221128246
1394;10,787;1,86222452168425
1395;10,791;1,75914840502799
1396;10,795;1,6894051620791
1397;10,799;1,51368816057492
1398;10,804;1,50609434042576
1399;10,808;1,40745461343559
1400;10,812;1,38665154297433
1401;10,816;1,24462712244775
1402;10,820;1,21912787373635
1403;10,824;1,17026763619766
1404;10,828;1,07734325805659
1405;10,832;1,03311924755634
1406;10,837;1,01975012734637
1407;10,841;0,933040691485269
1408;10,845;0,925346952649933
1409;10,849;0,902905215735434
1410;10,853;0,904603833400379
1411;10,857;0,851766832151995
1412;10,861;0,837718264876044
1413;10,865;0,806143960045315
1414;10,870;0,802586854817549
1415;10,874;0,75278738162883
1416;10,878;0,765736843356876
1417;10,882;0,775708728236961
1418;10,886;0,731744506320756
1419;10,890;0,728247352304694
1420;10,894;0,864796228828979
1421;10,898;1,17344505041797
1422;10,903;1,88182856791143
1423;10,907;3,37101666663669
1424;10,911;6,26164427388991
1425;10,915;11,0364785137855
1426;10,919;17,8924591167708
1427;10,923;25,816870231006
1428;10,927;33,7439991335052
1429;10,931;39,7316264024337
1430;10,936;41,6394538124874
1431;10,940;40,4026603150356
1432;10,944;36,1554566893462
1433;10,948;30,5504380535121
1434;10,952;24,7844903817273
1435;10,956;19,8259256616965
1436;10,960;15,8444258062789
1437;10,964;12,5837793203891
1438;10,968;10,358070602144
1439;10,973;8,67577965052041
1440;10,977;7,20999250809691
1441;10,981;6,23016988774535
1442;10,985;5,40452180015903
1443;10,989;4,72537449023984
1444;10,993;4,20475816780304
1445;10,997;3,7795442069244
1446;11,001;3,37681195043474
1447;11,006;3,06828303126915
1448;11,010;2,85453697780746
1449;11,014;2,61047559496082
1450;11,018;2,3631968304194
1451;11,022;2,19719192521126
1452;11,026;2,14117750974257
1453;11,030;1,95930551717013
1454;11,034;1,89971401273644
1455;11,039;1,80806859377838
1456;11,043;1,75025564195857
1457;11,047;1,65205555718756
1458;11,051;1,67683539135851
1459;11,055;1,51928360700062
1460;11,059;1,42398116412863
1461;11,063;1,45785359874134
1462;11,067;1,38263481179017
1463;11,072;1,34898219828703
1464;11,076;1,30307955385907
1465;11,080;1,25909534820563
1466;11,084;1,21299286640532
1467;11,088;1,1320986980795
1468;11,092;1,11553217991199
1469;11,096;1,07770296532682
1470;11,100;1,06503327592006
1471;11,105;1,02122892390173
1472;11,109;0,977304669459994
1473;11,113;0,977684360467452
1474;11,117;0,927864903541498
1475;11,121;0,926725830519123
1476;11,125;0,902525524727976
1477;11,129;0,892553639847892
1478;11,133;0,832082850975876
1479;11,137;0,932241341995884
1480;11,142;0,984758603448514
1481;11,146;1,21712950001289
1482;11,150;1,81118605678699
1483;11,154;2,98541047295711
1484;11,158;5,41417394524336
1485;11,162;9,2289294971752
1486;11,166;14,4168875369225
1487;11,170;20,7443782250005
1488;11,175;26,8248499371212
1489;11,179;31,4909526627231
1490;11,183;33,9609026174499
1491;11,187;33,3974411623821
1492;11,191;30,6175834106204
1493;11,195;26,5452574694713
1494;11,199;22,117420842918
1495;11,203;17,8476755616279
1496;11,208;14,1638934235319
1497;11,212;11,3647513653389
1498;11,216;9,12967027433075
1499;11,220;7,34622164482544
1500;11,224;6,02911350742766
1501;11,228;5,18727859268128
1502;11,232;4,38015542951146
1503;11,236;3,74119541517113
1504;11,241;3,35153252283292
1505;11,245;2,95589449306155
1506;11,249;2,64620651713635
1507;11,253;2,35967969266611
1508;11,257;2,18622085346945
1509;11,261;1,97507268584826
1510;11,265;1,86744027710249
1511;11,269;1,79182181540662
1512;11,274;1,62225980497071
1513;11,278;1,53563030405856
1514;11,282;1,52835622370515
1515;11,286;1,43711047949179
1516;11,290;1,35219957998181
1517;11,294;1,26912718429742
1518;11,298;1,22682161257169
1519;11,302;1,18775340627797
1520;11,306;1,13349755968593
1521;11,311;1,09147176028148
1522;11,315;1,05941784575712
1523;11,319;1,04990558683344
1524;11,323;1,02054947683575
1525;11,327;0,971749190508764
1526;11,331;0,925966448504207
1527;11,335;0,955902086881696
1528;11,339;0,914975393025156
1529;11,344;0,878884763579399
1530;11,348;0,853705254663755
1531;11,352;0,844412816849648
1532;11,356;0,813777747668947
1533;11,360;0,708863127187095
1534;11,364;0,798470204947214
1535;11,368;0,783302548386123
1536;11,372;0,792714888623638
1537;11,377;0,733882766204862
1538;11,381;0,732983498029304
1539;11,385;0,697392462014413
1540;11,389;0,678447879115975
1541;11,393;0,718115597526733
1542;11,397;0,676329602969104
1543;11,401;0,679227244868126
1544;11,405;0,686841048754524
1545;11,410;0,668595896659299
1546;11,414;0,646014273584157
1547;11,418;0,689259080959915
1548;11,422;0,636002421229603
1549;11,426;0,619895529018485
1550;11,430;0,661901344685695
1551;11,434;0,634863348207229
1552;11,438;0,740996976660394
1553;11,443;0,741796326149779
1554;11,447;0,875967137943142
1555;11,451;1,18147851278629
1556;11,455;1,90095300444498
1557;11,459;3,23958362684447
1558;11,463;5,83575086594529
1559;11,467;10,4229178294704
1560;11,471;17,4808740646862
1561;11,475;28,1421778956285
1562;11,480;40,9605862748895
1563;11,484;55,5161409644831
1564;11,488;69,2835170738053
1565;11,492;79,7013590340181
1566;11,496;83,4180743710768
1567;11,500;80,2497527512111
1568;11,504;72,3603331608737
1569;11,508;62,1092355041467
1570;11,513;52,941755998968
1571;11,517;46,5729988935005
1572;11,521;43,124924936087
1573;11,525;42,4103064925763
1574;11,529;42,8543851014045
1575;11,533;43,7127265831067
1576;11,537;43,698957788152
1577;11,541;42,4083880538018
1578;11,546;38,6367374230851
1579;11,550;34,2066826016987
1580;11,554;29,1734186718848
1581;11,558;24,6335532143941
1582;11,562;20,1543983506223
1583;11,566;16,7989889827658
1584;11,570;13,9345600550272
1585;11,574;11,695382297886
1586;11,579;9,9164499929957
1587;11,583;8,66235057909873
1588;11,587;7,49086393492975
1589;11,591;6,74638978799053
1590;11,595;6,01672359034218
1591;11,599;5,44115199051012
1592;11,603;5,06481825090741
1593;11,607;4,66700199377746
1594;11,612;4,17574178133835
1595;11,616;4,01773037102406
1596;11,620;3,67756719581604
1597;11,624;3,42505269211915
1598;11,628;3,19136286889729
1599;11,632;3,10615221332879
1600;11,636;2,91970394492962
1601;11,640;2,80024116374095
1602;11,644;2,67126612362859
1603;11,649;2,51435381886221
1604;11,653;2,48907439126039
1605;11,657;2,32362903069482
1606;11,661;2,26821412734317
1607;11,665;2,13680107128819
1608;11,669;2,08340452539723
1609;11,673;1,99961271517239
1610;11,677;1,9476350146251
1611;11,682;1,9007331833354
1612;11,686;1,8466771741157
1613;11,690;1,78958363683634
1614;11,694;1,77709380106469
1615;11,698;1,79539890437162
1616;11,702;1,69410134032924
1617;11,706;1,74326133392645
1618;11,710;1,7930208396407
1619;11,715;1,99917307295323
1620;11,719;2,61703026077378
1621;11,723;3,76279783512178
1622;11,727;5,8266382817663
1623;11,731;8,76694545978483
1624;11,735;13,1184042426273
1625;11,739;18,2004284912938
1626;11,743;23,0938262442025
1627;11,748;27,4743014135097
1628;11,752;29,694834343811
1629;11,756;29,7508087918052
1630;11,760;28,0297294062092
1631;11,764;25,1485740904052
1632;11,768;21,8005587053256
1633;11,772;18,69416668715
1634;11,776;16,0177647430521
1635;11,781;14,8840073947821
1636;11,785;15,5300416521035
1637;11,789;18,3575206496953
1638;11,793;23,5401230478636
1639;11,797;31,5771225376788
1640;11,801;41,3958920230716
1641;11,805;51,4595422245377
1642;11,809;59,5842503370757
1643;11,813;64,8894129957041
1644;11,818;65,2772174004795
1645;11,822;61,8173330543604
1646;11,826;55,6471543457934
1647;11,830;48,0717791860984
1648;11,834;40,186536196843
1649;11,838;33,1211460113759
1650;11,842;27,0457501685129
1651;11,846;22,2172396104051
1652;11,851;18,4428112402127
1653;11,855;15,3857390855322
1654;11,859;13,1993783459021
1655;11,863;11,4774796270795
1656;11,867;9,97909900922629
1657;11,871;8,87084090966771
1658;11,875;7,88264510341484
1659;11,879;7,07246442844813
1660;11,884;6,31442132392659
1661;11,888;5,78419282387993
1662;11,892;5,30090612259743
1663;11,896;4,87805024271248
1664;11,900;4,64448032191403
1665;11,904;4,28411358836179
1666;11,908;4,00196320234593
1667;11,912;3,83068259050784
1668;11,917;3,54943147266754
1669;11,921;3,3814082099987
1670;11,925;3,25329247058744
1671;11,929;3,04134495347686
1672;11,933;2,98812826122102
1673;11,937;2,73029808341971
1674;11,941;2,68819234906633
1675;11,945;2,51647209500908
1676;11,950;2,40580215820365
1677;11,954;2,26959300521236
1678;11,958;2,20878249280735
1679;11,962;2,16875506712637
1680;11,966;2,00101157677882
1681;11,970;1,92393430226482
1682;11,974;1,84230073566132
1683;11,978;1,8854456243509
1684;11,982;1,79104244965447
1685;11,987;1,72549579152486
1686;11,991;1,73606718852198
1687;11,995;1,66518487255072
1688;11,999;1,62675614584851
1689;12,003;1,62905427563049
1690;12,007;1,68606787796092
1691;12,011;1,91176420628892
1692;12,015;2,27720680909876
1693;12,020;2,98786847263697
1694;12,024;4,33908884949428
1695;12,028;6,50040996636937
1696;12,032;9,98479437433816
1697;12,036;15,0947758713959
1698;12,040;21,0079037679137
1699;12,044;27,2984445258449
1700;12,048;32,9633943896457
1701;12,053;36,1250814087496
1702;12,057;36,5458589799621
1703;12,061;34,4742448595333
1704;12,065;31,1257098972856
1705;12,069;26,8254694329754
1706;12,073;22,8142137928154
1707;12,077;19,2613251336063
1708;12,081;16,3654218197231
1709;12,086;14,1432702067058
1710;12,090;12,0828869466029
1711;12,094;10,4479974196998
1712;12,098;9,25756619263244
1713;12,102;8,29710781366124
1714;12,106;7,22374131931434
1715;12,110;6,62842578709446
1716;12,114;6,03069222266919
1717;12,119;5,5735442496896
1718;12,123;5,18621945460784
1719;12,127;4,68556688566844
1720;12,131;4,44660135581664
1721;12,135;4,11175385471303
1722;12,139;3,86301627735349
1723;12,143;3,57702901378858
1724;12,147;3,39731526483748
1725;12,152;3,33584528910373
1726;12,156;3,17911283797246
1727;12,160;2,98608992002309
1728;12,164;2,84934120612645
1729;12,168;2,75012195075647
1730;12,172;2,61834918743127
1731;12,176;2,57970063961948
1732;12,180;2,49059315529022
1733;12,184;2,42144942445838
1734;12,189;2,30010817196965
1735;12,193;2,27201103741775
1736;12,197;2,20010955084752
1737;12,201;2,1706735059009
1738;12,205;2,06987553528938
1739;12,209;2,11415949700134
1740;12,213;1,9869829932401
1741;12,217;1,96346213451493
1742;12,222;2,0099443073227
1743;12,226;1,8665210251897
1744;12,230;1,86706058609504
1745;12,234;1,84086190658042
1746;12,238;1,77827284156154
1747;12,242;1,70113561583583
1748;12,246;1,66314653135279
1749;12,250;1,59182457316236
1750;12,255;1,50761310445559
1751;12,259;1,45385685129442
1752;12,263;1,54050633594381
1753;12,267;1,39474495655436
1754;12,271;1,44342534045794
1755;12,275;1,45845311085838
1756;12,279;1,70069597361667
1757;12,283;1,94173981214088
1758;12,288;2,5755040548002
1759;12,292;3,80620251239541
1760;12,296;5,68331491831947
1761;12,300;8,96832157989828
1762;12,304;13,0170667111105
1763;12,308;17,9227544624185
1764;12,312;23,1129107132615
1765;12,316;27,2476258820572
1766;12,321;29,652848511881
1767;12,325;30,4755589900939
1768;12,329;29,0359505434477
1769;12,333;26,8076839068366
1770;12,337;23,6759525098475
1771;12,341;20,3602907953507
1772;12,345;17,3467831878417
1773;12,349;14,6518962868018
1774;12,353;12,4215513415183
1775;12,358;10,5595266572064
1776;12,362;9,06338421792345
1777;12,366;7,95902294712563
1778;12,370;6,93297794255035
1779;12,374;6,26929804525077
1780;12,378;5,63935069640327
1781;12,382;5,10016948207549
1782;12,386;4,69649798993579
1783;12,391;4,36103099297791
1784;12,395;4,46928289757795
1785;12,399;4,81797912858516
1786;12,403;5,59944317314569
1787;12,407;6,98557513895192
1788;12,411;9,27623100320959
1789;12,415;12,2371813817915
1790;12,419;15,6666704635767
1791;12,424;19,3647010063211
1792;12,428;22,0087892473105
1793;12,432;23,7408596883856
1794;12,436;24,3857348889474
1795;12,440;23,7594245802766
1796;12,444;21,8366293510341
1797;12,448;19,7772652615302
1798;12,452;17,0878339207553
1799;12,457;14,5222417996235
1800;12,461;12,2271095782252
1801;12,465;10,2834713110471
1802;12,469;8,77266080863393
1803;12,473;7,51336562305596
1804;12,477;6,5871393859677
1805;12,481;5,61331188678653
1806;12,485;5,01136175380475
1807;12,490;4,55441361819751
1808;12,494;3,97200758023121
1809;12,498;3,68162389447468
1810;12,502;3,39056076165217
1811;12,506;3,09817870217217
1812;12,510;2,94326477112925
1813;12,514;2,69720501455915
1814;12,518;2,59772597060512
1815;12,522;2,32322935595013
1816;12,527;2,24649180496912
1817;12,531;2,11981489463874
1818;12,535;2,0783086724024
1819;12,539;1,97783044158664
1820;12,543;1,87323556090054
1821;12,547;1,8184601371404
1822;12,551;1,76074710400676
1823;12,555;1,76758154214101
1824;12,560;1,71602350007564
1825;12,564;1,60121692966264
1826;12,568;1,53810828747565
1827;12,572;1,53626978365007
1828;12,576;1,51316858340682
1829;12,580;1,54398350622264
1830;12,584;1,49736144725422
1831;12,588;1,5684835680723
1832;12,593;1,83043039574394
1833;12,597;2,18098511431397
1834;12,601;2,76766767204849
1835;12,605;3,92080924543606
1836;12,609;5,7439655608266
1837;12,613;8,70149872034139
1838;12,617;13,1793346574558
1839;12,621;19,5139395559893
1840;12,626;27,6810931264137
1841;12,630;36,8427573640571
1842;12,634;47,2082219489779
1843;12,638;56,9230160495389
1844;12,642;63,5260025391336
1845;12,646;66,2023245482826
1846;12,650;65,0187477430867
1847;12,654;59,8613848050457
1848;12,659;53,195129803366
1849;12,663;45,8889555679588
1850;12,667;38,9804577035209
1851;12,671;32,9148938593772
1852;12,675;28,2020291886463
1853;12,679;24,2919512101052
1854;12,683;20,8967542214146
1855;12,687;18,2623580929839
1856;12,691;16,1506565956625
1857;12,696;14,3562768618898
1858;12,700;12,8295992721124
1859;12,704;11,5999000013789
1860;12,708;10,5347867905099
1861;12,712;9,64820828809515
1862;12,716;8,8777552827509
1863;12,720;8,2031043137095
1864;12,724;7,77559222304888
1865;12,729;7,21055205273948
1866;12,733;6,79003427011098
1867;12,737;6,34115956434654
1868;12,741;6,01636388307196
1869;12,745;5,64528586636195
1870;12,749;5,28585836845975
1871;12,753;5,05860330862744
1872;12,757;4,73382761109009
1873;12,762;4,58221099669089
1874;12,766;4,40843241769848
1875;12,770;4,14994277656843
1876;12,774;4,02408519946468
1877;12,778;3,84307250759332
1878;12,782;3,67167199333183
1879;12,786;3,61639697614082
1880;12,790;3,42449314747658
1881;12,795;3,24278102480202
1882;12,799;3,10639201817561
1883;12,803;3,07607668879066
1884;12,807;3,02629719933918
1885;12,811;2,90653466209199
1886;12,815;2,73983032608064
1887;12,819;2,69906350212197
1888;12,823;2,65427994697915
1889;12,828;2,61956819540258
1890;12,832;2,50106463360118
1891;12,836;2,44718847801659
1892;12,840;2,41429524652838
1893;12,844;2,32282968120544
1894;12,848;2,22844649024624
1895;12,852;2,28965667739594
1896;12,856;2,18388275621299
1897;12,860;2,18344311399383
1898;12,865;2,04533550596525
1899;12,869;2,01565965617181
1900;12,873;2,00512822664915
1901;12,877;1,90147258161308
1902;12,881;1,95418968043806
1903;12,885;1,94369821838987
1904;12,889;1,79427981508648
1905;12,893;1,82009880359364
1906;12,898;1,73107125421332
1907;12,902;1,6868672274503
1908;12,906;1,69581994173142
1909;12,910;1,69138355206533
1910;12,914;1,64476149309692
1911;12,918;1,6373675103201
1912;12,922;1,5525565294963
1913;12,926;1,67415757056907
1914;12,931;1,56272825174873
1915;12,935;1,58055374536202
1916;12,939;1,62571699151231
1917;12,943;1,69699898222826
1918;12,947;1,91260352325278
1919;12,951;2,23078458750269
1920;12,955;2,9112108566049
1921;12,959;3,89668887459386
1922;12,964;5,38192019334665
1923;12,968;7,73888209774885
1924;12,972;10,8712329905923
1925;12,976;14,652675652554
1926;12,980;18,9062141229467
1927;12,984;23,0218847901578
1928;12,988;26,347038779841
1929;12,992;28,5914322924004
1930;12,997;29,1927429457907
1931;13,001;28,1555270321013
1932;13,005;26,3459596580303
1933;13,009;23,8397991714343
1934;13,013;21,4700876426764
1935;13,017;18,9304743799496
1936;13,021;16,7600206951583
1937;13,025;14,4896083567193
1938;13,029;12,8194475335972
1939;13,034;11,449762183535
1940;13,038;10,2753179462553
1941;13,042;9,22279448984417
1942;13,046;8,27278760544669
1943;13,050;7,60429162747356
1944;13,054;6,97450414852393
1945;13,058;6,3620225860195
1946;13,062;5,92981431710874
1947;13,067;5,60290035968729
1948;13,071;5,34149309292098
1949;13,075;4,94927228221673
1950;13,079;4,62795377122098
1951;13,083;4,32132330709269
1952;13,087;4,0209277689816
1953;13,091;3,85118590491058
1954;13,095;3,79057522987793
1955;13,100;3,54413578230036
1956;13,104;3,48846109036466
1957;13,108;3,21386455702349
1958;13,112;3,12141978857606
1959;13,116;3,01646520061974
1960;13,120;2,90783360501224
1961;13,124;2,79378641661416
1962;13,128;2,70791629771692
1963;13,133;2,58465660645367
1964;13,137;2,56591186092758
1965;13,141;2,50713968972051
1966;13,145;2,4233678632329
1967;13,149;2,34738969426681
1968;13,153;2,30952051220717
1969;13,157;2,30626316303792
1970;13,161;2,20544520868917
1971;13,166;2,11357996862154
1972;13,170;2,06286124352002
1973;13,174;2,11399962710346
1974;13,178;2,00650710451834
1975;13,182;1,93348652866297
1976;13,186;1,89695625699805
1977;13,190;1,87137707333772
1978;13,194;1,82527459153741
1979;13,198;1,78250939385528
1980;13,203;1,72181878387368
1981;13,207;1,71092764708081
1982;13,211;1,67497690379569
1983;13,215;1,70409320894656
1984;13,219;1,62275939840158
1985;13,223;1,61100896090761
1986;13,227;1,64891811044172
1987;13,231;1,50801277920029
1988;13,236;1,5980794829168
1989;13,240;1,49410409808498
1990;13,244;1,51986313538043
1991;13,248;1,49949970713833
1992;13,252;1,47172231238218
1993;13,256;1,46842499573847
1994;13,260;1,37266292691008
1995;13,264;1,46522759778093
1996;13,269;1,40817402797603
1997;13,273;1,39236689182343
1998;13,277;1,35823466862667
1999;13,281;1,32332307967776
2000;13,285;1,31850699900421
2001;13,289;1,36187170880338
2002;13,293;1,30683649645918
2003;13,297;1,29186867727044
2004;13,302;1,24646562627334
2005;13,306;1,30397882203463
2006;13,310;1,228040620543
2007;13,314;1,23229715657398
2008;13,318;1,21742925607141
2009;13,322;1,17324521304562
2010;13,326;1,23501494483789
2011;13,330;1,19914413650171
2012;13,335;1,15272191490565
2013;13,339;1,19244958452811
2014;13,343;1,25332004814482
2015;13,347;1,1917501537249
2016;13,351;1,10508068533827
2017;13,355;1,11377361103534
2018;13,359;1,14684669615867
2019;13,363;1,08401782629296
2020;13,367;1,08411774497914
2021;13,372;1,09466915823903
2022;13,376;1,04395043313751
2023;13,380;1,01701235534522
2024;13,384;1,09836614962743
2025;13,388;1,04764742452592
2026;13,392;1,03569714965961
2027;13,396;1,02532559003483
2028;13,400;1,06311483714553
2029;13,405;0,979382978132396
2030;13,409;1,01593323353455
2031;13,413;0,963875598038316
2032;13,417;1,00434266593846
2033;13,421;0,953184298617785
2034;13,425;1,01173664871528
2035;13,429;0,987476391712424
2036;13,433;0,97306811716625
2037;13,438;1,0360968244043
2038;13,442;0,963316053395747
2039;13,446;0,991153399363598
2040;13,450;0,979882571563262
2041;13,454;1,03194020705949
2042;13,458;1,07556470544271
2043;13,462;1,1029624091914
2044;13,466;1,21237337055105
2045;13,471;1,27835967089982
2046;13,475;1,48738956237414
2047;13,479;1,60925039203097
2048;13,483;1,75812923442902
2049;13,487;1,96608000409267
2050;13,491;2,11935526868235
2051;13,495;2,20850272048607
2052;13,499;2,29976844843666
2053;13,504;2,34966784031155
2054;13,508;2,30588347203046
2055;13,512;2,21351863853196
2056;13,516;2,03054754041161
2057;13,520;1,91152440144211
2058;13,524;1,76955993212723
2059;13,528;1,68990475550997
2060;13,532;1,55081794435688
2061;13,536;1,41540814085497
2062;13,541;1,43431275627894
2063;13,545;1,27835967089982
2064;13,549;1,18369670761934
2065;13,553;1,19141043019191
2066;13,557;1,1110957902459
2067;13,561;1,10570018119255
2068;13,565;1,0698493565936
2069;13,569;1,01451438819089
2070;13,574;0,987056733230497
2071;13,578;0,974686799882256
2072;13,582;0,962196964110607
2073;13,586;0,983619530426139
2074;13,590;0,922089603480687
2075;13,594;0,888037315232863
2076;13,598;0,918832254311441
2077;13,602;0,90672210954725
2078;13,607;0,906422353488731
2079;13,611;0,913716417579374
2080;13,615;0,904124223706747
2081;13,619;0,915654840091134
2082;13,623;0,848209726924229
2083;13,627;0,861578847134202
2084;13,631;0,859660408359677
2085;13,635;0,853565368503112
2086;13,640;0,824229242242663
2087;13,644;0,8467509141061
2088;13,648;0,787179393409643
2089;13,652;0,829484965135373
2090;13,656;0,827306737776797
2091;13,660;0,826187648491657
2092;13,664;0,858001758169202
2093;13,668;0,846251320675234
2094;13,673;0,838937272847357
2095;13,677;0,810080756280539
2096;13,681;0,805164756920818
2097;13,685;0,866754635077974
2098;13,689;0,837718264876044
2099;13,693;0,81581608886688
2100;13,697;0,828365875850233
2101;13,701;0,810980024456098
2102;13,705;0,799669229181292
2103;13,710;0,77213163927196
2104;13,714;0,791296043279979
2105;13,718;0,807083195695343
2106;13,722;0,756244568170423
2107;13,726;0,771572094629391
2108;13,730;0,750769024168132
2109;13,734;0,737339952746455
2110;13,738;0,784261767773386
2111;13,743;0,794413506288582
2112;13,747;0,800508546145147
2113;13,751;0,753586731118216
2114;13,755;0,775668760762491
2115;13,759;0,737499822644332
2116;13,763;0,796012205267353
2117;13,767;0,754785755352294
2118;13,771;0,711321126866956
2119;13,776;0,746252699553104
2120;13,780;0,777487280850844
2121;13,784;0,779845361844531
2122;13,788;0,760820843997155
2123;13,792;0,8166354220935
2124;13,796;0,736520619519835
2125;13,800;0,73813930223584
2126;13,804;0,824109339819255
2127;13,809;0,725549547778018
2128;13,813;0,774169980469894
2129;13,817;0,728307303516398
2130;13,821;0,783622288181878
2131;13,825;0,804865000862298
2132;13,829;0,705046233375279
2133;13,833;0,737939464863494
2134;13,837;0,696053551619692
2135;13,842;0,78070466254562
2136;13,846;0,755485186155507
2137;13,850;0,728846864421734
2138;13,854;0,722851743251342
2139;13,858;0,753306958796931
2140;13,862;0,713779126546816
2141;13,866;0,752587544256484
2142;13,870;0,728107466144052
2143;13,874;0,720133954987431
2144;13,879;0,716696752183073
2145;13,883;0,699131047153826
2146;13,887;0,69893120978148
2147;13,891;0,67515056247226
2148;13,895;0,759921575821596
2149;13,899;0,700290103913435
2150;13,903;0,741536537565729
2151;13,907;0,697971990394217
2152;13,912;0,678887521335137
2153;13,916;0,715297890576649
2154;13,920;0,71771592278204
2155;13,924;0,720034036301258
2156;13,928;0,725869287573772
2157;13,932;0,700709762395363
2158;13,936;0,736880326790058
2159;13,940;0,740317529594416
2160;13,945;0,699071095942122
2161;13,949;0,714438589875559
2162;13,953;0,70582559912743
2163;13,957;0,699250949577234
2164;13,961;0,727707791399359
2165;13,965;0,722372133557711
2166;13,969;0,666917262731589
2167;13,973;0,747931333480813
2168;13,978;0,6997505430081
2169;13,982;0,740097708484835
2170;13,986;0,686980934915166
2171;13,990;0,718994881965057
2172;13,994;0,710641679800978
2173;13,998;0,771472175943217
2174;14,002;0,73761972506774
2175;14,006;0,730505514612209
2176;14,011;0,794333571339644
2177;14,015;0,802407001182438
2178;14,019;0,942892673941946
2179;14,023;1,04275140890343
2180;14,027;1,30244007426756
2181;14,031;1,6755564321755
2182;14,035;2,36305694425876
2183;14,039;3,22923205095693
2184;14,043;4,47897501013675
2185;14,048;5,96076912608519
2186;14,052;7,76490092362835
2187;14,056;9,51947305282961
2188;14,060;11,3425694170084
2189;14,064;12,8713652829328
2190;14,068;14,2502031846483
2191;14,072;14,7152647175728
2192;14,076;14,7902636834144
2193;14,081;14,4085343347584
2194;14,085;13,6940158099339
2195;14,089;12,6791417144728
2196;14,093;11,512950760671
2197;14,097;10,4619061008152
2198;14,101;9,24419707242246
2199;14,105;8,33685546702094
2200;14,109;7,33525057308362
2201;14,114;6,61161946408013
2202;14,118;5,79938046417825
2203;14,122;5,27202962229338
2204;14,126;4,75163312096616
2205;14,130;4,27466128064981
2206;14,134;3,88014234016357
2207;14,138;3,63008583614654
2208;14,142;3,30742841475607
2209;14,147;3,03712838492035
2210;14,151;2,89678259832149
2211;14,155;2,61711019572272
2212;14,159;2,46531372768841
2213;14,163;2,31621506418077
2214;14,167;2,21265933783087
2215;14,171;2,15658497115048
2216;14,175;2,0195764686698
2217;14,180;1,89721604558211
2218;14,184;1,89705617568423
2219;14,188;1,72319766174287
2220;14,192;1,67169957088921
2221;14,196;1,65873012542393
2222;14,200;1,59516185728055
2223;14,204;1,49656209776484
2224;14,208;1,5163260138899
2225;14,212;1,43161495175226
2226;14,217;1,40989262937821
2227;14,221;1,41181106815274
2228;14,225;1,36093247315335
2229;14,229;1,35209966129564
2230;14,233;1,23407570918786
2231;14,237;1,2075572898775
2232;14,241;1,23579431059004
2233;14,245;1,20288109536459
2234;14,250;1,20066290053155
2235;14,254;1,16778965278057
2236;14,258;1,13030016172839
2237;14,262;1,10200318980414
2238;14,266;1,08979312635377
2239;14,270;1,06339460946682
2240;14,274;1,08137997297799
2241;14,278;0,984239026280413
2242;14,283;1,10789839228836
2243;14,287;1,03729584863838
2244;14,291;1,01611308716966
2245;14,295;1,05456179760911
2246;14,299;0,995409935394576
2247;14,303;1,0171722252431
2248;14,307;0,956201842940215
2249;14,311;1,00262406453628
2250;14,316;0,963615809454266
2251;14,320;0,965794036812842
2252;14,324;0,965893955499015
2253;14,328;0,980761856001586
2254;14,332;0,890775087234009
2255;14,336;0,92860430181918
2256;14,340;0,976765108554658
2257;14,344;0,854544571627609
2258;14,349;0,871750569386633
2259;14,353;0,977104832087647
2260;14,357;0,899627882828954
2261;14,361;0,910778808205882
2262;14,365;0,857082506256408
2263;14,369;0,849848393377469
2264;14,373;0,902525524727976
2265;14,377;0,860999318754398
2266;14,381;0,825028591732048
2267;14,386;0,911638108906972
2268;14,390;0,886918225947724
2269;14,394;0,861319058550152
2270;14,398;0,856403059190431
2271;14,402;0,883481023143366
2272;14,406;0,777007671157212
2273;14,410;0,833461728845066
2274;14,414;0,856463010402135
2275;14,419;0,876786471169762
2276;14,423;0,829005355441741
2277;14,427;0,80944127668903
2278;14,431;0,816035909976461
2279;14,435;0,820092608635093
2280;14,439;0,828245973426825
2281;14,443;0,78763901936604
2282;14,447;0,823589762651154
2283;14,452;0,782003605465872
2284;14,456;0,818274088546741
2285;14,460;0,834820622977021
