#"+EI TIC Scan 130C_1ml-min_10C-min_1.d "
#Point;X(Minutes);Y(Counts)
0;5,591;0,837005715118052
1;5,596;0,921761981552733
2;5,600;0,957876102173896
3;5,605;1,13493885822585
4;5,609;1,60739574427995
5;5,613;2,75670007139304
6;5,618;4,83839014542198
7;5,622;8,01252401622429
8;5,627;12,0773837741695
9;5,631;15,9477751730621
10;5,636;18,4865544222426
11;5,640;20,0882039789676
12;5,645;20,3655243446256
13;5,649;19,6734094168655
14;5,653;18,8972397920816
15;5,658;17,9990304978904
16;5,662;17,292516693176
17;5,667;16,2281022647663
18;5,671;15,3957736790534
19;5,676;14,1365902189865
20;5,680;13,4908122804046
21;5,685;12,5115884233029
22;5,689;11,773002874096
23;5,693;10,9849733854633
24;5,698;10,2964331208914
25;5,702;9,53506326986803
26;5,707;8,95987657723661
27;5,711;8,37156051420361
28;5,716;7,69812069599694
29;5,720;7,18096381605652
30;5,724;6,8396335936824
31;5,729;6,26919084659049
32;5,733;5,85172363911403
33;5,738;5,47331046217054
34;5,742;5,03756904194683
35;5,747;4,66757469793261
36;5,751;4,27155546958546
37;5,756;3,96062658834479
38;5,760;3,57506408502487
39;5,764;3,33576209981729
40;5,769;2,97228232890309
41;5,773;2,68296846712763
42;5,778;2,30034587371951
43;5,782;2,1925380409309
44;5,787;2,01871586739536
45;5,791;1,8388802417675
46;5,796;1,7125309316942
47;5,800;1,54525673932587
48;5,804;1,41940855026027
49;5,809;1,34604443473383
50;5,813;1,30729107680548
51;5,818;1,18962786419888
52;5,822;1,18017338118705
53;5,827;1,03113999349879
54;5,831;1,02930254980391
55;5,836;0,947686641684114
56;5,840;0,925971398017365
57;5,844;0,933688661535856
58;5,849;0,824043385052362
59;5,853;0,842785310740126
60;5,858;0,82511244320211
61;5,862;0,770289804960363
62;5,867;0,746403036926939
63;5,871;0,804766930289725
64;5,876;0,728462904851486
65;5,880;0,724387120655573
66;5,884;0,689943403393391
67;5,889;0,695990263552901
68;5,893;0,714030619829893
69;5,898;0,663684662590214
70;5,902;0,693317618178532
71;5,907;0,622759780295187
72;5,911;0,643405965812188
73;5,915;0,685099233652347
74;5,920;0,664486456202525
75;5,924;0,691313134147755
76;5,929;0,620721888197231
77;5,933;0,662548788306107
78;5,938;0,650989597061961
79;5,942;0,671268293839987
80;5,947;0,662047667298413
81;5,951;0,659375021924044
82;5,955;0,627336685498794
83;5,960;0,669798338884084
84;5,964;0,680088023575405
85;5,969;0,670800580899472
86;5,973;0,620187359122357
87;5,978;0,669564482413826
88;5,982;0,736881737780749
89;5,987;0,66401874326201
90;5,991;0,681324122061051
91;5,995;0,682627036681056
92;6,000;0,702070531779591
93;6,004;0,620655072062871
94;6,009;0,582302610940674
95;6,013;0,627203053230076
96;6,018;0,680756184918997
97;6,022;0,625231977266478
98;6,027;0,620287583323896
99;6,031;0,658807084781991
100;6,035;0,7584299411116
101;6,040;1,06655254470918
102;6,044;1,60809731369073
103;6,049;2,89126776599252
104;6,053;4,68715182529986
105;6,058;7,06166360815812
106;6,062;9,44265655604922
107;6,067;11,4746020180477
108;6,071;12,731079424673
109;6,075;13,2423230767226
110;6,080;13,2271224061559
111;6,084;12,771436369826
112;6,089;12,1363156046743
113;6,093;11,3272724417856
114;6,098;10,8252160082104
115;6,102;10,0689575914654
116;6,106;9,35171979718631
117;6,111;8,75568647063481
118;6,115;7,91921528459163
119;6,120;7,45156916021139
120;6,124;6,85466722391323
121;6,129;6,45363678548914
122;6,133;5,93581174420512
123;6,138;5,48684072937829
124;6,142;4,8947161466868
125;6,146;4,56404309774298
126;6,151;4,17146490031534
127;6,155;3,82375373710991
128;6,160;3,454561186708
129;6,164;3,1309038318719
130;6,169;2,83407315498103
131;6,173;2,49952477024437
132;6,178;2,1800768318729
133;6,182;1,8821436887651
134;6,186;1,69489147222336
135;6,191;1,49998880829749
136;6,195;1,37881774863703
137;6,200;1,21117606752973
138;6,204;1,05305568556862
139;6,209;1,01062744025051
140;6,213;0,874589790695118
141;6,218;0,866571854572011
142;6,222;0,795178815009176
143;6,226;0,748374112890536
144;6,231;0,743964248022827
145;6,235;0,669631298548186
146;6,240;0,691847663222629
147;6,244;0,640031751027047
148;6,249;0,573716737675513
149;6,253;0,563894765924707
150;6,258;0,523938717577888
151;6,262;0,498949483327537
152;6,266;0,506800379114746
153;6,271;0,528883111520471
154;6,275;0,497479528371634
155;6,280;0,443057786936043
156;6,284;0,464839846737151
157;6,289;0,422612049822119
158;6,293;0,443759356346814
159;6,298;0,454349713642752
160;6,302;0,390840977934306
161;6,306;0,450106889110941
162;6,311;0,396219676750224
163;6,315;0,420507341589803
164;6,320;0,413124158743108
165;6,324;0,425585367801104
166;6,329;0,415629763781579
167;6,333;0,412756670004133
168;6,337;0,441688056181678
169;6,342;0,381186046519397
170;6,346;0,351452866729541
171;6,351;0,399226402796389
172;6,355;0,431364963423178
173;6,360;0,399727523804083
174;6,364;0,412689853869773
175;6,369;0,396119452548685
176;6,373;0,419972812514929
177;6,377;0,410017208495404
178;6,382;0,403703083798457
179;6,386;0,427055322757007
180;6,391;0,376709365517329
181;6,395;0,404872366149744
182;6,400;0,374303984680397
183;6,404;0,411721019921565
184;6,409;0,340528428761807
185;6,413;0,359804883524444
186;6,417;0,394950170197398
187;6,422;0,34373560321105
188;6,426;0,35579591546289
189;6,431;0,347343674466448
190;6,435;0,358735825374697
191;6,440;0,374404208881936
192;6,444;0,371330666701411
193;6,449;0,414092992691317
194;6,453;0,410585145637458
195;6,457;0,36705443410242
196;6,462;0,390039184321995
197;6,466;0,365150174273182
198;6,471;0,363847259653177
199;6,475;0,368156900319348
200;6,480;0,310928881240669
201;6,484;0,29696430915959
202;6,489;0,342232240187967
203;6,493;0,361842775622401
204;6,497;0,33418089599768
205;6,502;0,309458926284766
206;6,506;0,328267668106888
207;6,511;0,313902199219654
208;6,515;0,355027529917759
209;6,520;0,326062735673034
210;6,524;0,353056453954162
211;6,528;0,43377034426011
212;6,533;0,82247320589492
213;6,537;1,65496883194372
214;6,542;3,40635334576782
215;6,546;6,6906670221285
216;6,551;11,2273489128514
217;6,555;16,8919539676924
218;6,560;22,8228547260221
219;6,564;27,4124549951575
220;6,568;30,692459030852
221;6,573;31,6548452220952
222;6,577;31,7465837745704
223;6,582;30,5877581483111
224;6,586;28,6598454075099
225;6,591;26,78237884815
226;6,595;24,8400672303944
227;6,600;22,9578901335621
228;6,604;20,9174256144328
229;6,608;19,3430704485935
230;6,613;17,2720041399277
231;6,617;15,5380252291042
232;6,622;13,7938902658581
233;6,626;12,4226561484708
234;6,631;11,0336155312768
235;6,635;9,6516240162577
236;6,640;8,53098381078473
237;6,644;7,25516313326244
238;6,648;6,36473791872419
239;6,653;5,3334308848895
240;6,657;4,47207068879751
241;6,662;3,75242751368144
242;6,666;3,17075965601718
243;6,671;2,59513865851243
244;6,675;2,21188131182789
245;6,680;1,8577223916568
246;6,684;1,57736189188548
247;6,688;1,38045474392884
248;6,693;1,14496127837974
249;6,697;1,01567205839463
250;6,702;0,887050999753114
251;6,706;0,778975902427063
252;6,711;0,65456426025018
253;6,715;0,596801712096627
254;6,719;0,561188712483158
255;6,724;0,461298591616112
256;6,728;0,428458461578551
257;6,733;0,499751276939848
258;6,737;0,457723928427893
259;6,742;0,406576177575904
260;6,746;0,413023934541569
261;6,751;0,380584701310164
262;6,755;0,365918559818314
263;6,759;0,345973943712084
264;6,764;0,33160847482485
265;6,768;0,291017673201619
266;6,773;0,327833363233553
267;6,777;0,290850632865721
268;6,782;0,309759598889382
269;6,786;0,299904219071396
270;6,791;0,265059605003058
271;6,795;0,298634712518571
272;6,799;0,244045930747081
273;6,804;0,308991213344251
274;6,808;0,272108707177957
275;6,813;0,247720818136839
276;6,817;0,261518349882019
277;6,822;0,272108707177957
278;6,826;0,261752206352277
279;6,831;0,250259831242489
280;6,835;0,288044355222633
281;6,839;0,259413641649704
282;6,844;0,252030458803009
283;6,848;0,254402431572762
284;6,853;0,238867680334241
285;6,857;0,239068128737319
286;6,862;0,24584996637478
287;6,866;0,231785170092163
288;6,871;0,22944660538959
289;6,875;0,29175265067957
290;6,879;0,227642569761891
291;6,884;0,259179785179446
292;6,888;0,220192570780837
293;6,893;0,186316790660708
294;6,897;0,249825526369154
295;6,902;0,247754226204018
296;6,906;0,210170150626952
297;6,910;0,202686743578719
298;6,915;0,232987860510629
299;6,919;0,213477549277734
300;6,924;0,211940778187472
301;6,928;0,189724413513029
302;6,933;0,208366114999253
303;6,937;0,221695933803919
304;6,942;0,194601991321252
305;6,946;0,194434950985354
306;6,950;0,207363872983865
307;6,955;0,21474705583056
308;6,959;0,219591225571604
309;6,964;0,167040335898071
310;6,968;0,184312306629931
311;6,973;0,169445716735003
312;6,977;0,224535619514187
313;6,982;0,209702437686438
314;6,986;0,213978670285428
315;6,990;0,206528671304375
316;6,995;0,232653779838833
317;6,999;0,239235169073217
318;7,004;0,204156698534622
319;7,008;0,204089882400263
320;7,013;0,192764547626374
321;7,017;0,210804903903365
322;7,022;0,154345270369817
323;7,026;0,201283604757175
324;7,030;0,201884949966408
325;7,035;0,216918580197235
326;7,039;0,199613201398194
327;7,044;0,200916116018199
328;7,048;0,173521500930916
329;7,053;0,176862307648877
330;7,057;0,225805126067012
331;7,062;0,214479791293123
332;7,066;0,205660061557705
333;7,070;0,1748578236181
334;7,075;0,207931810125918
335;7,079;0,250560503847106
336;7,084;0,559384676855459
337;7,088;1,05983752320608
338;7,093;2,33004564544219
339;7,097;4,27102094051059
340;7,102;7,16048467087541
341;7,106;10,5767936206628
342;7,110;14,1282047941245
343;7,115;16,5601450444645
344;7,119;18,3329775374179
345;7,124;19,1916316800683
346;7,128;18,9820628746506
347;7,133;18,0461024645465
348;7,137;16,7828432202838
349;7,141;15,6571918047339
350;7,146;14,1921144266391
351;7,150;12,5854536598371
352;7,155;11,2439193141725
353;7,159;10,0319080449632
354;7,164;8,67283446402937
355;7,168;7,30150012244057
356;7,173;6,20915654986872
357;7,177;5,15623449656882
358;7,181;4,38551038673513
359;7,186;3,50136588882664
360;7,190;2,83768122623642
361;7,195;2,31517905554726
362;7,199;1,83487127370595
363;7,204;1,52016728087398
364;7,208;1,2156527485318
365;7,213;1,00922430142896
366;7,217;0,82511244320211
367;7,221;0,71339586655348
368;7,226;0,63375103439728
369;7,230;0,550498130985682
370;7,235;0,476131773443861
371;7,239;0,487657556620827
372;7,244;0,358568785038798
373;7,248;0,362143448227017
374;7,253;0,359403986718289
375;7,257;0,321251973999169
376;7,261;0,293957583113425
377;7,266;0,28480377270621
378;7,270;0,219257144899808
379;7,275;0,272943908857447
380;7,279;0,242241895119382
381;7,284;0,198777999718704
382;7,288;0,217620149608006
383;7,293;0,224435395312648
384;7,297;0,223466561364439
385;7,301;0,185414772846858
386;7,306;0,203989658198724
387;7,310;0,19132800073765
388;7,315;0,174724191349382
389;7,319;0,170715223287828
390;7,324;0,179902441762222
391;7,328;0,181706477389921
392;7,332;0,187185400407378
393;7,337;0,18180670159146
394;7,341;0,162697287164721
395;7,346;0,129756932925621
396;7,350;0,121505140332257
397;7,355;0,14024706602002
398;7,359;0,112952675134275
399;7,364;0,118498414286091
400;7,368;0,138142357787704
401;7,372;0,177664101261188
402;7,377;0,16366612111293
403;7,381;0,162964551702158
404;7,386;0,146661414918506
405;7,390;0,174991455886819
406;7,395;0,20776476979002
407;7,399;0,215014320367997
408;7,404;0,221194812796225
409;7,408;0,202386070974102
410;7,412;0,232186066898318
411;7,417;0,235560281683459
412;7,421;0,228778444045998
413;7,426;0,23201902656242
414;7,430;0,19216320241714
415;7,435;0,178733159410936
416;7,439;0,169479124802182
417;7,444;0,164067017919085
418;7,448;0,146260518112351
419;7,452;0,128854915111772
420;7,457;0,16620513421858
421;7,461;0,134701326868204
422;7,466;0,149467692561594
423;7,470;0,124879355117398
424;7,475;0,164935627665755
425;7,479;0,1558486333929
426;7,484;0,136572178630263
427;7,488;0,13156096855332
428;7,492;0,0857919165172491
429;7,497;0,0964824980147256
430;7,501;0,0994892240608909
431;7,506;0,107874648922974
432;7,510;0,0792773434172243
433;7,515;0,124311417975344
434;7,519;0,123008503355339
435;7,523;0,119367024032761
436;7,528;0,123643256631752
437;7,532;0,118331373950193
438;7,537;0,127184511752791
439;7,541;0,139745945012326
440;7,546;0,126750206879456
441;7,550;0,152140337935963
442;7,555;0,0899345168475212
443;7,559;0,0635755518428057
444;7,563;0,102596174308595
445;7,568;0,118465006218912
446;7,572;0,124779130915859
447;7,577;0,0621724130212619
448;7,581;0,131661192754859
449;7,586;0,0754020076243891
450;7,590;0,0937430365059972
451;7,595;0,115892585046081
452;7,599;0,106104021362454
453;7,603;0,121839221004053
454;7,608;0,104667474473731
455;7,612;0,116560746389674
456;7,617;0,0965493141490848
457;7,621;0,129122179649209
458;7,626;0,0974513319629344
459;7,630;0,0929412428936865
460;7,635;0,115023975299411
461;7,639;0,0725957299813015
462;7,643;0,167474640771406
463;7,648;0,130859399142549
464;7,652;0,148832939285181
465;7,657;0,153910965496482
466;7,661;0,190392574856621
467;7,666;0,337053989775127
468;7,670;0,660343855872253
469;7,675;1,50302894241084
470;7,679;3,35102958651837
471;7,683;6,93611609169713
472;7,688;12,5812776514396
473;7,692;20,4366835277182
474;7,697;28,8725545712425
475;7,701;36,6776813064158
476;7,706;43,0688115982119
477;7,710;45,4591588049133
478;7,714;46,3861992610804
479;7,719;45,0460346461701
480;7,723;42,4579116817654
481;7,728;38,5274525780838
482;7,732;33,6821135546885
483;7,737;29,3934865627743
484;7,741;24,5318778106625
485;7,746;20,0525241632198
486;7,750;16,0508724683784
487;7,754;12,7549996007736
488;7,759;9,85437757597078
489;7,763;7,40015414482197
490;7,768;5,76436154343934
491;7,772;4,44213706060457
492;7,777;3,38270043420465
493;7,781;2,58230996071545
494;7,786;2,01811452218613
495;7,790;1,58738431203937
496;7,794;1,28253569902539
497;7,799;1,07480433730255
498;7,803;0,876026337583842
499;7,808;0,745968732053604
500;7,812;0,626568299953663
501;7,817;0,620421215592614
502;7,821;0,521032215733262
503;7,826;0,462668322370476
504;7,830;0,434672362073959
505;7,834;0,388368780963014
506;7,839;0,347544122869526
507;7,843;0,325294350127903
508;7,848;0,314503544428887
509;7,852;0,296429780084716
510;7,857;0,300104667474474
511;7,861;0,294725968658556
512;7,866;0,208098850461816
513;7,870;0,241106020835275
514;7,874;0,213644589613632
515;7,879;0,25543808165533
516;7,883;0,228978892449075
517;7,888;0,255872386528665
518;7,892;0,276752428515923
519;7,897;0,284369467832875
520;7,901;0,26669660029486
521;7,905;0,323022601559689
522;7,910;0,291619018410852
523;7,914;0,323724170970461
524;7,919;0,259814538455859
525;7,923;0,289046597238021
526;7,928;0,242241895119382
527;7,932;0,259814538455859
528;7,937;0,192864771827912
529;7,941;0,184813427637625
530;7,945;0,22420153884239
531;7,950;0,188621947296101
532;7,954;0,16186208548523
533;7,959;0,163064775903697
534;7,963;0,131327112083063
535;7,968;0,115591912441465
536;7,972;0,134935183338461
537;7,977;0,107039447243484
538;7,981;0,144122401812855
539;7,985;0,157151548012905
540;7,990;0,150737199114419
541;7,994;0,140647962826175
542;7,999;0,138944151400015
543;8,003;0,177664101261188
544;8,008;0,160559170865226
545;8,012;0,186751095534043
546;8,017;0,184980467973523
547;8,021;0,13850984652668
548;8,025;0,173855581602712
549;8,030;0,122473974280465
550;8,034;0,169345492533464
551;8,039;0,16363271304575
552;8,043;0,151973297600065
553;8,048;0,153443252555968
554;8,052;0,192096386282781
555;8,057;0,194601991321252
556;8,061;0,213410733143375
557;8,065;0,230749520009595
558;8,070;0,229112524717794
559;8,074;0,20692956811053
560;8,079;0,172552666982707
561;8,083;0,174557151013484
562;8,088;0,190425982923801
563;8,092;0,175525984961693
564;8,097;0,162129350022667
565;8,101;0,131093255612806
566;8,105;0,147897513404152
567;8,110;0,092206265415735
568;8,114;0,119834736973276
569;8,119;0,081816356522875
570;8,123;0,168577106988333
571;8,128;0,153810741294943
572;8,132;0,351319234460822
573;8,136;0,792138680895831
574;8,141;1,58197220515627
575;8,145;3,27686367737963
576;8,150;5,97289469877449
577;8,154;9,70143544442251
578;8,159;13,9332353140642
579;8,163;17,9415686223415
580;8,168;21,384136312932
581;8,172;23,1167789010684
582;8,176;22,9720885621134
583;8,181;22,0340568518442
584;8,185;19,9952961441411
585;8,190;17,5498924427277
586;8,194;14,8477811531062
587;8,199;12,4163420237738
588;8,203;10,0430997474684
589;8,208;7,77893481050443
590;8,212;6,08564692550569
591;8,216;4,57476708730764
592;8,221;3,46528517627266
593;8,225;2,61164224369915
594;8,230;2,04119949660724
595;8,234;1,53830786135251
596;8,239;1,16139804743211
597;8,243;0,895970953690071
598;8,248;0,767216262779838
599;8,252;0,524740511190199
600;8,256;0,504361590210635
601;8,261;0,411888060257463
602;8,265;0,375072370225528
603;8,270;0,289313861775458
604;8,274;0,302743904781663
605;8,279;0,418836938230822
606;8,283;0,553872345770823
607;8,288;1,20669938652766
608;8,292;2,44406737872621
609;8,296;4,609244212637
610;8,301;8,26675940746116
611;8,305;12,828163267897
612;8,310;17,7384475738895
613;8,314;22,4244635249052
614;8,319;25,1585129267505
615;8,323;26,4948022058679
616;8,327;26,3357463980257
617;8,332;24,6862898971666
618;8,336;22,4832283150742
619;8,341;19,2869783037989
620;8,345;15,6660449425365
621;8,350;12,551410839381
622;8,354;9,74152512503804
623;8,359;7,14832413442203
624;8,363;5,28067954681289
625;8,367;3,81470015090424
626;8,372;2,8727931048422
627;8,376;2,10831630357109
628;8,381;1,60468969083841
629;8,385;1,27842650676229
630;8,390;1,0042464994192
631;8,394;0,820669170267221
632;8,399;0,673673674676919
633;8,403;0,557213152488784
634;8,407;0,434271465267804
635;8,412;0,407377971188215
636;8,416;0,349147710094147
637;8,421;0,310394352165795
638;8,425;0,26579458248101
639;8,430;0,261351309546121
640;8,434;0,226740551948041
641;8,439;0,17575984143195
642;8,443;0,199680017532554
643;8,447;0,172118362109372
644;8,452;0,170314326481673
645;8,456;0,125413884192271
646;8,461;0,116761194792751
647;8,465;0,0828185985382634
648;8,470;0,106972631109124
649;8,474;0,146561190716967
650;8,479;0,0784087336705544
651;8,483;0,104467026070653
652;8,487;0,0788096304767097
653;8,492;0,0623728614243396
654;8,496;0,0783753256033747
655;8,501;0,0933755477670215
656;8,505;0,068052232844874
657;8,510;0,0502457330381397
658;8,514;0,0448670342222218
659;8,518;0,0492434910227512
660;8,523;0,0378179320473232
661;8,527;0,0668161343592283
662;8,532;0,0475730876637705
663;8,536;0,0556912479884168
664;8,541;0,0771726351849086
665;8,545;0,0566266738694459
666;8,550;0,036882506166294
667;8,554;0,0306686056708858
668;8,558;0,0627737582304949
669;8,563;0,0634085115069076
670;8,567;0,0489428184181347
671;8,572;0,0540876607637953
672;8,576;0,0166706255226274
673;8,581;0,0257242117283029
674;8,585;0,0668161343592283
675;8,590;0,0456354197673529
676;8,594;0,0653795874705048
677;8,598;0,0385195014580951
678;8,603;0,0335416994483326
679;8,607;0,0420607565791342
680;8,612;0,0369159142334736
681;8,616;0,0409582903622069
682;8,621;0,0603015612592035
683;8,625;0,0728629945187384
684;8,630;0,0654798116720437
685;8,634;0,020345512912385
686;8,638;0,0434973034678576
687;8,643;0,0431966308632411
688;8,647;0,0302008927303712
689;8,652;0,0460029085063287
690;8,656;0,0356464076806483
691;8,661;0,0421943888478526
692;8,665;0,0654129955376845
693;8,670;0,0288645700431866
694;8,674;0,0135636752749233
695;8,678;0,0319047041565315
696;8,683;0,0255237633252252
697;8,687;0,0138309398123602
698;8,692;0,0412589629668235
699;8,696;0,0573950594145771
700;8,701;0,0566934900038052
701;8,705;0,013162778468768
702;8,709;0,0049778020097625
703;8,714;0,0315706234847353
704;8,718;0,0229179340852153
705;8,723;0,0596668079827908
706;8,727;0,0323056009626869
707;8,732;0,0305349734021673
708;8,736;0,0498448362319843
709;8,741;0,0188421498893024
710;8,745;0,0189423740908412
711;8,749;0,0665488698217913
712;8,754;0,15407800583238
713;8,758;0,351386050595181
714;8,763;1,00157385404483
715;8,767;2,239242518848
716;8,772;4,54049041038136
717;8,776;7,97149890972773
718;8,781;12,5217778837927
719;8,785;17,5196581419302
720;8,789;22,2024001023623
721;8,794;25,6085529997271
722;8,798;26,8275131469096
723;8,803;26,5326535459824
724;8,807;24,239022693766
725;8,812;20,9426821132206
726;8,816;17,3197776759945
727;8,821;13,4932844773759
728;8,825;10,387670552359
729;8,829;7,67570388291942
730;8,834;5,5772763672335
731;8,838;4,01334451835422
732;8,843;2,97271663377642
733;8,847;2,09605554291617
734;8,852;1,69783138213517
735;8,856;1,24274669101447
736;8,861;1,01159627419872
737;8,865;0,715032861845281
738;8,869;0,641936010856285
739;8,874;0,477568320332584
740;8,878;0,438247025262178
741;8,883;0,378780665682465
742;8,887;0,309291885948868
743;8,892;0,279291441621574
744;8,896;0,388469005164553
745;8,900;0,510408450370145
746;8,905;1,09541711475237
747;8,909;2,6145153374766
748;8,914;5,89729224274702
749;8,918;11,88441877814
750;8,923;22,0769194020357
751;8,927;35,8140159536884
752;8,932;52,0081756222002
753;8,936;69,9996224888409
754;8,940;85,3920219531091
755;8,945;95,3001531091719
756;8,949;96,5837912744142
757;8,954;92,5101451948008
758;8,958;79,9002034217211
759;8,963;65,2094735924262
760;8,967;50,0805969620708
761;8,972;36,0761690568468
762;8,976;25,5367924714252
763;8,980;17,9788186172468
764;8,985;12,5461657728338
765;8,989;8,88831649733788
766;8,994;6,63156815128776
767;8,998;4,84784462843381
768;9,003;3,78880889884004
769;9,007;3,00231618129756
770;9,012;2,3254353321714
771;9,016;1,984238742066
772;9,020;1,72980290242606
773;9,025;1,4670484540584
774;9,029;1,42321706991874
775;9,034;1,21799131323437
776;9,038;1,14937114324744
777;9,043;0,936194266574327
778;9,047;0,805368275498958
779;9,052;0,763240702785464
780;9,056;0,653227937562995
781;9,060;0,606256195108458
782;9,065;0,565932658022663
783;9,069;0,488826838972114
784;9,074;0,425318103263667
785;9,078;0,423213395031352
786;9,083;0,430128864937532
787;9,087;0,39304591036816
788;9,092;0,36621923242293
789;9,096;0,305483366290392
790;9,100;0,285238077579545
791;9,105;0,285806014721599
792;9,109;0,259346825515344
793;9,114;0,229379789255231
794;9,118;0,234791896138328
795;9,123;0,190860287797136
796;9,127;0,183076208144285
797;9,131;0,19309862829817
798;9,136;0,175392352692974
799;9,140;0,172686299251425
800;9,145;0,165804237412425
801;9,149;0,162162758089847
802;9,154;0,110079581356829
803;9,158;0,130391686202034
804;9,163;0,0941439333121526
805;9,167;0,0906026781911135
806;9,171;0,0848230825690403
807;9,176;0,0902017813849581
808;9,180;0,0910703911316281
809;9,185;0,128454018305616
810;9,189;0,102562766241415
811;9,194;0,120903795123024
812;9,198;0,105235411615785
813;9,203;0,0886984183618755
814;9,207;0,0861594052562248
815;9,211;0,096883394820881
816;9,216;0,0759031286320833
817;9,220;0,103999313130139
818;9,225;0,0628739824320338
819;9,229;0,0636757760443445
820;9,234;0,0563260012648294
821;9,238;0,0624396775586988
822;9,243;0,02943250718524
823;9,247;0,0584975256315043
824;9,251;0,0342432688591045
825;9,256;0,0431966308632411
826;9,260;0,0469049263201782
827;9,265;0,0539540284950768
828;9,269;0,0418937162432361
829;9,274;0,101527116158847
830;9,278;0,108409177997848
831;9,283;0,0817495403885158
832;9,287;0,118698862689169
833;9,291;0,129656708724082
834;9,296;0,149066795755438
835;9,300;0,284402875900055
836;9,305;0,680121431642584
837;9,309;1,53473319816429
838;9,314;3,26172982294727
839;9,318;6,27520429868282
840;9,322;10,8886579277845
841;9,327;16,2043157209344
842;9,331;22,0707389096075
843;9,336;27,0804790315937
844;9,340;29,7441710439587
845;9,345;30,2337662684759
846;9,349;27,9719064881473
847;9,354;23,8011097491756
848;9,358;18,9707375398767
849;9,362;14,3618608159787
850;9,367;10,612373212209
851;9,371;7,64947855018343
852;9,376;5,29681564326064
853;9,380;3,86213960629929
854;9,385;2,72192227345906
855;9,389;2,07895061252021
856;9,394;1,57843095003523
857;9,398;1,23208951758417
858;9,402;0,989814214397607
859;9,407;0,864767818944312
860;9,411;0,769120522609076
861;9,416;0,695923447418542
862;9,420;0,625231977266478
863;9,425;0,528849703453292
864;9,429;0,526143650011743
865;9,434;0,438313841396537
866;9,438;0,402132904641015
867;9,442;0,290750408664182
868;9,447;0,282899512876972
869;9,451;0,277554222128234
870;9,456;0,172986971856042
871;9,460;0,177530468992469
872;9,465;0,153877557429303
873;9,469;0,0919055928111185
874;9,474;0,116761194792751
875;9,478;0,0785423659392728
876;9,482;0,119701104704557
877;9,487;0,0706914701520635
878;9,491;0,0534863155545622
879;9,496;0,0816827242541565
880;9,500;0,0699230846069324
881;9,505;0,0768051464459329
882;9,509;0,0729298106530976
883;9,513;0,101994829099362
884;9,518;0,121371508063538
885;9,522;0,181105132180688
886;9,527;0,476499262182836
887;9,531;1,1673112753229
888;9,536;2,67745613604299
889;9,540;5,69744518487857
890;9,545;10,0128654466709
891;9,549;15,9562608221258
892;9,553;22,8271643666883
893;9,558;29,1629040831006
894;9,562;33,3471308650785
895;9,567;34,9522214527231
896;9,571;33,5259976567582
897;9,576;29,0180467038098
898;9,580;23,4715725745159
899;9,585;17,9258334226999
900;9,589;12,7009119400098
901;9,593;9,06831916330164
902;9,598;6,10472293186525
903;9,602;4,37294895347559
904;9,607;3,09893231158101
905;9,611;2,29546829591129
906;9,616;1,78793293931859
907;9,620;1,43186975931826
908;9,625;1,15458280172746
909;9,629;0,930882383892768
910;9,633;0,766815365973683
911;9,638;0,620454623659794
912;9,642;0,524072349846607
913;9,647;0,46146563195201
914;9,651;0,40089680615537
915;9,656;0,358936273777774
916;9,660;0,355896139664429
917;9,665;0,295093457397532
918;9,669;0,264525075928185
919;9,673;0,250660728048645
920;9,678;0,22339974523008
921;9,682;0,194201094515097
922;9,687;0,173721949333993
923;9,691;0,177664101261188
924;9,696;0,16881096345859
925;9,700;0,15845446263291
926;9,704;0,137607828712831
927;9,709;0,132630026703068
928;9,713;0,0875625440777686
929;9,718;0,109277787744518
930;9,722;0,106304469765532
931;9,727;0,127117695618432
932;9,731;0,0907697185270116
933;9,736;0,0936094042372788
934;9,740;0,0524840735391738
935;9,744;0,08225066139621
936;9,749;0,0973511077613956
937;9,753;0,0489762264853143
938;9,758;0,0565598577350867
939;9,762;0,0555576157196983
940;9,767;0,0830190469413411
941;9,771;0,0385863175924543
942;9,776;0,0573616513473975
943;9,780;0,0528515622781495
944;9,784;0,0978188207019102
945;9,789;0,0824177017321081
946;9,793;0,0867273423982783
947;9,798;0,0695555958679566
948;9,802;0,10560290035476
949;9,807;0,0592325031094559
950;9,811;0,055323759249441
951;9,816;0,0735311558623307
952;9,820;0,0120937203190203
953;9,824;0,0359470802852648
954;9,829;0,0410919226309254
955;9,833;0,0513147911878873
956;9,838;0,0250894584518902
957;9,842;0,0284636732370312
958;9,847;0,0598338483186889
959;9,851;0,0624396775586988
960;9,856;0,0498114281648047
961;9,860;0,0582970772284267
962;9,864;0,0159356480446759
963;9,869;0,0314035831488373
964;9,873;0,0651123229330679
965;9,878;0,0266596376093321
966;9,882;0,0107239895646561
967;9,887;0
968;9,891;0,0353791431432114
969;9,896;0,0291652426478031
970;9,900;0,0368490980991144
971;9,904;0,0268600860124098
972;9,909;0,0469383343873579
973;9,913;0,0322721928955072
974;9,918;0,131393928217422
975;9,922;0,305717222760649
976;9,927;0,847662888548349
977;9,931;1,98681116323883
978;9,935;4,30549806583995
979;9,940;8,33113675291627
980;9,944;13,6116158513261
981;9,949;20,7900072462098
982;9,953;27,0812474171388
983;9,958;32,1435384287986
984;9,962;33,8322160005265
985;9,967;32,8634488684521
986;9,971;28,6154794942954
987;9,975;23,0796291303646
988;9,980;17,365813992568
989;9,984;12,3735128816496
990;9,989;8,83810417236692
991;9,993;6,10325297690935
992;9,998;4,19735615237954
993;10,002;3,06445518625164
994;10,007;2,33058017451706
995;10,011;1,88314593078049
996;10,015;1,43460922082699
997;10,020;1,1397830279669
998;10,024;0,941773413793322
999;10,029;0,741759315588972
1000;10,033;0,698729725061629
1001;10,038;0,528014501773801
1002;10,042;0,496644326692144
1003;10,047;0,437779312321664
1004;10,051;0,407478195389754
1005;10,055;0,350216768243895
1006;10,060;0,328301076174068
1007;10,064;0,270003998945641
1008;10,069;0,305349734021673
1009;10,073;0,282598840272356
1010;10,078;0,217419701204929
1011;10,082;0,208065442394637
1012;10,087;0,204991900214112
1013;10,091;0,140313882154379
1014;10,095;0,159089215909322
1015;10,100;0,102830030778852
1016;10,104;0,109611868416314
1017;10,109;0,136872851234879
1018;10,113;0,117562988405062
1019;10,118;0,114021733284023
1020;10,122;0,0883643376900794
1021;10,126;0,0842885534941664
1022;10,131;0,125714556796888
1023;10,135;0,197742349636136
1024;10,140;0,518493202627611
1025;10,144;1,23245700632314
1026;10,149;3,13367670144781
1027;10,153;6,77188203344214
1028;10,158;13,1595378862515
1029;10,162;22,6937993625073
1030;10,166;35,4123173539207
1031;10,171;49,6906245938832
1032;10,175;63,1365364319984
1033;10,180;73,3659529701275
1034;10,184;77,2349412301986
1035;10,189;73,8955042429916
1036;10,193;63,6558648363055
1037;10,198;49,5647764048176
1038;10,202;35,5283435712355
1039;10,206;24,8326506394805
1040;10,211;16,5680293483189
1041;10,215;11,4442340849814
1042;10,220;7,93645384725631
1043;10,224;5,85048754062839
1044;10,229;4,41447518097985
1045;10,233;3,41771208860888
1046;10,238;2,84603324303133
1047;10,242;2,37798622184493
1048;10,246;1,96890443923056
1049;10,251;1,68410066652435
1050;10,255;1,48806212831437
1051;10,260;1,44810607996755
1052;10,264;1,38877335265656
1053;10,269;1,3025137231988
1054;10,273;1,32245833930503
1055;10,278;1,3401980229774
1056;10,282;1,23910521169189
1057;10,286;1,15621979701927
1058;10,291;1,09976016348572
1059;10,295;0,951862650081566
1060;10,300;0,885313780259774
1061;10,304;0,729531963001234
1062;10,309;0,577825929938606
1063;10,313;0,534462258739467
1064;10,317;0,448670342222218
1065;10,322;0,412823486138492
1066;10,326;0,3602057803306
1067;10,331;0,332076187765364
1068;10,335;0,350985153789026
1069;10,340;0,361608919152143
1070;10,344;0,424549717718536
1071;10,349;0,358368336635721
1072;10,353;0,33852394473103
1073;10,357;0,33334569431819
1074;10,362;0,368524389058323
1075;10,366;0,759933304134683
1076;10,371;1,54014530504739
1077;10,375;3,29487062558944
1078;10,380;6,7291865235866
1079;10,384;11,6940596113506
1080;10,389;18,2821304591705
1081;10,393;25,2591380250955
1082;10,397;31,7723413943659
1083;10,402;35,8374016007141
1084;10,406;36,3150367371811
1085;10,411;32,6713190741021
1086;10,415;27,4508074562797
1087;10,420;21,2478648069064
1088;10,424;15,4672335347506
1089;10,429;10,8131891040257
1090;10,433;7,68619401601382
1091;10,437;5,45359970253457
1092;10,442;3,88021337064346
1093;10,446;2,99085721425495
1094;10,451;2,30301851909388
1095;10,455;1,79087284923039
1096;10,460;1,37728097754677
1097;10,464;1,14566284779051
1098;10,469;0,963856146199047
1099;10,473;0,853809972909398
1100;10,477;0,906160414179854
1101;10,482;1,15982786827466
1102;10,486;2,02195644991179
1103;10,491;4,0833678271627
1104;10,495;8,25920918427856
1105;10,500;15,4613203068598
1106;10,504;25,9411303085001
1107;10,508;39,2308594325506
1108;10,513;53,388429917726
1109;10,517;66,0200869344724
1110;10,522;72,8696427241072
1111;10,526;71,6348137450143
1112;10,531;64,1819416701829
1113;10,535;52,4549751126603
1114;10,540;38,7999955901351
1115;10,544;27,5274455623897
1116;10,548;18,888587102682
1117;10,553;13,1249605367206
1118;10,557;9,04770638585182
1119;10,562;6,7026271101788
1120;10,566;5,06893921702849
1121;10,571;4,06830078886469
1122;10,575;3,2134885739399
1123;10,580;2,61491623428276
1124;10,584;2,18959813101909
1125;10,588;1,87609682860559
1126;10,593;1,65640537883245
1127;10,597;1,40437492002944
1128;10,602;1,24468435891088
1129;10,606;1,10313437827086
1130;10,611;0,998299863461229
1131;10,615;0,892296066300314
1132;10,620;0,787461551490685
1133;10,624;0,732171200308423
1134;10,628;0,590287138996602
1135;10,633;0,623461349705959
1136;10,637;0,583070996485805
1137;10,642;0,534261810336389
1138;10,646;0,464271909595098
1139;10,651;0,463035811109452
1140;10,655;0,428892766451886
1141;10,660;0,471187379501278
1142;10,664;0,347009593794652
1143;10,668;0,326797713150985
1144;10,673;0,309325294016047
1145;10,677;0,311730674852979
1146;10,682;0,259413641649704
1147;10,686;0,312031347457596
1148;10,691;0,269736734408204
1149;10,695;0,311463410315543
1150;10,699;0,265126421137418
1151;10,704;0,275750186500535
1152;10,708;0,221328445064944
1153;10,713;0,246317679315295
1154;10,717;0,294191439583682
1155;10,722;0,581300368925286
1156;10,726;1,14061822964639
1157;10,731;2,59958193144731
1158;10,735;5,35708379645266
1159;10,739;9,90114887002224
1160;10,744;16,0919309829422
1161;10,748;23,0918898910195
1162;10,753;29,2800661746995
1163;10,757;32,8634822765192
1164;10,762;32,8536268967013
1165;10,766;30,3451821725199
1166;10,771;24,7651329357105
1167;10,775;19,1928343704868
1168;10,779;13,6528079981585
1169;10,784;9,67223679370752
1170;10,788;6,66340603930994
1171;10,793;4,79559441136489
1172;10,797;3,58775915055312
1173;10,802;2,65390344868137
1174;10,806;2,06341586128169
1175;10,811;1,66649461512069
1176;10,815;1,28828188658028
1177;10,819;1,08349043476925
1178;10,824;1,01406847117001
1179;10,828;0,825479931941085
1180;10,833;0,729632187202773
1181;10,837;0,631612918097785
1182;10,842;0,58006427043964
1183;10,846;0,503392756262426
1184;10,851;0,430396129474969
1185;10,855;0,435340523417552
1186;10,859;0,42508424679341
1187;10,864;0,36361340318292
1188;10,868;0,309325294016047
1189;10,873;0,29091744900008
1190;10,877;0,301808478900634
1191;10,882;0,279993011032346
1192;10,886;0,249892342503514
1193;10,891;0,216818355995696
1194;10,895;0,304882021081159
1195;10,899;0,24327754520195
1196;10,904;0,271707810371802
1197;10,908;0,306853097044756
1198;10,913;0,290483144126745
1199;10,917;0,250927992586082
1200;10,922;0,272242339446676
1201;10,926;0,238600415796804
1202;10,930;0,204457371139238
1203;10,935;0,209969702223875
1204;10,939;0,227809610097789
1205;10,944;0,309592558553484
1206;10,948;0,303512290326794
1207;10,953;0,206395039035656
1208;10,957;0,265727766346651
1209;10,962;0,255571713924048
1210;10,966;0,23980310621527
1211;10,970;0,1922300185515
1212;10,975;0,175860065633489
1213;10,979;0,175425760760154
1214;10,984;0,233956694458838
1215;10,988;0,361141206211629
1216;10,993;0,703139589929339
1217;10,997;1,58357579238089
1218;11,002;3,53143314928829
1219;11,006;7,03283244618211
1220;11,010;11,981502621364
1221;11,015;18,1951358522348
1222;11,019;24,8818273143689
1223;11,024;30,248298777699
1224;11,028;32,4142774052221
1225;11,033;30,7851664172754
1226;11,037;26,4331977299886
1227;11,042;21,0178502643747
1228;11,046;15,6465680393707
1229;11,050;11,2156560893385
1230;11,055;7,79213099704038
1231;11,059;5,5223869128574
1232;11,064;3,95073780045963
1233;11,068;2,93379623551217
1234;11,073;2,22838489701462
1235;11,077;1,76872330069031
1236;11,082;1,42472043294182
1237;11,086;1,29195677397004
1238;11,090;1,14980544812078
1239;11,095;0,971172512911383
1240;11,099;0,8865832868126
1241;11,104;0,775434647306024
1242;11,108;0,657069865288651
1243;11,113;0,645577490178863
1244;11,117;0,582603283545291
1245;11,121;0,532123694036894
1246;11,126;0,481276615789521
1247;11,130;0,411921468324642
1248;11,135;0,419404875372876
1249;11,139;0,311463410315543
1250;11,144;0,307521258388348
1251;11,148;0,290149063454949
1252;11,153;0,274280231544632
1253;11,157;0,2943250718524
1254;11,161;0,322554888619174
1255;11,166;0,247052656793246
1256;11,170;0,304948837215518
1257;11,175;0,230549071606517
1258;11,179;0,237999070587571
1259;11,184;0,213310508941836
1260;11,188;0,258311175432776
1261;11,193;0,196740107620748
1262;11,197;0,199045264256141
1263;11,201;0,1801028901653
1264;11,206;0,179869033695042
1265;11,210;0,16363271304575
1266;11,215;0,21728606893621
1267;11,219;0,161294148343177
1268;11,224;0,155447736586745
1269;11,228;0,136839443167699
1270;11,233;0,156015673728798
1271;11,237;0,149567916763132
1272;11,241;0,104032721197318
1273;11,246;0,130291462000495
1274;11,250;0,128955139313311
1275;11,255;0,131427336284602
1276;11,259;0,116293481852237
1277;11,264;0,160592578932405
1278;11,268;0,110179805558367
1279;11,273;0,112418146059402
1280;11,277;0,137975317451806
1281;11,281;0,114155365552741
1282;11,286;0,126482942342019
1283;11,290;0,0912040234003466
1284;11,295;0,125614332595349
1285;11,299;0,121738996802514
1286;11,304;0,173521500930916
1287;11,308;0,176828899581698
1288;11,312;0,133866125188714
1289;11,317;0,159590336917017
1290;11,321;0,196272394680233
1291;11,326;0,385328646849669
1292;11,330;0,91077072745064
1293;11,335;1,98884905533679
1294;11,339;4,54363076869624
1295;11,344;9,27825545745833
1296;11,348;17,075831969449
1297;11,352;28,4259221211183
1298;11,357;42,8449775481085
1299;11,361;59,6963073061104
1300;11,366;77,2899977249106
1301;11,370;92,2231698977279
1302;11,375;100
1303;11,379;98,7754272975312
1304;11,384;89,5728745203019
1305;11,388;75,2433193052859
1306;11,392;60,4801607863457
1307;11,397;47,3771159416949
1308;11,401;35,7389146186686
1309;11,406;26,6070867196585
1310;11,410;19,5066697535721
1311;11,415;14,3260807760293
1312;11,419;10,3680266088573
1313;11,424;8,01162199841044
1314;11,428;6,08651553525236
1315;11,432;4,9350396837726
1316;11,437;3,91028063110512
1317;11,441;3,35580694012506
1318;11,446;2,82882808843383
1319;11,450;2,54900211773738
1320;11,455;2,25123601496548
1321;11,459;1,92607529710629
1322;11,464;1,75061612827896
1323;11,468;1,61270762696151
1324;11,472;1,42735967024901
1325;11,477;1,29058704321567
1326;11,481;1,1389478262874
1327;11,486;1,11292294195449
1328;11,490;1,05161913867989
1329;11,495;0,979624753907825
1330;11,499;0,838542486208315
1331;11,503;0,830758406555465
1332;11,508;0,770089356557285
1333;11,512;0,689976811460571
1334;11,517;0,682493404412337
1335;11,521;0,651724574539912
1336;11,526;0,68048892038156
1337;11,530;0,552135126277483
1338;11,535;0,576823687923218
1339;11,539;0,577525257333989
1340;11,543;0,518058897754276
1341;11,548;0,536934455710758
1342;11,552;0,530119210006117
1343;11,557;0,499450604335231
1344;11,561;0,576890504057577
1345;11,566;0,514216970028621
1346;11,570;0,646546324127072
1347;11,575;0,9541009905826
1348;11,579;1,67177308973507
1349;11,583;3,29370134323816
1350;11,588;6,37121908375703
1351;11,592;10,8920655506368
1352;11,597;16,5916488518148
1353;11,601;22,0335557308365
1354;11,606;26,8043613563542
1355;11,610;28,9411079250951
1356;11,615;27,5897181996125
1357;11,619;24,328489497673
1358;11,623;19,5672051713015
1359;11,628;14,8145067181953
1360;11,632;10,769157271483
1361;11,637;7,67182854712659
1362;11,641;5,50905709405273
1363;11,646;4,14089651884599
1364;11,650;3,04588030089978
1365;11,655;2,80971867400709
1366;11,659;3,04698276711671
1367;11,663;4,31829335556974
1368;11,668;6,87474547228817
1369;11,672;11,7708647577965
1370;11,677;18,5009867072642
1371;11,681;26,1960338610806
1372;11,686;33,0560797838097
1373;11,690;37,996264309928
1374;11,694;39,072638826388
1375;11,699;35,7798395009637
1376;11,703;29,6868093926113
1377;11,708;22,4947875063183
1378;11,712;16,6101903290995
1379;11,717;11,734683821041
1380;11,721;8,59135218817829
1381;11,726;6,24760923519246
1382;11,730;4,6805370279983
1383;11,734;3,80497840335497
1384;11,739;3,04718321551978
1385;11,743;2,51328889392237
1386;11,748;2,12532100976551
1387;11,752;1,85060647334755
1388;11,757;1,64361008910266
1389;11,761;1,44930877038602
1390;11,766;1,3092287447019
1391;11,770;1,05616263581632
1392;11,774;1,06408034773789
1393;11,779;1,00073865236534
1394;11,783;0,864266697936617
1395;11,788;0,812383969606677
1396;11,792;0,790134196865054
1397;11,797;0,813753700361041
1398;11,801;0,693918963387765
1399;11,806;0,682393180210798
1400;11,810;0,58180148993298
1401;11,814;0,611033548715142
1402;11,819;0,5835721174935
1403;11,823;0,543281988474885
1404;11,828;0,535631541090753
1405;11,832;0,534863155545622
1406;11,837;0,44676608239298
1407;11,841;0,515419660447087
1408;11,846;0,4623008336315
1409;11,850;0,464305317662277
1410;11,854;0,471655092441792
1411;11,859;0,434271465267804
1412;11,863;0,400362277080496
1413;11,868;0,403135146656404
1414;11,872;0,438180209127819
1415;11,877;0,392678421629184
1416;11,881;0,410518329503098
1417;11,886;0,414493889497473
1418;11,890;0,443959804749892
1419;11,894;0,462601506236117
1420;11,899;0,61467502803772
1421;11,903;1,18424916538296
1422;11,908;2,54522700614608
1423;11,912;5,16241498899705
1424;11,917;9,52353748669106
1425;11,921;16,5171154539371
1426;11,925;25,3495736629507
1427;11,930;33,981115755946
1428;11,934;40,7904482326965
1429;11,939;43,5906121994903
1430;11,943;40,8306047294464
1431;11,948;34,1382004878246
1432;11,952;25,9836587780198
1433;11,957;18,3436347108482
1434;11,961;13,0130769197361
1435;11,965;9,36645275481252
1436;11,970;6,8066932394433
1437;11,974;5,18192530022995
1438;11,979;4,20096422363494
1439;11,983;3,26420201991856
1440;11,988;2,81259176778453
1441;11,992;2,28334116752509
1442;11,997;1,99977349330452
1443;12,001;1,71406770278446
1444;12,005;1,52304037465143
1445;12,010;1,37464174023958
1446;12,014;1,26977381736277
1447;12,019;1,13099670629866
1448;12,023;1,09531689055083
1449;12,028;0,952998524365673
1450;12,032;0,972776100136004
1451;12,037;0,906628127120368
1452;12,041;0,945949422190774
1453;12,045;0,890124541933639
1454;12,050;0,802227917184074
1455;12,054;0,826716030426731
1456;12,059;0,766314244965989
1457;12,063;0,723585327043262
1458;12,068;0,673038921400506
1459;12,072;0,708952593618591
1460;12,077;0,6215904979439
1461;12,081;0,574585347422183
1462;12,085;0,541611585115904
1463;12,090;0,562357994834445
1464;12,094;0,53853804293538
1465;12,099;0,550932435859017
1466;12,103;0,59823825898535
1467;12,108;0,539172796211792
1468;12,112;0,454683794314548
1469;12,116;0,485886929060308
1470;12,121;0,429126622922143
1471;12,125;0,453882000702238
1472;12,130;0,415796804117477
1473;12,134;0,435540971820629
1474;12,139;0,455953300867374
1475;12,143;0,765512451353678
1476;12,148;1,26345969266583
1477;12,152;2,48312140925918
1478;12,156;4,89645336618015
1479;12,161;8,86656784560395
1480;12,165;14,5829888126405
1481;12,170;21,4705295746585
1482;12,174;28,1811412128932
1483;12,179;32,7207296054607
1484;12,183;33,444682421243
1485;12,188;30,5433254189622
1486;12,192;25,5201552539698
1487;12,196;19,7846248725065
1488;12,201;14,3839769564516
1489;12,205;10,4308671832222
1490;12,210;7,5216926932214
1491;12,214;5,48834409240137
1492;12,219;4,11557320392384
1493;12,223;3,1602361148556
1494;12,228;2,62196533645766
1495;12,232;2,21525552661303
1496;12,236;1,86600759231735
1497;12,241;1,59897691135069
1498;12,245;1,45645809676246
1499;12,250;1,25981821334325
1500;12,254;1,1253507429453
1501;12,259;0,989780806330428
1502;12,263;1,01553842612591
1503;12,268;0,893331716382882
1504;12,272;0,784722089981956
1505;12,276;0,774198548820378
1506;12,281;0,787094062751709
1507;12,285;0,712193176135014
1508;12,290;0,644708880432193
1509;12,294;0,656101031340442
1510;12,299;0,626234219281867
1511;12,303;0,581367185059645
1512;12,307;0,572213374652431
1513;12,312;0,530319658409195
1514;12,316;0,549495888970293
1515;12,321;0,528649255050214
1516;12,325;0,519862933381975
1517;12,330;0,501154415761392
1518;12,334;0,47703379125771
1519;12,339;0,471287603702817
1520;12,343;0,480207557639773
1521;12,347;0,45712258321866
1522;12,352;0,44065240609911
1523;12,356;0,418502857559026
1524;12,361;0,414393665295934
1525;12,365;0,413959360422599
1526;12,370;0,423012946628274
1527;12,374;0,399861156072801
1528;12,379;0,401063846491268
1529;12,383;0,340728877164884
1530;12,387;0,333779999191525
1531;12,392;0,368992101998838
1532;12,396;0,381453311056834
1533;12,401;0,342332464389506
1534;12,405;0,402166312708195
1535;12,410;0,356597709075201
1536;12,414;0,422678865956478
1537;12,419;0,378179320473232
1538;12,423;0,373602415269625
1539;12,427;0,361241430413168
1540;12,432;0,349080893959788
1541;12,436;0,389738511717378
1542;12,441;0,369225958469095
1543;12,445;0,317677310810951
1544;12,450;0,359069906046493
1545;12,454;0,410084024629763
1546;12,459;0,578293642879121
1547;12,463;0,897574540914693
1548;12,467;1,69475783995465
1549;12,472;3,501432704961
1550;12,476;6,60975268341948
1551;12,481;11,7012757538614
1552;12,485;19,2266767425397
1553;12,490;30,1382191963422
1554;12,494;43,2302059707566
1555;12,498;58,2027328467114
1556;12,503;70,8282427790968
1557;12,507;80,2771466437086
1558;12,512;84,4123971992013
1559;12,516;80,2944520225077
1560;12,521;72,5834692206466
1561;12,525;63,278754573982
1562;12,530;55,488561244838
1563;12,534;50,3567146373103
1564;12,538;45,9388652415453
1565;12,543;41,0462538030908
1566;12,547;35,2445086324775
1567;12,552;28,5630622368906
1568;12,556;22,4280715961606
1569;12,561;17,1506326318641
1570;12,565;12,9864172821268
1571;12,570;10,1159961500543
1572;12,574;7,87802313775917
1573;12,578;6,54878296081668
1574;12,583;5,29397595755037
1575;12,587;4,57583614545739
1576;12,592;3,85325306042951
1577;12,596;3,4873345006112
1578;12,601;3,16016929872124
1579;12,605;2,84970813042109
1580;12,610;2,59229897280216
1581;12,614;2,32593645317909
1582;12,618;2,12652370018398
1583;12,623;2,01804770605177
1584;12,627;1,91077440233803
1585;12,632;1,69866658381466
1586;12,636;1,63595964171852
1587;12,641;1,54034575345047
1588;12,645;1,44790563156448
1589;12,650;1,42779397512235
1590;12,654;1,43554464670802
1591;12,658;1,29058704321567
1592;12,663;1,21090880299229
1593;12,667;1,15986127634184
1594;12,672;1,19019580134093
1595;12,676;1,04410232356448
1596;12,681;1,05071712086604
1597;12,685;1,05753236657069
1598;12,690;1,02218663149465
1599;12,694;0,922263102560428
1600;12,698;0,993823182459161
1601;12,703;0,950960632267716
1602;12,707;0,995894482624297
1603;12,712;1,0373538939942
1604;12,716;1,20917158349895
1605;12,721;1,64511345212574
1606;12,725;2,41984653002099
1607;12,729;4,24830345482845
1608;12,734;7,07121831537149
1609;12,738;11,4739338567041
1610;12,743;16,6760710375777
1611;12,747;22,0136111147303
1612;12,752;26,1181596564849
1613;12,756;28,4318019409419
1614;12,761;28,0685226184308
1615;12,765;24,9292333616968
1616;12,769;20,8931379495932
1617;12,774;16,4611903494784
1618;12,778;13,1541257793684
1619;12,783;10,7819859692799
1620;12,787;10,4617362372962
1621;12,792;11,8681490494236
1622;12,796;15,8356576996074
1623;12,801;21,710566537344
1624;12,805;29,2197980215074
1625;12,809;37,8463957205602
1626;12,814;45,8717150265143
1627;12,818;52,1472199978017
1628;12,823;55,6330177273227
1629;12,827;55,5006215570899
1630;12,832;51,4646263691879
1631;12,836;44,8766223375023
1632;12,841;36,6897750267348
1633;12,845;29,2553442049866
1634;12,849;21,9598909427055
1635;12,854;16,7067062351814
1636;12,858;12,7811581173752
1637;12,863;10,0380217212571
1638;12,867;7,92930452087987
1639;12,872;6,54216816351512
1640;12,876;5,55462569768572
1641;12,881;4,8273654832527
1642;12,885;4,10845728561459
1643;12,889;3,69456474132635
1644;12,894;3,35179797206351
1645;12,898;2,9919262724047
1646;12,903;2,85241418386263
1647;12,907;2,52595055138344
1648;12,912;2,36953398084849
1649;12,916;2,18184745943342
1650;12,920;1,91615310115395
1651;12,925;1,84769997150292
1652;12,929;1,76514863750209
1653;12,934;1,57813027743061
1654;12,938;1,47526683858458
1655;12,943;1,44112379392701
1656;12,947;1,34704667674922
1657;12,952;1,30174533765366
1658;12,956;1,17456082590087
1659;12,960;1,106508593056
1660;12,965;1,13373616780739
1661;12,969;1,01413528730437
1662;12,974;0,997431253714559
1663;12,978;0,980626995923214
1664;12,983;0,98263147995399
1665;12,987;0,942976104211788
1666;12,992;0,927942473980962
1667;12,996;0,902051221916761
1668;13,000;0,846159525525267
1669;13,005;0,941238884718448
1670;13,009;0,829355267733921
1671;13,014;0,795880384419947
1672;13,018;0,841348763851402
1673;13,023;0,824778362530314
1674;13,027;0,904022297880358
1675;13,032;1,23055274649391
1676;13,036;1,82354593893206
1677;13,040;3,28915784610173
1678;13,045;5,71939428501558
1679;13,049;9,28423550148348
1680;13,054;14,4327527345338
1681;13,058;20,6853731798032
1682;13,063;27,5471563220257
1683;13,067;33,1138423319633
1684;13,072;36,788763129788
1685;13,076;36,8043312890937
1686;13,080;33,3454604617195
1687;13,085;28,1089129716509
1688;13,089;22,190440014312
1689;13,094;17,1722476513294
1690;13,098;12,7928509408881
1691;13,103;10,001172623158
1692;13,107;7,8820655138879
1693;13,111;6,29544958739367
1694;13,116;5,17841745317609
1695;13,120;4,32697945303644
1696;13,125;3,7819936531354
1697;13,129;3,31087308976848
1698;13,134;2,92805004795728
1699;13,138;2,6130453825207
1700;13,143;2,37026895832644
1701;13,147;2,12278199665986
1702;13,151;1,97869300291419
1703;13,156;1,87479391398559
1704;13,160;1,77563877059649
1705;13,165;1,63048071870107
1706;13,169;1,50890876223445
1707;13,174;1,52380876019656
1708;13,178;1,42321706991874
1709;13,183;1,38820541551451
1710;13,187;1,30127762471315
1711;13,191;1,2810323360023
1712;13,196;1,21371508063538
1713;13,200;1,17917113917166
1714;13,205;1,15628661315362
1715;13,209;1,08726554636054
1716;13,214;1,02385703485363
1717;13,218;0,984168251044253
1718;13,223;0,927307720704549
1719;13,227;1,02923573366955
1720;13,231;0,895770505286994
1721;13,236;0,863899209197642
1722;13,240;0,818397421699007
1723;13,245;0,807907288604608
1724;13,249;0,817094507079002
1725;13,254;0,791804600224034
1726;13,258;0,812016480867701
1727;13,263;0,760233976739299
1728;13,267;0,739554383155118
1729;13,271;0,72726021443302
1730;13,276;0,74800662415156
1731;13,280;0,695355510276488
1732;13,285;0,730300348546365
1733;13,289;0,74282837373872
1734;13,294;0,831593608234955
1735;13,298;1,17703302287217
1736;13,302;1,81305580583766
1737;13,307;3,07831953413118
1738;13,311;5,1459448118775
1739;13,316;8,52744255566369
1740;13,320;12,8903690889854
1741;13,325;18,2961618473859
1742;13,329;23,7478906981584
1743;13,334;27,8617934987233
1744;13,338;29,5340008933317
1745;13,342;28,7704929260088
1746;13,347;25,470911762947
1747;13,351;21,7726053180966
1748;13,356;17,4021285615923
1749;13,360;13,5783414164152
1750;13,365;10,2425125004635
1751;13,369;8,13630090512476
1752;13,374;6,27660743750436
1753;13,378;5,16869570562682
1754;13,382;4,19481713927389
1755;13,387;3,5394510854114
1756;13,391;3,09839778250613
1757;13,396;2,72369290101958
1758;13,400;2,56426960443846
1759;13,405;2,83571015027283
1760;13,409;3,32587331193213
1761;13,414;4,55405408565628
1762;13,418;6,4260083139316
1763;13,422;9,43527337320252
1764;13,427;12,9088103420685
1765;13,431;16,4401098590881
1766;13,436;19,6858372178563
1767;13,440;21,4894385406822
1768;13,445;21,8087862548521
1769;13,449;20,6164857452789
1770;13,454;18,0541538087368
1771;13,458;15,2711281804062
1772;13,462;12,2937344172247
1773;13,467;9,73878566352932
1774;13,471;7,54247251100712
1775;13,476;5,864552336911
1776;13,480;4,77875674550636
1777;13,485;3,9876537146931
1778;13,489;3,22207444720506
1779;13,493;2,76478482365051
1780;13,498;2,44694047250366
1781;13,502;2,13497594118042
1782;13,507;1,93609771726018
1783;13,511;1,74296568089483
1784;13,516;1,64561457313343
1785;13,520;1,49240517704772
1786;13,525;1,33525362903482
1787;13,529;1,28871619145361
1788;13,533;1,19634288570198
1789;13,538;1,1791043230373
1790;13,542;1,13410365654636
1791;13,547;1,05806689564556
1792;13,551;1,03792183113625
1793;13,556;0,968733724007271
1794;13,560;0,913209516354752
1795;13,565;0,906962207792164
1796;13,569;0,864166473735079
1797;13,573;0,886416246476702
1798;13,578;0,879801449175138
1799;13,582;0,821470963879532
1800;13,587;0,829589124204178
1801;13,591;0,81813015716157
1802;13,596;0,853977013245296
1803;13,600;0,79821894912252
1804;13,605;0,833197195459576
1805;13,609;0,777171866799363
1806;13,613;0,860992707353015
1807;13,618;1,04450322037064
1808;13,622;1,50185966005955
1809;13,627;2,25140305530138
1810;13,631;3,64164636291384
1811;13,636;6,04174872523168
1812;13,640;9,52567560299056
1813;13,645;14,5654829854384
1814;13,649;21,1625406033296
1815;13,653;29,9321582379784
1816;13,658;39,3504603130536
1817;13,662;49,1577659223683
1818;13,667;58,4097292309563
1819;13,671;64,3205517409111
1820;13,676;64,545788929836
1821;13,680;60,1805906479461
1822;13,685;51,3058712339503
1823;13,689;41,3159237213647
1824;13,693;31,7514947604458
1825;13,698;24,031825861118
1826;13,702;18,7787079697283
1827;13,707;14,815007839203
1828;13,711;12,2032319632351
1829;13,716;9,78458812363256
1830;13,720;8,24801748177339
1831;13,724;6,97650644491728
1832;13,729;6,21470228902054
1833;13,733;5,53174117166769
1834;13,738;4,78774351557768
1835;13,742;4,32928460967184
1836;13,747;4,07137433104521
1837;13,751;3,72062303372645
1838;13,756;3,35908093070866
1839;13,760;3,11874329541852
1840;13,764;2,90215879589308
1841;13,769;2,7044832623913
1842;13,773;2,47306558103812
1843;13,778;2,39398868602397
1844;13,782;2,30047950598823
1845;13,787;2,07170106194223
1846;13,791;2,03371608955901
1847;13,796;1,82705378598592
1848;13,800;1,85494952208089
1849;13,804;1,76872330069031
1850;13,809;1,53510068690327
1851;13,813;1,700403803308
1852;13,818;1,55614776922643
1853;13,822;1,40313882154379
1854;13,827;1,4249208813449
1855;13,831;1,36999801890162
1856;13,836;1,35703568883593
1857;13,840;1,32396170232811
1858;13,844;1,26222359418018
1859;13,849;1,21167718853742
1860;13,853;1,1999175488902
1861;13,858;1,17569670018498
1862;13,862;1,13216598864994
1863;13,867;1,11205433220782
1864;13,871;1,11726599068784
1865;13,876;1,00174089438073
1866;13,880;1,07313393394357
1867;13,884;1,08910299005542
1868;13,889;0,970671391903688
1869;13,893;0,862696518779176
1870;13,898;0,906728351321907
1871;13,902;0,871583064648953
1872;13,907;0,942241126733837
1873;13,911;0,896238218227508
1874;13,915;0,934323414812268
1875;13,920;0,857718716769413
1876;13,924;0,842618270404228
1877;13,929;0,781915812338869
1878;13,933;0,834667150415479
1879;13,938;0,772628369662936
1880;13,942;0,867340240117142
1881;13,947;0,792673209970704
1882;13,951;0,823909752783644
1883;13,955;0,812851682547191
1884;13,960;0,821470963879532
1885;13,964;0,893097859912624
1886;13,969;1,00190793471663
1887;13,973;1,33451865155687
1888;13,978;1,88939323934308
1889;13,982;2,96015520051689
1890;13,987;4,7859060718828
1891;13,991;7,21904901264128
1892;13,995;10,8568868558966
1893;14,000;15,3095474576628
1894;14,004;19,9127114020731
1895;14,009;24,7030273388236
1896;14,013;27,6221908409111
1897;14,018;29,1700200014098
1898;14,022;28,5628617884875
1899;14,027;26,045263253899
1900;14,031;22,6676742539728
1901;14,035;19,1443926730763
1902;14,040;15,2678541898226
1903;14,044;12,408557944121
1904;14,049;9,87916636181805
1905;14,053;8,11254776936006
1906;14,058;6,84451117149062
1907;14,062;5,61285595877979
1908;14,067;4,80822266075878
1909;14,071;4,11741064761872
1910;14,075;3,62183537907633
1911;14,080;3,33449259326447
1912;14,084;2,94438659280811
1913;14,089;2,74210074603555
1914;14,093;2,51238687610852
1915;14,098;2,23232704894182
1916;14,102;2,13450822823991
1917;14,106;2,05977438195911
1918;14,111;1,91748942384113
1919;14,115;1,8180670159146
1920;14,120;1,62029125821129
1921;14,124;1,60595919739123
1922;14,129;1,56366458434184
1923;14,133;1,44937558652038
1924;14,138;1,35042089153436
1925;14,142;1,4288630332721
1926;14,146;1,32526461694811
1927;14,151;1,32122224081938
1928;14,155;1,41008769951715
1929;14,160;1,32295946031272
1930;14,164;1,24394938143293
1931;14,169;1,18575252840604
1932;14,173;1,23686687119085
1933;14,178;1,1599280924762
1934;14,182;1,1099496239755
1935;14,186;1,13530634696483
1936;14,191;1,02425793165979
1937;14,195;0,967196952917009
1938;14,200;0,956038658479017
1939;14,204;0,894668039070066
1940;14,209;0,928009290115321
1941;14,213;0,919390008782981
1942;14,218;0,825680380344163
1943;14,222;0,850001453250922
1944;14,226;0,782283301077844
1945;14,231;0,774198548820378
1946;14,235;0,80606984490973
1947;14,240;0,801893836512278
1948;14,244;0,83199450504111
1949;14,249;0,785189802922471
1950;14,253;0,742293844663846
1951;14,258;0,769922316221387
1952;14,262;0,770790925968057
1953;14,266;0,750111332383876
1954;14,271;0,757661555566469
1955;14,275;0,769621643616771
1956;14,280;0,716770081338621
1957;14,284;0,738151244333574
1958;14,289;0,72031133645966
1959;14,293;0,751046758264905
1960;14,297;0,717505058816573
1961;14,302;0,681190489792332
1962;14,306;0,696023671620081
1963;14,311;0,681524570464128
1964;14,315;0,713896987561174
1965;14,320;0,708651921013975
1966;14,324;0,675377486103079
1967;14,329;0,599073460664841
1968;14,333;0,668495424264079
1969;14,337;0,72462097712583
1970;14,342;0,675912015177953
1971;14,346;0,76618061269727
1972;14,351;0,72552299493968
1973;14,355;0,739754831558196
1974;14,360;0,707983759670383
1975;14,364;0,776737561926028
1976;14,369;0,681892059203104
1977;14,373;0,693083761708275
1978;14,377;0,6753440780359
1979;14,382;0,662715828642006
1980;14,386;0,623494757773138
1981;14,391;0,601378617300234
1982;14,395;0,576122118512446
1983;14,400;0,570008442218576
1984;14,404;0,594730411931491
1985;14,409;0,547090508133361
1986;14,413;0,526878627489694
1987;14,417;0,534829747478443
1988;14,422;0,566667635500615
1989;14,426;0,558749923579046
1990;14,431;0,583070996485805
1991;14,435;0,588650143704801
1992;14,440;0,578627723550917
1993;14,444;0,548861135693881
1994;14,449;0,542212930325137
1995;14,453;0,583805973963757
1996;14,457;0,518025489687097
1997;14,462;0,526544546817898
1998;14,466;0,588850592107879
1999;14,471;0,525642529004049
2000;14,475;0,578226826744761
2001;14,480;0,600276151083307
2002;14,484;0,528315174378418
2003;14,488;0,601378617300234
2004;14,493;0,534929971679981
2005;14,497;0,519161363971204
2006;14,502;0,594529963528413
2007;14,506;0,628673008185979
2008;14,511;0,628739824320338
2009;14,515;0,634318971539333
2010;14,520;0,6268355644911
2011;14,524;0,590587811601219
2012;14,528;0,57050956322627
2013;14,533;0,548827727626701
2014;14,537;0,572413823055508
2015;14,542;0,568338038859596
2016;14,546;0,536466742770244
2017;14,551;0,568338038859596
2018;14,555;0,560687591475464
2019;14,560;0,556578399212371
2020;14,564;0,598772788060224
2021;14,568;0,579362701028868
2022;14,573;0,545787593513356
2023;14,577;0,638227715399348
2024;14,582;0,617748570218245
2025;14,586;0,551266516530813
2026;14,591;0,61123399711822
2027;14,595;0,581500817328364
2028;14,600;0,591924134288403
2029;14,604;0,519896341449155
2030;14,608;0,538237370330763
2031;14,613;0,466810922700748
2032;14,617;0,577391625065271
2033;14,622;0,513949705491184
2034;14,626;0,476833342854632
2035;14,631;0,569574137345241
2036;14,635;0,486321233933643
2037;14,640;0,515820557253242
2038;14,644;0,505864953233717
2039;14,648;0,550230866448245
2040;14,653;0,463971236990481
2041;14,657;0,513949705491184
2042;14,662;0,519495444643
2043;14,666;0,548460238887725
2044;14,671;0,521065623800442
2045;14,675;0,566834675836513
2046;14,680;0,52811472597534
2047;14,684;0,54114387217539
2048;14,688;0,547290956536439
2049;14,693;0,582469651276572
2050;14,697;0,54805934208157
2051;14,702;0,559885797863153
2052;14,706;0,559484901056998
2053;14,711;0,507769213062955
2054;14,715;0,52036405438967
2055;14,719;0,564729967604197
2056;14,724;0,496911591229581
2057;14,728;0,458458905905845
2058;14,733;0,485352399985434
2059;14,737;0,486087377463386
2060;14,742;0,509239168018858
2061;14,746;0,423213395031352
2062;14,751;0,512078853729125
2063;14,755;0,46146563195201
2064;14,759;0,438180209127819
2065;14,764;0,53329297638818
2066;14,768;0,466844330767928
2067;14,773;0,53332638445536
2068;14,777;0,531088043954326
2069;14,782;0,473993657144365
2070;14,786;0,523404188503015
2071;14,791;0,522802843293781
2072;14,795;0,509005311548601
2073;14,799;0,56883915986729
2074;14,804;0,547290956536439
2075;14,808;0,61297121661156
2076;14,813;0,534762931344083
2077;14,817;0,562658667439061
2078;14,822;0,534094770000491
2079;14,826;0,511410692385533
2080;14,831;0,508971903481421
2081;14,835;0,475964733107963
2082;14,839;0,507802621130135
2083;14,844;0,472523702188462
2084;14,848;0,507167867853722
2085;14,853;0,545787593513356
2086;14,857;0,501087599627032
2087;14,862;0,543014723937448
2088;14,866;0,547257548469259
2089;14,871;0,481276615789521
2090;14,875;0,535264052351778
2091;14,879;0,46407146119202
2092;14,884;0,47008491328435
2093;14,888;0,530921003618428
2094;14,893;0,506299258107052
2095;14,897;0,536199478232807
2096;14,902;0,462200609429961
2097;14,906;0,495909349214192
2098;14,910;0,444694782227844
2099;14,915;0,463336483714068
2100;14,919;0,482111817469011
2101;14,924;0,511744773057329
2102;14,928;0,519862933381975
2103;14,933;0,476031549242322
2104;14,937;0,543148356206167
2105;14,942;0,486655314605439
2106;14,946;0,52898333572201
2107;14,950;0,503960693404479
2108;14,955;0,526243874213282
2109;14,959;0,498882667193178
2110;14,964;0,50997414549681
2111;14,968;0,437879536523202
2112;14,973;0,495475044340857
2113;14,977;0,471588276307433
2114;14,982;0,465574824215102
2115;14,986;0,468113837320753
2116;14,990;0,555308892659546
2117;14,995;0,486321233933643
2118;14,999;0,532223918238433
2119;15,004;0,554841179719031
2120;15,008;0,565865841888304
2121;15,013;0,524940959593277
2122;15,017;0,5350636039487
2123;15,022;0,495174371736241
2124;15,026;0,53763602512153
2125;15,030;0,468214061522292
2126;15,035;0,555275484592366
2127;15,039;0,623594981974677
2128;15,044;0,678116947611808
2129;15,048;0,871549656581773
2130;15,053;1,2571121599017
2131;15,057;1,85959324341886
2132;15,062;2,7810211442998
2133;15,066;4,12806782104902
2134;15,070;5,84166781089297
2135;15,075;7,95920474100563
2136;15,079;10,0077206043252
2137;15,084;12,2146909302777
2138;15,088;13,7257044007445
2139;15,093;14,6043031595011
2140;15,097;14,5978554025355
2141;15,101;14,3501679924658
2142;15,106;13,2731587227294
2143;15,110;11,802201524811
2144;15,115;10,1983470356521
2145;15,119;8,66140890505394
2146;15,124;7,28656671641128
2147;15,128;5,92689179026816
2148;15,133;5,11019817999532
2149;15,137;4,22368170931708
2150;15,141;3,68220375646989
2151;15,146;3,14944530915658
2152;15,150;2,80514176880348
2153;15,155;2,40157231727374
2154;15,159;2,029807345699
2155;15,164;1,83861297723006
2156;15,168;1,77620670773854
2157;15,173;1,60295247134507
2158;15,177;1,44105697779266
2159;15,181;1,39959756642275
2160;15,186;1,27856013903101
2161;15,190;1,23372651287597
2162;15,195;1,23997382143856
2163;15,199;1,09498280987903
2164;15,204;1,0974884149175
2165;15,208;1,01867878444079
2166;15,213;1,02322228157722
2167;15,217;0,938833503881516
2168;15,221;0,964056594602125
2169;15,226;0,813085539017449
2170;15,230;0,875124319769992
2171;15,235;0,878030821614619
2172;15,239;0,84071401057499
2173;15,244;0,772461329327038
2174;15,248;0,765946756227013
2175;15,253;0,73160326316637
2176;15,257;0,764710657741367
2177;15,261;0,732037568039705
2178;15,266;0,737716939460239
2179;15,270;0,753752811706454
2180;15,275;0,80256199785587
2181;15,279;0,766882182108042
2182;15,284;0,689241833982619
2183;15,288;0,718741157302218
2184;15,292;0,636757760443445
2185;15,297;0,716569632935543
2186;15,301;0,673673674676919
2187;15,306;0,643573006148087
2188;15,310;0,67096762123537
2189;15,315;0,657370537893267
2190;15,319;0,626468075752124
2191;15,324;0,664853944941501
2192;15,328;0,668428608129719
2193;15,332;0,644541840096295
2194;15,337;0,630844532552654
2195;15,341;0,630844532552654
2196;15,346;0,642771212535776
2197;15,350;0,623862246512114
2198;15,355;0,608127046870516
2199;15,359;0,621957986682876
2200;15,364;0,592592295631995
2201;15,368;0,58183489800016
2202;15,372;0,579128844558611
2203;15,377;0,547424588805157
2204;15,381;0,546723019394385
2205;15,386;0,510274818101426
2206;15,390;0,56710194037395
2207;15,395;0,555609565264163
2208;15,399;0,517591184813762
2209;15,404;0,545052616035405
2210;15,408;0,566166514492921
2211;15,412;0,53249118277587
2212;15,417;0,570776827763707
2213;15,421;0,568872567934469
2214;15,426;0,587514269420694
2215;15,430;0,529684905132782
2216;15,435;0,535330868486137
2217;15,439;0,530653739080991
2218;15,444;0,501855985172163
2219;15,448;0,524807327324558
2220;15,452;0,55925104458674
2221;15,457;0,545520328975919
2222;15,461;0,614307539298745
2223;15,466;0,52814813404252
2224;15,470;0,543148356206167
2225;15,475;0,499818093074207
2226;15,479;0,45455016204583
2227;15,484;0,531388716558942
2228;15,488;0,527747237236364
2229;15,492;0,521533336740956
2230;15,497;0,540575935033336
2231;15,501;0,581500817328364
2232;15,506;0,510441858437324
2233;15,510;0,533259568321001
2234;15,515;0,494907107198804
2235;15,519;0,569574137345241
2236;15,523;0,472156213449486
2237;15,528;0,547825485611313
2238;15,532;0,494205537788032
2239;15,537;0,583705749762218
2240;15,541;0,532223918238433
2241;15,546;0,5419456657877
2242;15,550;0,563393644917013
2243;15,555;0,484584014440303
2244;15,559;0,509239168018858
2245;15,563;0,53329297638818
2246;15,568;0,493236703839823
2247;15,572;0,512914055408616
2248;15,577;0,48658849847108
2249;15,581;0,493069663503925
2250;15,586;0,52464028698866
2251;15,590;0,537402168651273
2252;15,595;0,553671897367745
2253;15,599;0,486788946874157
2254;15,603;0,505530872561921
2255;15,608;0,526043425810204
2256;15,612;0,457022359017121
