#"+EI EIC(294,3) Scan 120C_1ml-min_7C-min_2.D "
#Point;X(Minutes);Y(Counts)
0;5,191;0
1;5,195;0
2;5,199;0
3;5,203;0
4;5,208;0
5;5,212;0
6;5,216;0
7;5,220;0
8;5,224;0
9;5,228;0
10;5,232;0
11;5,236;0
12;5,241;0
13;5,245;0
14;5,249;0
15;5,253;0
16;5,257;0
17;5,261;0
18;5,265;0
19;5,269;0
20;5,273;0
21;5,278;0
22;5,282;0
23;5,286;0
24;5,290;0
25;5,294;0
26;5,298;0
27;5,302;0
28;5,306;0
29;5,311;0
30;5,315;0
31;5,319;0
32;5,323;0
33;5,327;0
34;5,331;0
35;5,335;0
36;5,339;0
37;5,344;0
38;5,348;0
39;5,352;0
40;5,356;0
41;5,360;0
42;5,364;0
43;5,368;0
44;5,372;0
45;5,377;0
46;5,381;0
47;5,385;0
48;5,389;0
49;5,393;0
50;5,397;0
51;5,401;0
52;5,405;0
53;5,410;0
54;5,414;0
55;5,418;0
56;5,422;0
57;5,426;0
58;5,430;0
59;5,434;0
60;5,438;0
61;5,442;0
62;5,447;0
63;5,451;0
64;5,455;0
65;5,459;0
66;5,463;0
67;5,467;0
68;5,471;0
69;5,475;0
70;5,480;0
71;5,484;0
72;5,488;0
73;5,492;0
74;5,496;0
75;5,500;0
76;5,504;0
77;5,508;0
78;5,513;0
79;5,517;0
80;5,521;0
81;5,525;0
82;5,529;0
83;5,533;0
84;5,537;0
85;5,541;0
86;5,546;0
87;5,550;0
88;5,554;0
89;5,558;0
90;5,562;0
91;5,566;0
92;5,570;0
93;5,574;0
94;5,579;0
95;5,583;0
96;5,587;0
97;5,591;0
98;5,595;0
99;5,599;0
100;5,603;0
101;5,607;0
102;5,611;0
103;5,616;0
104;5,620;0
105;5,624;0
106;5,628;0
107;5,632;0
108;5,636;0
109;5,640;0
110;5,644;0
111;5,649;0
112;5,653;0
113;5,657;0
114;5,661;0
115;5,665;0
116;5,669;0
117;5,673;0
118;5,677;0
119;5,682;0
120;5,686;0
121;5,690;0
122;5,694;0
123;5,698;0
124;5,702;0
125;5,706;0
126;5,710;0
127;5,715;0
128;5,719;0
129;5,723;0
130;5,727;0
131;5,731;0
132;5,735;0
133;5,739;0
134;5,743;0
135;5,748;0
136;5,752;0
137;5,756;0
138;5,760;0
139;5,764;0
140;5,768;0
141;5,772;0
142;5,776;0
143;5,780;0
144;5,785;0
145;5,789;0
146;5,793;0
147;5,797;0
148;5,801;0
149;5,805;0
150;5,809;0
151;5,813;0
152;5,818;0
153;5,822;0
154;5,826;0
155;5,830;0
156;5,834;0
157;5,838;0
158;5,842;0
159;5,846;0
160;5,851;0
161;5,855;0
162;5,859;0
163;5,863;0
164;5,867;0
165;5,871;0
166;5,875;0
167;5,879;0
168;5,884;0
169;5,888;0
170;5,892;0
171;5,896;0
172;5,900;0
173;5,904;0
174;5,908;0
175;5,912;0
176;5,917;0
177;5,921;0
178;5,925;0
179;5,929;0
180;5,933;0
181;5,937;0
182;5,941;0
183;5,945;0
184;5,949;0
185;5,954;0
186;5,958;0
187;5,962;0
188;5,966;0
189;5,970;0
190;5,974;0
191;5,978;0
192;5,982;0
193;5,987;0
194;5,991;0
195;5,995;0
196;5,999;0
197;6,003;0
198;6,007;0
199;6,011;0
200;6,015;0
201;6,020;0
202;6,024;0
203;6,028;0
204;6,032;0
205;6,036;0
206;6,040;0
207;6,044;0
208;6,048;0
209;6,053;0
210;6,057;0
211;6,061;0
212;6,065;0
213;6,069;0
214;6,073;0
215;6,077;0
216;6,081;0
217;6,086;0
218;6,090;0
219;6,094;0
220;6,098;0
221;6,102;0
222;6,106;0
223;6,110;0
224;6,114;0
225;6,118;0
226;6,123;0
227;6,127;0
228;6,131;0
229;6,135;0
230;6,139;0
231;6,143;0
232;6,147;0
233;6,151;0
234;6,156;0
235;6,160;0
236;6,164;0
237;6,168;0
238;6,172;0
239;6,176;0
240;6,180;0
241;6,184;0
242;6,189;0
243;6,193;0
244;6,197;0
245;6,201;0
246;6,205;0
247;6,209;0
248;6,213;0
249;6,217;0
250;6,222;0
251;6,226;0
252;6,230;0
253;6,234;0
254;6,238;0
255;6,242;0
256;6,246;0
257;6,250;0
258;6,255;0
259;6,259;0
260;6,263;0
261;6,267;0
262;6,271;0
263;6,275;0
264;6,279;0
265;6,283;0
266;6,288;0
267;6,292;0
268;6,296;0
269;6,300;0
270;6,304;0
271;6,308;0
272;6,312;0
273;6,316;0
274;6,320;0
275;6,325;0
276;6,329;0
277;6,333;0
278;6,337;0
279;6,341;0
280;6,345;0
281;6,349;0
282;6,353;0
283;6,358;0
284;6,362;0
285;6,366;0
286;6,370;0
287;6,374;0
288;6,378;0
289;6,382;0
290;6,386;0
291;6,391;0
292;6,395;0
293;6,399;0
294;6,403;0
295;6,407;0
296;6,411;0
297;6,415;0
298;6,419;0
299;6,424;0
300;6,428;0
301;6,432;0
302;6,436;0
303;6,440;0
304;6,444;0
305;6,448;0
306;6,452;0
307;6,457;0
308;6,461;0
309;6,465;0
310;6,469;0
311;6,473;0
312;6,477;0
313;6,481;0
314;6,485;0
315;6,489;0
316;6,494;0
317;6,498;0
318;6,502;0
319;6,506;0
320;6,510;0
321;6,514;0
322;6,518;0
323;6,522;0
324;6,527;0
325;6,531;0
326;6,535;0
327;6,539;0
328;6,543;0
329;6,547;0
330;6,551;0
331;6,555;0
332;6,560;0
333;6,564;0
334;6,568;0
335;6,572;0
336;6,576;0
337;6,580;0
338;6,584;0
339;6,588;0
340;6,593;0
341;6,597;0
342;6,601;0
343;6,605;0
344;6,609;0
345;6,613;0
346;6,617;0
347;6,621;0
348;6,626;0
349;6,630;0
350;6,634;0
351;6,638;0
352;6,642;0
353;6,646;0
354;6,650;0
355;6,654;0
356;6,658;0
357;6,663;0
358;6,667;0
359;6,671;0
360;6,675;0
361;6,679;0
362;6,683;0
363;6,687;0
364;6,691;0
365;6,696;0
366;6,700;0
367;6,704;0
368;6,708;0
369;6,712;0
370;6,716;0
371;6,720;0
372;6,724;0
373;6,729;0
374;6,733;0
375;6,737;0
376;6,741;0
377;6,745;0
378;6,749;0
379;6,753;0
380;6,757;0
381;6,762;0
382;6,766;0
383;6,770;0
384;6,774;0
385;6,778;0
386;6,782;0
387;6,786;0
388;6,790;0
389;6,795;0
390;6,799;0
391;6,803;0
392;6,807;0
393;6,811;0
394;6,815;0
395;6,819;0
396;6,823;0
397;6,827;0
398;6,832;0
399;6,836;0
400;6,840;0
401;6,844;0
402;6,848;0
403;6,852;0
404;6,856;0
405;6,860;0
406;6,865;0
407;6,869;0
408;6,873;0
409;6,877;0
410;6,881;0
411;6,885;0
412;6,889;0
413;6,893;0
414;6,898;0
415;6,902;0
416;6,906;0
417;6,910;0
418;6,914;0
419;6,918;0
420;6,922;0
421;6,926;0
422;6,931;0
423;6,935;0
424;6,939;0
425;6,943;0
426;6,947;0
427;6,951;0
428;6,955;0
429;6,959;0
430;6,964;0
431;6,968;0
432;6,972;0
433;6,976;0
434;6,980;0
435;6,984;0
436;6,988;0
437;6,992;0
438;6,996;0
439;7,001;0
440;7,005;0
441;7,009;0
442;7,013;0
443;7,017;0
444;7,021;0
445;7,025;0
446;7,029;0
447;7,034;0
448;7,038;0
449;7,042;0
450;7,046;0
451;7,050;0
452;7,054;0
453;7,058;0
454;7,062;0
455;7,067;0
456;7,071;0
457;7,075;0
458;7,079;0
459;7,083;0
460;7,087;0
461;7,091;0
462;7,095;0
463;7,100;0
464;7,104;0
465;7,108;0
466;7,112;0
467;7,116;0
468;7,120;0
469;7,124;0
470;7,128;0
471;7,133;0
472;7,137;0
473;7,141;0
474;7,145;0
475;7,149;0
476;7,153;0
477;7,157;0
478;7,161;0
479;7,165;0
480;7,170;0
481;7,174;0
482;7,178;0
483;7,182;0
484;7,186;0
485;7,190;0
486;7,194;0
487;7,198;0
488;7,203;0
489;7,207;0
490;7,211;0
491;7,215;0
492;7,219;0
493;7,223;0
494;7,227;0
495;7,231;0
496;7,236;0
497;7,240;0
498;7,244;0
499;7,248;0
500;7,252;0
501;7,256;0
502;7,260;0
503;7,264;0
504;7,269;0
505;7,273;0
506;7,277;0
507;7,281;0
508;7,285;0
509;7,289;0
510;7,293;0
511;7,297;0
512;7,302;0
513;7,306;0
514;7,310;0
515;7,314;0
516;7,318;0
517;7,322;0
518;7,326;0
519;7,330;0
520;7,334;0
521;7,339;0
522;7,343;0
523;7,347;0
524;7,351;0
525;7,355;0
526;7,359;0
527;7,363;0
528;7,367;0
529;7,372;0
530;7,376;0
531;7,380;0
532;7,384;0
533;7,388;0
534;7,392;0
535;7,396;0
536;7,400;0
537;7,405;0
538;7,409;0
539;7,413;0
540;7,417;0
541;7,421;0
542;7,425;0
543;7,429;0
544;7,433;0
545;7,438;0
546;7,442;0
547;7,446;0
548;7,450;0
549;7,454;0
550;7,458;0
551;7,462;0
552;7,466;0
553;7,471;0
554;7,475;0
555;7,479;0
556;7,483;0
557;7,487;0
558;7,491;0
559;7,495;0
560;7,499;0
561;7,503;0
562;7,508;0
563;7,512;0
564;7,516;0
565;7,520;0
566;7,524;0
567;7,528;0
568;7,532;0
569;7,536;0
570;7,541;0
571;7,545;0
572;7,549;0
573;7,553;0
574;7,557;0
575;7,561;0
576;7,565;0
577;7,569;0
578;7,574;0
579;7,578;0
580;7,582;0
581;7,586;0
582;7,590;0
583;7,594;0
584;7,598;0
585;7,602;0
586;7,607;0
587;7,611;0
588;7,615;0
589;7,619;0
590;7,623;0
591;7,627;0
592;7,631;0
593;7,635;0
594;7,640;0
595;7,644;0
596;7,648;0
597;7,652;0
598;7,656;0
599;7,660;0
600;7,664;0
601;7,668;0
602;7,672;0
603;7,677;0
604;7,681;0
605;7,685;0
606;7,689;0
607;7,693;0
608;7,697;0
609;7,701;0
610;7,705;0
611;7,710;0
612;7,714;0
613;7,718;0
614;7,722;0
615;7,726;0
616;7,730;0
617;7,734;0
618;7,738;0
619;7,743;0
620;7,747;0
621;7,751;0
622;7,755;0
623;7,759;0
624;7,763;0
625;7,767;0
626;7,771;0
627;7,776;0
628;7,780;0
629;7,784;0
630;7,788;0
631;7,792;0
632;7,796;0
633;7,800;0
634;7,804;0
635;7,809;0
636;7,813;0
637;7,817;0
638;7,821;0
639;7,825;0
640;7,829;0
641;7,833;0
642;7,837;0
643;7,841;0
644;7,846;0
645;7,850;0
646;7,854;0
647;7,858;0
648;7,862;0
649;7,866;0
650;7,870;0
651;7,874;0
652;7,879;0
653;7,883;0
654;7,887;0
655;7,891;0
656;7,895;0
657;7,899;0
658;7,903;0
659;7,907;0
660;7,912;0
661;7,916;0
662;7,920;0
663;7,924;0
664;7,928;0
665;7,932;0
666;7,936;0
667;7,940;0
668;7,945;0
669;7,949;0
670;7,953;0
671;7,957;0
672;7,961;0
673;7,965;0
674;7,969;0
675;7,973;0
676;7,978;0
677;7,982;0
678;7,986;0
679;7,990;0
680;7,994;0
681;7,998;0
682;8,002;0
683;8,006;0
684;8,010;0
685;8,015;0
686;8,019;0
687;8,023;0
688;8,027;0
689;8,031;0
690;8,035;0
691;8,039;0
692;8,043;0
693;8,048;0
694;8,052;0
695;8,056;0
696;8,060;0
697;8,064;0
698;8,068;0
699;8,072;0
700;8,076;0
701;8,081;0
702;8,085;0
703;8,089;0
704;8,093;0
705;8,097;0
706;8,101;0
707;8,105;0
708;8,109;0
709;8,114;0
710;8,118;0
711;8,122;0
712;8,126;0
713;8,130;0
714;8,134;0
715;8,138;0
716;8,142;0
717;8,147;0
718;8,151;0
719;8,155;0
720;8,159;0
721;8,163;0
722;8,167;0
723;8,171;0
724;8,175;0
725;8,179;0
726;8,184;0
727;8,188;0
728;8,192;0
729;8,196;0
730;8,200;0
731;8,204;0
732;8,208;0
733;8,212;0
734;8,217;0
735;8,221;0
736;8,225;0
737;8,229;0
738;8,233;0
739;8,237;0
740;8,241;0
741;8,245;0
742;8,250;0
743;8,254;0
744;8,258;0
745;8,262;0
746;8,266;0
747;8,270;0
748;8,274;0
749;8,278;0
750;8,283;0
751;8,287;0
752;8,291;0
753;8,295;0
754;8,299;0
755;8,303;0
756;8,307;0
757;8,311;0
758;8,316;0
759;8,320;0
760;8,324;0
761;8,328;0
762;8,332;0
763;8,336;0
764;8,340;0
765;8,344;0
766;8,348;0
767;8,353;0
768;8,357;0
769;8,361;0
770;8,365;0
771;8,369;0
772;8,373;0
773;8,377;0
774;8,381;0
775;8,386;0
776;8,390;0
777;8,394;0
778;8,398;0
779;8,402;0
780;8,406;0
781;8,410;0
782;8,414;0
783;8,419;0
784;8,423;0
785;8,427;0
786;8,431;0
787;8,435;0
788;8,439;0
789;8,443;0
790;8,447;0
791;8,452;0
792;8,456;0
793;8,460;0
794;8,464;0
795;8,468;0
796;8,472;0
797;8,476;0
798;8,480;0
799;8,485;0
800;8,489;0
801;8,493;0
802;8,497;0
803;8,501;0
804;8,505;0
805;8,509;0
806;8,513;0
807;8,517;0
808;8,522;0
809;8,526;0
810;8,530;0
811;8,534;0
812;8,538;0
813;8,542;0
814;8,546;0
815;8,550;0
816;8,555;0
817;8,559;0
818;8,563;0
819;8,567;0
820;8,571;0
821;8,575;0
822;8,579;0
823;8,583;0
824;8,588;0
825;8,592;0
826;8,596;0
827;8,600;0
828;8,604;0
829;8,608;0
830;8,612;0
831;8,616;0
832;8,621;0
833;8,625;0
834;8,629;0
835;8,633;0
836;8,637;0
837;8,641;0
838;8,645;0
839;8,649;0
840;8,654;0
841;8,658;0
842;8,662;0
843;8,666;0
844;8,670;0
845;8,674;0
846;8,678;0
847;8,682;0
848;8,686;0
849;8,691;0
850;8,695;0
851;8,699;0
852;8,703;0
853;8,707;0
854;8,711;0
855;8,715;0
856;8,719;0
857;8,724;0
858;8,728;0
859;8,732;0
860;8,736;0
861;8,740;0
862;8,744;0
863;8,748;0
864;8,752;0
865;8,757;0
866;8,761;0
867;8,765;0
868;8,769;0
869;8,773;0
870;8,777;0
871;8,781;0
872;8,785;0
873;8,790;0
874;8,794;0
875;8,798;0
876;8,802;0
877;8,806;0
878;8,810;0
879;8,814;0
880;8,818;0
881;8,823;0
882;8,827;0
883;8,831;0
884;8,835;0
885;8,839;0
886;8,843;0
887;8,847;0
888;8,851;0
889;8,855;0
890;8,860;0
891;8,864;0
892;8,868;0
893;8,872;0
894;8,876;0
895;8,880;0
896;8,884;0
897;8,888;0
898;8,893;0
899;8,897;0
900;8,901;0
901;8,905;0
902;8,909;0
903;8,913;0
904;8,917;0
905;8,921;0
906;8,926;0
907;8,930;0
908;8,934;0
909;8,938;0
910;8,942;0
911;8,946;0
912;8,950;0
913;8,954;0
914;8,959;0
915;8,963;0
916;8,967;0
917;8,971;0
918;8,975;0
919;8,979;0
920;8,983;0
921;8,987;0
922;8,992;0
923;8,996;0
924;9,000;0
925;9,004;0
926;9,008;0
927;9,012;0
928;9,016;0
929;9,020;0
930;9,024;0
931;9,029;0
932;9,033;0
933;9,037;0
934;9,041;0
935;9,045;0
936;9,049;0
937;9,053;0
938;9,057;0
939;9,062;0
940;9,066;0
941;9,070;0
942;9,074;0
943;9,078;0
944;9,082;0
945;9,086;0
946;9,090;0
947;9,095;0
948;9,099;0
949;9,103;0
950;9,107;0
951;9,111;0
952;9,115;0
953;9,119;0
954;9,123;0
955;9,128;0
956;9,132;0
957;9,136;0
958;9,140;0
959;9,144;0
960;9,148;0
961;9,152;0
962;9,156;0
963;9,161;0
964;9,165;0
965;9,169;0
966;9,173;0
967;9,177;0
968;9,181;0
969;9,185;0
970;9,189;0
971;9,193;0
972;9,198;0
973;9,202;0
974;9,206;0
975;9,210;0
976;9,214;0
977;9,218;0
978;9,222;0
979;9,226;0
980;9,231;0
981;9,235;0
982;9,239;0
983;9,243;0
984;9,247;0
985;9,251;0
986;9,255;0
987;9,259;0
988;9,264;0
989;9,268;0
990;9,272;0
991;9,276;0
992;9,280;0
993;9,284;0
994;9,288;0
995;9,292;0
996;9,297;0
997;9,301;0
998;9,305;0
999;9,309;0
1000;9,313;0
1001;9,317;0
1002;9,321;0
1003;9,325;0
1004;9,330;0
1005;9,334;0
1006;9,338;0
1007;9,342;0
1008;9,346;0
1009;9,350;0
1010;9,354;0
1011;9,358;0
1012;9,362;0
1013;9,367;0
1014;9,371;0
1015;9,375;0
1016;9,379;0
1017;9,383;0
1018;9,387;0
1019;9,391;0
1020;9,395;0
1021;9,400;0
1022;9,404;0
1023;9,408;0
1024;9,412;0
1025;9,416;0
1026;9,420;0
1027;9,424;0
1028;9,428;0
1029;9,433;0
1030;9,437;0
1031;9,441;0
1032;9,445;0
1033;9,449;0
1034;9,453;0
1035;9,457;0
1036;9,461;0
1037;9,466;0
1038;9,470;0
1039;9,474;0
1040;9,478;0
1041;9,482;0
1042;9,486;0
1043;9,490;0
1044;9,494;0
1045;9,499;0
1046;9,503;0
1047;9,507;0
1048;9,511;0
1049;9,515;0
1050;9,519;0
1051;9,523;0
1052;9,527;0
1053;9,531;0
1054;9,536;0
1055;9,540;0
1056;9,544;0
1057;9,548;0
1058;9,552;0
1059;9,556;0
1060;9,560;0
1061;9,564;0
1062;9,569;0
1063;9,573;0
1064;9,577;0
1065;9,581;0
1066;9,585;0
1067;9,589;0
1068;9,593;0
1069;9,597;0
1070;9,602;0
1071;9,606;0
1072;9,610;0
1073;9,614;0
1074;9,618;0
1075;9,622;0
1076;9,626;0
1077;9,630;0
1078;9,635;0
1079;9,639;0
1080;9,643;0
1081;9,647;0
1082;9,651;0
1083;9,655;0
1084;9,659;0
1085;9,663;0
1086;9,668;0
1087;9,672;0
1088;9,676;0
1089;9,680;0
1090;9,684;0
1091;9,688;0
1092;9,692;0
1093;9,696;0
1094;9,700;0
1095;9,705;0
1096;9,709;0
1097;9,713;0
1098;9,717;0
1099;9,721;0
1100;9,725;0
1101;9,729;0
1102;9,733;0
1103;9,738;0
1104;9,742;0
1105;9,746;0
1106;9,750;0
1107;9,754;0
1108;9,758;0
1109;9,762;0
1110;9,766;0
1111;9,771;0
1112;9,775;0
1113;9,779;0
1114;9,783;0
1115;9,787;0
1116;9,791;0
1117;9,795;0
1118;9,799;0
1119;9,804;0
1120;9,808;0
1121;9,812;0
1122;9,816;0
1123;9,820;0
1124;9,824;0
1125;9,828;0
1126;9,832;0
1127;9,837;0
1128;9,841;0
1129;9,845;0
1130;9,849;0
1131;9,853;0
1132;9,857;0
1133;9,861;0
1134;9,865;0
1135;9,869;0
1136;9,874;0
1137;9,878;0
1138;9,882;0
1139;9,886;0
1140;9,890;0
1141;9,894;0
1142;9,898;0
1143;9,902;0
1144;9,907;0
1145;9,911;0
1146;9,915;0
1147;9,919;0
1148;9,923;0
1149;9,927;0
1150;9,931;0
1151;9,935;0
1152;9,940;0
1153;9,944;0
1154;9,948;0
1155;9,952;0
1156;9,956;0
1157;9,960;0
1158;9,964;0
1159;9,968;0
1160;9,973;0
1161;9,977;0
1162;9,981;0
1163;9,985;0
1164;9,989;0
1165;9,993;0
1166;9,997;0
1167;10,001;0
1168;10,006;0
1169;10,010;0
1170;10,014;0
1171;10,018;0
1172;10,022;0
1173;10,026;0
1174;10,030;0
1175;10,034;0
1176;10,038;0
1177;10,043;0
1178;10,047;0
1179;10,051;0
1180;10,055;0
1181;10,059;0
1182;10,063;0
1183;10,067;0
1184;10,071;0
1185;10,076;0
1186;10,080;0
1187;10,084;0
1188;10,088;0
1189;10,092;0
1190;10,096;0
1191;10,100;0
1192;10,104;0
1193;10,109;0
1194;10,113;0
1195;10,117;0
1196;10,121;0
1197;10,125;0
1198;10,129;0
1199;10,133;0
1200;10,137;0
1201;10,142;0
1202;10,146;0
1203;10,150;0
1204;10,154;0
1205;10,158;0
1206;10,162;0
1207;10,166;0
1208;10,170;0
1209;10,175;0
1210;10,179;0
1211;10,183;0
1212;10,187;0
1213;10,191;0
1214;10,195;0
1215;10,199;0
1216;10,203;0
1217;10,207;0
1218;10,212;0
1219;10,216;0
1220;10,220;0
1221;10,224;0
1222;10,228;0
1223;10,232;0
1224;10,236;0
1225;10,240;0
1226;10,245;0
1227;10,249;0
1228;10,253;0
1229;10,257;0
1230;10,261;0
1231;10,265;0
1232;10,269;0
1233;10,273;0
1234;10,278;0
1235;10,282;0
1236;10,286;0
1237;10,290;0
1238;10,294;0
1239;10,298;0
1240;10,302;0
1241;10,306;0
1242;10,311;0
1243;10,315;0
1244;10,319;0
1245;10,323;0
1246;10,327;0
1247;10,331;0
1248;10,335;0
1249;10,339;0
1250;10,344;0
1251;10,348;0
1252;10,352;0
1253;10,356;0
1254;10,360;0
1255;10,364;0
1256;10,368;0
1257;10,372;0
1258;10,376;0
1259;10,381;0
1260;10,385;0
1261;10,389;0
1262;10,393;0
1263;10,397;0
1264;10,401;0
1265;10,405;0
1266;10,409;0
1267;10,414;0
1268;10,418;0
1269;10,422;0
1270;10,426;0
1271;10,430;0
1272;10,434;0
1273;10,438;0
1274;10,442;0
1275;10,447;0
1276;10,451;0
1277;10,455;0
1278;10,459;0
1279;10,463;0
1280;10,467;0
1281;10,471;0
1282;10,475;0
1283;10,480;0
1284;10,484;0
1285;10,488;0
1286;10,492;0
1287;10,496;0
1288;10,500;0
1289;10,504;0
1290;10,508;0
1291;10,513;0
1292;10,517;0
1293;10,521;0
1294;10,525;0
1295;10,529;0
1296;10,533;0
1297;10,537;0
1298;10,541;0
1299;10,545;0
1300;10,550;0
1301;10,554;0
1302;10,558;0
1303;10,562;0
1304;10,566;0
1305;10,570;0
1306;10,574;0
1307;10,578;0
1308;10,583;0
1309;10,587;0
1310;10,591;0
1311;10,595;0
1312;10,599;0
1313;10,603;0
1314;10,607;0
1315;10,611;0
1316;10,616;0
1317;10,620;0
1318;10,624;0
1319;10,628;0
1320;10,632;0
1321;10,636;0
1322;10,640;0
1323;10,644;0
1324;10,649;0
1325;10,653;0
1326;10,657;0
1327;10,661;0
1328;10,665;0
1329;10,669;0
1330;10,673;0
1331;10,677;0
1332;10,682;0
1333;10,686;0
1334;10,690;0
1335;10,694;0
1336;10,698;0
1337;10,702;0
1338;10,706;0
1339;10,710;0
1340;10,714;0
1341;10,719;0
1342;10,723;0
1343;10,727;0
1344;10,731;0
1345;10,735;0
1346;10,739;0
1347;10,743;0
1348;10,747;0
1349;10,752;0
1350;10,756;0
1351;10,760;0
1352;10,764;0
1353;10,768;0
1354;10,772;0
1355;10,776;0
1356;10,780;0
1357;10,785;0
1358;10,789;0
1359;10,793;0
1360;10,797;0
1361;10,801;0
1362;10,805;0
1363;10,809;0
1364;10,813;0
1365;10,818;0
1366;10,822;0
1367;10,826;0
1368;10,830;0
1369;10,834;0
1370;10,838;0
1371;10,842;0
1372;10,846;0
1373;10,851;0
1374;10,855;0
1375;10,859;0
1376;10,863;0
1377;10,867;0
1378;10,871;0
1379;10,875;0
1380;10,879;0
1381;10,883;0
1382;10,888;0
1383;10,892;0
1384;10,896;0
1385;10,900;0
1386;10,904;0
1387;10,908;0
1388;10,912;0
1389;10,916;0
1390;10,921;0
1391;10,925;0
1392;10,929;0
1393;10,933;0
1394;10,937;0
1395;10,941;0
1396;10,945;0
1397;10,949;0
1398;10,954;0
1399;10,958;0
1400;10,962;0
1401;10,966;0
1402;10,970;0
1403;10,974;0
1404;10,978;0
1405;10,982;0
1406;10,987;0
1407;10,991;0
1408;10,995;0
1409;10,999;0
1410;11,003;0
1411;11,007;0
1412;11,011;0
1413;11,015;0
1414;11,020;0
1415;11,024;0
1416;11,028;0
1417;11,032;0
1418;11,036;0
1419;11,040;0
1420;11,044;0
1421;11,048;0
1422;11,052;0
1423;11,057;0
1424;11,061;0
1425;11,065;0
1426;11,069;0
1427;11,073;0
1428;11,077;0
1429;11,081;0
1430;11,085;0
1431;11,090;0
1432;11,094;0
1433;11,098;0
1434;11,102;0
1435;11,106;0
1436;11,110;0
1437;11,114;0
1438;11,118;0
1439;11,123;0
1440;11,127;0
1441;11,131;0
1442;11,135;0
1443;11,139;0
1444;11,143;0
1445;11,147;0
1446;11,151;0
1447;11,156;0
1448;11,160;0
1449;11,164;0
1450;11,168;0
1451;11,172;0
1452;11,176;0
1453;11,180;0
1454;11,184;0
1455;11,189;0
1456;11,193;0
1457;11,197;0
1458;11,201;0
1459;11,205;0
1460;11,209;0
1461;11,213;0
1462;11,217;0
1463;11,222;0
1464;11,226;0
1465;11,230;0
1466;11,234;0
1467;11,238;0
1468;11,242;0
1469;11,246;0
1470;11,250;0
1471;11,254;0
1472;11,259;0
1473;11,263;0
1474;11,267;0
1475;11,271;0
1476;11,275;0
1477;11,279;0
1478;11,283;0
1479;11,287;0
1480;11,292;0
1481;11,296;0
1482;11,300;0
1483;11,304;0
1484;11,308;0
1485;11,312;0
1486;11,316;0
1487;11,320;0
1488;11,325;0
1489;11,329;0
1490;11,333;0
1491;11,337;0
1492;11,341;0
1493;11,345;0
1494;11,349;0
1495;11,353;0
1496;11,358;0
1497;11,362;0
1498;11,366;0
1499;11,370;0
1500;11,374;0
1501;11,378;0
1502;11,382;0
1503;11,386;0
1504;11,391;0
1505;11,395;0
1506;11,399;0
1507;11,403;0
1508;11,407;0
1509;11,411;0
1510;11,415;0
1511;11,419;0
1512;11,423;0
1513;11,428;0
1514;11,432;0
1515;11,436;0
1516;11,440;0
1517;11,444;0
1518;11,448;0
1519;11,452;0
1520;11,456;0
1521;11,461;0
1522;11,465;0
1523;11,469;0
1524;11,473;0
1525;11,477;0
1526;11,481;0
1527;11,485;0
1528;11,489;0
1529;11,494;0
1530;11,498;0
1531;11,502;0
1532;11,506;0
1533;11,510;0
1534;11,514;0
1535;11,518;0
1536;11,522;0
1537;11,527;0
1538;11,531;0
1539;11,535;0
1540;11,539;0
1541;11,543;0
1542;11,547;0
1543;11,551;0
1544;11,555;0
1545;11,560;0
1546;11,564;0
1547;11,568;0
1548;11,572;0
1549;11,576;0
1550;11,580;0
1551;11,584;0
1552;11,588;0
1553;11,592;0
1554;11,597;0
1555;11,601;0
1556;11,605;0
1557;11,609;0
1558;11,613;0
1559;11,617;0
1560;11,621;0
1561;11,625;0
1562;11,630;0
1563;11,634;0
1564;11,638;0
1565;11,642;0
1566;11,646;0
1567;11,650;0
1568;11,654;0
1569;11,658;0
1570;11,663;0
1571;11,667;0
1572;11,671;0
1573;11,675;0
1574;11,679;0
1575;11,683;0
1576;11,687;0
1577;11,691;0
1578;11,696;0
1579;11,700;0
1580;11,704;0
1581;11,708;0
1582;11,712;0
1583;11,716;0
1584;11,720;0
1585;11,724;0
1586;11,729;0
1587;11,733;0
1588;11,737;0
1589;11,741;0
1590;11,745;0
1591;11,749;0
1592;11,753;0
1593;11,757;0
1594;11,761;0
1595;11,766;0
1596;11,770;0
1597;11,774;0
1598;11,778;0
1599;11,782;0
1600;11,786;0
1601;11,790;0
1602;11,794;0
1603;11,799;0
1604;11,803;0
1605;11,807;0
1606;11,811;0
1607;11,815;0
1608;11,819;0
1609;11,823;0
1610;11,827;0
1611;11,832;0
1612;11,836;0
1613;11,840;0
1614;11,844;0
1615;11,848;0
1616;11,852;0
1617;11,856;0
1618;11,860;0
1619;11,865;0
1620;11,869;0
1621;11,873;0
1622;11,877;0
1623;11,881;0
1624;11,885;0
1625;11,889;0
1626;11,893;0
1627;11,898;0
1628;11,902;0
1629;11,906;0
1630;11,910;0
1631;11,914;0
1632;11,918;0
1633;11,922;0
1634;11,926;0
1635;11,930;0
1636;11,935;0
1637;11,939;0
1638;11,943;0
1639;11,947;0
1640;11,951;0
1641;11,955;0
1642;11,959;0
1643;11,963;0
1644;11,968;0
1645;11,972;0
1646;11,976;0
1647;11,980;0
1648;11,984;0
1649;11,988;0
1650;11,992;0
1651;11,996;0
1652;12,001;0
1653;12,005;0
1654;12,009;0
1655;12,013;0
1656;12,017;0
1657;12,021;0
1658;12,025;0
1659;12,029;0
1660;12,034;0
1661;12,038;0
1662;12,042;0
1663;12,046;0
1664;12,050;0
1665;12,054;0
1666;12,058;0
1667;12,062;0
1668;12,067;0
1669;12,071;0
1670;12,075;0
1671;12,079;0
1672;12,083;0
1673;12,087;0
1674;12,091;0
1675;12,095;0
1676;12,099;0
1677;12,104;0
1678;12,108;0
1679;12,112;0
1680;12,116;0
1681;12,120;0
1682;12,124;0
1683;12,128;0
1684;12,132;0
1685;12,137;0
1686;12,141;0
1687;12,145;0
1688;12,149;0
1689;12,153;0
1690;12,157;0
1691;12,161;0
1692;12,165;0
1693;12,170;0
1694;12,174;0
1695;12,178;0
1696;12,182;0
1697;12,186;0
1698;12,190;0
1699;12,194;0
1700;12,198;0
1701;12,203;0
1702;12,207;0
1703;12,211;0
1704;12,215;0
1705;12,219;0
1706;12,223;0
1707;12,227;0
1708;12,231;0
1709;12,236;0
1710;12,240;0
1711;12,244;0
1712;12,248;0
1713;12,252;0
1714;12,256;0
1715;12,260;0
1716;12,264;0
1717;12,268;0
1718;12,273;0
1719;12,277;0
1720;12,281;0
1721;12,285;0
1722;12,289;0
1723;12,293;0
1724;12,297;0
1725;12,301;0
1726;12,306;0
1727;12,310;0
1728;12,314;0
1729;12,318;0
1730;12,322;0
1731;12,326;0
1732;12,330;0
1733;12,334;0
1734;12,339;0
1735;12,343;0
1736;12,347;0
1737;12,351;0
1738;12,355;0
1739;12,359;0
1740;12,363;0
1741;12,367;0
1742;12,372;0
1743;12,376;0
1744;12,380;0
1745;12,384;0
1746;12,388;0
1747;12,392;0
1748;12,396;0
1749;12,400;0
1750;12,405;0
1751;12,409;0
1752;12,413;0
1753;12,417;0
1754;12,421;0
1755;12,425;0
1756;12,429;0
1757;12,433;0
1758;12,437;0
1759;12,442;0
1760;12,446;0
1761;12,450;0
1762;12,454;0
1763;12,458;0
1764;12,462;0
1765;12,466;0
1766;12,470;0
1767;12,475;0
1768;12,479;0
1769;12,483;0
1770;12,487;0
1771;12,491;0
1772;12,495;0
1773;12,499;0
1774;12,503;0
1775;12,508;0
1776;12,512;0
1777;12,516;0
1778;12,520;0
1779;12,524;0
1780;12,528;0
1781;12,532;0
1782;12,536;0
1783;12,541;0
1784;12,545;0
1785;12,549;0
1786;12,553;0
1787;12,557;0
1788;12,561;0
1789;12,565;0
1790;12,569;0
1791;12,574;0
1792;12,578;0
1793;12,582;0
1794;12,586;0
1795;12,590;0
1796;12,594;0
1797;12,598;0
1798;12,602;0
1799;12,606;0
1800;12,611;0
1801;12,615;0
1802;12,619;0
1803;12,623;0
1804;12,627;0
1805;12,631;0
1806;12,635;0
1807;12,639;0
1808;12,644;0
1809;12,648;0
1810;12,652;0
1811;12,656;0
1812;12,660;0
1813;12,664;0
1814;12,668;0
1815;12,672;0
1816;12,677;0
1817;12,681;0
1818;12,685;0
1819;12,689;0
1820;12,693;0
1821;12,697;0
1822;12,701;0
1823;12,705;0
1824;12,710;0
1825;12,714;0
1826;12,718;0
1827;12,722;0
1828;12,726;0
1829;12,730;0
1830;12,734;0
1831;12,738;0
1832;12,743;0
1833;12,747;0
1834;12,751;0
1835;12,755;0
1836;12,759;0
1837;12,763;0
1838;12,767;0
1839;12,771;0
1840;12,775;0
1841;12,780;0
1842;12,784;0
1843;12,788;0
1844;12,792;0
1845;12,796;0
1846;12,800;0
1847;12,804;0
1848;12,808;0
1849;12,813;0
1850;12,817;0
1851;12,821;0
1852;12,825;0
1853;12,829;0
1854;12,833;0
1855;12,837;0
1856;12,841;0
1857;12,846;0
1858;12,850;0
1859;12,854;0
1860;12,858;0
1861;12,862;0
1862;12,866;0
1863;12,870;0
1864;12,874;0
1865;12,879;0
1866;12,883;0
1867;12,887;0
1868;12,891;0
1869;12,895;0
1870;12,899;0
1871;12,903;0
1872;12,907;0
1873;12,912;0
1874;12,916;0
1875;12,920;0
1876;12,924;0
1877;12,928;0
1878;12,932;0
1879;12,936;0
1880;12,940;0
1881;12,944;0
1882;12,949;0
1883;12,953;0
1884;12,957;0
1885;12,961;0
1886;12,965;0
1887;12,969;0
1888;12,973;0
1889;12,977;0
1890;12,982;0
1891;12,986;0
1892;12,990;0
1893;12,994;0
1894;12,998;0
1895;13,002;0
1896;13,006;0
1897;13,010;0
1898;13,015;0
1899;13,019;0
1900;13,023;0
1901;13,027;0
1902;13,031;0
1903;13,035;0
1904;13,039;0
1905;13,043;0
1906;13,048;0
1907;13,052;0
1908;13,056;0
1909;13,060;0
1910;13,064;0
1911;13,068;0
1912;13,072;0
1913;13,076;0
1914;13,081;0
1915;13,085;0
1916;13,089;0
1917;13,093;0
1918;13,097;0
1919;13,101;0
1920;13,105;0
1921;13,109;0
1922;13,113;0
1923;13,118;0
1924;13,122;0
1925;13,126;0
1926;13,130;0
1927;13,134;0
1928;13,138;0
1929;13,142;0
1930;13,146;0
1931;13,151;0
1932;13,155;0
1933;13,159;0
1934;13,163;0
1935;13,167;0
1936;13,171;0
1937;13,175;0
1938;13,179;0
1939;13,184;0
1940;13,188;0
1941;13,192;0
1942;13,196;0
1943;13,200;0
1944;13,204;0
1945;13,208;0
1946;13,212;0
1947;13,217;0
1948;13,221;0
1949;13,225;0
1950;13,229;0
1951;13,233;0
1952;13,237;0
1953;13,241;0
1954;13,245;0
1955;13,250;0
1956;13,254;0
1957;13,258;0
1958;13,262;0
1959;13,266;0
1960;13,270;0
1961;13,274;0
1962;13,278;0
1963;13,282;0
1964;13,287;0
1965;13,291;0
1966;13,295;0
1967;13,299;0
1968;13,303;0
1969;13,307;0
1970;13,311;0
1971;13,315;0
1972;13,320;0
1973;13,324;0
1974;13,328;0
1975;13,332;0
1976;13,336;0
1977;13,340;0
1978;13,344;0
1979;13,348;0
1980;13,353;0
1981;13,357;0
1982;13,361;0
1983;13,365;0
1984;13,369;0
1985;13,373;0
1986;13,377;0
1987;13,381;0
1988;13,386;0
1989;13,390;0
1990;13,394;0
1991;13,398;0
1992;13,402;0
1993;13,406;0
1994;13,410;0
1995;13,414;0
1996;13,419;0
1997;13,423;0
1998;13,427;0
1999;13,431;0
2000;13,435;0
2001;13,439;0
2002;13,443;0
2003;13,447;0
2004;13,451;0
2005;13,456;0
2006;13,460;0
2007;13,464;0
2008;13,468;0
2009;13,472;0
2010;13,476;0
2011;13,480;0
2012;13,484;0
2013;13,489;0
2014;13,493;0
2015;13,497;0
2016;13,501;0
2017;13,505;0
2018;13,509;0
2019;13,513;0
2020;13,517;0
2021;13,522;0
2022;13,526;0
2023;13,530;0
2024;13,534;0
2025;13,538;0
2026;13,542;0
2027;13,546;0
2028;13,550;0
2029;13,555;0
2030;13,559;0
2031;13,563;0
2032;13,567;0
2033;13,571;0
2034;13,575;0
2035;13,579;0
2036;13,583;0
2037;13,588;0
2038;13,592;0
2039;13,596;0
2040;13,600;0
2041;13,604;0
2042;13,608;0
2043;13,612;0
2044;13,616;0
2045;13,620;0
2046;13,625;0
2047;13,629;0
2048;13,633;0
2049;13,637;0
2050;13,641;0
2051;13,645;0
2052;13,649;0
2053;13,653;0
2054;13,658;0
2055;13,662;0
2056;13,666;0
2057;13,670;0
2058;13,674;0
2059;13,678;0
2060;13,682;0
2061;13,686;0
2062;13,691;0
2063;13,695;0
2064;13,699;0
2065;13,703;0
2066;13,707;0
2067;13,711;0
2068;13,715;0
2069;13,719;0
2070;13,724;0
2071;13,728;0
2072;13,732;0
2073;13,736;0
2074;13,740;0
2075;13,744;0
2076;13,748;0
2077;13,752;0
2078;13,757;0
2079;13,761;0
2080;13,765;0
2081;13,769;0
2082;13,773;0
2083;13,777;0
2084;13,781;0
2085;13,785;0
2086;13,789;0
2087;13,794;0
2088;13,798;0
2089;13,802;0
2090;13,806;0
2091;13,810;0
2092;13,814;0
2093;13,818;0
2094;13,822;0
2095;13,827;0
2096;13,831;0
2097;13,835;0
2098;13,839;0
2099;13,843;0
2100;13,847;0
2101;13,851;0
2102;13,855;0
2103;13,860;0
2104;13,864;0
2105;13,868;0
2106;13,872;0
2107;13,876;0
2108;13,880;0
2109;13,884;0
2110;13,888;0
2111;13,893;0
2112;13,897;0
2113;13,901;0
2114;13,905;0
2115;13,909;0
2116;13,913;0
2117;13,917;0
2118;13,921;0
2119;13,926;0
2120;13,930;0
2121;13,934;0
2122;13,938;0
2123;13,942;0
2124;13,946;0
2125;13,950;0
2126;13,954;0
2127;13,958;0
2128;13,963;0
2129;13,967;0
2130;13,971;0
2131;13,975;0
2132;13,979;0
2133;13,983;0
2134;13,987;0
2135;13,991;0
2136;13,996;0
2137;14,000;0
2138;14,004;0
2139;14,008;0
2140;14,012;0
2141;14,016;0
2142;14,020;0
2143;14,024;0
2144;14,029;0
2145;14,033;0
2146;14,037;0
2147;14,041;0
2148;14,045;0
2149;14,049;0
2150;14,053;0
2151;14,057;0
2152;14,062;0,792289059345983
2153;14,066;0,888171174808236
2154;14,070;1,39786031489705
2155;14,074;0
2156;14,078;0
2157;14,082;0
2158;14,086;0
2159;14,090;0
2160;14,095;0
2161;14,099;0
2162;14,103;0,832660476382721
2163;14,107;0
2164;14,111;0
2165;14,115;0
2166;14,119;0
2167;14,123;0
2168;14,127;0
2169;14,132;0
2170;14,136;0
2171;14,140;0
2172;14,144;0
2173;14,148;0
2174;14,152;0
2175;14,156;0
2176;14,160;0
2177;14,165;0
2178;14,169;0
2179;14,173;0
2180;14,177;0
2181;14,181;0
2182;14,185;0
2183;14,189;0
2184;14,193;0
2185;14,198;0
2186;14,202;0
2187;14,206;0
2188;14,210;0
2189;14,214;0
2190;14,218;0
2191;14,222;0
2192;14,226;0
2193;14,231;0
2194;14,235;0
2195;14,239;0
2196;14,243;0
2197;14,247;0
2198;14,251;0
2199;14,255;0
2200;14,259;0
2201;14,264;0
2202;14,268;0
2203;14,272;0
2204;14,276;0
2205;14,280;0
2206;14,284;0
2207;14,288;0
2208;14,292;0
2209;14,296;0
2210;14,301;0
2211;14,305;0
2212;14,309;0
2213;14,313;0
2214;14,317;0
2215;14,321;0
2216;14,325;0
2217;14,329;0
2218;14,334;0
2219;14,338;0
2220;14,342;0
2221;14,346;0
2222;14,350;0
2223;14,354;0
2224;14,358;0
2225;14,362;0
2226;14,367;0
2227;14,371;0
2228;14,375;0
2229;14,379;1,07488897860315
2230;14,383;1,74606378683892
2231;14,387;2,52321356479612
2232;14,391;7,20629794105773
2233;14,395;10,8245861929754
2234;14,400;16,8399273314493
2235;14,404;31,4644731530077
2236;14,408;44,6760193782802
2237;14,412;65,0232135647961
2238;14,416;82,4989907145741
2239;14,420;88,3326604763827
2240;14,424;91,6027452563585
2241;14,428;100
2242;14,433;97,7392006459427
2243;14,437;90,8760597496972
2244;14,441;80,1624949535729
2245;14,445;68,0207912797739
2246;14,449;57,1457408155026
2247;14,453;52,2507064997981
2248;14,457;39,2006459426726
2249;14,461;34,1643116673395
2250;14,465;25,5298748486072
2251;14,470;23,440654016956
2252;14,474;18,7777553492128
2253;14,478;12,5605571255551
2254;14,482;13,6455389584174
2255;14,486;10,7640290674203
2256;14,490;9,47214372224465
2257;14,494;7,06499798142915
2258;14,498;5,86899475171578
2259;14,503;7,04985870004037
2260;14,507;4,25413807024627
2261;14,511;3,11364553895842
2262;14,515;4,61243439644732
2263;14,519;3,74949535728704
2264;14,523;3,92107387969318
2265;14,527;3,52745256358498
2266;14,531;3,37605974969721
2267;14,536;2,4071457408155
2268;14,540;1,81166733952362
2269;14,544;2,65442067016552
2270;14,548;1,8873637464675
2271;14,552;1,12030682276948
2272;14,556;1,58457811869197
2273;14,560;1,70569236980218
2274;14,564;1,36253532498991
2275;14,569;0,948728300363343
2276;14,573;1,06479612434396
2277;14,577;1,56943883730319
2278;14,581;1,28179249091643
2279;14,585;0,85284618490109
2280;14,589;1,42309245054501
2281;14,593;0
2282;14,597;1,67541380702463
2283;14,602;1,19600322971336
2284;14,606;0
2285;14,610;0,893217601937828
2286;14,614;1,30702462656439
2287;14,618;0,918449737585789
2288;14,622;1,37262817924909
2289;14,626;1,55429955591441
2290;14,630;0,80742834073476
2291;14,634;0
2292;14,639;0
2293;14,643;0
2294;14,647;0
2295;14,651;1,50888171174808
2296;14,655;0
2297;14,659;0
2298;14,663;0
2299;14,667;0
2300;14,672;1,07993540573274
2301;14,676;0
2302;14,680;0
2303;14,684;0
2304;14,688;0
2305;14,692;0
2306;14,696;0
2307;14,700;0
2308;14,705;0
2309;14,709;0
2310;14,713;0
2311;14,717;0
2312;14,721;0
2313;14,725;0
2314;14,729;0,76201049656843
2315;14,733;0
2316;14,738;0
2317;14,742;0
2318;14,746;0
2319;14,750;1,03451756156641
2320;14,754;2,88150989099717
2321;14,758;5,84376261606782
2322;14,762;11,3292289059346
2323;14,766;18,6465482438434
2324;14,771;25,3280177634235
2325;14,775;34,270286637061
2326;14,779;48,9251110213969
2327;14,783;62,9037141703674
2328;14,787;67,3748486071861
2329;14,791;77,1194993944287
2330;14,795;76,9176423092451
2331;14,799;75,2422285022204
2332;14,803;69,4993944287445
2333;14,808;61,2232539362132
2334;14,812;51,2363746467501
2335;14,816;38,9987888574889
2336;14,820;35,0575292692774
2337;14,824;27,760395639887
2338;14,828;22,7644327815906
2339;14,832;20,4481227291078
2340;14,836;14,5892208316512
2341;14,841;13,0752926927735
2342;14,845;10,7488897860315
2343;14,849;11,3696003229713
2344;14,853;8,41744045215987
2345;14,857;6,43419459023012
2346;14,861;4,75878078320549
2347;14,865;5,03128784820347
2348;14,869;4,82943076301978
2349;14,874;3,63342753330642
2350;14,878;2,76544206701655
2351;14,882;3,22971336293904
2352;14,886;3,41643116673395
2353;14,890;3,67379895034316
2354;14,894;2,72507064997981
2355;14,898;2,15482438433589
2356;14,902;3,34578118691966
2357;14,907;2,1497779572063
2358;14,911;2,27089220831651
2359;14,915;1,21618893823173
2360;14,919;1,61485668146952
2361;14,923;1,4331853048042
2362;14,927;2,14473153007671
2363;14,931;1,82680662091239
2364;14,935;1,64513524424707
2365;14,940;1,4331853048042
2366;14,944;1,21618893823173
2367;14,948;1,4331853048042
2368;14,952;0
2369;14,956;1,12535324989907
2370;14,960;0
2371;14,964;0
2372;14,968;0,94368187323375
2373;14,972;0
2374;14,977;0,756964069438837
2375;14,981;0
2376;14,985;0,792289059345983
2377;14,989;0
2378;14,993;0
2379;14,997;0,989099717400081
2380;15,001;0
2381;15,005;0
2382;15,010;0
2383;15,014;1,11021396851029
2384;15,018;0
2385;15,022;0
2386;15,026;0
2387;15,030;0,827614049253129
2388;15,034;0
2389;15,038;0
2390;15,043;0
2391;15,047;0
2392;15,051;0
2393;15,055;0
2394;15,059;0
2395;15,063;0
2396;15,067;0
2397;15,071;0
2398;15,076;0
2399;15,080;0
2400;15,084;0
2401;15,088;0
2402;15,092;0
2403;15,096;0
2404;15,100;0
2405;15,104;0
2406;15,109;0
2407;15,113;0
2408;15,117;0
2409;15,121;0
2410;15,125;0
2411;15,129;0
2412;15,133;0
2413;15,137;0
2414;15,141;0
2415;15,146;0
2416;15,150;0
2417;15,154;0
2418;15,158;0
2419;15,162;0
2420;15,166;0
2421;15,170;0
2422;15,174;0
2423;15,179;0
2424;15,183;0
2425;15,187;0
2426;15,191;0
2427;15,195;0
2428;15,199;0
2429;15,203;0
2430;15,207;0
2431;15,212;0
2432;15,216;0
2433;15,220;0
2434;15,224;0
2435;15,228;0
2436;15,232;0
2437;15,236;0
2438;15,240;0
2439;15,245;0
2440;15,249;0
2441;15,253;0
2442;15,257;0
2443;15,261;0
2444;15,265;0
2445;15,269;0
2446;15,273;0
2447;15,278;0
2448;15,282;1,09507468712152
2449;15,286;0
2450;15,290;0
2451;15,294;0,862939039160274
2452;15,298;1,85203875656036
2453;15,302;2,00343157044812
2454;15,306;2,50807428340735
2455;15,310;3,10859911182883
2456;15,315;2,46265643924102
2457;15,319;3,02280985062576
2458;15,323;4,55187727089221
2459;15,327;5,05651998385143
2460;15,331;6,10113039967703
2461;15,335;3,69398465886153
2462;15,339;4,17339523617279
2463;15,343;4,294509487283
2464;15,348;3,25999192571659
2465;15,352;1,90754945498587
2466;15,356;1,57953169156237
2467;15,360;2,00847799757771
2468;15,364;3,36596689543803
2469;15,368;0
2470;15,372;1,90754945498587
2471;15,376;0,782196205086799
2472;15,381;1,02947113443682
2473;15,385;0
2474;15,389;0
2475;15,393;0
2476;15,397;0
2477;15,401;0
2478;15,405;0
2479;15,409;0
2480;15,414;0
2481;15,418;0
2482;15,422;0
2483;15,426;0
2484;15,430;0
2485;15,434;0
2486;15,438;0
2487;15,442;0
2488;15,447;0
2489;15,451;0,847799757771498
2490;15,455;0
2491;15,459;0
2492;15,463;0
2493;15,467;0
2494;15,471;0
2495;15,475;0
2496;15,479;0
2497;15,484;0
2498;15,488;0
2499;15,492;0
2500;15,496;0
2501;15,500;0
2502;15,504;0
2503;15,508;0
2504;15,512;0
2505;15,517;0
2506;15,521;0
2507;15,525;0
2508;15,529;0
2509;15,533;0
2510;15,537;0
2511;15,541;0
2512;15,545;0
2513;15,550;0
2514;15,554;0
2515;15,558;0
2516;15,562;0
2517;15,566;0
2518;15,570;0
2519;15,574;0
2520;15,578;0
2521;15,583;0
2522;15,587;0
2523;15,591;0
2524;15,595;0
2525;15,599;0
2526;15,603;0
2527;15,607;0
2528;15,611;0
2529;15,616;0
2530;15,620;1,24646750100929
2531;15,624;1,3675817521195
2532;15,628;0,777149777957206
2533;15,632;1,50383528461849
2534;15,636;1,07488897860315
2535;15,640;0,827614049253129
2536;15,644;0
2537;15,648;0
2538;15,653;0,837706903512313
2539;15,657;0
2540;15,661;0
2541;15,665;0
2542;15,669;0
2543;15,673;0
2544;15,677;0
2545;15,681;0
2546;15,686;0
2547;15,690;0
2548;15,694;0
2549;15,698;0
2550;15,702;0
2551;15,706;0
2552;15,710;0
2553;15,714;0
2554;15,719;0
2555;15,723;0
2556;15,727;0
2557;15,731;0
2558;15,735;0,968914008881712
2559;15,739;1,75111021396851
2560;15,743;2,70488494146145
2561;15,747;3,86556318126766
2562;15,752;8,67480823576908
2563;15,756;12,6665320952765
2564;15,760;16,0627775534921
2565;15,764;18,2932983447719
2566;15,768;25,9134033104562
2567;15,772;26,4836495761001
2568;15,776;25,8326604763827
2569;15,780;26,7258780783205
2570;15,785;26,4129995962858
2571;15,789;21,1243439644732
2572;15,793;21,3262010496568
2573;15,797;15,6742026645135
2574;15,801;12,5908356883327
2575;15,805;12,116471538151
2576;15,809;11,2333467904723
2577;15,813;7,35264432781591
2578;15,817;6,34335890189746
2579;15,822;5,19781994348002
2580;15,826;4,52159870811465
2581;15,830;4,18348809043197
2582;15,834;2,88655631812677
2583;15,838;2,57872426322164
2584;15,842;2,68974566007267
2585;15,846;1,97819943480016
2586;15,850;2,62918853451756
2587;15,855;2,00343157044812
2588;15,859;1,33730318934195
2589;15,863;2,23052079127977
2590;15,867;1,4987888574889
2591;15,871;2,87646346386758
2592;15,875;0,984053290270488
2593;15,879;1,07993540573274
2594;15,883;0,968914008881712
2595;15,888;1,15058538554703
2596;15,892;1,07993540573274
2597;15,896;0
2598;15,900;0
2599;15,904;0,908356883326605
2600;15,908;0,913403310456197
2601;15,912;1,27674606378684
2602;15,916;0
2603;15,921;0
2604;15,925;0
2605;15,929;0
2606;15,933;0
2607;15,937;0
2608;15,941;0
2609;15,945;0
2610;15,949;0
2611;15,954;0
2612;15,958;0
2613;15,962;0
2614;15,966;0
2615;15,970;0
2616;15,974;0
2617;15,978;0
2618;15,982;0
2619;15,986;0
2620;15,991;0
2621;15,995;0
2622;15,999;0
2623;16,003;0
2624;16,007;0
2625;16,011;0
2626;16,015;0
2627;16,019;0
2628;16,024;0
2629;16,028;0
2630;16,032;0
2631;16,036;0
2632;16,040;0
2633;16,044;0
2634;16,048;0
2635;16,052;0
2636;16,057;0
2637;16,061;0
2638;16,065;0
2639;16,069;0
2640;16,073;0
2641;16,077;0
2642;16,081;0
2643;16,085;0
2644;16,090;0
2645;16,094;0
2646;16,098;0
2647;16,102;0
2648;16,106;0
2649;16,110;0
2650;16,114;0
2651;16,118;0
2652;16,123;0
2653;16,127;0
2654;16,131;0
2655;16,135;0
2656;16,139;0
2657;16,143;0,989099717400081
2658;16,147;0
2659;16,151;1,26160678239806
2660;16,156;1,29693177230521
2661;16,160;1,02947113443682
2662;16,164;1,5643924101736
2663;16,168;1,04965684295519
2664;16,172;1,39281388776746
2665;16,176;1,31207105369398
2666;16,180;0,817521194993944
2667;16,184;0
2668;16,188;0
2669;16,193;0
2670;16,197;0
2671;16,201;0
2672;16,205;0
2673;16,209;0
2674;16,213;0
2675;16,217;0
2676;16,221;0
2677;16,226;0
2678;16,230;0
2679;16,234;0
2680;16,238;0
2681;16,242;0
2682;16,246;0
2683;16,250;0
2684;16,254;0
2685;16,259;0
2686;16,263;0
2687;16,267;0
2688;16,271;0
2689;16,275;0
2690;16,279;0
2691;16,283;0
2692;16,287;0
2693;16,292;0
2694;16,296;0
2695;16,300;0
2696;16,304;0
2697;16,308;0
2698;16,312;0
2699;16,316;0
2700;16,320;0
2701;16,325;0
2702;16,329;0
2703;16,333;0
2704;16,337;0
2705;16,341;0
2706;16,345;0
2707;16,349;0
2708;16,353;0
2709;16,357;0
2710;16,362;0
2711;16,366;0
2712;16,370;0
2713;16,374;0
2714;16,378;0
2715;16,382;0
2716;16,386;0
2717;16,390;0
2718;16,395;0
2719;16,399;0
2720;16,403;0
2721;16,407;0
2722;16,411;0
2723;16,415;0
2724;16,419;0
2725;16,423;0
2726;16,428;0
2727;16,432;0
2728;16,436;0
2729;16,440;0
2730;16,444;0
2731;16,448;0
2732;16,452;0
2733;16,456;0,918449737585789
2734;16,461;0
2735;16,465;0
2736;16,469;0
2737;16,473;0
2738;16,477;0
2739;16,481;0
2740;16,485;1,10012111425111
2741;16,489;0
2742;16,494;0
2743;16,498;0
2744;16,502;0
2745;16,506;0
2746;16,510;0
2747;16,514;0
2748;16,518;0
2749;16,522;0
2750;16,526;0
2751;16,531;0
2752;16,535;0
2753;16,539;0
2754;16,543;0
2755;16,547;0
2756;16,551;0
2757;16,555;0
2758;16,559;0
2759;16,564;0
2760;16,568;0
2761;16,572;0
2762;16,576;0
2763;16,580;0
2764;16,584;0
2765;16,588;0
2766;16,592;0
2767;16,597;0
2768;16,601;0
2769;16,605;0
2770;16,609;0
2771;16,613;0
2772;16,617;0
2773;16,621;0
2774;16,625;0
2775;16,630;0
2776;16,634;0
2777;16,638;0
2778;16,642;0
2779;16,646;0
2780;16,650;0
2781;16,654;0
2782;16,658;0
2783;16,663;0
2784;16,667;0
2785;16,671;0
2786;16,675;0
2787;16,679;0
2788;16,683;0
2789;16,687;0
2790;16,691;0
2791;16,695;0
2792;16,700;0
2793;16,704;0
2794;16,708;0
2795;16,712;0
2796;16,716;0
2797;16,720;0
2798;16,724;0
2799;16,728;0
2800;16,733;0
2801;16,737;0
2802;16,741;0
2803;16,745;0
2804;16,749;0
2805;16,753;0
2806;16,757;0
2807;16,761;0
2808;16,766;0
2809;16,770;0
2810;16,774;0
2811;16,778;0
2812;16,782;0
2813;16,786;0
2814;16,790;0
2815;16,794;0
2816;16,799;0
2817;16,803;0
2818;16,807;0
2819;16,811;0
2820;16,815;0
2821;16,819;0
2822;16,823;0
2823;16,827;0
2824;16,832;0
2825;16,836;0
2826;16,840;0
2827;16,844;0
2828;16,848;0
2829;16,852;0
2830;16,856;0
2831;16,860;0
2832;16,864;0
2833;16,869;0
2834;16,873;0
2835;16,877;0
2836;16,881;0
2837;16,885;0
2838;16,889;0
2839;16,893;0
2840;16,897;0
2841;16,902;0
2842;16,906;0
2843;16,910;0
2844;16,914;0
2845;16,918;0
2846;16,922;0
2847;16,926;0
2848;16,930;0
2849;16,935;0
2850;16,939;0,767056923698022
2851;16,943;0
2852;16,947;1,11526039563989
2853;16,951;1,26665320952765
2854;16,955;0,958821154622527
2855;16,959;1,09002825999193
2856;16,963;2,05894226887364
2857;16,968;1,559345983044
2858;16,972;1,34739604360113
2859;16,976;0
2860;16,980;1,00928542591845
2861;16,984;1,26665320952765
2862;16,988;0,862939039160274
2863;16,992;0
2864;16,996;0
2865;17,001;0
2866;17,005;0
2867;17,009;0
2868;17,013;0
2869;17,017;0
2870;17,021;0
2871;17,025;0
2872;17,029;0
2873;17,033;0
2874;17,038;0
2875;17,042;0
2876;17,046;0
2877;17,050;0
2878;17,054;0
2879;17,058;0
2880;17,062;0
2881;17,066;0
2882;17,071;0
2883;17,075;0
2884;17,079;0
2885;17,083;0
2886;17,087;0
2887;17,091;0
2888;17,095;0
2889;17,099;0
2890;17,104;0
2891;17,108;0
2892;17,112;0
2893;17,116;0
2894;17,120;0
2895;17,124;0
2896;17,128;0
2897;17,132;0
2898;17,137;0
2899;17,141;0
2900;17,145;0
2901;17,149;0
2902;17,153;0
2903;17,157;0
2904;17,161;0
2905;17,165;0
2906;17,170;0
2907;17,174;0
2908;17,178;0
2909;17,182;0
2910;17,186;0
2911;17,190;0
2912;17,194;0
2913;17,198;0
2914;17,202;0
2915;17,207;0
2916;17,211;0
2917;17,215;0
2918;17,219;0
2919;17,223;0
2920;17,227;0
2921;17,231;0
2922;17,235;0
2923;17,240;0
2924;17,244;0
2925;17,248;0
2926;17,252;0
2927;17,256;0
2928;17,260;0
2929;17,264;0
2930;17,268;0
2931;17,273;0
2932;17,277;0
2933;17,281;0
2934;17,285;0
2935;17,289;0
2936;17,293;0
2937;17,297;0
2938;17,301;0
2939;17,306;0
2940;17,310;0
2941;17,314;0
2942;17,318;0
2943;17,322;0
2944;17,326;0
2945;17,330;0
2946;17,334;0
2947;17,339;0
2948;17,343;0
2949;17,347;0
2950;17,351;0
2951;17,355;0
2952;17,359;0
2953;17,363;0
2954;17,367;0
2955;17,371;0
2956;17,376;0,756964069438837
2957;17,380;0
2958;17,384;0
2959;17,388;0,903310456197012
2960;17,392;0
2961;17,396;0
2962;17,400;0
2963;17,404;0
2964;17,409;0
2965;17,413;0
2966;17,417;0
2967;17,421;0
2968;17,425;0
2969;17,429;0
2970;17,433;0
2971;17,437;0
2972;17,442;0
2973;17,446;0
2974;17,450;0
2975;17,454;0
2976;17,458;0
2977;17,462;0
2978;17,466;0
2979;17,470;0
2980;17,475;0
2981;17,479;0
2982;17,483;0
2983;17,487;0
2984;17,491;0
2985;17,495;0
2986;17,499;0
2987;17,503;0
2988;17,508;0
2989;17,512;0
2990;17,516;0
2991;17,520;0
2992;17,524;0
2993;17,528;0
2994;17,532;0
2995;17,536;0
2996;17,540;0
2997;17,545;0
2998;17,549;0
2999;17,553;0
3000;17,557;0
3001;17,561;0
3002;17,565;0
3003;17,569;0
3004;17,573;0
3005;17,578;0
3006;17,582;0
3007;17,586;0
3008;17,590;0
3009;17,594;0
3010;17,598;0
3011;17,602;0
3012;17,606;0
3013;17,611;0
3014;17,615;0
3015;17,619;0
3016;17,623;0
3017;17,627;0
3018;17,631;0
3019;17,635;0
3020;17,639;0
3021;17,644;0
3022;17,648;0
3023;17,652;0
3024;17,656;0
3025;17,660;0
3026;17,664;0
3027;17,668;0
3028;17,672;0
3029;17,677;0
3030;17,681;0
3031;17,685;0
3032;17,689;0
3033;17,693;0
3034;17,697;0
3035;17,701;1,05974969721437
3036;17,705;1,25151392813888
3037;17,709;1,53916027452564
3038;17,714;1,18591037545418
3039;17,718;1,99838514331853
3040;17,722;1,87727089220832
3041;17,726;1,94792087202261
3042;17,730;3,19943480016149
3043;17,734;2,0185708518369
3044;17,738;1,93782801776342
3045;17,742;1,64513524424707
3046;17,747;1,17581752119499
3047;17,751;0
3048;17,755;0,958821154622527
3049;17,759;0,85284618490109
3050;17,763;0
3051;17,767;0
3052;17,771;0
3053;17,775;0
3054;17,780;0
3055;17,784;0
3056;17,788;0
3057;17,792;0
3058;17,796;0
3059;17,800;0
3060;17,804;0
3061;17,808;0
3062;17,813;0
3063;17,817;0
3064;17,821;0
3065;17,825;0
3066;17,829;0
3067;17,833;0
3068;17,837;0
3069;17,841;0
3070;17,846;0
3071;17,850;0
3072;17,854;0
3073;17,858;0
3074;17,862;0
3075;17,866;0
3076;17,870;0
3077;17,874;0
3078;17,878;0
3079;17,883;0
3080;17,887;0
3081;17,891;0
3082;17,895;0
3083;17,899;0
3084;17,903;0
3085;17,907;0
3086;17,911;0
3087;17,916;0
3088;17,920;0
3089;17,924;0
3090;17,928;0
3091;17,932;0
3092;17,936;0
3093;17,940;0
3094;17,944;0
3095;17,949;0
3096;17,953;0
3097;17,957;0
3098;17,961;0
3099;17,965;0
3100;17,969;0
3101;17,973;0
3102;17,977;0
3103;17,982;0
3104;17,986;0
3105;17,990;0
3106;17,994;0
3107;17,998;0
3108;18,002;0
3109;18,006;0
3110;18,010;0
3111;18,015;0
3112;18,019;0,973960436011304
3113;18,023;0
3114;18,027;1,88231731933791
3115;18,031;1,10012111425111
3116;18,035;1,30702462656439
3117;18,039;1,24646750100929
3118;18,043;0
3119;18,047;1,51897456600727
3120;18,052;0,903310456197012
3121;18,056;1,36253532498991
3122;18,060;0,772103350827614
3123;18,064;0
3124;18,068;0,953774727492935
3125;18,072;0
3126;18,076;0
3127;18,080;0
3128;18,085;0
3129;18,089;0
3130;18,093;0
3131;18,097;0
3132;18,101;0,933589018974566
3133;18,105;0
3134;18,109;0
3135;18,113;0
3136;18,118;0
3137;18,122;0
3138;18,126;0
3139;18,130;0
3140;18,134;0
3141;18,138;0
3142;18,142;0
3143;18,146;0
3144;18,151;0
3145;18,155;0
3146;18,159;0
3147;18,163;0
3148;18,167;0
3149;18,171;0
3150;18,175;0
3151;18,179;0
3152;18,184;0
3153;18,188;0
3154;18,192;0
3155;18,196;0
3156;18,200;0
3157;18,204;0
3158;18,208;0
3159;18,212;0
3160;18,216;0
3161;18,221;0
3162;18,225;0
3163;18,229;0
3164;18,233;0
3165;18,237;0
3166;18,241;0
3167;18,245;0
3168;18,249;0
3169;18,254;0
3170;18,258;0
3171;18,262;0
3172;18,266;0
3173;18,270;0
3174;18,274;0
3175;18,278;0
3176;18,282;0
3177;18,287;0
3178;18,291;0
3179;18,295;0
3180;18,299;0
3181;18,303;0
3182;18,307;0
3183;18,311;0
3184;18,315;0
3185;18,320;0
3186;18,324;0
3187;18,328;0
3188;18,332;0
3189;18,336;0
3190;18,340;0
3191;18,344;0
3192;18,348;0
3193;18,353;0
3194;18,357;0
3195;18,361;0
3196;18,365;0
3197;18,369;0
3198;18,373;0
3199;18,377;0
3200;18,381;0
3201;18,385;0
3202;18,390;0
3203;18,394;0
3204;18,398;0
3205;18,402;0
3206;18,406;0
3207;18,410;0
3208;18,414;0
3209;18,418;0
3210;18,423;0
3211;18,427;0
3212;18,431;0
3213;18,435;0
3214;18,439;0
3215;18,443;0
3216;18,447;0
3217;18,451;0
3218;18,456;0
3219;18,460;1,91764230924505
3220;18,464;0,817521194993944
3221;18,468;1,33225676221235
3222;18,472;1,40290674202665
3223;18,476;1,10012111425111
3224;18,480;1,94792087202261
3225;18,484;1,72083165119096
3226;18,489;0,822567622123537
3227;18,493;1,38776746063787
3228;18,497;2,71497779572063
3229;18,501;0,994146144529673
3230;18,505;0
3231;18,509;0,867985466289867
3232;18,513;1,05974969721437
3233;18,517;0
3234;18,522;0
3235;18,526;0
3236;18,530;0
3237;18,534;0
3238;18,538;0
3239;18,542;0
3240;18,546;0
3241;18,550;0,802381913605168
3242;18,554;0
3243;18,559;0
3244;18,563;0
3245;18,567;0
3246;18,571;0
3247;18,575;0
3248;18,579;0
3249;18,583;0
3250;18,587;0
3251;18,592;0
3252;18,596;0
3253;18,600;0
3254;18,604;0
3255;18,608;0
3256;18,612;0
3257;18,616;0
3258;18,620;0
3259;18,625;0
3260;18,629;0
3261;18,633;0
3262;18,637;0
3263;18,641;0
3264;18,645;0
3265;18,649;0
3266;18,653;0
3267;18,658;0
3268;18,662;0,797335486475575
3269;18,666;0
3270;18,670;0
3271;18,674;0
3272;18,678;0
3273;18,682;0
3274;18,686;0
3275;18,691;0
3276;18,695;0
3277;18,699;0
3278;18,703;0
3279;18,707;0
3280;18,711;0
3281;18,715;0
3282;18,719;0
3283;18,723;0
3284;18,728;0
3285;18,732;0
3286;18,736;0
3287;18,740;0
3288;18,744;0
3289;18,748;0
3290;18,752;0
3291;18,756;0
3292;18,761;0
3293;18,765;0
3294;18,769;0
3295;18,773;0
3296;18,777;0
3297;18,781;0
3298;18,785;0
3299;18,789;0
3300;18,794;0
3301;18,798;0
3302;18,802;0
3303;18,806;0
3304;18,810;0
3305;18,814;0
3306;18,818;0
3307;18,822;0
3308;18,827;0
3309;18,831;0
3310;18,835;0
3311;18,839;0
3312;18,843;0
3313;18,847;0
3314;18,851;0
3315;18,855;0
3316;18,860;0
3317;18,864;0
3318;18,868;1,19095680258377
3319;18,872;0,94368187323375
3320;18,876;1,35244247073072
3321;18,880;1,12030682276948
3322;18,884;1,12030682276948
3323;18,888;1,22628179249092
3324;18,892;0,903310456197012
3325;18,897;1,17581752119499
3326;18,901;1,2363746467501
3327;18,905;0,903310456197012
3328;18,909;1,34234961647154
3329;18,913;0
3330;18,917;0,948728300363343
3331;18,921;0
3332;18,925;0
3333;18,930;0
3334;18,934;0
3335;18,938;0
3336;18,942;0
3337;18,946;0
3338;18,950;0
3339;18,954;0
3340;18,958;0
3341;18,963;0
3342;18,967;0
3343;18,971;0
3344;18,975;0
3345;18,979;0
3346;18,983;0
3347;18,987;0
3348;18,991;0
3349;18,996;0
3350;19,000;0
3351;19,004;0
3352;19,008;0
3353;19,012;0
3354;19,016;0
3355;19,020;0
3356;19,024;0
3357;19,029;0
3358;19,033;0
3359;19,037;0
3360;19,041;0
3361;19,045;0
3362;19,049;0
3363;19,053;0
3364;19,057;0
3365;19,061;0
3366;19,066;0
3367;19,070;0
3368;19,074;0
3369;19,078;0
3370;19,082;0
3371;19,086;0
3372;19,090;0
3373;19,094;0
3374;19,099;0
3375;19,103;0
3376;19,107;0
3377;19,111;0
3378;19,115;0
3379;19,119;0
3380;19,123;0
3381;19,127;0
3382;19,132;0
3383;19,136;0
3384;19,140;0
3385;19,144;0
3386;19,148;0
3387;19,152;0
3388;19,156;0
3389;19,160;0
3390;19,165;0
3391;19,169;0
3392;19,173;0
3393;19,177;0
3394;19,181;0
3395;19,185;0
3396;19,189;0
3397;19,193;0
3398;19,198;0
3399;19,202;0
3400;19,206;0
3401;19,210;0
3402;19,214;0
3403;19,218;0
3404;19,222;0
3405;19,226;0
3406;19,230;0
3407;19,235;0
3408;19,239;0
3409;19,243;0
3410;19,247;0
3411;19,251;0
3412;19,255;0
3413;19,259;0
3414;19,263;0
3415;19,268;0
3416;19,272;0
3417;19,276;0
3418;19,280;0
3419;19,284;0
3420;19,288;0
3421;19,292;0
3422;19,296;0
3423;19,301;0
3424;19,305;0
3425;19,309;0
3426;19,313;0
3427;19,317;0
3428;19,321;0
3429;19,325;0
3430;19,329;0
3431;19,334;0
3432;19,338;0
3433;19,342;0
3434;19,346;0
3435;19,350;0
3436;19,354;0
3437;19,358;0
3438;19,362;0
3439;19,367;0
3440;19,371;0
3441;19,375;0
3442;19,379;0
3443;19,383;0
3444;19,387;0
3445;19,391;0
3446;19,395;0
3447;19,399;0
3448;19,404;0
3449;19,408;0
3450;19,412;0
3451;19,416;0
3452;19,420;0
3453;19,424;0
3454;19,428;0
3455;19,432;0
3456;19,437;0
3457;19,441;0
3458;19,445;0
3459;19,449;0
3460;19,453;0
3461;19,457;0
3462;19,461;0
3463;19,465;0
3464;19,470;0
3465;19,474;0
3466;19,478;0
3467;19,482;0
3468;19,486;0
3469;19,490;0
3470;19,494;0
3471;19,498;0
3472;19,503;0
3473;19,507;0
3474;19,511;0
3475;19,515;0
3476;19,519;0
3477;19,523;0
3478;19,527;0
3479;19,531;0
3480;19,536;0
3481;19,540;0
3482;19,544;0
3483;19,548;0
3484;19,552;0
3485;19,556;0
3486;19,560;0
3487;19,564;0
3488;19,568;0
3489;19,573;0
3490;19,577;0
3491;19,581;0
3492;19,585;0
3493;19,589;0
3494;19,593;0
3495;19,597;0
3496;19,601;0
3497;19,606;0
3498;19,610;0
3499;19,614;0
3500;19,618;0
3501;19,622;0
3502;19,626;0
3503;19,630;0,782196205086799
3504;19,634;0
3505;19,639;0
3506;19,643;0
3507;19,647;0
3508;19,651;0
3509;19,655;0
3510;19,659;0
3511;19,663;0
3512;19,667;0
3513;19,672;0
3514;19,676;0
3515;19,680;0
3516;19,684;0
3517;19,688;0
3518;19,692;0
3519;19,696;0
3520;19,700;0
3521;19,705;0
3522;19,709;0
3523;19,713;0
3524;19,717;0
3525;19,721;0
3526;19,725;0
3527;19,729;0
3528;19,733;0
3529;19,737;0
3530;19,742;0
3531;19,746;0
3532;19,750;0
3533;19,754;0
3534;19,758;0
3535;19,762;0
3536;19,766;0
3537;19,770;0
3538;19,775;0
3539;19,779;0
3540;19,783;0
3541;19,787;0
3542;19,791;0
3543;19,795;0
3544;19,799;0
3545;19,803;0
3546;19,808;0
3547;19,812;0
3548;19,816;0
3549;19,820;0
3550;19,824;0
3551;19,828;0
3552;19,832;0
3553;19,836;0
3554;19,841;0
3555;19,845;0
3556;19,849;0
3557;19,853;0
3558;19,857;0
3559;19,861;0
3560;19,865;0
3561;19,869;0
3562;19,874;0
3563;19,878;0
3564;19,882;0
3565;19,886;0
3566;19,890;0
3567;19,894;0
3568;19,898;0
3569;19,902;0
3570;19,906;0
3571;19,911;0
3572;19,915;0
3573;19,919;0
3574;19,923;0
3575;19,927;0
3576;19,931;0
3577;19,935;0
3578;19,939;0
3579;19,944;0
3580;19,948;0
3581;19,952;0
3582;19,956;0
3583;19,960;0
3584;19,964;0
3585;19,968;0
3586;19,972;0
3587;19,977;0
3588;19,981;0
3589;19,985;0
3590;19,989;0
3591;19,993;0
3592;19,997;0
3593;20,001;0
3594;20,005;0
3595;20,010;0
3596;20,014;0
3597;20,018;0
3598;20,022;0
3599;20,026;0
3600;20,030;0
3601;20,034;0
3602;20,038;0
3603;20,043;0
3604;20,047;0
3605;20,051;0
3606;20,055;0
3607;20,059;0
3608;20,063;0
3609;20,067;0
3610;20,071;0
3611;20,075;0
3612;20,080;0
3613;20,084;0
3614;20,088;0
3615;20,092;0
3616;20,096;0
3617;20,100;0
3618;20,104;0
3619;20,108;0
3620;20,113;0
3621;20,117;0
3622;20,121;0
3623;20,125;0
3624;20,129;0
3625;20,133;0,782196205086799
3626;20,137;0
3627;20,141;0
3628;20,146;0
3629;20,150;0
3630;20,154;0
3631;20,158;0
3632;20,162;0
3633;20,166;0
3634;20,170;0
3635;20,174;0
3636;20,179;0
3637;20,183;0
3638;20,187;0
3639;20,191;0
3640;20,195;0
3641;20,199;0
3642;20,203;0
3643;20,207;0
3644;20,212;0
3645;20,216;0
3646;20,220;0
3647;20,224;0
3648;20,228;0
3649;20,232;0
3650;20,236;0
3651;20,240;0
3652;20,244;0
3653;20,249;0
3654;20,253;0
3655;20,257;0
3656;20,261;0
3657;20,265;0
3658;20,269;0
3659;20,273;0
3660;20,277;0
3661;20,282;0
3662;20,286;0
3663;20,290;0
3664;20,294;0
3665;20,298;0
3666;20,302;0
3667;20,306;0
3668;20,310;0
3669;20,315;0
3670;20,319;0
3671;20,323;0
3672;20,327;0
3673;20,331;0
3674;20,335;0
3675;20,339;0
3676;20,343;0
3677;20,348;0
3678;20,352;0
3679;20,356;0
3680;20,360;0
3681;20,364;0
3682;20,368;0
3683;20,372;0,822567622123537
3684;20,376;0
3685;20,381;0
3686;20,385;0
3687;20,389;0
3688;20,393;0
3689;20,397;0
3690;20,401;0
3691;20,405;0
3692;20,409;0
3693;20,413;0
3694;20,418;0
3695;20,422;0
3696;20,426;0
3697;20,430;0
3698;20,434;0
3699;20,438;0
3700;20,442;0
3701;20,446;0
3702;20,451;0
3703;20,455;0
3704;20,459;0
3705;20,463;0
3706;20,467;0
3707;20,471;0
3708;20,475;0
3709;20,479;0
3710;20,484;0
3711;20,488;0
3712;20,492;0
3713;20,496;0
3714;20,500;0
3715;20,504;0
3716;20,508;0
3717;20,512;0
3718;20,517;0
3719;20,521;0
3720;20,525;0
3721;20,529;0
3722;20,533;0
3723;20,537;0
3724;20,541;0
3725;20,545;0
3726;20,550;0
3727;20,554;0
3728;20,558;0
3729;20,562;0
3730;20,566;0
3731;20,570;0
3732;20,574;0
3733;20,578;0
3734;20,582;0
3735;20,587;0
3736;20,591;0
3737;20,595;0
3738;20,599;0
3739;20,603;0
3740;20,607;0
3741;20,611;0
3742;20,615;0
3743;20,620;0
3744;20,624;0
3745;20,628;0
3746;20,632;0
3747;20,636;0
3748;20,640;0
3749;20,644;0
3750;20,648;0
3751;20,653;0
3752;20,657;0
3753;20,661;0
3754;20,665;0
3755;20,669;0
3756;20,673;0
3757;20,677;0
3758;20,681;0
3759;20,686;0
3760;20,690;0
3761;20,694;0
3762;20,698;0
3763;20,702;0
3764;20,706;0
3765;20,710;0
3766;20,714;0
3767;20,719;0
3768;20,723;0
3769;20,727;0
3770;20,731;0
3771;20,735;0
3772;20,739;0
3773;20,743;0
3774;20,747;0
3775;20,751;0
3776;20,756;0
3777;20,760;0
3778;20,764;0
3779;20,768;0
3780;20,772;0
3781;20,776;0
3782;20,780;0
3783;20,784;0
3784;20,789;0
3785;20,793;0
3786;20,797;0
3787;20,801;0
3788;20,805;0
3789;20,809;0
3790;20,813;0
3791;20,817;0
3792;20,822;0
3793;20,826;0
3794;20,830;0
3795;20,834;0
3796;20,838;0
3797;20,842;0
3798;20,846;0
3799;20,850;0
3800;20,855;0
3801;20,859;0
3802;20,863;0
3803;20,867;0
3804;20,871;0
3805;20,875;0
3806;20,879;0
3807;20,883;0
3808;20,888;0
3809;20,892;0
3810;20,896;0
3811;20,900;0
3812;20,904;0
3813;20,908;0
3814;20,912;0
3815;20,916;0
3816;20,920;0
3817;20,925;0
3818;20,929;0
3819;20,933;0
3820;20,937;0
3821;20,941;0
3822;20,945;0
3823;20,949;0
3824;20,953;0
3825;20,958;0
3826;20,962;0
3827;20,966;0
3828;20,970;0
3829;20,974;0
3830;20,978;0
3831;20,982;0
3832;20,986;0
3833;20,991;0
3834;20,995;0
3835;20,999;0
3836;21,003;0
3837;21,007;0
3838;21,011;0
3839;21,015;0
3840;21,019;0
3841;21,024;0
3842;21,028;0
3843;21,032;0
3844;21,036;0
3845;21,040;0
3846;21,044;0
3847;21,048;0
3848;21,052;0
3849;21,057;0
3850;21,061;0
3851;21,065;0
3852;21,069;0
3853;21,073;0
3854;21,077;0
3855;21,081;0
3856;21,085;0
3857;21,090;0
3858;21,094;0
3859;21,098;0
3860;21,102;0
3861;21,106;0
3862;21,110;0
3863;21,114;0
3864;21,118;0
3865;21,122;0
3866;21,127;0
3867;21,131;0
3868;21,135;0
3869;21,139;0
3870;21,143;0
3871;21,147;0
3872;21,151;0
3873;21,155;0
3874;21,160;0
3875;21,164;0
3876;21,168;0
3877;21,172;0
3878;21,176;0
3879;21,180;0
3880;21,184;0
3881;21,188;0
3882;21,193;0
3883;21,197;0
3884;21,201;0
3885;21,205;0
3886;21,209;0
3887;21,213;0
3888;21,217;0
3889;21,221;0
3890;21,226;0
3891;21,230;0
3892;21,234;0
3893;21,238;0
3894;21,242;0
3895;21,246;0
3896;21,250;0
3897;21,254;0
3898;21,259;0
3899;21,263;0
3900;21,267;0
3901;21,271;0
3902;21,275;0
3903;21,279;0
3904;21,283;0
3905;21,287;0
3906;21,291;0
3907;21,296;0
3908;21,300;0
3909;21,304;0
3910;21,308;0
3911;21,312;0
3912;21,316;0
3913;21,320;0
3914;21,324;0
3915;21,329;0
3916;21,333;0
3917;21,337;0
3918;21,341;0
3919;21,345;0
3920;21,349;0
3921;21,353;0
3922;21,357;0
3923;21,362;0
3924;21,366;0
3925;21,370;0
3926;21,374;0
3927;21,378;0
3928;21,382;0
3929;21,386;0
3930;21,390;0
3931;21,395;0
3932;21,399;0
3933;21,403;0
3934;21,407;0
3935;21,411;0
3936;21,415;0
3937;21,419;0
3938;21,423;0
3939;21,428;0
3940;21,432;0
3941;21,436;0
3942;21,440;0
3943;21,444;0
3944;21,448;0
3945;21,452;0
3946;21,456;0
3947;21,460;0
3948;21,465;0
3949;21,469;0
3950;21,473;0
3951;21,477;0
3952;21,481;0
3953;21,485;0
3954;21,489;0
3955;21,493;0
3956;21,498;0
3957;21,502;0
3958;21,506;0
3959;21,510;0
3960;21,514;0
3961;21,518;0
3962;21,522;0
3963;21,526;0
3964;21,531;0
3965;21,535;0
3966;21,539;0
3967;21,543;0
3968;21,547;0
3969;21,551;0
3970;21,555;0
3971;21,559;0
3972;21,564;0
3973;21,568;0
3974;21,572;0
3975;21,576;0
3976;21,580;0
3977;21,584;0
3978;21,588;0
3979;21,592;0
3980;21,597;0
3981;21,601;0
3982;21,605;0
3983;21,609;0
3984;21,613;0
3985;21,617;0
3986;21,621;0
3987;21,625;0
3988;21,629;0
3989;21,634;0
3990;21,638;0
3991;21,642;0
3992;21,646;0
3993;21,650;0
3994;21,654;0
3995;21,658;0
3996;21,662;0
3997;21,667;0
3998;21,671;0
3999;21,675;0
4000;21,679;0
4001;21,683;0
4002;21,687;0
4003;21,691;0
4004;21,695;0
4005;21,700;0
4006;21,704;0
4007;21,708;0
4008;21,712;0
4009;21,716;0
4010;21,720;0
4011;21,724;0
4012;21,728;0
4013;21,733;0
4014;21,737;0
4015;21,741;0
4016;21,745;0
4017;21,749;0
4018;21,753;0
4019;21,757;0
4020;21,761;0
4021;21,766;0
4022;21,770;0
4023;21,774;0
4024;21,778;0
4025;21,782;0
4026;21,786;0
4027;21,790;0
4028;21,794;0
4029;21,798;0
4030;21,803;0
4031;21,807;0
4032;21,811;0
4033;21,815;0
4034;21,819;0
4035;21,823;0
4036;21,827;0
4037;21,831;0
4038;21,836;0
4039;21,840;0
4040;21,844;0
4041;21,848;0
4042;21,852;0
4043;21,856;0
4044;21,860;0
4045;21,864;0
4046;21,869;0
4047;21,873;0
4048;21,877;0
4049;21,881;0
4050;21,885;0
4051;21,889;0
4052;21,893;0
