#"+EI EIC(194,5) Scan 150C_1ml-min_10C-min_2.D "
#Point;X(Minutes);Y(Counts)
0;4,691;0
1;4,696;0
2;4,700;0
3;4,705;0
4;4,709;0
5;4,713;0
6;4,718;0
7;4,722;0
8;4,727;0
9;4,731;0
10;4,736;0
11;4,740;0
12;4,745;0
13;4,749;0
14;4,753;0
15;4,758;0
16;4,762;0
17;4,767;0
18;4,771;0
19;4,776;0
20;4,780;0
21;4,785;0
22;4,789;0
23;4,793;0
24;4,798;0
25;4,802;0
26;4,807;0
27;4,811;0
28;4,816;0
29;4,820;0
30;4,824;0
31;4,829;0
32;4,833;0
33;4,838;0
34;4,842;0
35;4,847;0
36;4,851;0
37;4,856;0
38;4,860;0
39;4,864;0
40;4,869;0
41;4,873;0
42;4,878;0
43;4,882;0
44;4,887;0
45;4,891;0
46;4,896;0
47;4,900;0
48;4,904;0
49;4,909;0
50;4,913;0
51;4,918;0
52;4,922;0
53;4,927;0
54;4,931;0
55;4,936;0
56;4,940;0
57;4,944;0
58;4,949;0
59;4,953;0
60;4,958;0
61;4,962;0
62;4,967;0
63;4,971;0
64;4,976;0
65;4,980;0
66;4,984;0
67;4,989;0
68;4,993;0
69;4,998;0
70;5,002;0
71;5,007;0
72;5,011;0
73;5,016;0
74;5,020;0
75;5,024;0
76;5,029;0
77;5,033;0
78;5,038;0
79;5,042;0
80;5,047;0
81;5,051;0
82;5,055;0
83;5,060;0
84;5,064;0
85;5,069;0
86;5,073;0
87;5,078;0
88;5,082;0
89;5,087;0
90;5,091;0
91;5,095;0
92;5,100;0
93;5,104;0
94;5,109;0
95;5,113;0
96;5,118;0
97;5,122;0
98;5,127;0
99;5,131;0
100;5,135;0
101;5,140;0
102;5,144;0
103;5,149;0
104;5,153;0
105;5,158;0
106;5,162;0
107;5,167;0
108;5,171;0
109;5,175;0
110;5,180;0
111;5,184;0
112;5,189;0
113;5,193;0
114;5,198;0
115;5,202;0
116;5,207;0
117;5,211;0
118;5,215;0
119;5,220;0
120;5,224;0
121;5,229;0
122;5,233;0
123;5,238;0
124;5,242;0
125;5,246;0
126;5,251;0
127;5,255;0
128;5,260;0
129;5,264;0
130;5,269;0
131;5,273;0
132;5,278;0
133;5,282;0
134;5,286;0
135;5,291;0
136;5,295;0
137;5,300;0
138;5,304;0
139;5,309;0
140;5,313;0
141;5,318;0
142;5,322;0
143;5,326;0
144;5,331;0
145;5,335;0
146;5,340;0
147;5,344;0
148;5,349;0
149;5,353;0
150;5,358;0
151;5,362;0
152;5,366;0
153;5,371;0
154;5,375;0
155;5,380;0
156;5,384;0
157;5,389;0
158;5,393;0
159;5,398;0
160;5,402;0
161;5,406;0
162;5,411;0
163;5,415;0
164;5,420;0
165;5,424;0
166;5,429;0
167;5,433;0
168;5,437;0
169;5,442;0
170;5,446;0
171;5,451;0
172;5,455;0
173;5,460;0
174;5,464;0
175;5,469;0
176;5,473;0
177;5,477;0
178;5,482;0
179;5,486;0
180;5,491;0
181;5,495;0
182;5,500;0
183;5,504;0
184;5,509;0
185;5,513;0
186;5,517;0
187;5,522;0
188;5,526;0
189;5,531;0
190;5,535;0
191;5,540;0
192;5,544;0
193;5,549;0
194;5,553;0
195;5,557;0
196;5,562;0
197;5,566;0
198;5,571;0
199;5,575;0
200;5,580;0
201;5,584;0
202;5,589;0
203;5,593;0
204;5,597;0
205;5,602;0
206;5,606;0
207;5,611;0
208;5,615;0
209;5,620;0
210;5,624;0
211;5,628;0
212;5,633;0
213;5,637;0
214;5,642;0
215;5,646;0
216;5,651;0
217;5,655;0
218;5,660;0
219;5,664;0
220;5,668;0
221;5,673;0
222;5,677;0
223;5,682;0
224;5,686;0
225;5,691;0
226;5,695;0
227;5,700;0
228;5,704;0
229;5,708;0
230;5,713;0
231;5,717;0
232;5,722;0
233;5,726;0
234;5,731;0
235;5,735;0
236;5,740;0
237;5,744;0
238;5,748;0
239;5,753;0
240;5,757;0
241;5,762;0
242;5,766;0
243;5,771;0
244;5,775;0
245;5,780;0
246;5,784;0
247;5,788;0
248;5,793;0
249;5,797;0
250;5,802;0
251;5,806;0
252;5,811;0
253;5,815;0
254;5,819;0
255;5,824;0
256;5,828;0
257;5,833;0
258;5,837;0
259;5,842;0
260;5,846;0
261;5,851;0
262;5,855;0
263;5,859;0
264;5,864;0
265;5,868;0
266;5,873;0
267;5,877;0
268;5,882;0
269;5,886;0
270;5,891;0,705316373124592
271;5,895;0
272;5,899;0,937703848662753
273;5,904;1,5737116764514
274;5,908;0
275;5,913;0
276;5,917;0
277;5,922;0
278;5,926;0,864318330071755
279;5,931;0
280;5,935;0
281;5,939;0,717547292889759
282;5,944;0
283;5,948;1,33317025440313
284;5,953;0
285;5,957;0
286;5,962;0
287;5,966;0
288;5,971;0
289;5,975;0,737932159165036
290;5,979;0
291;5,984;0
292;5,988;0
293;5,993;0
294;5,997;0
295;6,002;0
296;6,006;0
297;6,011;0
298;6,015;0
299;6,019;0
300;6,024;0
301;6,028;0
302;6,033;0
303;6,037;0
304;6,042;0
305;6,046;0
306;6,050;0
307;6,055;0
308;6,059;0
309;6,064;0
310;6,068;0
311;6,073;0
312;6,077;0
313;6,082;0
314;6,086;0
315;6,090;0
316;6,095;0
317;6,099;0
318;6,104;0
319;6,108;0
320;6,113;0
321;6,117;0
322;6,122;0
323;6,126;0
324;6,130;0
325;6,135;0
326;6,139;0
327;6,144;0
328;6,148;0
329;6,153;0
330;6,157;0
331;6,162;0
332;6,166;0
333;6,170;0
334;6,175;0
335;6,179;0
336;6,184;0
337;6,188;0
338;6,193;0
339;6,197;0
340;6,202;0
341;6,206;0
342;6,210;0
343;6,215;0
344;6,219;0
345;6,224;0
346;6,228;0
347;6,233;0
348;6,237;0
349;6,241;0
350;6,246;0
351;6,250;0
352;6,255;0
353;6,259;0
354;6,264;0
355;6,268;0
356;6,273;0
357;6,277;0
358;6,281;0
359;6,286;0
360;6,290;0
361;6,295;0
362;6,299;0
363;6,304;0
364;6,308;0,72570123939987
365;6,313;0,8235485975212
366;6,317;0,640084801043705
367;6,321;1,46363339856491
368;6,326;0,921395955642531
369;6,330;0,619699934768428
370;6,335;0
371;6,339;0,63600782778865
372;6,344;0
373;6,348;0
374;6,353;0
375;6,357;0
376;6,361;0
377;6,366;1,03962818003914
378;6,370;0
379;6,375;0,72570123939987
380;6,379;0
381;6,384;0,627853881278539
382;6,388;0,664546640574038
383;6,393;0
384;6,397;0
385;6,401;0
386;6,406;0
387;6,410;0
388;6,415;0
389;6,419;0
390;6,424;0
391;6,428;0
392;6,432;0
393;6,437;0
394;6,441;0
395;6,446;0
396;6,450;0
397;6,455;0
398;6,459;0
399;6,464;0
400;6,468;0
401;6,472;0
402;6,477;0
403;6,481;0
404;6,486;0
405;6,490;0
406;6,495;0
407;6,499;0
408;6,504;0
409;6,508;0
410;6,512;0
411;6,517;0
412;6,521;0
413;6,526;0
414;6,530;0
415;6,535;0
416;6,539;0
417;6,544;0
418;6,548;0
419;6,552;0
420;6,557;0
421;6,561;0
422;6,566;0
423;6,570;0
424;6,575;0
425;6,579;0
426;6,584;0
427;6,588;0
428;6,592;0
429;6,597;0
430;6,601;0
431;6,606;0
432;6,610;0
433;6,615;0
434;6,619;0
435;6,623;0
436;6,628;0
437;6,632;0
438;6,637;0
439;6,641;0
440;6,646;0
441;6,650;0
442;6,655;0
443;6,659;0
444;6,663;0
445;6,668;0
446;6,672;0
447;6,677;0
448;6,681;0
449;6,686;0
450;6,690;0
451;6,695;0
452;6,699;0
453;6,703;0
454;6,708;0
455;6,712;0
456;6,717;0
457;6,721;0
458;6,726;0
459;6,730;0
460;6,735;0
461;6,739;0
462;6,743;0
463;6,748;0
464;6,752;0
465;6,757;0
466;6,761;0,815394651011089
467;6,766;0
468;6,770;0
469;6,775;0
470;6,779;0,860241356816699
471;6,783;0
472;6,788;1,19455316373125
473;6,792;1,45547945205479
474;6,797;0,954011741682975
475;6,801;0,966242661448141
476;6,806;0
477;6,810;0
478;6,814;0,978473581213307
479;6,819;0
480;6,823;1,06001304631442
481;6,828;0
482;6,832;0
483;6,837;0
484;6,841;0
485;6,846;0
486;6,850;0
487;6,854;0
488;6,859;0
489;6,863;0
490;6,868;0
491;6,872;0
492;6,877;0
493;6,881;0
494;6,886;0
495;6,890;0
496;6,894;0
497;6,899;0
498;6,903;0
499;6,908;0
500;6,912;0
501;6,917;0
502;6,921;0
503;6,926;0
504;6,930;0
505;6,934;0
506;6,939;0
507;6,943;0
508;6,948;0
509;6,952;0
510;6,957;0
511;6,961;0
512;6,966;0
513;6,970;0
514;6,974;0
515;6,979;0
516;6,983;0
517;6,988;0
518;6,992;0
519;6,997;0
520;7,001;0
521;7,006;0
522;7,010;0
523;7,014;0
524;7,019;0
525;7,023;0
526;7,028;0
527;7,032;0
528;7,037;0
529;7,041;0
530;7,045;0
531;7,050;0
532;7,054;0
533;7,059;0
534;7,063;0
535;7,068;0
536;7,072;0
537;7,077;0
538;7,081;0
539;7,085;0
540;7,090;0
541;7,094;0
542;7,099;0
543;7,103;0
544;7,108;0
545;7,112;0
546;7,117;0
547;7,121;0
548;7,125;0
549;7,130;0
550;7,134;0
551;7,139;0
552;7,143;0
553;7,148;0,627853881278539
554;7,152;1,42286366601435
555;7,157;0
556;7,161;3,31457925636008
557;7,165;3,43688845401174
558;7,170;6,04207436399217
559;7,174;5,14514024787997
560;7,179;7,93786692759295
561;7,183;7,90932811480757
562;7,188;8,22733202870189
563;7,192;8,7206457925636
564;7,197;8,45971950424005
565;7,201;8,80626223091977
566;7,205;8,03571428571428
567;7,210;7,40378343118069
568;7,214;6,3600782778865
569;7,219;7,09393346379648
570;7,223;5,22260273972603
571;7,228;4,0810502283105
572;7,232;5,43052837573385
573;7,236;3,5143509458578
574;7,241;3,970971950424
575;7,245;2,83757338551859
576;7,250;3,01288323548598
577;7,254;2,80495759947815
578;7,259;3,36350293542074
579;7,263;3,63666014350946
580;7,268;6,86154598825832
581;7,272;6,00945857795173
582;7,276;6,34377038486627
583;7,281;7,98271363339856
584;7,285;8,32925636007828
585;7,290;7,77478799739074
586;7,294;7,15101108936725
587;7,299;10,2454337899543
588;7,303;6,60469667318982
589;7,308;7,7503261578604
590;7,312;5,73630136986301
591;7,316;7,24070450097847
592;7,321;7,24070450097847
593;7,325;4,6762883235486
594;7,330;4,75375081539465
595;7,334;2,9191128506197
596;7,339;2,93134377038487
597;7,343;2,76011089367254
598;7,348;1,16601435094586
599;7,352;1,90394651011089
600;7,356;0
601;7,361;2,15671885192433
602;7,365;0
603;7,370;0,864318330071755
604;7,374;0,709393346379648
605;7,379;0
606;7,383;0
607;7,388;0
608;7,392;0
609;7,396;0
610;7,401;0
611;7,405;0
612;7,410;0
613;7,414;0
614;7,419;0
615;7,423;0
616;7,427;0
617;7,432;0
618;7,436;0
619;7,441;0
620;7,445;0
621;7,450;0
622;7,454;0
623;7,459;0
624;7,463;0
625;7,467;0
626;7,472;0
627;7,476;0
628;7,481;0
629;7,485;0
630;7,490;0
631;7,494;0
632;7,499;0
633;7,503;0
634;7,507;0
635;7,512;0,742009132420091
636;7,516;0
637;7,521;0
638;7,525;0
639;7,530;0
640;7,534;0
641;7,539;0
642;7,543;0
643;7,547;0
644;7,552;0
645;7,556;0
646;7,561;0
647;7,565;0,672700587084149
648;7,570;0,799086757990868
649;7,574;0
650;7,579;0
651;7,583;0
652;7,587;0,848010437051533
653;7,592;1,81833007175473
654;7,596;2,46656881930855
655;7,601;8,52495107632094
656;7,605;13,0830071754729
657;7,610;19,1699282452707
658;7,614;34,0508806262231
659;7,618;47,1583496412264
660;7,623;64,2367906066536
661;7,627;79,8760600130463
662;7,632;90,2152641878669
663;7,636;96,0208741030659
664;7,641;100
665;7,645;98,8910632746249
666;7,650;96,8688845401174
667;7,654;95,2054794520548
668;7,658;87,0841487279843
669;7,663;77,5277234181344
670;7,667;70,4827136333986
671;7,672;58,5004892367906
672;7,676;50,9132420091324
673;7,681;41,0347358121331
674;7,685;34,9926614481409
675;7,690;24,9551532941944
676;7,694;18,2118395303327
677;7,698;17,9509132420091
678;7,703;13,3439334637965
679;7,707;13,4010110893673
680;7,712;9,62573385518591
681;7,716;8,05609915198956
682;7,721;6,5883887801696
683;7,725;5,29191128506197
684;7,730;4,88013698630137
685;7,734;4,96983039791259
686;7,738;2,30756686236138
687;7,743;4,09735812133072
688;7,747;2,39318330071755
689;7,752;1,85094585779517
690;7,756;2,45841487279843
691;7,761;0
692;7,765;1,47178734507502
693;7,770;1,66748206131768
694;7,774;1,22716894977169
695;7,778;1,39840182648402
696;7,783;1,66340508806262
697;7,787;0
698;7,792;1,3454011741683
699;7,796;0
700;7,801;0,742009132420091
701;7,805;2,73972602739726
702;7,810;0
703;7,814;0
704;7,818;0
705;7,823;2,86203522504892
706;7,827;2,79272667971298
707;7,832;1,70417482061318
708;7,836;0,73385518590998
709;7,841;0
710;7,845;0,611545988258317
711;7,849;2,56033920417482
712;7,854;0
713;7,858;0,63600782778865
714;7,863;0
715;7,867;0
716;7,872;0
717;7,876;0
718;7,881;0
719;7,885;0
720;7,889;0
721;7,894;0
722;7,898;0
723;7,903;0
724;7,907;0
725;7,912;0
726;7,916;0
727;7,921;0
728;7,925;0
729;7,929;0
730;7,934;0
731;7,938;0
732;7,943;0
733;7,947;0
734;7,952;0
735;7,956;0
736;7,961;0
737;7,965;0
738;7,969;0
739;7,974;0
740;7,978;0
741;7,983;0
742;7,987;0
743;7,992;0
744;7,996;0
745;8,001;0
746;8,005;0
747;8,009;0
748;8,014;0
749;8,018;0
750;8,023;0
751;8,027;0
752;8,032;0
753;8,036;0
754;8,040;0
755;8,045;0
756;8,049;0
757;8,054;0
758;8,058;0
759;8,063;0
760;8,067;0
761;8,072;0
762;8,076;0
763;8,080;0
764;8,085;0
765;8,089;0
766;8,094;0
767;8,098;0
768;8,103;0
769;8,107;0
770;8,112;0
771;8,116;0
772;8,120;0
773;8,125;0
774;8,129;0
775;8,134;0
776;8,138;0
777;8,143;1,27609262883235
778;8,147;2,42987606001305
779;8,152;4,65182648401826
780;8,156;3,78343118069145
781;8,160;5,6547619047619
782;8,165;6,49054142204827
783;8,169;5,87899543378995
784;8,174;7,24885844748858
785;8,178;7,74624918460535
786;8,183;10,1965101108937
787;8,187;6,69031311154599
788;8,192;6,02984344422701
789;8,196;0
790;8,200;0
791;8,205;3,80381604696673
792;8,209;5,15737116764514
793;8,214;2,57257012393999
794;8,218;2,53995433789954
795;8,223;1,9487932159165
796;8,227;1,08447488584475
797;8,231;1,69602087410307
798;8,236;2,28718199608611
799;8,240;2,09148727984344
800;8,245;0
801;8,249;0
802;8,254;0,77870189171559
803;8,258;0,762393998695369
804;8,263;0
805;8,267;0
806;8,271;0
807;8,276;0
808;8,280;0
809;8,285;0
810;8,289;0
811;8,294;0
812;8,298;0
813;8,303;0
814;8,307;0
815;8,311;0
816;8,316;0
817;8,320;0
818;8,325;2,38095238095238
819;8,329;1,59409654272668
820;8,334;1,35355512067841
821;8,338;2,60518590998043
822;8,343;1,22309197651663
823;8,347;2,47879973907371
824;8,351;1,37801696020874
825;8,356;1,41470971950424
826;8,360;1,30463144161774
827;8,365;1,36578604044357
828;8,369;0
829;8,374;1,48809523809524
830;8,378;0
831;8,383;0
832;8,387;0
833;8,391;0
834;8,396;1,30463144161774
835;8,400;0
836;8,405;0
837;8,409;0
838;8,414;0
839;8,418;0
840;8,422;0,774624918460535
841;8,427;0
842;8,431;0
843;8,436;0
844;8,440;0
845;8,445;0
846;8,449;0
847;8,454;0
848;8,458;0
849;8,462;0
850;8,467;0
851;8,471;0
852;8,476;0
853;8,480;0
854;8,485;0
855;8,489;0
856;8,494;0
857;8,498;0
858;8,502;0
859;8,507;0
860;8,511;0
861;8,516;0
862;8,520;0
863;8,525;0,896934116112198
864;8,529;0,729778212654925
865;8,534;3,05772994129158
866;8,538;3,24527071102414
867;8,542;5,93199608610567
868;8,547;8,95303326810176
869;8,551;8,13356164383562
870;8,556;12,7405414220483
871;8,560;12,5163078930202
872;8,565;13,6660143509459
873;8,569;13,8046314416177
874;8,574;10,4655903457273
875;8,578;10,070123939987
876;8,582;8,66356816699282
877;8,587;8,6105675146771
878;8,591;6,05430528375734
879;8,596;6,18476842791911
880;8,600;4,47243966079582
881;8,605;4,42759295499021
882;8,609;3,92204827136334
883;8,613;1,88356164383562
884;8,618;1,96917808219178
885;8,622;1,985485975212
886;8,627;0
887;8,631;0
888;8,636;2,08333333333333
889;8,640;3,05772994129158
890;8,645;6,89008480104371
891;8,649;8,10502283105023
892;8,653;11,7946836268754
893;8,658;16,5932811480757
894;8,662;18,7540769732551
895;8,667;23,0267449445532
896;8,671;25,3057729941292
897;8,676;29,0851272015656
898;8,680;26,1986301369863
899;8,685;23,3243639921722
900;8,689;19,6550880626223
901;8,693;16,8338225701239
902;8,698;13,4947814742335
903;8,702;12,1004566210046
904;8,707;10,1965101108937
905;8,711;6,86562296151337
906;8,716;5,91568819308545
907;8,720;5,87899543378995
908;8,725;4,18705153294194
909;8,729;3,49804305283757
910;8,733;0
911;8,738;2,46656881930855
912;8,742;2,62557077625571
913;8,747;0,713470319634703
914;8,751;1,34132420091324
915;8,756;1,53294194390085
916;8,760;1,25570776255708
917;8,765;0,664546640574038
918;8,769;0,835779517286367
919;8,773;0
920;8,778;1,32501630789302
921;8,782;0
922;8,787;0,799086757990868
923;8,791;0
924;8,796;0
925;8,800;0,63600782778865
926;8,805;0
927;8,809;0
928;8,813;0,835779517286367
929;8,818;0,684931506849315
930;8,822;0
931;8,827;0
932;8,831;0
933;8,836;0
934;8,840;0
935;8,844;0,746086105675147
936;8,849;0
937;8,853;0
938;8,858;0
939;8,862;0,835779517286367
940;8,867;0,807240704500978
941;8,871;1,89579256360078
942;8,876;1,72455968688845
943;8,880;3,05365296803653
944;8,884;0
945;8,889;4,1544357469015
946;8,893;4,12997390737117
947;8,898;4,45205479452055
948;8,902;3,65296803652968
949;8,907;3,6692759295499
950;8,911;4,08920417482061
951;8,916;2,28310502283105
952;8,920;0
953;8,924;2,01402478799739
954;8,929;0
955;8,933;1,70009784735812
956;8,938;1,35763209393346
957;8,942;1,30463144161774
958;8,947;0
959;8,951;0
960;8,956;0,774624918460535
961;8,960;0
962;8,964;0
963;8,969;0
964;8,973;0
965;8,978;0
966;8,982;2,16079582517939
967;8,987;0
968;8,991;0
969;8,996;0,619699934768428
970;9,000;0
971;9,004;0
972;9,009;0,819471624266145
973;9,013;0
974;9,018;0
975;9,022;0
976;9,027;0
977;9,031;0
978;9,035;0,640084801043705
979;9,040;0
980;9,044;0
981;9,049;0
982;9,053;0
983;9,058;0
984;9,062;0
985;9,067;0
986;9,071;0
987;9,075;0
988;9,080;0
989;9,084;0
990;9,089;0
991;9,093;0
992;9,098;0
993;9,102;0
994;9,107;0
995;9,111;0
996;9,115;0
997;9,120;1,20678408349641
998;9,124;1,29240052185258
999;9,129;2,61333985649054
1000;9,133;0
1001;9,138;1,56555772994129
1002;9,142;0
1003;9,147;1,66340508806262
1004;9,151;1,53294194390085
1005;9,155;1,61855838225701
1006;9,160;0
1007;9,164;0
1008;9,169;1,40655577299413
1009;9,173;2,97211350293542
1010;9,178;0
1011;9,182;0,835779517286367
1012;9,187;0,77870189171559
1013;9,191;0,709393346379648
1014;9,195;0,770547945205479
1015;9,200;0
1016;9,204;0
1017;9,209;0,831702544031311
1018;9,213;2,16079582517939
1019;9,218;0
1020;9,222;0
1021;9,226;1,76532941943901
1022;9,231;0
1023;9,235;0
1024;9,240;0
1025;9,244;0
1026;9,249;0
1027;9,253;0,717547292889759
1028;9,258;0
1029;9,262;0
1030;9,266;0
1031;9,271;0
1032;9,275;0
1033;9,280;0
1034;9,284;0
1035;9,289;0
1036;9,293;0
1037;9,298;0
1038;9,302;0
1039;9,306;0
1040;9,311;0
1041;9,315;0
1042;9,320;0
1043;9,324;0
1044;9,329;0
1045;9,333;0
1046;9,338;0
1047;9,342;0
1048;9,346;0
1049;9,351;0
1050;9,355;0
1051;9,360;0
1052;9,364;0
1053;9,369;0
1054;9,373;0
1055;9,378;0
1056;9,382;0
1057;9,386;0
1058;9,391;0
1059;9,395;0
1060;9,400;0
1061;9,404;0
1062;9,409;0,619699934768428
1063;9,413;1,55332681017613
1064;9,417;0
1065;9,422;0
1066;9,426;1,05185909980431
1067;9,431;2,06294846705806
1068;9,435;1,99363992172211
1069;9,440;2,58480104370515
1070;9,444;2,67449445531637
1071;9,449;3,69373776908023
1072;9,453;0
1073;9,457;12,0066862361383
1074;9,462;10,147586431833
1075;9,466;16,1896607958252
1076;9,471;26,2557077625571
1077;9,475;32,4690150032616
1078;9,480;43,7622309197652
1079;9,484;48,4385192433138
1080;9,489;52,3687214611872
1081;9,493;59,1283431180691
1082;9,497;56,029843444227
1083;9,502;47,7250489236791
1084;9,506;42,5065231572081
1085;9,511;36,2402152641879
1086;9,515;28,599967384214
1087;9,520;23,5200587084149
1088;9,524;15,8675799086758
1089;9,529;14,1267123287671
1090;9,533;11,1586757990868
1091;9,537;5,8382257012394
1092;9,542;6,67808219178082
1093;9,546;6,75554468362687
1094;9,551;5,14921722113503
1095;9,555;0
1096;9,560;0
1097;9,564;0
1098;9,569;0
1099;9,573;2,1689497716895
1100;9,577;1,90802348336595
1101;9,582;2,12002609262883
1102;9,586;1,15378343118069
1103;9,591;1,47586431833007
1104;9,595;1,34132420091324
1105;9,600;0,754240052185258
1106;9,604;0
1107;9,608;0
1108;9,613;0,949934768427919
1109;9,617;0,693085453359426
1110;9,622;0
1111;9,626;0
1112;9,631;0,623776908023483
1113;9,635;0,786855838225701
1114;9,640;1,01516634050881
1115;9,644;0
1116;9,648;0,652315720808871
1117;9,653;1,76532941943901
1118;9,657;0
1119;9,662;0
1120;9,666;0,72570123939987
1121;9,671;0,994781474233529
1122;9,675;0,644161774298761
1123;9,680;1,01108936725375
1124;9,684;0
1125;9,688;1,70417482061318
1126;9,693;1,29647749510763
1127;9,697;1,27609262883235
1128;9,702;3,01696020874103
1129;9,706;0
1130;9,711;3,2575016307893
1131;9,715;1,37393998695369
1132;9,720;3,41242661448141
1133;9,724;2,94765166340509
1134;9,728;3,30234833659491
1135;9,733;4,37051532941944
1136;9,737;8,97341813437704
1137;9,742;14,0329419439008
1138;9,746;27,5440313111546
1139;9,751;23,0063600782779
1140;9,755;33,3741030658839
1141;9,760;30,7077625570776
1142;9,764;30,3449119373777
1143;9,768;25,7093933463796
1144;9,773;23,165362035225
1145;9,777;17,28228962818
1146;9,782;14,6363339856491
1147;9,786;14,8157208088715
1148;9,791;10,6286692759295
1149;9,795;10,9752120026093
1150;9,800;6,03392041748206
1151;9,804;6,88193085453359
1152;9,808;4,07289628180039
1153;9,813;7,17547292889759
1154;9,817;5,99315068493151
1155;9,822;3,37981082844097
1156;9,826;2,40541422048271
1157;9,831;3,09442270058708
1158;9,835;2,50326157860404
1159;9,839;0
1160;9,844;2,62149380300065
1161;9,848;1,58186562296151
1162;9,853;2,63780169602087
1163;9,857;1,44732550554468
1164;9,862;2,61333985649054
1165;9,866;0
1166;9,871;0,676777560339204
1167;9,875;0
1168;9,879;1,98140900195695
1169;9,884;2,5440313111546
1170;9,888;1,31278538812785
1171;9,893;0
1172;9,897;0
1173;9,902;0
1174;9,906;0
1175;9,911;1,82240704500978
1176;9,915;1,06409001956947
1177;9,919;1,65117416829746
1178;9,924;0,925472928897586
1179;9,928;0
1180;9,933;0,709393346379648
1181;9,937;0
1182;9,942;0
1183;9,946;0
1184;9,951;0
1185;9,955;0
1186;9,959;0
1187;9,964;3,83643183300718
1188;9,968;1,17009132420091
1189;9,973;2,68264840182648
1190;9,977;0
1191;9,982;0
1192;9,986;0
1193;9,991;1,42286366601435
1194;9,995;1,77756033920417
1195;9,999;1,1986301369863
1196;10,004;0,888780169602087
1197;10,008;1,98956294846706
1198;10,013;1,13747553816047
1199;10,017;0
1200;10,022;1,93656229615134
1201;10,026;2,51549249836921
1202;10,030;0,611545988258317
1203;10,035;0
1204;10,039;1,49624918460535
1205;10,044;1,63078930202218
1206;10,048;1,5737116764514
1207;10,053;0,652315720808871
1208;10,057;0,848010437051533
1209;10,062;0,709393346379648
1210;10,066;0,86839530332681
1211;10,070;0
1212;10,075;1,18232224396608
1213;10,079;0
1214;10,084;0
1215;10,088;0,852087410306588
1216;10,093;0,998858447488584
1217;10,097;0
1218;10,102;0
1219;10,106;0
1220;10,110;0
1221;10,115;0
1222;10,119;0
1223;10,124;0
1224;10,128;0,746086105675147
1225;10,133;0
1226;10,137;0
1227;10,142;0
1228;10,146;0
1229;10,150;0
1230;10,155;1,10893672537508
1231;10,159;0
1232;10,164;0
1233;10,168;0
1234;10,173;0
1235;10,177;0
1236;10,182;1,03147423352903
1237;10,186;0
1238;10,190;0,652315720808871
1239;10,195;0,737932159165036
1240;10,199;1,6470971950424
1241;10,204;0,917318982387475
1242;10,208;1,17009132420091
1243;10,213;2,87018917155903
1244;10,217;3,37981082844097
1245;10,221;4,55805609915199
1246;10,226;4,43166992824527
1247;10,230;5,40198956294847
1248;10,235;3,98727984344423
1249;10,239;4,53767123287671
1250;10,244;4,26859099804305
1251;10,248;0
1252;10,253;2,25048923679061
1253;10,257;2,29533594259622
1254;10,261;1,87133072407045
1255;10,266;2,25048923679061
1256;10,270;1,89171559034573
1257;10,275;3,65704500978474
1258;10,279;0,864318330071755
1259;10,284;2,16487279843444
1260;10,288;0,990704500978474
1261;10,293;1,14155251141552
1262;10,297;2,55218525766471
1263;10,301;0
1264;10,306;0
1265;10,310;1,09670580560992
1266;10,315;0
1267;10,319;0,672700587084149
1268;10,324;0,660469667318982
1269;10,328;0,627853881278539
1270;10,333;0
1271;10,337;0,978473581213307
1272;10,341;0,827625570776256
1273;10,346;0
1274;10,350;0
1275;10,355;0
1276;10,359;0
1277;10,364;0
1278;10,368;0,640084801043705
1279;10,373;0,909165035877365
1280;10,377;0
1281;10,381;0
1282;10,386;0
1283;10,390;0,835779517286367
1284;10,395;0
1285;10,399;0
1286;10,404;0,994781474233529
1287;10,408;0
1288;10,412;0,627853881278539
1289;10,417;0
1290;10,421;0
1291;10,426;0
1292;10,430;0,892857142857143
1293;10,435;0,648238747553816
1294;10,439;0,68900848010437
1295;10,444;0,766470971950424
1296;10,448;0
1297;10,452;0
1298;10,457;0
1299;10,461;0
1300;10,466;0
1301;10,470;0
1302;10,475;0
1303;10,479;0,640084801043705
1304;10,484;0
1305;10,488;0
1306;10,492;1,1619373776908
1307;10,497;0
1308;10,501;0
1309;10,506;1,12932159165036
1310;10,510;1,56148075668624
1311;10,515;1,74494455316373
1312;10,519;1,60225048923679
1313;10,524;2,12818003913894
1314;10,528;1,96510110893673
1315;10,532;1,55740378343118
1316;10,537;1,65117416829746
1317;10,541;0
1318;10,546;3,90981735159817
1319;10,550;2,26272015655577
1320;10,555;2,79272667971298
1321;10,559;4,05658838878017
1322;10,564;0,737932159165036
1323;10,568;0
1324;10,572;2,46656881930855
1325;10,577;2,49103065883888
1326;10,581;2,05071754729289
1327;10,586;4,0810502283105
1328;10,590;3,94243313763862
1329;10,595;2,11594911937378
1330;10,599;0
1331;10,604;0
1332;10,608;2,75195694716243
1333;10,612;1,54109589041096
1334;10,617;2,01402478799739
1335;10,621;0
1336;10,626;0
1337;10,630;0
1338;10,635;0
1339;10,639;0
1340;10,643;0,672700587084149
1341;10,648;0
1342;10,652;1,30055446836269
1343;10,657;0,892857142857143
1344;10,661;0,937703848662753
1345;10,666;0,937703848662753
1346;10,670;0
1347;10,675;0
1348;10,679;0,933626875407697
1349;10,683;0,909165035877365
1350;10,688;0,615622961513372
1351;10,692;1,24755381604697
1352;10,697;1,10485975212003
1353;10,701;0
1354;10,706;0,684931506849315
1355;10,710;0
1356;10,715;0
1357;10,719;0,656392694063927
1358;10,723;0,872472276581866
1359;10,728;0
1360;10,732;0,815394651011089
1361;10,737;0
1362;10,741;0,880626223091976
1363;10,746;0
1364;10,750;0
1365;10,755;0,623776908023483
1366;10,759;0,998858447488584
1367;10,763;0
1368;10,768;1,46363339856491
1369;10,772;1,36170906718852
1370;10,777;0
1371;10,781;1,76940639269406
1372;10,786;0
1373;10,790;1,28832354859752
1374;10,795;0
1375;10,799;2,42987606001305
1376;10,803;2,72749510763209
1377;10,808;1,24755381604697
1378;10,812;4,01174168297456
1379;10,817;0
1380;10,821;0
1381;10,826;5,52837573385519
1382;10,830;0
1383;10,834;11,4236790606654
1384;10,839;13,7557077625571
1385;10,843;20,8985649054142
1386;10,848;24,6412263535551
1387;10,852;22,7617416829746
1388;10,857;23,9889106327462
1389;10,861;21,9504240052185
1390;10,866;17,5921395955643
1391;10,870;13,6374755381605
1392;10,874;11,5052185257665
1393;10,879;16,4220482713633
1394;10,883;9,46673189823875
1395;10,888;8,23956294846706
1396;10,892;9,66242661448141
1397;10,897;4,78228962818004
1398;10,901;4,1544357469015
1399;10,906;4,65182648401826
1400;10,910;0
1401;10,914;0
1402;10,919;3,60404435746901
1403;10,923;3,51027397260274
1404;10,928;3,55104370515329
1405;10,932;2,62557077625571
1406;10,937;1,06001304631442
1407;10,941;1,54109589041096
1408;10,946;0
1409;10,950;0
1410;10,954;2,90688193085453
1411;10,959;2,33202870189172
1412;10,963;1,65525114155251
1413;10,968;3,09442270058708
1414;10,972;0,852087410306588
1415;10,977;0,998858447488584
1416;10,981;1,12932159165036
1417;10,986;0,901011089367254
1418;10,990;0
1419;10,994;0,758317025440313
1420;10,999;0
1421;11,003;0
1422;11,008;1,71232876712329
1423;11,012;1,18232224396608
1424;11,017;2,49918460534899
1425;11,021;0,701239399869537
1426;11,025;1,5370189171559
1427;11,030;2,23418134377038
1428;11,034;0,856164383561644
1429;11,039;1,05185909980431
1430;11,043;1,69194390084801
1431;11,048;0
1432;11,052;1,73679060665362
1433;11,057;1,66340508806262
1434;11,061;0,982550554468363
1435;11,065;0
1436;11,070;1,78571428571429
1437;11,074;4,09328114807567
1438;11,079;4,26859099804305
1439;11,083;5,98091976516634
1440;11,088;1,5737116764514
1441;11,092;1,91617742987606
1442;11,097;2,97619047619048
1443;11,101;1,03962818003914
1444;11,105;1,44324853228963
1445;11,110;1,06816699282453
1446;11,114;0,970319634703196
1447;11,119;2,71118721461187
1448;11,123;1,33724722765819
1449;11,128;2,40133724722766
1450;11,132;1,22309197651663
1451;11,137;0
1452;11,141;0
1453;11,145;0
1454;11,150;0
1455;11,154;1,95694716242661
1456;11,159;1,6104044357469
1457;11,163;1,75309849967384
1458;11,168;0
1459;11,172;0
1460;11,177;0,839856490541422
1461;11,181;0
1462;11,185;0
1463;11,190;0,648238747553816
1464;11,194;0,856164383561644
1465;11,199;0,892857142857143
1466;11,203;1,52886497064579
1467;11,208;0
1468;11,212;0
1469;11,216;0,901011089367254
1470;11,221;0
1471;11,225;0
1472;11,230;0,811317677756034
1473;11,234;1,42694063926941
1474;11,239;0,627853881278539
1475;11,243;0
1476;11,248;0,925472928897586
1477;11,252;1,10485975212003
1478;11,256;0
1479;11,261;0
1480;11,265;0,611545988258317
1481;11,270;0
1482;11,274;0
1483;11,279;0
1484;11,283;0
1485;11,288;1,81017612524462
1486;11,292;0
1487;11,296;0,774624918460535
1488;11,301;0
1489;11,305;0,795009784735812
1490;11,310;1,52478799739074
1491;11,314;0,852087410306588
1492;11,319;0
1493;11,323;3,04957599478147
1494;11,328;1,12932159165036
1495;11,332;2,14856490541422
1496;11,336;3,20857795172864
1497;11,341;8,87964774951076
1498;11,345;4,89236790606654
1499;11,350;4,36236138290933
1500;11,354;9,31588388780169
1501;11,359;3,98727984344423
1502;11,363;3,48581213307241
1503;11,368;3,42058056099152
1504;11,372;6,32746249184605
1505;11,376;2,63780169602087
1506;11,381;2,46656881930855
1507;11,385;2,85388127853881
1508;11,390;2,73972602739726
1509;11,394;2,21379647749511
1510;11,399;1,74086757990868
1511;11,403;0
1512;11,407;3,10665362035225
1513;11,412;1,52886497064579
1514;11,416;1,70825179386823
1515;11,421;1,34947814742335
1516;11,425;0
1517;11,430;2,06294846705806
1518;11,434;1,31278538812785
1519;11,439;2,03848662752772
1520;11,443;3,2941943900848
1521;11,447;5,89530332681018
1522;11,452;8,66356816699282
1523;11,456;8,74510763209393
1524;11,461;6,49461839530333
1525;11,465;7,3752446183953
1526;11,470;10,7550554468363
1527;11,474;3,24527071102414
1528;11,479;0
1529;11,483;9,60942596216569
1530;11,487;5,91568819308545
1531;11,492;3,72227658186562
1532;11,496;1,31278538812785
1533;11,501;0
1534;11,505;1,94471624266145
1535;11,510;2,36464448793216
1536;11,514;1,35355512067841
1537;11,519;1,97325505544684
1538;11,523;2,52364644487932
1539;11,527;1,1252446183953
1540;11,532;1,61448140900196
1541;11,536;0,819471624266145
1542;11,541;1,15786040443575
1543;11,545;1,30463144161774
1544;11,550;1,70009784735812
1545;11,554;1,37393998695369
1546;11,559;1,18639921722114
1547;11,563;1,26793868232224
1548;11,567;0
1549;11,572;0,892857142857143
1550;11,576;0
1551;11,581;1,25163078930202
1552;11,585;0,8235485975212
1553;11,590;0,701239399869537
1554;11,594;1,04370515329419
1555;11,599;0,693085453359426
1556;11,603;0,941780821917808
1557;11,607;0,697162426614481
1558;11,612;1,78163731245923
1559;11,616;0,611545988258317
1560;11,621;1,17824527071102
1561;11,625;1,77348336594912
1562;11,630;1,35763209393346
1563;11,634;0
1564;11,638;3,44504240052185
1565;11,643;1,07632093933464
1566;11,647;0
1567;11,652;1,70825179386823
1568;11,656;0
1569;11,661;0
1570;11,665;5,95238095238095
1571;11,670;0
1572;11,674;0
1573;11,678;0
1574;11,683;3,13926940639269
1575;11,687;3,71412263535551
1576;11,692;2,15671885192433
1577;11,696;0
1578;11,701;0
1579;11,705;3,2575016307893
1580;11,710;0
1581;11,714;2,55218525766471
1582;11,718;1,06409001956947
1583;11,723;1,32909328114808
1584;11,727;2,97211350293542
1585;11,732;2,58480104370515
1586;11,736;0
1587;11,741;1,87540769732551
1588;11,745;1,04778212654925
1589;11,750;0,872472276581866
1590;11,754;2,1689497716895
1591;11,758;0,933626875407697
1592;11,763;1,09262883235486
1593;11,767;1,18639921722114
1594;11,772;0,941780821917808
1595;11,776;1,52478799739074
1596;11,781;1,13747553816047
1597;11,785;0
1598;11,790;0
1599;11,794;1,46363339856491
1600;11,798;0
1601;11,803;0,95808871493803
1602;11,807;0
1603;11,812;0
1604;11,816;0,998858447488584
1605;11,821;0,848010437051533
1606;11,825;0
1607;11,829;1,3087084148728
1608;11,834;0,746086105675147
1609;11,838;1,04778212654925
1610;11,843;0
1611;11,847;0
1612;11,852;0
1613;11,856;0
1614;11,861;0,86839530332681
1615;11,865;1,43101761252446
1616;11,869;0,782778864970646
1617;11,874;0
1618;11,878;1,72455968688845
1619;11,883;0
1620;11,887;1,02332028701892
1621;11,892;0,896934116112198
1622;11,896;0
1623;11,901;0,619699934768428
1624;11,905;0
1625;11,909;0
1626;11,914;0
1627;11,918;0,705316373124592
1628;11,923;0,631930854533594
1629;11,927;0,766470971950424
1630;11,932;0,901011089367254
1631;11,936;0
1632;11,941;0
1633;11,945;0,656392694063927
1634;11,949;0,831702544031311
1635;11,954;1,08039791258969
1636;11,958;0,68085453359426
1637;11,963;0
1638;11,967;0,656392694063927
1639;11,972;0,770547945205479
1640;11,976;0
1641;11,981;1,7204827136334
1642;11,985;2,05071754729289
1643;11,989;4,02397260273973
1644;11,994;5,07990867579909
1645;11,998;5,51206784083496
1646;12,003;7,05724070450098
1647;12,007;7,57909328114807
1648;12,012;9,35665362035225
1649;12,016;10,3228962818004
1650;12,020;8,78180039138943
1651;12,025;8,01940639269406
1652;12,029;7,58317025440313
1653;12,034;6,00130463144162
1654;12,038;0
1655;12,043;4,38274624918461
1656;12,047;3,75489236790607
1657;12,052;3,77120026092629
1658;12,056;3,95466405740378
1659;12,060;6,92270058708415
1660;12,065;4,6395955642531
1661;12,069;3,29011741682975
1662;12,074;5,65068493150685
1663;12,078;0
1664;12,083;3,23711676451402
1665;12,087;2,78049575994781
1666;12,092;2,43803000652316
1667;12,096;4,52544031311155
1668;12,100;1,61855838225701
1669;12,105;4,07289628180039
1670;12,109;1,24347684279191
1671;12,114;3,53473581213307
1672;12,118;2,22602739726027
1673;12,123;0
1674;12,127;1,85502283105023
1675;12,132;0
1676;12,136;0
1677;12,140;2,44210697977821
1678;12,145;2,07925636007828
1679;12,149;3,57550554468363
1680;12,154;2,21787345075016
1681;12,158;2,52772341813438
1682;12,163;0
1683;12,167;0
1684;12,172;1,1619373776908
1685;12,176;2,25456621004566
1686;12,180;0
1687;12,185;0,631930854533594
1688;12,189;2,205642530985
1689;12,194;1,54517286366601
1690;12,198;0
1691;12,203;0,892857142857143
1692;12,207;0
1693;12,211;1,89579256360078
1694;12,216;1,40655577299413
1695;12,220;0,864318330071755
1696;12,225;2,6541095890411
1697;12,229;0,774624918460535
1698;12,234;2,32795172863666
1699;12,238;0
1700;12,243;1,42286366601435
1701;12,247;0,929549902152642
1702;12,251;0
1703;12,256;0
1704;12,260;2,19748858447489
1705;12,265;1,84686888454012
1706;12,269;1,06409001956947
1707;12,274;1,89986953685584
1708;12,278;0,815394651011089
1709;12,283;0
1710;12,287;0
1711;12,291;1,74902152641879
1712;12,296;1,5737116764514
1713;12,300;1,12116764514025
1714;12,305;0
1715;12,309;0,684931506849315
1716;12,314;0
1717;12,318;1,1252446183953
1718;12,323;0,91324200913242
1719;12,327;1,19047619047619
1720;12,331;1,01924331376386
1721;12,336;0
1722;12,340;2,47879973907371
1723;12,345;1,20270711024136
1724;12,349;1,5003261578604
1725;12,354;1,81833007175473
1726;12,358;0
1727;12,363;0,966242661448141
1728;12,367;1,10893672537508
1729;12,371;0
1730;12,376;0
1731;12,380;0,72570123939987
1732;12,385;0
1733;12,389;0
1734;12,394;1,1986301369863
1735;12,398;0,803163731245923
1736;12,402;0,746086105675147
1737;12,407;0
1738;12,411;0,63600782778865
1739;12,416;2,31572080887149
1740;12,420;0
1741;12,425;1,13339856490541
1742;12,429;0,994781474233529
1743;12,434;0
1744;12,438;0,945857795172864
1745;12,442;0,872472276581866
1746;12,447;1,0070123939987
1747;12,451;1,80609915198956
1748;12,456;0
1749;12,460;0,803163731245923
1750;12,465;0,652315720808871
1751;12,469;0,754240052185258
1752;12,474;0
1753;12,478;0
1754;12,482;0,949934768427919
1755;12,487;1,15378343118069
1756;12,491;0
1757;12,496;1,13747553816047
1758;12,500;0,729778212654925
1759;12,505;0,819471624266145
1760;12,509;0
1761;12,514;0
1762;12,518;0,917318982387475
1763;12,522;0
1764;12,527;0
1765;12,531;0,750163078930202
1766;12,536;0,63600782778865
1767;12,540;0,717547292889759
1768;12,545;1,08447488584475
1769;12,549;0
1770;12,554;0
1771;12,558;0
1772;12,562;0,970319634703196
1773;12,567;1,5003261578604
1774;12,571;0,717547292889759
1775;12,576;0
1776;12,580;0,652315720808871
1777;12,585;0,864318330071755
1778;12,589;0,627853881278539
1779;12,594;0,856164383561644
1780;12,598;0,709393346379648
1781;12,602;1,29240052185258
1782;12,607;0
1783;12,611;0
1784;12,616;0,672700587084149
1785;12,620;0
1786;12,625;0
1787;12,629;0
1788;12,633;0,615622961513372
1789;12,638;0,839856490541422
1790;12,642;1,72863666014351
1791;12,647;0,63600782778865
1792;12,651;0,848010437051533
1793;12,656;0,933626875407697
1794;12,660;0
1795;12,665;0,73385518590998
1796;12,669;0,909165035877365
1797;12,673;1,3454011741683
1798;12,678;0,644161774298761
1799;12,682;0
1800;12,687;0
1801;12,691;0,644161774298761
1802;12,696;0,623776908023483
1803;12,700;1,5370189171559
1804;12,705;0
1805;12,709;1,84686888454012
1806;12,713;0
1807;12,718;0
1808;12,722;0,77870189171559
1809;12,727;0,631930854533594
1810;12,731;0
1811;12,736;1,05593607305936
1812;12,740;0,746086105675147
1813;12,745;1,67971298108284
1814;12,749;0
1815;12,753;0
1816;12,758;0
1817;12,762;0
1818;12,767;0,623776908023483
1819;12,771;0
1820;12,776;1,02332028701892
1821;12,780;0,852087410306588
1822;12,785;0
1823;12,789;0,848010437051533
1824;12,793;0,974396607958252
1825;12,798;0,774624918460535
1826;12,802;0,815394651011089
1827;12,807;0,754240052185258
1828;12,811;0,619699934768428
1829;12,816;0
1830;12,820;0
1831;12,824;0
1832;12,829;0,701239399869537
1833;12,833;0
1834;12,838;0
1835;12,842;0
1836;12,847;0
1837;12,851;0
1838;12,856;0
1839;12,860;0,795009784735812
1840;12,864;1,0070123939987
1841;12,869;0,966242661448141
1842;12,873;0
1843;12,878;0,856164383561644
1844;12,882;0
1845;12,887;0,758317025440313
1846;12,891;0
1847;12,896;0,652315720808871
1848;12,900;0
1849;12,904;0
1850;12,909;1,5003261578604
1851;12,913;1,04370515329419
1852;12,918;0
1853;12,922;1,08447488584475
1854;12,927;0,929549902152642
1855;12,931;0,91324200913242
1856;12,936;0
1857;12,940;0
1858;12,944;0,660469667318982
1859;12,949;0
1860;12,953;0,949934768427919
1861;12,958;0
1862;12,962;0,640084801043705
1863;12,967;0,91324200913242
1864;12,971;1,03147423352903
1865;12,976;0
1866;12,980;0
1867;12,984;0
1868;12,989;0,705316373124592
1869;12,993;0,864318330071755
1870;12,998;0,742009132420091
1871;13,002;0
1872;13,007;0,697162426614481
1873;13,011;0
1874;13,015;0,750163078930202
1875;13,020;0,811317677756034
1876;13,024;0
1877;13,029;0,631930854533594
1878;13,033;0,811317677756034
1879;13,038;0,786855838225701
1880;13,042;1,40655577299413
1881;13,047;0
1882;13,051;0
1883;13,055;0,945857795172864
1884;13,060;0
1885;13,064;0
1886;13,069;1,57778864970646
1887;13,073;0
1888;13,078;1,64302022178735
1889;13,082;0
1890;13,087;0
1891;13,091;0
1892;13,095;1,2720156555773
1893;13,100;3,29827136333986
1894;13,104;3,26157860404436
1895;13,109;0
1896;13,113;0
1897;13,118;1,05185909980431
1898;13,122;1,36578604044357
1899;13,127;1,1619373776908
1900;13,131;2,23010437051533
1901;13,135;0
1902;13,140;1,38617090671885
1903;13,144;1,00293542074364
1904;13,149;0,664546640574038
1905;13,153;1,41470971950424
1906;13,158;0,970319634703196
1907;13,162;1,30463144161774
1908;13,167;0,705316373124592
1909;13,171;0,72570123939987
1910;13,175;0
1911;13,180;1,54517286366601
1912;13,184;0
1913;13,189;1,90394651011089
1914;13,193;0,73385518590998
1915;13,198;1,65117416829746
1916;13,202;0
1917;13,206;0
1918;13,211;0,872472276581866
1919;13,215;0
1920;13,220;1,41470971950424
1921;13,224;1,50848010437052
1922;13,229;0,990704500978474
1923;13,233;0,754240052185258
1924;13,238;1,7204827136334
1925;13,242;1,40655577299413
1926;13,246;0,721624266144814
1927;13,251;0
1928;13,255;0,835779517286367
1929;13,260;0,729778212654925
1930;13,264;0
1931;13,269;0
1932;13,273;0
1933;13,278;1,05593607305936
1934;13,282;1,5737116764514
1935;13,286;1,02332028701892
1936;13,291;0
1937;13,295;0
1938;13,300;0
1939;13,304;0,631930854533594
1940;13,309;0
1941;13,313;0
1942;13,318;1,51663405088063
1943;13,322;0,762393998695369
1944;13,326;0
1945;13,331;0
1946;13,335;0
1947;13,340;0,717547292889759
1948;13,344;0
