#"+EI EIC(194,5) Scan 150C_1ml-min_10C-min_2.D  Smooth "
#Point;X(Minutes);Y(Counts)
0;4,691;0
1;4,696;0
2;4,700;0
3;4,705;0
4;4,709;0
5;4,713;0
6;4,718;0
7;4,722;0
8;4,727;0
9;4,731;0
10;4,736;0
11;4,740;0
12;4,745;0
13;4,749;0
14;4,753;0
15;4,758;0
16;4,762;0
17;4,767;0
18;4,771;0
19;4,776;0
20;4,780;0
21;4,785;0
22;4,789;0
23;4,793;0
24;4,798;0
25;4,802;0
26;4,807;0
27;4,811;0
28;4,816;0
29;4,820;0
30;4,824;0
31;4,829;0
32;4,833;0
33;4,838;0
34;4,842;0
35;4,847;0
36;4,851;0
37;4,856;0
38;4,860;0
39;4,864;0
40;4,869;0
41;4,873;0
42;4,878;0
43;4,882;0
44;4,887;0
45;4,891;0
46;4,896;0
47;4,900;0
48;4,904;0
49;4,909;0
50;4,913;0
51;4,918;0
52;4,922;0
53;4,927;0
54;4,931;0
55;4,936;0
56;4,940;0
57;4,944;0
58;4,949;0
59;4,953;0
60;4,958;0
61;4,962;0
62;4,967;0
63;4,971;0
64;4,976;0
65;4,980;0
66;4,984;0
67;4,989;0
68;4,993;0
69;4,998;0
70;5,002;0
71;5,007;0
72;5,011;0
73;5,016;0
74;5,020;0
75;5,024;0
76;5,029;0
77;5,033;0
78;5,038;0
79;5,042;0
80;5,047;0
81;5,051;0
82;5,055;0
83;5,060;0
84;5,064;0
85;5,069;0
86;5,073;0
87;5,078;0
88;5,082;0
89;5,087;0
90;5,091;0
91;5,095;0
92;5,100;0
93;5,104;0
94;5,109;0
95;5,113;0
96;5,118;0
97;5,122;0
98;5,127;0
99;5,131;0
100;5,135;0
101;5,140;0
102;5,144;0
103;5,149;0
104;5,153;0
105;5,158;0
106;5,162;0
107;5,167;0
108;5,171;0
109;5,175;0
110;5,180;0
111;5,184;0
112;5,189;0
113;5,193;0
114;5,198;0
115;5,202;0
116;5,207;0
117;5,211;0
118;5,215;0
119;5,220;0
120;5,224;0
121;5,229;0
122;5,233;0
123;5,238;0
124;5,242;0
125;5,246;0
126;5,251;0
127;5,255;0
128;5,260;0
129;5,264;0
130;5,269;0
131;5,273;0
132;5,278;0
133;5,282;0
134;5,286;0
135;5,291;0
136;5,295;0
137;5,300;0
138;5,304;0
139;5,309;0
140;5,313;0
141;5,318;0
142;5,322;0
143;5,326;0
144;5,331;0
145;5,335;0
146;5,340;0
147;5,344;0
148;5,349;0
149;5,353;0
150;5,358;0
151;5,362;0
152;5,366;0
153;5,371;0
154;5,375;0
155;5,380;0
156;5,384;0
157;5,389;0
158;5,393;0
159;5,398;0
160;5,402;0
161;5,406;0
162;5,411;0
163;5,415;0
164;5,420;0
165;5,424;0
166;5,429;0
167;5,433;0
168;5,437;0
169;5,442;0
170;5,446;0
171;5,451;0
172;5,455;0
173;5,460;0
174;5,464;0
175;5,469;0
176;5,473;0
177;5,477;0
178;5,482;0
179;5,486;0
180;5,491;0
181;5,495;0
182;5,500;0
183;5,504;0
184;5,509;0
185;5,513;0
186;5,517;0
187;5,522;0
188;5,526;0
189;5,531;0
190;5,535;0
191;5,540;0
192;5,544;0
193;5,549;0
194;5,553;0
195;5,557;0
196;5,562;0
197;5,566;0
198;5,571;0
199;5,575;0
200;5,580;0
201;5,584;0
202;5,589;0
203;5,593;0
204;5,597;0
205;5,602;0
206;5,606;0
207;5,611;0
208;5,615;0
209;5,620;0
210;5,624;0
211;5,628;0
212;5,633;0
213;5,637;0
214;5,642;0
215;5,646;0
216;5,651;0
217;5,655;0
218;5,660;0
219;5,664;0
220;5,668;0
221;5,673;0
222;5,677;0
223;5,682;0
224;5,686;0
225;5,691;0
226;5,695;0
227;5,700;0
228;5,704;0
229;5,708;0
230;5,713;0
231;5,717;0
232;5,722;0
233;5,726;0
234;5,731;0
235;5,735;0
236;5,740;0
237;5,744;0
238;5,748;0
239;5,753;0
240;5,757;0
241;5,762;0
242;5,766;0
243;5,771;0
244;5,775;0
245;5,780;0
246;5,784;0
247;5,788;0
248;5,793;0
249;5,797;0
250;5,802;0
251;5,806;0
252;5,811;0
253;5,815;0
254;5,819;0
255;5,824;0
256;5,828;0
257;5,833;0
258;5,837;0
259;5,842;0
260;5,846;0
261;5,851;0
262;5,855;0
263;5,859;0,000614937252263347
264;5,864;0,00259999931509346
265;5,868;0,00962369512535778
266;5,873;0,0287216221080762
267;5,877;0,0694392825983973
268;5,882;0,141829870188467
269;5,886;0,248458387541808
270;5,891;0,376973152338209
271;5,895;0,496256745688853
272;5,899;0,562296976082188
273;5,904;0,544753781563455
274;5,908;0,455377338325626
275;5,913;0,345867370331283
276;5,917;0,271153662750891
277;5,922;0,249390891881307
278;5,926;0,265242854055305
279;5,931;0,298301152770678
280;5,935;0,338623378294719
281;5,939;0,377881622549484
282;5,944;0,396582157867209
283;5,948;0,371818178957048
284;5,953;0,303595768734534
285;5,957;0,220961113349154
286;5,962;0,161448512510283
287;5,966;0,142404259405563
288;5,971;0,149209884811796
289;5,975;0,152328354273021
290;5,979;0,133101481464986
291;5,984;0,0945974112936362
292;5,988;0,0543319486281386
293;5,993;0,0249977930422078
294;5,997;0,0092133690000237
295;6,002;0,00272023039278959
296;6,006;0,000643373694315404
297;6,011;0
298;6,015;0
299;6,019;0
300;6,024;0
301;6,028;0
302;6,033;0
303;6,037;0
304;6,042;0
305;6,046;0
306;6,050;0
307;6,055;0
308;6,059;0
309;6,064;0
310;6,068;0
311;6,073;0
312;6,077;0
313;6,082;0
314;6,086;0
315;6,090;0
316;6,095;0
317;6,099;0
318;6,104;0
319;6,108;0
320;6,113;0
321;6,117;0
322;6,122;0
323;6,126;0
324;6,130;0
325;6,135;0
326;6,139;0
327;6,144;0
328;6,148;0
329;6,153;0
330;6,157;0
331;6,162;0
332;6,166;0
333;6,170;0
334;6,175;0
335;6,179;0
336;6,184;0
337;6,188;0
338;6,193;0
339;6,197;0
340;6,202;0
341;6,206;0
342;6,210;0
343;6,215;0
344;6,219;0
345;6,224;0
346;6,228;0
347;6,233;0
348;6,237;0
349;6,241;0
350;6,246;0
351;6,250;0
352;6,255;0
353;6,259;0
354;6,264;0
355;6,268;0
356;6,273;0
357;6,277;0,000632710060830379
358;6,281;0,00339316299650211
359;6,286;0,0126545635777868
360;6,290;0,0385014088958038
361;6,295;0,09551991518776
362;6,299;0,197559178569434
363;6,304;0,345822442710573
364;6,308;0,52153949150423
365;6,313;0,687517891705908
366;6,317;0,80151900186444
367;6,321;0,831560868720739
368;6,326;0,770655743055109
369;6,330;0,641781639941333
370;6,335;0,485941740850026
371;6,339;0,339407578508753
372;6,344;0,225519498177453
373;6,348;0,157874551689125
374;6,353;0,145390408924261
375;6,357;0,185382685869567
376;6,361;0,258082336810716
377;6,366;0,332622549061094
378;6,370;0,384926928051487
379;6,375;0,407658155274935
380;6,379;0,403744857027153
381;6,384;0,372489514640467
382;6,388;0,311423158653862
383;6,393;0,227720158168499
384;6,397;0,14138419744763
385;6,401;0,0728727578241104
386;6,406;0,0309835348270453
387;6,410;0,0106115727987066
388;6,415;0,00299711100894054
389;6,419;0,000579391764267267
390;6,424;0
391;6,428;0
392;6,432;0
393;6,437;0
394;6,441;0
395;6,446;0
396;6,450;0
397;6,455;0
398;6,459;0
399;6,464;0
400;6,468;0
401;6,472;0
402;6,477;0
403;6,481;0
404;6,486;0
405;6,490;0
406;6,495;0
407;6,499;0
408;6,504;0
409;6,508;0
410;6,512;0
411;6,517;0
412;6,521;0
413;6,526;0
414;6,530;0
415;6,535;0
416;6,539;0
417;6,544;0
418;6,548;0
419;6,552;0
420;6,557;0
421;6,561;0
422;6,566;0
423;6,570;0
424;6,575;0
425;6,579;0
426;6,584;0
427;6,588;0
428;6,592;0
429;6,597;0
430;6,601;0
431;6,606;0
432;6,610;0
433;6,615;0
434;6,619;0
435;6,623;0
436;6,628;0
437;6,632;0
438;6,637;0
439;6,641;0
440;6,646;0
441;6,650;0
442;6,655;0
443;6,659;0
444;6,663;0
445;6,668;0
446;6,672;0
447;6,677;0
448;6,681;0
449;6,686;0
450;6,690;0
451;6,695;0
452;6,699;0
453;6,703;0
454;6,708;0
455;6,712;0
456;6,717;0
457;6,721;0
458;6,726;0
459;6,730;0,000710910147335554
460;6,735;0,00300577952516285
461;6,739;0,0101805184775039
462;6,743;0,0276218706507154
463;6,748;0,0607853104122376
464;6,752;0,107698622862305
465;6,757;0,157571034039572
466;6,761;0,197701813020909
467;6,766;0,230237890131755
468;6,770;0,277801529065123
469;6,775;0,366572623029347
470;6,779;0,504146353255111
471;6,783;0,667977054502077
472;6,788;0,809193194878418
473;6,792;0,875963970203658
474;6,797;0,842900613411781
475;6,801;0,734146745206451
476;6,806;0,607198942757543
477;6,810;0,512068755670335
478;6,814;0,457386849307881
479;6,819;0,415522703873939
480;6,823;0,3540374862579
481;6,828;0,265961811694305
482;6,832;0,169874458012226
483;6,837;0,090262515757396
484;6,841;0,0395153672761254
485;6,846;0,0140877658359714
486;6,850;0,00390751312443574
487;6,854;0,000924183204450018
488;6,859;0
489;6,863;0
490;6,868;0
491;6,872;0
492;6,877;0
493;6,881;0
494;6,886;0
495;6,890;0
496;6,894;0
497;6,899;0
498;6,903;0
499;6,908;0
500;6,912;0
501;6,917;0
502;6,921;0
503;6,926;0
504;6,930;0
505;6,934;0
506;6,939;0
507;6,943;0
508;6,948;0
509;6,952;0
510;6,957;0
511;6,961;0
512;6,966;0
513;6,970;0
514;6,974;0
515;6,979;0
516;6,983;0
517;6,988;0
518;6,992;0
519;6,997;0
520;7,001;0
521;7,006;0
522;7,010;0
523;7,014;0
524;7,019;0
525;7,023;0
526;7,028;0
527;7,032;0
528;7,037;0
529;7,041;0
530;7,045;0
531;7,050;0
532;7,054;0
533;7,059;0
534;7,063;0
535;7,068;0
536;7,072;0
537;7,077;0
538;7,081;0
539;7,085;0
540;7,090;0
541;7,094;0
542;7,099;0
543;7,103;0
544;7,108;0
545;7,112;0
546;7,117;0,000547400799243198
547;7,121;0,00355498838530092
548;7,125;0,0130840847728597
549;7,130;0,0419236935404938
550;7,134;0,109642329261024
551;7,139;0,244568809358677
552;7,143;0,476610614539501
553;7,148;0,841620490285108
554;7,152;1,37952510731321
555;7,157;2,12269658501948
556;7,161;3,06422294615382
557;7,165;4,13972314165344
558;7,170;5,24874205306757
559;7,174;6,29226621292701
560;7,179;7,19483811193072
561;7,183;7,90603725664106
562;7,188;8,40025457265985
563;7,192;8,67077928178011
564;7,197;8,72120612260788
565;7,201;8,56613938191654
566;7,205;8,22988110068823
567;7,210;7,75529255967393
568;7,214;7,18876789117696
569;7,219;6,57679114886069
570;7,223;5,96112974657833
571;7,228;5,37852819679956
572;7,232;4,85048246512321
573;7,236;4,3866884544359
574;7,241;4,00361103024066
575;7,245;3,74479910721842
576;7,250;3,67563291942708
577;7,254;3,85384012870815
578;7,259;4,29488059712861
579;7,263;4,94622438193347
580;7,268;5,70377269826708
581;7,272;6,4547070340931
582;7,276;7,12036153887819
583;7,281;7,65815315913838
584;7,285;8,04866205479406
585;7,290;8,28377044282779
586;7,294;8,35715685162679
587;7,299;8,2667922321486
588;7,303;8,02875399462418
589;7,308;7,68939342647353
590;7,312;7,28744812066473
591;7,316;6,81492353933859
592;7,321;6,2319792304932
593;7,325;5,52339732631002
594;7,330;4,73749468935026
595;7,334;3,95313526161403
596;7,339;3,23562839796951
597;7,343;2,6096247169064
598;7,348;2,08217154054544
599;7,352;1,65487647767242
600;7,356;1,32373974684916
601;7,361;1,06879596303872
602;7,365;0,858581179522812
603;7,370;0,667758929085265
604;7,374;0,485518845983118
605;7,379;0,318730657650975
606;7,383;0,183163810191243
607;7,388;0,0894601825043924
608;7,392;0,0367027337495176
609;7,396;0,012043176845218
610;7,401;0,00336859294565013
611;7,405;0,00061849183980435
612;7,410;0
613;7,414;0
614;7,419;0
615;7,423;0
616;7,427;0
617;7,432;0
618;7,436;0
619;7,441;0
620;7,445;0
621;7,450;0
622;7,454;0
623;7,459;0
624;7,463;0
625;7,467;0
626;7,472;0
627;7,476;0
628;7,481;0,000646928217287416
629;7,485;0,00273525921293262
630;7,490;0,00926427209346659
631;7,494;0,0251359024987718
632;7,499;0,0546321231535971
633;7,503;0,0951200544045386
634;7,507;0,13266809026285
635;7,512;0,148228353495465
636;7,516;0,13266809026285
637;7,521;0,0951200544045386
638;7,525;0,0546321231535971
639;7,530;0,0251359024987718
640;7,534;0,00985077238712595
641;7,539;0,00591171937663948
642;7,543;0,0119915195859566
643;7,547;0,0327649509402283
644;7,552;0,0765985601183534
645;7,556;0,145809154846063
646;7,561;0,227424326811672
647;7,565;0,29669731274776
648;7,570;0,347860880600937
649;7,574;0,426770080814971
650;7,579;0,649488164973747
651;7,583;1,20043309829653
652;7,587;2,32302048175845
653;7,592;4,32880528153637
654;7,596;7,59160236055207
655;7,601;12,5165751514064
656;7,605;19,4708921383765
657;7,610;28,6517572114815
658;7,614;39,9011542094199
659;7,618;52,5739090105858
660;7,623;65,5793770755966
661;7,627;77,6288435562988
662;7,632;87,5860029045657
663;7,636;94,734171301672
664;7,641;98,8355078081362
665;7,645;100
666;7,650;98,4882463261306
667;7,654;94,6053700613073
668;7,658;88,6983787919309
669;7,663;81,2104388331635
670;7,667;72,6708378893489
671;7,672;63,6153718555029
672;7,676;54,5178480147056
673;7,681;45,7671667281658
674;7,685;37,7007721811664
675;7,690;30,6235760688159
676;7,694;24,7519651519819
677;7,698;20,1118981404686
678;7,703;16,5183486122066
679;7,707;13,6822754631902
680;7,712;11,3585435447889
681;7,716;9,41877054438603
682;7,721;7,8196556244647
683;7,725;6,53637890279861
684;7,730;5,51633955744304
685;7,734;4,69165648263185
686;7,738;4,0015380784165
687;7,743;3,39888485876634
688;7,747;2,85760587658304
689;7,752;2,3736671009692
690;7,756;1,96994545158719
691;7,761;1,67979514115749
692;7,765;1,51023201932484
693;7,770;1,42555386797259
694;7,774;1,3647063316486
695;7,778;1,27632421368531
696;7,783;1,154753047382
697;7,787;1,03202718502558
698;7,792;0,952111824299164
699;7,796;0,930012988875987
700;7,801;0,937850098236441
701;7,805;0,944767034385082
702;7,810;0,967209819010518
703;7,814;1,06403059378565
704;7,818;1,25636061385187
705;7,823;1,46388020295568
706;7,827;1,55856580825973
707;7,832;1,48271608314404
708;7,836;1,29726531159761
709;7,841;1,11134972596201
710;7,845;0,976658636512896
711;7,849;0,859522576820347
712;7,854;0,708816030312596
713;7,858;0,518175209442716
714;7,863;0,32713374263068
715;7,867;0,176539349878088
716;7,872;0,0810487004565043
717;7,876;0,0315163891365106
718;7,881;0,0101730625669385
719;7,885;0,00234450782300625
720;7,889;0,000554509909756212
721;7,894;0
722;7,898;0
723;7,903;0
724;7,907;0
725;7,912;0
726;7,916;0
727;7,921;0
728;7,925;0
729;7,929;0
730;7,934;0
731;7,938;0
732;7,943;0
733;7,947;0
734;7,952;0
735;7,956;0
736;7,961;0
737;7,965;0
738;7,969;0
739;7,974;0
740;7,978;0
741;7,983;0
742;7,987;0
743;7,992;0
744;7,996;0
745;8,001;0
746;8,005;0
747;8,009;0
748;8,014;0
749;8,018;0
750;8,023;0
751;8,027;0
752;8,032;0
753;8,036;0
754;8,040;0
755;8,045;0
756;8,049;0
757;8,054;0
758;8,058;0
759;8,063;0
760;8,067;0
761;8,072;0
762;8,076;0
763;8,080;0
764;8,085;0
765;8,089;0
766;8,094;0
767;8,098;0
768;8,103;0
769;8,107;0
770;8,112;0,00111257434248444
771;8,116;0,00682255694541213
772;8,120;0,0289454771189016
773;8,125;0,0940127654214075
774;8,129;0,253225260994103
775;8,134;0,57381510888313
776;8,138;1,10997247454273
777;8,143;1,86485131661798
778;8,147;2,77339320050644
779;8,152;3,73365917307894
780;8,156;4,65461046913137
781;8,160;5,49202799537572
782;8,165;6,2352883365437
783;8,169;6,87273345277711
784;8,174;7,336198721551
785;8,178;7,47631101111386
786;8,183;7,13042056537473
787;8,187;6,27370697315816
788;8,192;5,12398145546502
789;8,196;4,06107633329045
790;8,200;3,38604832014205
791;8,205;3,1193674846901
792;8,209;3,03972995451883
793;8,214;2,91000728468806
794;8,218;2,65254709128732
795;8,223;2,33830182347823
796;8,227;2,05625937826891
797;8,231;1,82468304836373
798;8,236;1,59298532462246
799;8,240;1,31887962957478
800;8,245;1,02065345534992
801;8,249;0,753865838282887
802;8,254;0,550213264373877
803;8,258;0,398133136031764
804;8,263;0,272159542259019
805;8,267;0,16477087534953
806;8,271;0,0843353757559742
807;8,276;0,035548843517421
808;8,280;0,0123893038304172
809;8,285;0,00348932301251116
810;8,289;0,000664700961285456
811;8,294;0,00207585768704053
812;8,298;0,0101667048457775
813;8,303;0,0367835224714537
814;8,307;0,107819727429315
815;8,311;0,256873324289008
816;8,316;0,507638310424192
817;8,320;0,84357575091741
818;8,325;1,20467474174585
819;8,329;1,51770712909237
820;8,334;1,73607163093227
821;8,338;1,84924691918841
822;8,343;1,86822561565453
823;8,347;1,8067635726243
824;8,351;1,6809429608713
825;8,356;1,50867122254119
826;8,360;1,30682434888472
827;8,365;1,09084044893398
828;8,369;0,870886190342996
829;8,374;0,660033031289248
830;8,378;0,479918365157737
831;8,383;0,355791151135167
832;8,387;0,299903505124037
833;8,391;0,290519979785678
834;8,396;0,283246994722357
835;8,400;0,248419608955279
836;8,405;0,194782228450187
837;8,409;0,153090008028391
838;8,414;0,143496142743918
839;8,418;0,154788480364983
840;8,422;0,159553122312938
841;8,427;0,13963711137575
842;8,431;0,0993011497027729
843;8,436;0,0570335358869272
844;8,440;0,0262407781512835
845;8,445;0,00967149270859428
846;8,449;0,00285549054890471
847;8,454;0,000675364659339473
848;8,458;0
849;8,462;0
850;8,467;0
851;8,471;0
852;8,476;0
853;8,480;0
854;8,485;0
855;8,489;0
856;8,494;0,000782001187896705
857;8,498;0,00394262186777455
858;8,502;0,0165546556589125
859;8,507;0,0535967175371195
860;8,511;0,146072224413247
861;8,516;0,342485203175726
862;8,520;0,703145629017898
863;8,525;1,29439893600815
864;8,529;2,16835521349235
865;8,534;3,34881109151413
866;8,538;4,81205113372851
867;8,542;6,47745872503783
868;8,547;8,21788982284857
869;8,551;9,87257720119026
870;8,556;11,2612708490608
871;8,560;12,2034626282596
872;8,565;12,5719011195104
873;8,569;12,3496493701696
874;8,574;11,6513539406291
875;8,578;10,6632461991828
876;8,582;9,55636609376534
877;8,587;8,43832251597003
878;8,591;7,35969570188594
879;8,596;6,34599634136433
880;8,600;5,40375907253628
881;8,605;4,52560611228279
882;8,609;3,70288200074815
883;8,613;2,94868775114507
884;8,618;2,31368003271868
885;8,622;1,89600470405082
886;8,627;1,84087735636279
887;8,631;2,30361412988284
888;8,636;3,39355807608066
889;8,640;5,12806600100881
890;8,645;7,448169857006
891;8,649;10,248270759351
892;8,653;13,3896512574603
893;8,658;16,6832030284668
894;8,662;19,8696330700718
895;8,667;22,6136775254996
896;8,671;24,5393572040339
897;8,676;25,3263129788048
898;8,680;24,8474849101379
899;8,685;23,2544444425637
900;8,689;20,9137258502964
901;8,693;18,2449762522978
902;8,698;15,5749603499697
903;8,702;13,0847924572694
904;8,707;10,8551701185185
905;8,711;8,91336595327644
906;8,716;7,2539846799392
907;8,720;5,83776187215849
908;8,725;4,62350138119209
909;8,729;3,61004348596973
910;8,733;2,82919971893757
911;8,738;2,28709954315718
912;8,742;1,93239177911421
913;8,747;1,68865940370078
914;8,751;1,49511835449412
915;8,756;1,31941122349753
916;8,760;1,14598849175855
917;8,765;0,975550025156823
918;8,769;0,823273623610768
919;8,773;0,69875978079923
920;8,778;0,598384335318233
921;8,782;0,508600700392184
922;8,787;0,422568339969177
923;8,791;0,34890158810643
924;8,796;0,301562388920673
925;8,800;0,287898044834579
926;8,805;0,303239686760529
927;8,809;0,329900576596919
928;8,813;0,339847036096761
929;8,818;0,311252043595145
930;8,822;0,246859556006408
931;8,827;0,176957831325301
932;8,831;0,134957564126625
933;8,836;0,133064818675164
934;8,840;0,160093212481846
935;8,844;0,19917946560582
936;8,849;0,255565315622916
937;8,853;0,359227634759324
938;8,858;0,547598833889224
939;8,862;0,828926040633453
940;8,867;1,17585163991171
941;8,871;1,54463130338155
942;8,876;1,91315283965308
943;8,880;2,29929631775204
944;8,884;2,73106166235608
945;8,889;3,1875969034892
946;8,893;3,58168704954688
947;8,898;3,8023791922396
948;8,902;3,78217941659868
949;8,907;3,51391146914153
950;8,911;3,0473140278168
951;8,916;2,4817803456027
952;8,920;1,94830389272741
953;8,924;1,54877667808068
954;8,929;1,306802000782
955;8,933;1,16256694909732
956;8,938;1,02974840585297
957;8,942;0,85854097938537
958;8,947;0,658912121864813
959;8,951;0,4726022707365
960;8,956;0,327738430717814
961;8,960;0,232890636372407
962;8,964;0,195815100895998
963;8,969;0,224404390664301
964;8,973;0,312113371211031
965;8,978;0,417719727339394
966;8,982;0,483157120967715
967;8,987;0,476688832899031
968;8,991;0,415557647578936
969;8,996;0,343224112116491
970;9,000;0,289047848107801
971;9,004;0,253495421786189
972;9,009;0,219654410526343
973;9,013;0,177386296688228
974;9,018;0,13447052590719
975;9,022;0,10974758188239
976;9,027;0,110354385766232
977;9,031;0,124675874821109
978;9,035;0,130888118428864
979;9,040;0,115158913788055
980;9,044;0,0820541088692717
981;9,049;0,0471277104281484
982;9,053;0,0216831681508804
983;9,058;0,00799170715464062
984;9,062;0,00235953690142524
985;9,067;0,000558064497297215
986;9,071;0
987;9,075;0
988;9,080;0
989;9,084;0
990;9,089;0,0010521469999773
991;9,093;0,00557534592499273
992;9,098;0,0221097945889346
993;9,102;0,0666500137487115
994;9,107;0,166626412532329
995;9,111;0,344155889150872
996;9,115;0,594853996274505
997;9,120;0,867663435245619
998;9,124;1,08429800880256
999;9,129;1,18998079808698
1000;9,133;1,19630703024235
1001;9,138;1,16595090145635
1002;9,142;1,15204390193536
1003;9,147;1,15218592478935
1004;9,151;1,13222814339685
1005;9,155;1,08244972814128
1006;9,160;1,04326292508472
1007;9,164;1,05628393473444
1008;9,169;1,10522859384997
1009;9,173;1,1234407107215
1010;9,178;1,06733685673433
1011;9,182;0,950677909199315
1012;9,187;0,816844180247261
1013;9,191;0,699248662075952
1014;9,195;0,620391993127046
1015;9,200;0,598757310606574
1016;9,204;0,638158073605182
1017;9,209;0,705856229074771
1018;9,213;0,748894244969482
1019;9,218;0,732175880573432
1020;9,222;0,657951946871498
1021;9,226;0,543237912400515
1022;9,231;0,408174376612237
1023;9,235;0,280653623026808
1024;9,240;0,191497933422013
1025;9,244;0,153669488381314
1026;9,249;0,150335240715249
1027;9,253;0,149849219070014
1028;9,258;0,12983353427231
1029;9,262;0,0919842287984475
1030;9,266;0,0528310636035996
1031;9,271;0,024307245759388
1032;9,275;0,00895885663212082
1033;9,280;0,00264508577552254
1034;9,284;0,000625600950317364
1035;9,289;0
1036;9,293;0
1037;9,298;0
1038;9,302;0
1039;9,306;0
1040;9,311;0
1041;9,315;0
1042;9,320;0
1043;9,324;0
1044;9,329;0
1045;9,333;0
1046;9,338;0
1047;9,342;0
1048;9,346;0
1049;9,351;0
1050;9,355;0
1051;9,360;0
1052;9,364;0
1053;9,369;0
1054;9,373;0
1055;9,378;0,000540291721014679
1056;9,382;0,00363867625494713
1057;9,386;0,0134632039298623
1058;9,391;0,0403865093786921
1059;9,395;0,0991635650629703
1060;9,400;0,199484222980007
1061;9,404;0,332400324288161
1062;9,409;0,472514994122317
1063;9,413;0,605182257902078
1064;9,417;0,756786100569742
1065;9,422;0,978630294569681
1066;9,426;1,30739958111457
1067;9,431;1,72348912015017
1068;9,435;2,20201899371862
1069;9,440;2,78867427775164
1070;9,444;3,65629797569034
1071;9,449;5,09762391798156
1072;9,453;7,42871140363646
1073;9,457;10,8833144463214
1074;9,462;15,5607411381971
1075;9,466;21,3977714736439
1076;9,471;28,1248603574173
1077;9,475;35,2311042427648
1078;9,480;42,0117418254078
1079;9,484;47,6900831762002
1080;9,489;51,5488435901516
1081;9,493;53,0537505458756
1082;9,497;52,0268274559322
1083;9,502;48,7253001892369
1084;9,506;43,7666301621208
1085;9,511;37,8985864785357
1086;9,515;31,78825445079
1087;9,520;25,9474389550334
1088;9,524;20,7192121957908
1089;9,529;16,2914410522111
1090;9,533;12,7121128515185
1091;9,537;9,90426337268151
1092;9,542;7,686523877189
1093;9,546;5,83215818457872
1094;9,551;4,19177914594597
1095;9,555;2,78747779471356
1096;9,560;1,7663883530046
1097;9,564;1,23395683922823
1098;9,569;1,14008422880903
1099;9,573;1,29568904305054
1100;9,577;1,48430597213242
1101;9,582;1,56781157539684
1102;9,586;1,50929167992566
1103;9,591;1,33777409088447
1104;9,595;1,10323095116487
1105;9,600;0,86223773906387
1106;9,604;0,665735500127794
1107;9,608;0,539592064080289
1108;9,613;0,473881633498732
1109;9,617;0,442868516775729
1110;9,622;0,437574132227138
1111;9,626;0,464532919628077
1112;9,631;0,523438220693254
1113;9,635;0,594024537846525
1114;9,640;0,652742061953913
1115;9,644;0,687909380215439
1116;9,648;0,696009707910033
1117;9,653;0,677371456357885
1118;9,657;0,647971799920954
1119;9,662;0,63681685684858
1120;9,666;0,663525021517653
1121;9,671;0,723345536896109
1122;9,675;0,80124434500435
1123;9,680;0,902841001897447
1124;9,684;1,04298106129209
1125;9,688;1,22646982810421
1126;9,693;1,43261652961946
1127;9,697;1,63393498304824
1128;9,702;1,82551587884271
1129;9,706;2,03530267635589
1130;9,711;2,30940294967451
1131;9,715;2,71169339482121
1132;9,720;3,34226032043318
1133;9,724;4,40301870237342
1134;9,728;6,18298795773146
1135;9,733;8,94950058734517
1136;9,737;12,7412420826887
1137;9,742;17,2268125607234
1138;9,746;21,7480416185676
1139;9,751;25,5578657704716
1140;9,755;28,0586020677258
1141;9,760;28,9441222321148
1142;9,764;28,238023744317
1143;9,768;26,2532371689624
1144;9,773;23,4893190350613
1145;9,777;20,4647897575128
1146;9,782;17,5619907277325
1147;9,786;14,9569583475797
1148;9,791;12,6604387485316
1149;9,795;10,6590230689547
1150;9,800;8,97811991150892
1151;9,804;7,65908463863885
1152;9,808;6,6691335093112
1153;9,813;5,88026188062167
1154;9,817;5,13884334048755
1155;9,822;4,37655907769883
1156;9,826;3,63082008068802
1157;9,831;2,98203879017052
1158;9,835;2,49374782072939
1159;9,839;2,18863697625568
1160;9,844;2,04301356521901
1161;9,848;1,98131997468661
1162;9,853;1,90731310850313
1163;9,857;1,75365429828333
1164;9,862;1,52665919719902
1165;9,866;1,3049656214772
1166;9,871;1,1813244125702
1167;9,875;1,18054791517856
1168;9,879;1,225017994851
1169;9,884;1,19493810977261
1170;9,888;1,033051230632
1171;9,893;0,799374509664113
1172;9,897;0,619467918915053
1173;9,902;0,588238561156681
1174;9,906;0,701322870154402
1175;9,911;0,870471692544271
1176;9,915;0,983357976193902
1177;9,919;0,972568537002746
1178;9,924;0,841627432743054
1179;9,928;0,644056385876465
1180;9,933;0,444067875974959
1181;9,937;0,286076707521996
1182;9,942;0,202968278970758
1183;9,946;0,225259007237506
1184;9,951;0,384479569285148
1185;9,955;0,678492564138261
1186;9,959;1,03730649452263
1187;9,964;1,32690577214731
1188;9,968;1,42469128410241
1189;9,973;1,31249891565419
1190;9,977;1,09706280869474
1191;9,982;0,933311383705657
1192;9,986;0,91471815895219
1193;9,991;1,02406907854091
1194;9,995;1,17324603626645
1195;9,999;1,28226708992475
1196;10,004;1,3276332095028
1197;10,008;1,32920313065976
1198;10,013;1,32423775249918
1199;10,017;1,33171206884295
1200;10,022;1,33760019884257
1201;10,026;1,31451394754348
1202;10,030;1,26495061624695
1203;10,035;1,22520749089361
1204;10,039;1,21616378234207
1205;10,044;1,21204578076284
1206;10,048;1,16836899261841
1207;10,053;1,07075902567138
1208;10,057;0,94193041218682
1209;10,062;0,813610317217169
1210;10,066;0,702121914004712
1211;10,070;0,610433268618165
1212;10,075;0,540408364897494
1213;10,079;0,496501748335714
1214;10,084;0,473929833992475
1215;10,088;0,450057729513164
1216;10,093;0,395759146007322
1217;10,097;0,303992282261245
1218;10,102;0,197891788423715
1219;10,106;0,112754095944399
1220;10,110;0,0697494451719847
1221;10,115;0,0705444723144827
1222;10,119;0,100067671443536
1223;10,124;0,135234733495305
1224;10,128;0,153130654466701
1225;10,133;0,147242540996735
1226;10,137;0,133208436641515
1227;10,142;0,136580305817785
1228;10,146;0,167431456649864
1229;10,150;0,20848766527546
1230;10,155;0,228080686621521
1231;10,159;0,212370747301513
1232;10,164;0,180147097327918
1233;10,168;0,169893351415637
1234;10,173;0,207975377997661
1235;10,177;0,296261061914136
1236;10,182;0,422160487094486
1237;10,186;0,577100808932555
1238;10,190;0,765068188425238
1239;10,195;0,998321287221096
1240;10,199;1,29731913217636
1241;10,204;1,69236495715935
1242;10,208;2,20740171277975
1243;10,213;2,82360343664628
1244;10,217;3,46156348490337
1245;10,221;4,01126122218574
1246;10,226;4,36864203089402
1247;10,230;4,46838967982072
1248;10,235;4,29379519341767
1249;10,239;3,8863424687793
1250;10,244;3,35405297785692
1251;10,248;2,84504306915778
1252;10,253;2,48449755752428
1253;10,257;2,30835219213465
1254;10,261;2,26848000318216
1255;10,266;2,28041150976482
1256;10,270;2,2663750499328
1257;10,275;2,1801727315274
1258;10,279;2,02060648466301
1259;10,284;1,82054230196989
1260;10,288;1,61167257009211
1261;10,293;1,4002927098955
1262;10,297;1,17634263698514
1263;10,301;0,948797230400952
1264;10,306;0,75486627953229
1265;10,310;0,627230248085627
1266;10,315;0,568773033091907
1267;10,319;0,553964076046388
1268;10,324;0,555702566694144
1269;10,328;0,555493830125221
1270;10,333;0,541189193060525
1271;10,337;0,4999455711297
1272;10,341;0,421386766686019
1273;10,346;0,316746966000416
1274;10,350;0,222032433788258
1275;10,355;0,174898466883127
1276;10,359;0,190522369313585
1277;10,364;0,24801372311034
1278;10,368;0,30476114294915
1279;10,373;0,325966219560033
1280;10,377;0,30981221087638
1281;10,381;0,283784241789439
1282;10,386;0,27406949508839
1283;10,390;0,286832675073714
1284;10,395;0,311937065838516
1285;10,399;0,335918563619468
1286;10,404;0,345395283190926
1287;10,408;0,332570712041761
1288;10,412;0,304930208329807
1289;10,417;0,287707623130905
1290;10,421;0,310009442800706
1291;10,426;0,378080276024723
1292;10,430;0,463959869313585
1293;10,435;0,519289242527852
1294;10,439;0,507356810284126
1295;10,444;0,425692247689127
1296;10,448;0,303899616977322
1297;10,452;0,184452297326776
1298;10,457;0,0991502090962544
1299;10,461;0,0604313524997715
1300;10,466;0,0640856929337362
1301;10,470;0,0999875025839167
1302;10,475;0,155458477145799
1303;10,479;0,218942015163069
1304;10,484;0,284773608165452
1305;10,488;0,355384885108007
1306;10,492;0,444836439128952
1307;10,497;0,577844775949824
1308;10,501;0,776956982361872
1309;10,506;1,03816332607051
1310;10,510;1,31994585887805
1311;10,515;1,56780456682025
1312;10,519;1,73907460764666
1313;10,524;1,82170215527747
1314;10,528;1,83859322157977
1315;10,532;1,84623243782943
1316;10,537;1,9154941009472
1317;10,541;2,08297342749757
1318;10,546;2,30546201383223
1319;10,550;2,47463080405353
1320;10,555;2,49381869991909
1321;10,559;2,35771584511691
1322;10,564;2,17361481963256
1323;10,568;2,09109306183712
1324;10,572;2,19199805156281
1325;10,577;2,43117339758021
1326;10,581;2,66150378769927
1327;10,586;2,72739128401778
1328;10,590;2,55155905654086
1329;10,595;2,19752914086805
1330;10,599;1,82832618581942
1331;10,604;1,57458675316608
1332;10,608;1,4335006681686
1333;10,612;1,29831620137476
1334;10,617;1,07764515053047
1335;10,621;0,781045362787198
1336;10,626;0,495079040346551
1337;10,630;0,304727686913713
1338;10,635;0,243325663085399
1339;10,639;0,294668627357844
1340;10,643;0,419083556673307
1341;10,648;0,570643000669438
1342;10,652;0,699162641716064
1343;10,657;0,763834414470188
1344;10,661;0,750462909872138
1345;10,666;0,686379130246753
1346;10,670;0,627266348866949
1347;10,675;0,621774269563503
1348;10,679;0,676534394285487
1349;10,683;0,756344295769761
1350;10,688;0,809629049000159
1351;10,692;0,800006868405062
1352;10,697;0,721287858479436
1353;10,701;0,601555583989512
1354;10,706;0,486851996264773
1355;10,710;0,417254615716307
1356;10,715;0,403941791417567
1357;10,719;0,427509518704912
1358;10,723;0,454916590533249
1359;10,728;0,463451449976642
1360;10,732;0,449945922880903
1361;10,737;0,425189845149071
1362;10,741;0,404544000055434
1363;10,746;0,407600830407892
1364;10,750;0,452000361483868
1365;10,755;0,539394964393257
1366;10,759;0,655005038769859
1367;10,763;0,771202081436169
1368;10,768;0,861552088693352
1369;10,772;0,91095918162676
1370;10,777;0,925417742901925
1371;10,781;0,940179524292732
1372;10,786;1,00244028058003
1373;10,790;1,15412134982752
1374;10,795;1,39968997230845
1375;10,799;1,6801404127327
1376;10,803;1,91376417266425
1377;10,808;2,05720355254962
1378;10,812;2,18924196187673
1379;10,817;2,53103609295287
1380;10,821;3,397117904041
1381;10,826;5,08268004583662
1382;10,830;7,7231784682986
1383;10,834;11,1674246861004
1384;10,839;14,9480635382214
1385;10,843;18,4028929711541
1386;10,848;20,9165504389009
1387;10,852;22,1246428535158
1388;10,857;21,9936094476247
1389;10,861;20,7820450106128
1390;10,866;18,9320389171183
1391;10,870;16,8978654150178
1392;10,874;14,9767008466572
1393;10,879;13,2209217595304
1394;10,883;11,547346663981
1395;10,888;9,88159155306249
1396;10,892;8,21657009465228
1397;10,897;6,6019215242538
1398;10,901;5,12332608743488
1399;10,906;3,90363487526955
1400;10,910;3,0745990776819
1401;10,914;2,68716840176102
1402;10,919;2,63701476318311
1403;10,923;2,68540356283239
1404;10,928;2,60811826965067
1405;10,932;2,32894497701398
1406;10,937;1,93293884480039
1407;10,941;1,58516785250019
1408;10,946;1,42520780297363
1409;10,950;1,48565254449944
1410;10,954;1,68227009435607
1411;10,959;1,8704423094175
1412;10,963;1,93190964193949
1413;10,968;1,83055491317617
1414;10,972;1,60636456510222
1415;10,977;1,33033561084744
1416;10,981;1,06143424675098
1417;10,986;0,834441988768505
1418;10,990;0,673221321116159
1419;10,994;0,608717621962986
1420;10,999;0,666078325313053
1421;11,003;0,839915356494819
1422;11,008;1,0816180216793
1423;11,012;1,31396939436589
1424;11,017;1,47569071241414
1425;11,021;1,54988800030129
1426;11,025;1,55034778937328
1427;11,030;1,49762438345684
1428;11,034;1,41308190756846
1429;11,039;1,32414650876617
1430;11,043;1,25992916947362
1431;11,048;1,237243597176
1432;11,052;1,26038049535879
1433;11,057;1,3458232427462
1434;11,061;1,5489249160875
1435;11,065;1,93274009214718
1436;11,070;2,47967539235334
1437;11,074;3,04177275623991
1438;11,079;3,40618753110221
1439;11,083;3,438273059222
1440;11,088;3,16672324659695
1441;11,092;2,7380935127134
1442;11,097;2,30481748926022
1443;11,101;1,95874495276695
1444;11,105;1,73886924312874
1445;11,110;1,65027885142706
1446;11,114;1,65654994063074
1447;11,119;1,67607927318998
1448;11,123;1,61727863794317
1449;11,128;1,42572921462473
1450;11,132;1,1290551095221
1451;11,137;0,82699002052746
1452;11,141;0,637779544350484
1453;11,145;0,628490667855462
1454;11,150;0,767215259252802
1455;11,154;0,939374199170946
1456;11,159;1,02066284419781
1457;11,163;0,955048153417266
1458;11,168;0,783664586873767
1459;11,172;0,597032407340799
1460;11,177;0,469351811925984
1461;11,181;0,432341072723741
1462;11,185;0,481165528138827
1463;11,190;0,582622839983141
1464;11,194;0,683791709229444
1465;11,199;0,729610675421551
1466;11,203;0,696206410885182
1467;11,208;0,604980992740278
1468;11,212;0,50753533063132
1469;11,216;0,452602107291205
1470;11,221;0,462467240855103
1471;11,225;0,528467403348291
1472;11,230;0,615589729668886
1473;11,234;0,68032828225659
1474;11,239;0,698050195478458
1475;11,243;0,672978136732093
1476;11,248;0,616956137630037
1477;11,252;0,535905817266678
1478;11,256;0,438232343359107
1479;11,261;0,339595983593689
1480;11,265;0,261699539227083
1481;11,270;0,223047801322246
1482;11,274;0,239244803656181
1483;11,279;0,312458113837057
1484;11,283;0,418654744187483
1485;11,288;0,517658492215561
1486;11,292;0,587890578716947
1487;11,296;0,642599593724716
1488;11,301;0,716237187264089
1489;11,305;0,829418161723883
1490;11,310;0,987912955911875
1491;11,314;1,20159612529917
1492;11,319;1,50721105833844
1493;11,323;1,96016147866261
1494;11,328;2,60311176569159
1495;11,332;3,42691810724212
1496;11,336;4,32856698993219
1497;11,341;5,1304674302718
1498;11,345;5,6657433682468
1499;11,350;5,85903567910304
1500;11,354;5,73473209358931
1501;11,359;5,3920428482686
1502;11,363;4,96312060549024
1503;11,368;4,53963648919928
1504;11,372;4,13666237724148
1505;11,376;3,73315508451338
1506;11,381;3,32958511130783
1507;11,385;2,94508930989482
1508;11,390;2,59214083081413
1509;11,394;2,2816402587027
1510;11,399;2,0350485162764
1511;11,403;1,87116657307793
1512;11,407;1,77067151896431
1513;11,412;1,68599984723948
1514;11,416;1,59243191154616
1515;11,421;1,53259731289587
1516;11,425;1,59840163195632
1517;11,430;1,8873263671432
1518;11,434;2,47272209094879
1519;11,439;3,3782762054117
1520;11,443;4,53030423887176
1521;11,447;5,74532535875449
1522;11,452;6,78092585994441
1523;11,456;7,43635577714059
1524;11,461;7,63068588628185
1525;11,465;7,39618949244576
1526;11,470;6,86407455475174
1527;11,474;6,23549568462104
1528;11,479;5,67248323865848
1529;11,483;5,16394409472676
1530;11,487;4,56272882341391
1531;11,492;3,79458962218641
1532;11,496;2,98440927590666
1533;11,501;2,34871313012658
1534;11,505;2,00183685535906
1535;11,510;1,89519818879339
1536;11,514;1,89311082310416
1537;11,519;1,88062630015708
1538;11,523;1,80999558433227
1539;11,527;1,68463013334597
1540;11,532;1,54627884783021
1541;11,536;1,4420469000193
1542;11,541;1,39397137052001
1543;11,545;1,38333671508174
1544;11,550;1,36474891205733
1545;11,554;1,29543818890341
1546;11,559;1,16475547631662
1547;11,563;1,00043113325034
1548;11,567;0,8517104603085
1549;11,572;0,763089654029154
1550;11,576;0,746820830314797
1551;11,581;0,782149081363386
1552;11,585;0,833356386701625
1553;11,590;0,877676972112953
1554;11,594;0,913714742363667
1555;11,599;0,953368409187466
1556;11,603;1,00691565344689
1557;11,607;1,0757281064762
1558;11,612;1,15114733308057
1559;11,616;1,22419164399943
1560;11,621;1,29221345024662
1561;11,625;1,35250611888408
1562;11,630;1,39970676644482
1563;11,634;1,4201818601323
1564;11,638;1,38770041355362
1565;11,643;1,30282932798911
1566;11,647;1,21414782479172
1567;11,652;1,19838659393122
1568;11,656;1,28578949473082
1569;11,661;1,41866959443562
1570;11,665;1,50166291042225
1571;11,670;1,51298057148515
1572;11,674;1,53710924937457
1573;11,678;1,65276716059236
1574;11,683;1,81369002985812
1575;11,687;1,8838595020007
1576;11,692;1,79606954264092
1577;11,696;1,6228808709127
1578;11,701;1,49246871582988
1579;11,705;1,47172187450279
1580;11,710;1,53860683673159
1581;11,714;1,64563507436602
1582;11,718;1,75690799690755
1583;11,723;1,83963670606844
1584;11,727;1,8517834949661
1585;11,732;1,77353617546895
1586;11,736;1,6358270342539
1587;11,741;1,50188215985606
1588;11,745;1,41776694266529
1589;11,750;1,37903053983284
1590;11,754;1,35554400624414
1591;11,758;1,32158626251282
1592;11,763;1,27356984308405
1593;11,767;1,21428601276418
1594;11,772;1,13648221715183
1595;11,776;1,0248481545598
1596;11,781;0,885086955013084
1597;11,785;0,748300896230327
1598;11,790;0,646293907013274
1599;11,794;0,58328812581035
1600;11,798;0,540635317153695
1601;11,803;0,507409143193313
1602;11,807;0,495074511219224
1603;11,812;0,518203805757591
1604;11,816;0,574686949363907
1605;11,821;0,644039657858746
1606;11,825;0,699684648434988
1607;11,829;0,715691377832205
1608;11,834;0,671930949599184
1609;11,838;0,56847292055268
1610;11,843;0,443777813470093
1611;11,847;0,361270998488898
1612;11,852;0,369056436126636
1613;11,856;0,468402645687414
1614;11,861;0,609630125411734
1615;11,865;0,728662401784717
1616;11,869;0,791947997102205
1617;11,874;0,803697677405322
1618;11,878;0,784592495967292
1619;11,883;0,74423473167043
1620;11,887;0,679695262329171
1621;11,892;0,587514561970839
1622;11,896;0,476707114704956
1623;11,901;0,371727761707126
1624;11,905;0,304089774206407
1625;11,909;0,298262803955355
1626;11,914;0,355241705177693
1627;11,918;0,446815766948801
1628;11,923;0,525613061352604
1629;11,927;0,557095223758197
1630;11,932;0,543014728907199
1631;11,936;0,520825773768014
1632;11,941;0,531829999384303
1633;11,945;0,582287684560947
1634;11,949;0,640349840638192
1635;11,954;0,667597533467672
1636;11,958;0,661545230867274
1637;11,963;0,663777462512314
1638;11,967;0,742008781296865
1639;11,972;0,968574309530903
1640;11,976;1,40241049016239
1641;11,981;2,07146534473099
1642;11,985;2,95340095278557
1643;11,989;3,97971231300589
1644;11,994;5,06932355017146
1645;11,998;6,15572168556214
1646;12,003;7,17984398961398
1647;12,007;8,05602872998033
1648;12,012;8,66369400755593
1649;12,016;8,87228670230233
1650;12,020;8,6072519566888
1651;12,025;7,8918439633781
1652;12,029;6,86751007965552
1653;12,034;5,77489996513167
1654;12,038;4,88603208140232
1655;12,043;4,3861531578689
1656;12,047;4,2839678466606
1657;12,052;4,44269121301164
1658;12,056;4,6587262226766
1659;12,060;4,74724798322258
1660;12,065;4,60629889606191
1661;12,069;4,24757508539356
1662;12,074;3,78855351865456
1663;12,078;3,37908364633019
1664;12,083;3,13097262963063
1665;12,087;3,0522996382834
1666;12,092;3,06574235266438
1667;12,096;3,07365410997742
1668;12,100;3,01319786380701
1669;12,105;2,86469776267193
1670;12,109;2,62886709453718
1671;12,114;2,31194719521525
1672;12,118;1,93777727515852
1673;12,123;1,5751442655985
1674;12,127;1,32433375677478
1675;12,132;1,27153854600758
1676;12,136;1,43860463101352
1677;12,140;1,74639010700007
1678;12,145;2,04208935876972
1679;12,149;2,16758876613507
1680;12,154;2,05553802382895
1681;12,158;1,76346537985321
1682;12,163;1,43275934589722
1683;12,167;1,19482517912335
1684;12,172;1,09221419606496
1685;12,176;1,08548668984028
1686;12,180;1,11721220192656
1687;12,185;1,14295880311073
1688;12,189;1,13277930843915
1689;12,194;1,0766634208582
1690;12,198;1,00609644340921
1691;12,203;0,983458145944272
1692;12,207;1,0490479761135
1693;12,211;1,18963116268107
1694;12,216;1,35037736292176
1695;12,220;1,47147630984743
1696;12,225;1,51385651132205
1697;12,229;1,46555406262589
1698;12,234;1,34006774675268
1699;12,238;1,17350865953276
1700;12,243;1,01651647771897
1701;12,247;0,920644902241729
1702;12,251;0,928123979128089
1703;12,256;1,04069990184819
1704;12,260;1,20053095389425
1705;12,265;1,31478595965768
1706;12,269;1,31416616345968
1707;12,274;1,20182106093664
1708;12,278;1,04689799606546
1709;12,283;0,938268959865876
1710;12,287;0,918152758194904
1711;12,291;0,949044117429256
1712;12,296;0,953310489252599
1713;12,300;0,890268210556472
1714;12,305;0,790504891510408
1715;12,309;0,723081723494145
1716;12,314;0,730783686339909
1717;12,318;0,804293340297126
1718;12,323;0,904992039843837
1719;12,327;1,00497705471366
1720;12,331;1,10659612582812
1721;12,336;1,21669656640047
1722;12,340;1,31647423319296
1723;12,345;1,3623071504196
1724;12,349;1,32070556213333
1725;12,354;1,19427692330152
1726;12,358;1,01873627905835
1727;12,363;0,833065332417052
1728;12,367;0,661695121840269
1729;12,371;0,520667981616689
1730;12,376;0,42571562063088
1731;12,380;0,392690579595003
1732;12,385;0,423395054473302
1733;12,389;0,499115980464426
1734;12,394;0,588498341321171
1735;12,398;0,664021308082851
1736;12,402;0,725210876168343
1737;12,407;0,789496648260646
1738;12,411;0,858503357875165
1739;12,416;0,907863374331832
1740;12,420;0,913684658379232
1741;12,425;0,879711178409903
1742;12,429;0,839719248587494
1743;12,434;0,830008667361212
1744;12,438;0,862334338407296
1745;12,442;0,913844533267941
1746;12,447;0,941854045149409
1747;12,451;0,916297072245148
1748;12,456;0,840213353237338
1749;12,460;0,737781882305846
1750;12,465;0,637815512894512
1751;12,469;0,561914215234075
1752;12,474;0,528965375938991
1753;12,478;0,547875176774815
1754;12,482;0,603991328830354
1755;12,487;0,665093818657603
1756;12,491;0,701232948794335
1757;12,496;0,695410342373992
1758;12,500;0,645194552267796
1759;12,505;0,561804656635816
1760;12,509;0,471656245133668
1761;12,514;0,403351913907386
1762;12,518;0,37324822611604
1763;12,522;0,385917550681794
1764;12,527;0,436732375730796
1765;12,531;0,507446665525547
1766;12,536;0,565168905638006
1767;12,540;0,576846186022539
1768;12,545;0,53932858127156
1769;12,549;0,490716994840841
1770;12,554;0,485081967022346
1771;12,558;0,545389016465553
1772;12,562;0,63871750347837
1773;12,567;0,707158568066873
1774;12,571;0,723564323499392
1775;12,576;0,709294398724429
1776;12,580;0,703856735067553
1777;12,585;0,723672427487415
1778;12,589;0,751851996529247
1779;12,594;0,758364815506759
1780;12,598;0,718829434942637
1781;12,602;0,629110596290754
1782;12,607;0,508753368348358
1783;12,611;0,391069052833983
1784;12,616;0,30559460155528
1785;12,620;0,275060927672124
1786;12,625;0,316926643423935
1787;12,629;0,435495163606096
1788;12,633;0,606507407827432
1789;12,638;0,774410687143065
1790;12,642;0,881735466909786
1791;12,647;0,902739113062252
1792;12,651;0,858339648104923
1793;12,656;0,797703757570321
1794;12,660;0,76297791351554
1795;12,665;0,760852199010992
1796;12,669;0,760153986097523
1797;12,673;0,721910431660613
1798;12,678;0,644510092032925
1799;12,682;0,571002884465651
1800;12,687;0,553772199732479
1801;12,691;0,607547718621042
1802;12,696;0,696607222123955
1803;12,700;0,763751369449419
1804;12,705;0,771153219755956
1805;12,709;0,717569940833861
1806;12,713;0,636301924824897
1807;12,718;0,570499589323859
1808;12,722;0,55056775950035
1809;12,727;0,581436803691304
1810;12,731;0,645321566188892
1811;12,736;0,705358554017983
1812;12,740;0,714981131324963
1813;12,745;0,644119727540395
1814;12,749;0,510120272199362
1815;12,753;0,37088233562587
1816;12,758;0,288688460201441
1817;12,762;0,289822097465445
1818;12,767;0,35802629200068
1819;12,771;0,455026512784067
1820;12,776;0,546982178326963
1821;12,780;0,6193033496024
1822;12,785;0,677550241179667
1823;12,789;0,728609374629736
1824;12,793;0,765526390649702
1825;12,798;0,768571022111768
1826;12,802;0,72002677752313
1827;12,807;0,619819075049848
1828;12,811;0,4883046890604
1829;12,816;0,360685848461985
1830;12,820;0,266491868358514
1831;12,824;0,21044123988226
1832;12,829;0,174867820890192
1833;12,833;0,14041569150478
1834;12,838;0,107316233931582
1835;12,842;0,0952367620815166
1836;12,847;0,12921260579248
1837;12,851;0,220701167888046
1838;12,856;0,356313356210033
1839;12,860;0,495140497629038
1840;12,864;0,589145180045837
1841;12,869;0,612833375508214
1842;12,873;0,577441848914342
1843;12,878;0,516588923920605
1844;12,882;0,458312113655521
1845;12,887;0,415677090914938
1846;12,891;0,396522221313605
1847;12,896;0,411593107379645
1848;12,900;0,470934824575063
1849;12,904;0,566222969110214
1850;12,909;0,667305156810157
1851;12,913;0,740616058114165
1852;12,918;0,770481388182683
1853;12,922;0,755651107873472
1854;12,927;0,696989586260185
1855;12,931;0,602791209266682
1856;12,936;0,500856355493624
1857;12,940;0,427691411103109
1858;12,944;0,40378026356268
1859;12,949;0,42541603704083
1860;12,953;0,474441757617715
1861;12,958;0,530724693960585
1862;12,962;0,571676501242396
1863;12,967;0,572129083381856
1864;12,971;0,523425294497744
1865;12,976;0,452139739591973
1866;12,980;0,406411322887081
1867;12,984;0,416598322025105
1868;12,989;0,466347645075949
1869;12,993;0,511927162587552
1870;12,998;0,523243369040224
1871;13,002;0,506699855406453
1872;13,007;0,489387018254248
1873;13,011;0,49116147744603
1874;13,015;0,511835984973189
1875;13,020;0,545555800752885
1876;13,024;0,591728898418908
1877;13,029;0,647803924675945
1878;13,033;0,69558350711077
1879;13,038;0,705617077928178
1880;13,042;0,660553120567406
1881;13,047;0,579525842552565
1882;13,051;0,50294540720835
1883;13,055;0,468307567072871
1884;13,060;0,488047851175706
1885;13,064;0,546603351538353
1886;13,069;0,608888406428468
1887;13,073;0,640018321741588
1888;13,078;0,638583547099327
1889;13,082;0,659527686469396
1890;13,087;0,782206207874488
1891;13,091;1,03612475594285
1892;13,095;1,34258766063129
1893;13,100;1,55027214964099
1894;13,104;1,55682992929854
1895;13,109;1,4048708972586
1896;13,113;1,23427500215811
1897;13,118;1,15680761822226
1898;13,122;1,17405717982918
1899;13,127;1,21426882191593
1900;13,131;1,21710650201255
1901;13,135;1,17752192917497
1902;13,140;1,12880610669709
1903;13,144;1,09997328542182
1904;13,149;1,09346529310555
1905;13,153;1,08831894820784
1906;13,158;1,06006790490848
1907;13,162;0,996759300301797
1908;13,167;0,914289181169748
1909;13,171;0,848716872442002
1910;13,175;0,832010475521079
1911;13,180;0,870536092106555
1912;13,184;0,93397382643104
1913;13,189;0,972473722862792
1914;13,193;0,944890610136528
1915;13,198;0,849089715493048
1916;13,202;0,732316911647715
1917;13,206;0,66379881883533
1918;13,211;0,688806940849941
1919;13,215;0,800217786889339
1920;13,220;0,950183473956235
1921;13,224;1,0831341222575
1922;13,229;1,16710083696686
1923;13,233;1,1904171811579
1924;13,238;1,14917263356601
1925;13,242;1,04303362561654
1926;13,246;0,891130596070712
1927;13,251;0,728972035409127
1928;13,255;0,586052943157852
1929;13,260;0,480313787726771
1930;13,264;0,430460988993202
1931;13,269;0,456679809555023
1932;13,273;0,552360731913323
1933;13,278;0,661610622209264
1934;13,282;0,706219022091457
1935;13,286;0,647309026602335
1936;13,291;0,515868263726443
1937;13,295;0,385575518920301
1938;13,300;0,315720308707434
1939;13,304;0,321936883086575
1940;13,309;0,383664690018856
1941;13,313;0
1942;13,318;1,61193241637525
1943;13,322;0,810299359844548
1944;13,326;0
1945;13,331;0
1946;13,335;0
1947;13,340;0,762634691618398
1948;13,344;0
