#"+EI EIC(108,1) Scan 150C_1ml-min_10C-min_2.D  Smooth "
#Point;X(Minutes);Y(Counts)
0;4,691;0,637970292581392
1;4,696;1,1641313586279
2;4,700;0,830347932354647
3;4,705;0,855011732325577
4;4,709;0,573844412656974
5;4,713;0,884608292290693
6;4,718;0,516295546058137
7;4,722;0,666493682197432
8;4,727;0,643056950432249
9;4,731;0,618537163127979
10;4,736;0,591941586278629
11;4,740;0,561860551645708
12;4,745;0,528245235422715
13;4,749;0,493716266713819
14;4,753;0,464355546307344
15;4,758;0,443577228154344
16;4,762;0,427374598868021
17;4,767;0,405545565302645
18;4,771;0,372084473097414
19;4,776;0,333343786210906
20;4,780;0,304336900410338
21;4,785;0,29499241022136
22;4,789;0,301102762292608
23;4,793;0,310730310130585
24;4,798;0,314210022461079
25;4,802;0,310641694670891
26;4,807;0,304960997114721
27;4,811;0,30001574264179
28;4,816;0,293020013742361
29;4,820;0,277966098731825
30;4,824;0,254494969516121
31;4,829;0,228707394048265
32;4,833;0,206770150268376
33;4,838;0,19038840836406
34;4,842;0,178534811074971
35;4,847;0,170985774972724
36;4,851;0,167674437033511
37;4,856;0,167044707777967
38;4,860;0,165674517576233
39;4,864;0,160014079641722
40;4,869;0,147593212946157
41;4,873;0,128566066239356
42;4,878;0,108042366997087
43;4,882;0,0939563726602548
44;4,887;0,0907288518492904
45;4,891;0,0938866369099098
46;4,896;0,0939254688968126
47;4,900;0,0841420474186282
48;4,904;0,0656034586656069
49;4,909;0,0469688436965477
50;4,913;0,0397386520146246
51;4,918;0,0542318584744913
52;4,922;0,0965283786724414
53;4,927;0,164699346090566
54;4,931;0,247210537871875
55;4,936;0,326461084674422
56;4,940;0,388423011201733
57;4,944;0,428304810301658
58;4,949;0,450077317640905
59;4,953;0,460580858903346
60;4,958;0,466015355013884
61;4,962;0,470499819132134
62;4,967;0,473980309231384
63;4,971;0,472677220401947
64;4,976;0,463372446598216
65;4,980;0,44911689867231
66;4,984;0,4381663661783
67;4,989;0,437721733342317
68;4,993;0,448098724101163
69;4,998;0,462070311162739
70;5,002;0,469378627834627
71;5,007;0,462916021784301
72;5,011;0,442669847997129
73;5,016;0,414582109242393
74;5,020;0,385410788072959
75;5,024;0,357251971289538
76;5,029;0,327699417982492
77;5,033;0,29460094164333
78;5,038;0,260971249242985
79;5,042;0,233745604432342
80;5,047;0,217447911732435
81;5,051;0,211581101639455
82;5,055;0,212450722377973
83;5,060;0,21491522067646
84;5,064;0,211293979521467
85;5,069;0,194196602547905
86;5,073;0,163185745365727
87;5,078;0,12764096048127
88;5,082;0,100779192274762
89;5,087;0,0911396015657049
90;5,091;0,0989150436442479
91;5,095;0,119313879639339
92;5,100;0,145961403914877
93;5,104;0,170209361038499
94;5,109;0,183361117106677
95;5,113;0,180663049832533
96;5,118;0,16322739362821
97;5,122;0,136432156012087
98;5,127;0,108298641802591
99;5,131;0,0865976076487357
100;5,135;0,0748265291158567
101;5,140;0,071392993669159
102;5,144;0,0734807570897024
103;5,149;0,0802709355057206
104;5,153;0,0902927744696368
105;5,158;0,099410620333829
106;5,162;0,102651338124351
107;5,167;0,0978065851739764
108;5,171;0,0854972216654847
109;5,175;0,0699507532277945
110;5,180;0,0594393151035363
111;5,184;0,0627233558683016
112;5,189;0,0826634839218358
113;5,193;0,112217467319823
114;5,198;0,140289700878044
115;5,202;0,160449053091527
116;5,207;0,173364856699147
117;5,211;0,179288820251125
118;5,215;0,173745361246632
119;5,220;0,155057371896608
120;5,224;0,131270167493696
121;5,229;0,115570415887546
122;5,233;0,11331834881704
123;5,238;0,118015206529298
124;5,242;0,119861265763877
125;5,246;0,119180705556651
126;5,251;0,125407145887244
127;5,255;0,144533571012507
128;5,260;0,169679148549907
129;5,264;0,185683998768062
130;5,269;0,182824757735971
131;5,273;0,163269995284654
132;5,278;0,137249415350723
133;5,282;0,114171398063166
134;5,286;0,0984452211362568
135;5,291;0,091300794140639
136;5,295;0,0941810098398606
137;5,300;0,108280539862
138;5,304;0,129421900399419
139;5,309;0,146314862181062
140;5,313;0,148056901116692
141;5,318;0,133841157388635
142;5,322;0,111016680171275
143;5,326;0,0878563762036689
144;5,331;0,0695322383684652
145;5,335;0,0593194634469799
146;5,340;0,0583991999266412
147;5,344;0,0624424119940701
148;5,349;0,0631035656163378
149;5,353;0,0545909242025227
150;5,358;0,0386938482720359
151;5,362;0,0220975064820954
152;5,366;0,0101669257668635
153;5,371;0,00374719657140303
154;5,375;0,00110635292793527
155;5,380;0,000261668395643373
156;5,384;0
157;5,389;0,000221204231209903
158;5,393;0,0009352674205843
159;5,398;0,0031677331699276
160;5,402;0,00859472110701668
161;5,406;0,0186803653345041
162;5,411;0,0325244077283889
163;5,415;0,0453632090928799
164;5,420;0,0506837307188415
165;5,424;0,0453632090928799
166;5,429;0,0325244077283889
167;5,433;0,0186803653345041
168;5,437;0,00859472110701668
169;5,442;0,0031677331699276
170;5,446;0,0009352674205843
171;5,451;0,000221204231209903
172;5,455;0
173;5,460;0
174;5,464;0,000207716151897463
175;5,469;0,00116013942049537
176;5,473;0,00416647430270893
177;5,477;0,0123166456820976
178;5,482;0,0297316784696973
179;5,486;0,0592925739738976
180;5,491;0,0995459771869003
181;5,495;0,145485785775179
182;5,500;0,193509820190622
183;5,504;0,24576418905522
184;5,509;0,30530702894374
185;5,513;0,368351835384935
186;5,517;0,423393476582268
187;5,522;0,459116897387737
188;5,526;0,473173236154536
189;5,531;0,472418800460031
190;5,535;0,467665228351783
191;5,540;0,466791718769479
192;5,544;0,470597617281025
193;5,549;0,47447767980697
194;5,553;0,472227569703014
195;5,557;0,462505460237747
196;5,562;0,450860856940519
197;5,566;0,444908166123153
198;5,571;0,446920680416435
199;5,575;0,451051184482205
200;5,580;0,448559765348992
201;5,584;0,434637503880213
202;5,589;0,411617355097124
203;5,593;0,386060977664681
204;5,597;0,365305515877418
205;5,602;0,351860628800369
206;5,606;0,340931070973489
207;5,611;0,325778680402562
208;5,615;0,304895689628429
209;5,620;0,283899520955463
210;5,624;0,269252429183583
211;5,628;0,263269129402223
212;5,633;0,261749068178836
213;5,637;0,256590278548075
214;5,642;0,24333353624233
215;5,646;0,22373855561947
216;5,651;0,20098254714206
217;5,655;0,173504917798734
218;5,660;0,138374520581331
219;5,664;0,097532039075006
220;5,668;0,0586584854499156
221;5,673;0,0294830809945061
222;5,677;0,0124432761578827
223;5,682;0,00538825258325004
224;5,686;0,00570787751647533
225;5,691;0,0138866628673148
226;5,695;0,0332568745916664
227;5,700;0,0662320965359597
228;5,704;0,10822525555695
229;5,708;0,145369634792548
230;5,713;0,160700836909691
231;5,717;0,146255450683736
232;5,722;0,10952685157216
233;5,726;0,0673994019939751
234;5,731;0,0340135871414845
235;5,735;0,0140431370829939
236;5,740;0,00473113089226671
237;5,744;0,00125689851893816
238;5,748;0,000223901822571107
239;5,753;0
240;5,757;0
241;5,762;0
242;5,766;0
243;5,771;0
244;5,775;0
245;5,780;0
246;5,784;0
247;5,788;0
248;5,793;0
249;5,797;0
250;5,802;0
251;5,806;0
252;5,811;0
253;5,815;0
254;5,819;0
255;5,824;0
256;5,828;0,000254924368237795
257;5,833;0,00140424973054678
258;5,837;0,00503070907098695
259;5,842;0,0147963873073767
260;5,846;0,0354725402026362
261;5,851;0,0699080763034064
262;5,855;0,11516708006364
263;5,859;0,162714969463775
264;5,864;0,204894234749245
265;5,868;0,24043644797894
266;5,873;0,272457413517574
267;5,877;0,301607057519064
268;5,882;0,325780235940076
269;5,886;0,345472111496497
270;5,891;0,36581771423802
271;5,895;0,391494796363721
272;5,899;0,420755987458586
273;5,904;0,444924925785405
274;5,908;0,45518515087341
275;5,913;0,450296447715923
276;5,917;0,436626032788595
277;5,922;0,423731831080974
278;5,926;0,418381710335937
279;5,931;0,422180006785114
280;5,935;0,430064574838158
281;5,939;0,432341982116561
282;5,944;0,420532918361152
283;5,948;0,391614698198907
284;5,953;0,350649969006467
285;5,957;0,308038728444304
286;5,962;0,273348736513349
287;5,966;0,249732591058396
288;5,971;0,233702024292623
289;5,975;0,219508296438258
290;5,979;0,205422076297594
291;5,984;0,195387805578219
292;5,988;0,192411936866517
293;5,993;0,192596820026903
294;5,997;0,188893850429115
295;6,002;0,181384957230466
296;6,006;0,175760121033584
297;6,011;0,173448128134799
298;6,015;0,168037441783958
299;6,019;0,152865770074647
300;6,024;0,129024724002283
301;6,028;0,102661254676006
302;6,033;0,077929701010596
303;6,037;0,0552220772766791
304;6,042;0,034833220556529
305;6,046;0,0186850366512939
306;6,050;0,00828915912672879
307;6,055;0,00297457876810587
308;6,059;0,000878238918133975
309;6,064;0,000207716151897463
310;6,068;0
311;6,073;0
312;6,077;0
313;6,082;0
314;6,086;0,000265714831687747
315;6,090;0,00112346148847089
316;6,095;0,00380514308795982
317;6,099;0,0103241463896564
318;6,104;0,0224392198128135
319;6,108;0,0390689523445206
320;6,113;0,054491175359409
321;6,117;0,0608822894073571
322;6,122;0,054491175359409
323;6,126;0,0390689523445206
324;6,130;0,0226766102047227
325;6,135;0,0113278483463986
326;6,139;0,00720466173608376
327;6,144;0,0103470646946386
328;6,148;0,0203129364537194
329;6,153;0,0349042421342549
330;6,157;0,0486824689832242
331;6,162;0,0543922983699829
332;6,166;0,0486824689832242
333;6,170;0,0349042421342549
334;6,175;0,0200472217935406
335;6,179;0,0092236028141472
336;6,184;0,00339951864812393
337;6,188;0,00100370156472161
338;6,193;0,000237389901883548
339;6,197;0
340;6,202;0
341;6,206;0
342;6,210;0
343;6,215;0
344;6,219;0,000207716151897463
345;6,224;0,000878238918133975
346;6,228;0,00297457876810587
347;6,233;0,00807065236437367
348;6,237;0,0175413198533891
349;6,241;0,0305412102993909
350;6,246;0,0425971591842596
351;6,250;0,047593260289694
352;6,255;0,0428291538054156
353;6,259;0,0319806940522973
354;6,264;0,023186955092198
355;6,268;0,0257074621496978
356;6,273;0,0481469783300417
357;6,277;0,0972383372842247
358;6,281;0,17368306447811
359;6,286;0,268528577363757
360;6,290;0,366464541861566
361;6,295;0,455164075849021
362;6,299;0,533011000937931
363;6,304;0,606046196887004
364;6,308;0,679032067243281
365;6,313;0,748667560686596
366;6,317;0,80533288197723
367;6,321;0,842019983362212
368;6,326;0,862493265626492
369;6,330;0,879349170490251
370;6,335;0,900351335509443
371;6,339;0,918388846740624
372;6,344;0,916145360215762
373;6,348;0,884783114635865
374;6,353;0,833372599783537
375;6,357;0,780852836147522
376;6,361;0,742113679709214
377;6,366;0,722584709073459
378;6,370;0,720048078995068
379;6,375;0,725395113754391
380;6,379;0,723802293518231
381;6,384;0,699898850320087
382;6,388;0,647347173075711
383;6,393;0,573816111909937
384;6,397;0,495363831834761
385;6,401;0,425978227966347
386;6,406;0,371941363646085
387;6,410;0,333072169289433
388;6,415;0,303722086752411
389;6,419;0,276055095806017
390;6,424;0,244985567261298
391;6,428;0,213540878193135
392;6,432;0,192832446326369
393;6,437;0,194052238630839
394;6,441;0,217153438445225
395;6,446;0,248588091787488
396;6,450;0,269425470187407
397;6,455;0,266885979927135
398;6,459;0,240488784289506
399;6,464;0,198610578236367
400;6,468;0,152875002942475
401;6,472;0,113860466185481
402;6,477;0,0907682546181039
403;6,481;0,0889216057846277
404;6,486;0,105161273171849
405;6,490;0,128074290580959
406;6,495;0,143865480194712
407;6,499;0,142827096180534
408;6,504;0,122944303483531
409;6,508;0,0907793817291951
410;6,512;0,0574188663144646
411;6,517;0,0335801347313865
412;6,521;0,0256568021189729
413;6,526;0,0353271695768158
414;6,530;0,0599795570456994
415;6,535;0,0914967730504727
416;6,539;0,119164824020415
417;6,544;0,13674156998623
418;6,548;0,148179951660879
419;6,552;0,162307067384584
420;6,557;0,180655861743858
421;6,561;0,19296006312584
422;6,566;0,186122509811247
423;6,570;0,15640224697976
424;6,575;0,114193852999866
425;6,579;0,0768223339255161
426;6,584;0,0582181366144259
427;6,588;0,0619047730683122
428;6,592;0,0809797776429975
429;6,597;0,102644357022522
430;6,601;0,11520736095847
431;6,606;0,115361773146093
432;6,610;0,11023152261086
433;6,615;0,111063521921911
434;6,619;0,124066661434173
435;6,623;0,146627048524485
436;6,628;0,175376618312987
437;6,632;0,217846756569001
438;6,637;0,295706978994728
439;6,641;0,436746361142132
440;6,646;0,667632385836633
441;6,650;1,00898696444309
442;6,655;1,46483763447953
443;6,659;2,02106453103422
444;6,663;2,64698753681666
445;6,668;3,30530325651437
446;6,672;3,95585192650933
447;6,677;4,55365402546293
448;6,681;5,05366801125055
449;6,686;5,42536038853706
450;6,690;5,6680487279613
451;6,695;5,80545226697253
452;6,699;5,86438405660034
453;6,703;5,85835940962827
454;6,708;5,79090407727939
455;6,712;5,65920364058241
456;6,717;5,45965366822321
457;6,721;5,19336892863472
458;6,726;4,86564748223387
459;6,730;4,49146423777907
460;6,735;4,09630672762308
461;6,739;3,71049769685711
462;6,743;3,35399158071643
463;6,748;3,02836719959957
464;6,752;2,72744334921044
465;6,757;2,45105323578458
466;6,761;2,20769390772669
467;6,766;2,00355399577003
468;6,770;1,83279933102012
469;6,775;1,67738306902068
470;6,779;1,52418670959024
471;6,783;1,37517263857122
472;6,788;1,24538320480004
473;6,792;1,1477491400266
474;6,797;1,08124549556479
475;6,801;1,03036275953752
476;6,806;0,977625120292225
477;6,810;0,915912832446668
478;6,814;0,848966612472676
479;6,819;0,78161098506061
480;6,823;0,713115600258122
481;6,828;0,641378425096907
482;6,832;0,569354127817703
483;6,837;0,504545467281703
484;6,841;0,454358056523392
485;6,846;0,420503664220155
486;6,850;0,396774340866369
487;6,854;0,372060061194163
488;6,859;0,337064155248473
489;6,863;0,290308235157707
490;6,868;0,239286378880157
491;6,872;0,196629513399123
492;6,877;0,172508244770327
493;6,881;0,167794702663761
494;6,886;0,174878996844254
495;6,890;0,184241952768887
496;6,894;0,189565817546039
497;6,899;0,190247055164763
498;6,903;0,191955323882741
499;6,908;0,20152691000417
500;6,912;0,217373170663797
501;6,917;0,228096469234125
502;6,921;0,222102531583313
503;6,926;0,198722137874399
504;6,930;0,169276954289822
505;6,934;0,148468102440772
506;6,939;0,145664697678655
507;6,943;0,162541050333934
508;6,948;0,194304938208992
509;6,952;0,229375020713738
510;6,957;0,253226027244057
511;6,961;0,257508823450354
512;6,966;0,246390694333819
513;6,970;0,232225392673066
514;6,974;0,22574582624597
515;6,979;0,228190980682785
516;6,983;0,232133114173419
517;6,988;0,230126520958417
518;6,992;0,220503915715446
519;6,997;0,203961765277281
520;7,001;0,178752285255216
521;7,006;0,142977280818622
522;7,010;0,10061865829434
523;7,014;0,0610124841339188
524;7,019;0,0335099003309108
525;7,023;0,0221326691567163
526;7,028;0,0255747490831682
527;7,032;0,0383913024978055
528;7,037;0,0522080947597084
529;7,041;0,05810086288496
530;7,045;0,0520017288735686
531;7,050;0,037284076540121
532;7,054;0,0214140782525772
533;7,059;0,00985248530531881
534;7,063;0,00363130393031
535;7,068;0,00107213580686405
536;7,072;0,000463989340317143
537;7,077;0,000889644559820959
538;7,081;0,00301320964847022
539;7,085;0,00817546611290227
540;7,090;0,0180119138578088
541;7,094;0,03196436404456
542;7,099;0,0466271491828157
543;7,103;0,0578995085894413
544;7,108;0,0649630413619793
545;7,112;0,071520453660413
546;7,117;0,0826315138625168
547;7,121;0,102304064374252
548;7,125;0,13671954156788
549;7,130;0,197746263887919
550;7,134;0,302834903493569
551;7,139;0,47249196090184
552;7,143;0,728509500572823
553;7,148;1,09201714124464
554;7,152;1,58075247647995
555;7,157;2,20469463068432
556;7,161;2,95335295850309
557;7,165;3,77987627571739
558;7,170;4,60017684073036
559;7,174;5,31188041435441
560;7,179;5,83388789416558
561;7,183;6,13898399724022
562;7,188;6,25610974992769
563;7,192;6,24189314061828
564;7,197;6,14427964908294
565;7,201;5,98650760078582
566;7,205;5,77695642542409
567;7,210;5,5216877014411
568;7,214;5,22277962695617
569;7,219;4,8745776725684
570;7,223;4,47106843131874
571;7,228;4,02198053589427
572;7,232;3,55468783368789
573;7,236;3,10460399282515
574;7,241;2,70202345765023
575;7,245;2,35925504597904
576;7,250;2,07483595040444
577;7,254;1,85185275878412
578;7,259;1,7049415737701
579;7,263;1,64714964188997
580;7,268;1,67195283809365
581;7,272;1,75150834551697
582;7,276;1,8539307561889
583;7,281;1,95743782811605
584;7,285;2,05081724689434
585;7,290;2,12581422654227
586;7,294;2,17055148545764
587;7,299;2,17428176477453
588;7,303;2,13436305929261
589;7,308;2,05877076038431
590;7,312;1,95788562220569
591;7,316;1,8352723345963
592;7,321;1,68855664552281
593;7,325;1,51907993010896
594;7,330;1,33550914159892
595;7,334;1,15096338231774
596;7,339;0,979513141405722
597;7,343;0,83203538948604
598;7,348;0,714896339461752
599;7,352;0,627663451546584
600;7,356;0,56340720754273
601;7,361;0,513041512113812
602;7,365;0,47034416502343
603;7,370;0,432267717744904
604;7,374;0,39585135515538
605;7,379;0,35628043775451
606;7,383;0,309960344150251
607;7,388;0,257000990630518
608;7,392;0,202294630490835
609;7,396;0,153253537978751
610;7,401;0,116476667025598
611;7,405;0,09479074291155
612;7,410;0,0846115625825137
613;7,414;0,078024808330481
614;7,419;0,0697744945193536
615;7,423;0,0618683684726113
616;7,427;0,0592096537886519
617;7,432;0,0624290519339663
618;7,436;0,0672869767745845
619;7,441;0,0708361990515902
620;7,445;0,0751736711470536
621;7,450;0,0828867850954312
622;7,454;0,0915166500600827
623;7,459;0,0938300165988498
624;7,463;0,0845614529486311
625;7,467;0,0649792114253351
626;7,472;0,0420552550749943
627;7,476;0,0236785770785417
628;7,481;0,0146582674935187
629;7,485;0,017793619570588
630;7,490;0,0347046660439191
631;7,494;0,065441017897264
632;7,499;0,103923999887327
633;7,503;0,13863454623939
634;7,507;0,158170767687108
635;7,512;0,158987638141366
636;7,516;0,14540115951653
637;7,521;0,12370129828814
638;7,525;0,0982215122612966
639;7,530;0,0733273296576832
640;7,534;0,0567588793453328
641;7,539;0,0581769023256358
642;7,543;0,0838536206562729
643;7,547;0,130995878560202
644;7,552;0,18591551041991
645;7,556;0,230172936190703
646;7,561;0,250988110547069
647;7,565;0,248758347877375
648;7,570;0,235724323418657
649;7,574;0,229105410937445
650;7,579;0,243960392771336
651;7,583;0,293030827237018
652;7,587;0,390812091020084
653;7,592;0,557452509580184
654;7,596;0,819343206940779
655;7,601;1,20641859577939
656;7,605;1,74395325034521
657;7,610;2,43864506428228
658;7,614;3,26257374492248
659;7,618;4,15103113952472
660;7,623;5,01474826192467
661;7,627;5,76738113862873
662;7,632;6,35095016968245
663;7,636;6,73967558239485
664;7,641;6,92880887269927
665;7,645;6,92675114746081
666;7,650;6,75790367206087
667;7,654;6,4602111246969
668;7,658;6,06995385878317
669;7,663;5,60784721829268
670;7,667;5,08598545722157
671;7,672;4,52229719917502
672;7,676;3,94252528537269
673;7,681;3,37480828552099
674;7,685;2,84330861472492
675;7,690;2,3692074753537
676;7,694;1,96771019643239
677;7,698;1,64407800726387
678;7,703;1,39272100852205
679;7,707;1,19732933918936
680;7,712;1,03807310738895
681;7,716;0,900393686272739
682;7,721;0,779102354657479
683;7,725;0,675449413454373
684;7,730;0,594316590991406
685;7,734;0,538974179088861
686;7,738;0,507306044583544
687;7,743;0,489358052027387
688;7,747;0,47036217915142
689;7,752;0,438511996578283
690;7,756;0,390489367164466
691;7,761;0,334916459727322
692;7,765;0,291478526244178
693;7,770;0,280697446981983
694;7,774;0,311660220492445
695;7,778;0,377489589620381
696;7,783;0,463469341531777
697;7,787;0,558024094348798
698;7,792;0,654434201991512
699;7,796;0,746974182476922
700;7,801;0,829520888183259
701;7,805;0,897831164021528
702;7,810;0,950740614894225
703;7,814;0,986528916667635
704;7,818;1,00098337268087
705;7,823;0,989252311605018
706;7,827;0,952206533376384
707;7,832;0,898303344925105
708;7,836;0,836860315605435
709;7,841;0,770124645160818
710;7,845;0,694256765219315
711;7,849;0,607368955739205
712;7,854;0,514228838844997
713;7,858;0,422903181193441
714;7,863;0,340389693739833
715;7,867;0,272399607736392
716;7,872;0,224847779313842
717;7,876;0,202895983731398
718;7,881;0,206565647263856
719;7,885;0,226986568128256
720;7,889;0,248668929559609
721;7,894;0,254564291292773
722;7,898;0,233860413136634
723;7,903;0,188197923016605
724;7,907;0,131022121983429
725;7,912;0,080573782351728
726;7,916;0,0515287325672617
727;7,921;0,0494757993879187
728;7,925;0,0720037679474105
729;7,929;0,109996310285087
730;7,934;0,151437912082963
731;7,938;0,187780499542467
732;7,943;0,21674493422248
733;7,947;0,238024536884167
734;7,952;0,246794030157726
735;7,956;0,236046620755924
736;7,961;0,206882161514073
737;7,965;0,173121013649101
738;7,969;0,152703467297535
739;7,974;0,153611963929257
740;7,978;0,168140910117984
741;7,983;0,182688171506477
742;7,987;0,190527252631881
743;7,992;0,193173159220661
744;7,996;0,194798231770931
745;8,001;0,196952550871175
746;8,005;0,198856967851861
747;8,009;0,199887988152159
748;8,014;0,199959304529333
749;8,018;0,196951647655844
750;8,023;0,185701987806738
751;8,027;0,164172633561381
752;8,032;0,13936621338076
753;8,036;0,124297495674522
754;8,040;0,125836411517943
755;8,045;0,139022427045411
756;8,049;0,151889582471733
757;8,054;0,155549611707328
758;8,058;0,148191304575803
759;8,063;0,131322202732486
760;8,067;0,107984925010969
761;8,072;0,0832251207771512
762;8,076;0,0643126698727252
763;8,080;0,0558981527688937
764;8,085;0,0566893944881353
765;8,089;0,0610619100839745
766;8,094;0,065697179800852
767;8,098;0,0738307028518225
768;8,103;0,0899953782772586
769;8,107;0,116303989816837
770;8,112;0,151876197322314
771;8,116;0,19820710442123
772;8,120;0,26394232589557
773;8,125;0,367084925347366
774;8,129;0,535779857713639
775;8,134;0,810069794780485
776;8,138;1,23999773321052
777;8,143;1,87225860097035
778;8,147;2,72795998837975
779;8,152;3,77832073820295
780;8,156;4,93946064765469
781;8,160;6,09018267076454
782;8,165;7,10186573297056
783;8,169;7,867019181307
784;8,174;8,31515127419678
785;8,178;8,42120240263949
786;8,183;8,20537889859048
787;8,187;7,72621553836098
788;8,192;7,05877152309948
789;8,196;6,2725350217931
790;8,200;5,42636074969474
791;8,205;4,57783651201972
792;8,209;3,78646011333658
793;8,214;3,10148207921229
794;8,218;2,54922069938958
795;8,223;2,12644587513039
796;8,227;1,80650231701628
797;8,231;1,5550766739093
798;8,236;1,34371083859039
799;8,240;1,1569060374092
800;8,245;0,99173274161837
801;8,249;0,852394916797249
802;8,254;0,739927798251015
803;8,258;0,64852817729958
804;8,263;0,569125212909932
805;8,267;0,497206391109933
806;8,271;0,435965431131252
807;8,276;0,391693027039553
808;8,280;0,369085672752031
809;8,285;0,368529166661582
810;8,289;0,385940022078276
811;8,294;0,413320894479272
812;8,298;0,441233735620892
813;8,303;0,465902653812031
814;8,307;0,494337528325636
815;8,311;0,543354422193643
816;8,316;0,631446067174043
817;8,320;0,766987125994187
818;8,325;0,944680742524251
819;8,329;1,15141990748891
820;8,334;1,37376843980334
821;8,338;1,59615721537862
822;8,343;1,79274333680789
823;8,347;1,93049350979169
824;8,351;1,98585438742989
825;8,356;1,96009789762301
826;8,360;1,87586885300549
827;8,365;1,7599766917456
828;8,369;1,62950663504391
829;8,374;1,49176770207311
830;8,378;1,35108318319352
831;8,383;1,21089733953388
832;8,387;1,07305814966135
833;8,391;0,937542431049104
834;8,396;0,806841201401315
835;8,400;0,687285699116284
836;8,405;0,586401965939292
837;8,409;0,508764285735389
838;8,414;0,452264854993877
839;8,418;0,410743017567434
840;8,422;0,377861789604684
841;8,427;0,350835855739443
842;8,431;0,328709839955382
843;8,436;0,31115123356413
844;8,440;0,30086260737183
845;8,445;0,305108522285445
846;8,449;0,330182281659375
847;8,454;0,371118785372722
848;8,458;0,409957621658529
849;8,462;0,425336644009584
850;8,467;0,407426235246921
851;8,471;0,363665176479123
852;8,476;0,313167661790513
853;8,480;0,275339924889095
854;8,485;0,259357278714492
855;8,489;0,260533390521984
856;8,494;0,262902198174018
857;8,498;0,25325430290178
858;8,502;0,237641347780004
859;8,507;0,247401216663968
860;8,511;0,327777219947529
861;8,516;0,52020270504401
862;8,520;0,852994551419752
863;8,525;1,34731757812146
864;8,529;2,02207894220816
865;8,534;2,88178578853862
866;8,538;3,89815854545753
867;8,542;5,00240672764235
868;8,547;6,09844408032511
869;8,551;7,08013075924618
870;8,556;7,84451266097545
871;8,560;8,30382615823356
872;8,565;8,40715318923808
873;8,569;8,16493171178269
874;8,574;7,65022582470705
875;8,578;6,96632883897666
876;8,582;6,20337361604128
877;8,587;5,41871432941729
878;8,591;4,6438952727524
879;8,596;3,90113433890129
880;8,600;3,2128465223753
881;8,605;2,60487100736272
882;8,609;2,10681238240939
883;8,613;1,74626969659737
884;8,618;1,5416902198463
885;8,622;1,50699260076367
886;8,627;1,66898838502016
887;8,631;2,08300703843192
888;8,636;2,82793468550476
889;8,640;3,98277416623671
890;8,645;5,59145727218244
891;8,649;7,63477000396355
892;8,653;10,0098345296668
893;8,658;12,5258985956856
894;8,662;14,9291602997345
895;8,667;16,9432694705768
896;8,671;18,3225956953833
897;8,676;18,9024920521868
898;8,680;18,6328296886895
899;8,685;17,585946117176
900;8,689;15,93657536843
901;8,693;13,9294944171498
902;8,698;11,8224399730317
903;8,702;9,81839543097967
904;8,707;8,02722549527833
905;8,711;6,48563001268452
906;8,716;5,19627126056489
907;8,720;4,15144380857372
908;8,725;3,33571030170314
909;8,729;2,72085047943794
910;8,733;2,26812784480715
911;8,738;1,93056094986973
912;8,742;1,66671770167811
913;8,747;1,45150286440491
914;8,751;1,2756311837333
915;8,756;1,13767206693627
916;8,760;1,0365403509723
917;8,765;0,968385528528213
918;8,769;0,924184980233955
919;8,773;0,891573989280367
920;8,778;0,862904328959341
921;8,782;0,839650147048273
922;8,787;0,825760752581815
923;8,791;0,817434060624263
924;8,796;0,803314045176631
925;8,800;0,776167456796762
926;8,805;0,740587647228916
927;8,809;0,706464924704437
928;8,813;0,676194315209273
929;8,818;0,645342637184519
930;8,822;0,61503148335672
931;8,827;0,59975545264271
932;8,831;0,627698275515456
933;8,836;0,737280072686916
934;8,840;0,983007681521232
935;8,844;1,44724791733799
936;8,849;2,24920708933954
937;8,853;3,55111872812894
938;8,858;5,52500792099774
939;8,862;8,27243360476145
940;8,867;11,7249818345333
941;8,871;15,5931833367514
942;8,876;19,4277266200183
943;8,880;22,7444778297809
944;8,884;25,1327317078904
945;8,889;26,3174515589159
946;8,893;26,2037379530343
947;8,898;24,8958998166722
948;8,902;22,6647957718539
949;8,907;19,8708127499257
950;8,911;16,8856371067384
951;8,916;14,0208002542427
952;8,920;11,4634419861501
953;8,924;9,27193249286725
954;8,929;7,42818980489714
955;8,933;5,90035932394726
956;8,938;4,66970394833396
957;8,942;3,71386086932059
958;8,947;2,99600138142971
959;8,951;2,46644522931136
960;8,956;2,07713754378226
961;8,960;1,78842235466454
962;8,964;1,57124483047716
963;8,969;1,40577969577717
964;8,973;1,28179904051395
965;8,978;1,19370262856375
966;8,982;1,13099309063555
967;8,987;1,07715081904048
968;8,991;1,01721495503642
969;8,996;0,947225601897879
970;9,000;0,875335080844918
971;9,004;0,813191708393342
972;9,009;0,768573824437548
973;9,013;0,742711658436943
974;9,018;0,731317245786392
975;9,022;0,728046703072962
976;9,027;0,728125433342644
977;9,031;0,727706542143594
978;9,035;0,722849351165432
979;9,040;0,710118430718198
980;9,044;0,691372698310279
981;9,049;0,674251699746881
982;9,053;0,664856704767313
983;9,058;0,661997024672214
984;9,062;0,658270408395275
985;9,067;0,647062760603716
986;9,071;0,626779705523863
987;9,075;0,602468360246528
988;9,080;0,584239216829292
989;9,084;0,58551034187174
990;9,089;0,621687176773354
991;9,093;0,718569264605128
992;9,098;0,925202803554696
993;9,102;1,32746380121697
994;9,107;2,04440662590417
995;9,111;3,20749366689496
996;9,115;4,93497869246791
997;9,120;7,299176132738
998;9,124;10,2815273212281
999;9,129;13,7279096010072
1000;9,133;17,3265812113099
1001;9,138;20,6452046860963
1002;9,142;23,228366812622
1003;9,147;24,7247385043088
1004;9,151;24,9800682455053
1005;9,155;24,0526692236947
1006;9,160;22,1667700640816
1007;9,164;19,6417364676827
1008;9,169;16,8193210299937
1009;9,173;13,9985353941908
1010;9,178;11,3953194787434
1011;9,182;9,13710532540897
1012;9,187;7,28209532725683
1013;9,191;5,83218663791107
1014;9,195;4,73817610043099
1015;9,200;3,92120940356188
1016;9,204;3,30234010808525
1017;9,209;2,82536293038572
1018;9,213;2,45609478304752
1019;9,218;2,16972695021773
1020;9,222;1,94228147343339
1021;9,226;1,74895947185298
1022;9,231;1,57353227348146
1023;9,235;1,41523676172142
1024;9,240;1,28470207494494
1025;9,244;1,18722035249066
1026;9,249;1,11468744462286
1027;9,253;1,05200941887399
1028;9,258;0,990326234633537
1029;9,262;0,931656477808971
1030;9,266;0,881304330610017
1031;9,271;0,840706808628245
1032;9,275;0,807528498089551
1033;9,280;0,779636455989857
1034;9,284;0,756291099508991
1035;9,289;0,735524523155294
1036;9,293;0,714541476193941
1037;9,298;0,693049216500442
1038;9,302;0,673250636088393
1039;9,306;0,655568489911318
1040;9,311;0,634958571238913
1041;9,315;0,605956377140203
1042;9,320;0,57048420073263
1043;9,324;0,537927252163012
1044;9,329;0,516457472495528
1045;9,333;0,505749252603364
1046;9,338;0,497052894682298
1047;9,342;0,481214712782021
1048;9,346;0,457251707550662
1049;9,351;0,432670652139774
1050;9,355;0,417231691415784
1051;9,360;0,415644039578462
1052;9,364;0,425153341476027
1053;9,369;0,438284085243103
1054;9,373;0,447644356611058
1055;9,378;0,453505772501366
1056;9,382;0,464583557999784
1057;9,386;0,491397913673746
1058;9,391;0,534559262551096
1059;9,395;0,582778466745972
1060;9,400;0,625936303119258
1061;9,404;0,673660444955505
1062;9,409;0,75529535478523
1063;9,413;0,900744334535672
1064;9,417;1,11847051185799
1065;9,422;1,39218660611789
1066;9,426;1,69251272867244
1067;9,431;1,98935705648338
1068;9,435;2,26520624428325
1069;9,440;2,53399529891273
1070;9,444;2,85874697330535
1071;9,449;3,35166489802386
1072;9,453;4,15818621066212
1073;9,457;5,4291245886075
1074;9,462;7,28049763969361
1075;9,466;9,7357877582385
1076;9,471;12,6682870804657
1077;9,475;15,7849989758742
1078;9,480;18,675504806647
1079;9,484;20,9157180791499
1080;9,489;22,1745385187859
1081;9,493;22,2923595465637
1082;9,497;21,3093882947275
1083;9,502;19,4412339042211
1084;9,506;17,0149518506746
1085;9,511;14,3868858721836
1086;9,515;11,8648051877734
1087;9,520;9,64681663241888
1088;9,524;7,80634318251784
1089;9,529;6,32484804947558
1090;9,533;5,1477521387015
1091;9,537;4,22146065960122
1092;9,542;3,50110869882591
1093;9,546;2,94491070516181
1094;9,551;2,51213206861135
1095;9,555;2,16726117236419
1096;9,560;1,88393637234168
1097;9,564;1,64843070230106
1098;9,569;1,45480532072671
1099;9,573;1,29854234453312
1100;9,577;1,17463776007222
1101;9,582;1,08042025782406
1102;9,586;1,01565560394613
1103;9,591;0,979766443127429
1104;9,595;0,967942350872485
1105;9,600;0,967328465519205
1106;9,604;0,959610390158835
1107;9,608;0,932990827924586
1108;9,613;0,891406894444139
1109;9,617;0,847196310423982
1110;9,622;0,80791256531973
1111;9,626;0,773778351889096
1112;9,631;0,754382404800141
1113;9,635;0,784938731411668
1114;9,640;0,937268255017526
1115;9,644;1,34190751900349
1116;9,648;2,22622326988421
1117;9,653;3,97015404020341
1118;9,657;7,12332372066011
1119;9,662;12,3372333716372
1120;9,666;20,1975824080822
1121;9,671;30,9703625263875
1122;9,675;44,3536019456655
1123;9,680;59,3406274380792
1124;9,684;74,2789579827118
1125;9,688;87,1736807452218
1126;9,693;96,1598013844742
1127;9,697;100
1128;9,702;98,41410481614
1129;9,706;92,1088236221655
1130;9,711;82,4885093347023
1131;9,715;71,2025535768066
1132;9,720;59,7311954100668
1133;9,724;49,1693951530623
1134;9,728;40,1802140188397
1135;9,733;33,0328149931754
1136;9,737;27,686297274451
1137;9,742;23,8752873669897
1138;9,746;21,198152308856
1139;9,751;19,217366565149
1140;9,755;17,5545912980333
1141;9,760;15,965892533786
1142;9,764;14,348995788335
1143;9,768;12,7039363874354
1144;9,773;11,080074045352
1145;9,777;9,55273370925503
1146;9,782;8,20174676867289
1147;9,786;7,07635732630792
1148;9,791;6,16105376278062
1149;9,795;5,39485619752158
1150;9,800;4,72810143591487
1151;9,804;4,15095567086596
1152;9,808;3,67943592091064
1153;9,813;3,31917423542381
1154;9,817;3,04796135227505
1155;9,822;2,82721412038516
1156;9,826;2,62142493723416
1157;9,831;2,40923777810763
1158;9,835;2,18861358421727
1159;9,839;1,97784627959102
1160;9,844;1,80727988505898
1161;9,848;1,70178814797792
1162;9,853;1,66163310115106
1163;9,857;1,66045019013927
1164;9,862;1,66055737169188
1165;9,866;1,63482767727315
1166;9,871;1,57599423775916
1167;9,875;1,48976075760771
1168;9,879;1,38865914882143
1169;9,884;1,28770516556314
1170;9,888;1,19899316218626
1171;9,893;1,12619260150872
1172;9,897;1,0652962181788
1173;9,902;1,0115511927677
1174;9,906;0,965630521054246
1175;9,911;0,930837060789266
1176;9,915;0,907215370595753
1177;9,919;0,890276369921545
1178;9,924;0,87505187266003
1179;9,928;0,862797247763992
1180;9,933;0,859510547531863
1181;9,937;0,871406094155212
1182;9,942;0,904408879847922
1183;9,946;0,965903292084198
1184;9,951;1,06206039907698
1185;9,955;1,1935972534418
1186;9,959;1,35191484379882
1187;9,964;1,51955672744645
1188;9,968;1,66939864549494
1189;9,973;1,77043251313139
1190;9,977;1,80026691980032
1191;9,982;1,75996946602295
1192;9,986;1,67385962601458
1193;9,991;1,57443037059222
1194;9,995;1,48362882872577
1195;9,999;1,40925536872798
1196;10,004;1,35136428387597
1197;10,008;1,30568125815182
1198;10,013;1,26391718339147
1199;10,017;1,217748127462
1200;10,022;1,16508525437466
1201;10,026;1,11114202337704
1202;10,030;1,0612964796215
1203;10,035;1,01658792288221
1204;10,039;0,974105490861966
1205;10,044;0,93205449469815
1206;10,048;0,890110680086942
1207;10,053;0,850590593637754
1208;10,057;0,816519003136734
1209;10,062;0,790074614498062
1210;10,066;0,768899885172027
1211;10,070;0,747681650974217
1212;10,075;0,723439853277366
1213;10,079;0,699871904396046
1214;10,084;0,684725083652994
1215;10,088;0,681778343635715
1216;10,093;0,685828511715658
1217;10,097;0,685853601030407
1218;10,102;0,674024189840737
1219;10,106;0,652071942650628
1220;10,110;0,628637970710068
1221;10,115;0,613176479781432
1222;10,119;0,609456436904958
1223;10,124;0,616675937402633
1224;10,128;0,632438500108257
1225;10,133;0,653521302185052
1226;10,137;0,674094640636552
1227;10,142;0,685899966084064
1228;10,146;0,682957139999886
1229;10,150;0,665780593693633
1230;10,155;0,640663229090669
1231;10,159;0,614964695600858
1232;10,164;0,594832979267571
1233;10,168;0,58572224622411
1234;10,173;0,596479490637294
1235;10,177;0,641576781219313
1236;10,182;0,743934260744666
1237;10,186;0,939166914000477
1238;10,190;1,28575351794744
1239;10,195;1,87424868541625
1240;10,199;2,81505744417391
1241;10,204;4,19785382228203
1242;10,208;6,02848784508205
1243;10,213;8,18670843412681
1244;10,217;10,4329222678595
1245;10,221;12,464268801507
1246;10,226;13,9943171778807
1247;10,230;14,8185922917789
1248;10,235;14,8526575597726
1249;10,239;14,1482620017487
1250;10,244;12,8840503701593
1251;10,248;11,3123481112957
1252;10,253;9,67503468507442
1253;10,257;8,13787619761536
1254;10,261;6,78039252951483
1255;10,266;5,62726072790196
1256;10,270;4,67607663428023
1257;10,275;3,91574033437561
1258;10,279;3,32396709739895
1259;10,284;2,86635606068245
1260;10,288;2,50434956389071
1261;10,293;2,2101661084448
1262;10,297;1,97326918572272
1263;10,301;1,79128554726371
1264;10,306;1,65877372212774
1265;10,310;1,56382100260017
1266;10,315;1,49106229089963
1267;10,319;1,42789984066158
1268;10,324;1,36863014814273
1269;10,328;1,31290045757772
1270;10,333;1,25677475726871
1271;10,337;1,19179463635571
1272;10,341;1,11196495290081
1273;10,346;1,02411511873596
1274;10,350;0,944330395333095
1275;10,355;0,884915686574999
1276;10,359;0,845849917437287
1277;10,364;0,819783925843661
1278;10,368;0,801309158035032
1279;10,373;0,789441761622832
1280;10,377;0,782968969310718
1281;10,381;0,774056090603368
1282;10,386;0,752418915027878
1283;10,390;0,716195514358089
1284;10,395;0,676060739697549
1285;10,399;0,646764950437644
1286;10,404;0,634854300046816
1287;10,408;0,637167434509422
1288;10,412;0,647843088471042
1289;10,417;0,663291131526971
1290;10,421;0,681276055554439
1291;10,426;0,697321675909062
1292;10,430;0,704754636296622
1293;10,435;0,699428475847171
1294;10,439;0,683707511225401
1295;10,444;0,665160737083443
1296;10,448;0,65091683059958
1297;10,452;0,643396709932581
1298;10,457;0,63992023412369
1299;10,461;0,634579722586202
1300;10,466;0,621900185055574
1301;10,470;0,602346978141772
1302;10,475;0,584394620044848
1303;10,479;0,581816442061233
1304;10,484;0,608513630635317
1305;10,488;0,676135706570019
1306;10,492;0,793334619699298
1307;10,497;0,964555995882173
1308;10,501;1,18900851813146
1309;10,506;1,45687589169432
1310;10,510;1,7476901532412
1311;10,515;2,03298877983364
1312;10,519;2,28263127516278
1313;10,524;2,48089326246002
1314;10,528;2,64458759332503
1315;10,532;2,83404824900829
1316;10,537;3,15235618451528
1317;10,541;3,74191313178427
1318;10,546;4,77382621025877
1319;10,550;6,42819274335768
1320;10,555;8,83031238179922
1321;10,559;11,9658111560919
1322;10,564;15,6115141922506
1323;10,568;19,3443626549733
1324;10,572;22,6379819179663
1325;10,577;25,0087045872163
1326;10,581;26,1417107441101
1327;10,586;25,9558635518942
1328;10,590;24,5953900403337
1329;10,595;22,3673946619701
1330;10,599;19,6472039311528
1331;10,604;16,7926340276814
1332;10,608;14,0831341549505
1333;10,612;11,6905287860908
1334;10,617;9,67208739309222
1335;10,621;8,01055896456229
1336;10,626;6,66477936143495
1337;10,630;5,60195062718309
1338;10,635;4,78947592122665
1339;10,639;4,17812358516336
1340;10,643;3,70088668287755
1341;10,648;3,29935488105915
1342;10,652;2,94680745735684
1343;10,657;2,64443043385744
1344;10,661;2,39511771248137
1345;10,666;2,18922154849227
1346;10,670;2,01055792887538
1347;10,675;1,84975830278887
1348;10,679;1,70450241040473
1349;10,683;1,57525631083376
1350;10,688;1,46339008137577
1351;10,692;1,3726708324617
1352;10,697;1,30996872097066
1353;10,701;1,2784702905903
1354;10,706;1,27148100964477
1355;10,710;1,2759207144255
1356;10,715;1,28166446142964
1357;10,719;1,2901070158427
1358;10,723;1,31287275897424
1359;10,728;1,36962769929715
1360;10,732;1,49792331526817
1361;10,737;1,78979243196436
1362;10,741;2,43588584180343
1363;10,746;3,75746007691894
1364;10,750;6,21289511134582
1365;10,755;10,3623751290755
1366;10,759;16,7829836736563
1367;10,763;25,8974765014682
1368;10,768;37,7374958548438
1369;10,772;51,7269252327823
1370;10,777;66,5768322008003
1371;10,781;80,4331284418124
1372;10,786;91,291886631045
1373;10,790;97,5696394274479
1374;10,795;98,5872202850506
1375;10,799;94,7601564275822
1376;10,803;87,3852884415349
1377;10,808;78,1420605333148
1378;10,812;68,5703737535548
1379;10,817;59,7525193204584
1380;10,821;52,2709739766723
1381;10,826;46,322534292798
1382;10,830;41,8337387552501
1383;10,834;38,5187698904073
1384;10,839;35,9404811123785
1385;10,843;33,6474574416176
1386;10,848;31,3024824307357
1387;10,852;28,7485844809333
1388;10,857;25,9847054252717
1389;10,861;23,1044938406977
1390;10,866;20,2246965308888
1391;10,870;17,4502791601745
1392;10,874;14,8724817312857
1393;10,879;12,5805523560769
1394;10,883;10,648394120073
1395;10,888;9,09632736107553
1396;10,892;7,87964091305644
1397;10,897;6,92006815686973
1398;10,901;6,14984184980555
1399;10,906;5,5310068765115
1400;10,910;5,03652217426555
1401;10,914;4,62955341758376
1402;10,919;4,27179544499436
1403;10,923;3,94796424738125
1404;10,928;3,66899756168792
1405;10,932;3,45192521190797
1406;10,937;3,29481130651535
1407;10,941;3,17008931217993
1408;10,946;3,03754386736219
1409;10,950;2,87287587037041
1410;10,954;2,68216777395781
1411;10,959;2,49388651678227
1412;10,963;2,33770031389181
1413;10,968;2,2235983254179
1414;10,972;2,13838798752192
1415;10,977;2,06121847393123
1416;10,981;1,9820416144461
1417;10,986;1,90643667052317
1418;10,990;1,84402770258566
1419;10,994;1,7957721188844
1420;10,999;1,75452869758372
1421;11,003;1,71080825841651
1422;11,008;1,65643479584957
1423;11,012;1,58845981361361
1424;11,017;1,51241389989465
1425;11,021;1,43956065165613
1426;11,025;1,37944735601816
1427;11,030;1,33844649821248
1428;11,034;1,32329997854121
1429;11,039;1,343918377402
1430;11,043;1,40569800496834
1431;11,048;1,50236552898038
1432;11,052;1,61557865321136
1433;11,057;1,72306408759965
1434;11,061;1,80855482367727
1435;11,065;1,86877319336541
1436;11,070;1,90903793067635
1437;11,074;1,93231178261018
1438;11,079;1,93526128245209
1439;11,083;1,91507221194528
1440;11,088;1,87622752984914
1441;11,092;1,82613540830825
1442;11,097;1,76778067291967
1443;11,101;1,69802274362038
1444;11,105;1,61588624821019
1445;11,110;1,52848711849549
1446;11,114;1,44549728531206
1447;11,119;1,37133547877349
1448;11,123;1,30517967257136
1449;11,128;1,24554327462814
1450;11,132;1,19200990267626
1451;11,137;1,14323637516132
1452;11,141;1,09721143225577
1453;11,145;1,05544575177928
1454;11,150;1,02464490470621
1455;11,154;1,01097684817446
1456;11,159;1,01310281634904
1457;11,163;1,02240212068216
1458;11,168;1,03116732368289
1459;11,172;1,03559097130219
1460;11,177;1,03505737175611
1461;11,181;1,0296525312156
1462;11,185;1,02001783292292
1463;11,190;1,00734792968916
1464;11,194;0,990572210275337
1465;11,199;0,966757432715516
1466;11,203;0,938477158559395
1467;11,208;0,917608067265633
1468;11,212;0,916385816208317
1469;11,216;0,933714403761949
1470;11,221;0,952989219639296
1471;11,225;0,954837198206454
1472;11,230;0,932245976348315
1473;11,234;0,893734781423817
1474;11,239;0,854807204231743
1475;11,243;0,827578473435385
1476;11,248;0,817454232433321
1477;11,252;0,82380248138702
1478;11,256;0,840750062606872
1479;11,261;0,858756262373247
1480;11,265;0,871692814844165
1481;11,270;0,882931924636419
1482;11,274;0,902967348179699
1483;11,279;0,938588856188658
1484;11,283;0,983678670154882
1485;11,288;1,02070166728572
1486;11,292;1,03561596025968
1487;11,296;1,03429024086834
1488;11,301;1,0491426134135
1489;11,305;1,13194588245246
1490;11,310;1,34084874992108
1491;11,314;1,72891130293781
1492;11,319;2,33916292058443
1493;11,323;3,19373167596879
1494;11,328;4,27468212119213
1495;11,332;5,49745463482579
1496;11,336;6,70729551349421
1497;11,341;7,71853941233487
1498;11,345;8,38203095730805
1499;11,350;8,63103016260702
1500;11,354;8,4844547729816
1501;11,359;8,01890868851079
1502;11,363;7,34662183335916
1503;11,368;6,59171967831468
1504;11,372;5,8611641943027
1505;11,376;5,2203268955463
1506;11,381;4,69117357746556
1507;11,385;4,26009459145347
1508;11,390;3,89715497286757
1509;11,394;3,57683507503222
1510;11,399;3,29700632048411
1511;11,403;3,08059030717799
1512;11,407;2,96917749181615
1513;11,412;3,0193472898755
1514;11,416;3,31686601846689
1515;11,421;3,99214311850757
1516;11,425;5,22912662144413
1517;11,430;7,22940375199342
1518;11,434;10,1600484720744
1519;11,439;14,0786702640703
1520;11,443;18,8754598209036
1521;11,447;24,2261524016022
1522;11,452;29,6085257618208
1523;11,456;34,38813576163
1524;11,461;37,9508088217017
1525;11,465;39,8375670394519
1526;11,470;39,8435467263719
1527;11,474;38,0710737494506
1528;11,479;34,9115060930184
1529;11,483;30,9287776896918
1530;11,487;26,6918066149981
1531;11,492;22,6340992963302
1532;11,496;19,0099722679976
1533;11,501;15,9142366454355
1534;11,505;13,3427729638765
1535;11,510;11,2401310277219
1536;11,514;9,53903534483107
1537;11,519;8,16966134868466
1538;11,523;7,06732437014018
1539;11,527;6,17943519833838
1540;11,532;5,46164355195458
1541;11,536;4,86993073004784
1542;11,541;4,35963935808093
1543;11,545;3,90396842789535
1544;11,550;3,50753919055335
1545;11,554;3,18969069057805
1546;11,559;2,95555881105583
1547;11,563;2,78451632168712
1548;11,567;2,64479673785277
1549;11,572;2,51306238040225
1550;11,576;2,38536920905698
1551;11,581;2,27360293542895
1552;11,585;2,18984416492709
1553;11,590;2,13098684038546
1554;11,594;2,08094429533051
1555;11,599;2,02608379898566
1556;11,603;1,96560048613377
1557;11,607;1,90982192158363
1558;11,612;1,87115547397947
1559;11,616;1,86098306149308
1560;11,621;1,88914150193678
1561;11,625;1,96164761441643
1562;11,630;2,0757178899965
1563;11,634;2,22129713346912
1564;11,638;2,38217624250476
1565;11,643;2,53349592119197
1566;11,647;2,64561605451522
1567;11,652;2,69977164147287
1568;11,656;2,69867834949337
1569;11,661;2,65702908343731
1570;11,665;2,58900974329288
1571;11,670;2,50660740150361
1572;11,674;2,4180971162173
1573;11,678;2,32490034765039
1574;11,683;2,2216483838756
1575;11,687;2,10583068770189
1576;11,692;1,98511334942946
1577;11,696;1,87564806703569
1578;11,701;1,78973924261709
1579;11,705;1,72632589923155
1580;11,710;1,67249496800675
1581;11,714;1,61437988575265
1582;11,718;1,54576532670511
1583;11,723;1,46927392711346
1584;11,727;1,39418231057029
1585;11,732;1,33302329229358
1586;11,736;1,2953500804817
1587;11,741;1,27905206162071
1588;11,745;1,26880428083282
1589;11,750;1,24982893101631
1590;11,754;1,22068066692714
1591;11,758;1,19219415860378
1592;11,763;1,1722585905332
1593;11,767;1,15780343201915
1594;11,772;1,13920913871506
1595;11,776;1,10964790450511
1596;11,781;1,06875503111011
1597;11,785;1,02204906384501
1598;11,790;0,979143324906321
1599;11,794;0,949815923109833
1600;11,798;0,938494721079719
1601;11,803;0,938956163756584
1602;11,807;0,93775277986396
1603;11,812;0,923180102999625
1604;11,816;0,895607347519429
1605;11,821;0,870743736245837
1606;11,825;0,868805837574618
1607;11,829;0,899400149408676
1608;11,834;0,953147583393992
1609;11,838;1,00989891085559
1610;11,843;1,0523018599267
1611;11,847;1,07458879857556
1612;11,852;1,07933870764386
1613;11,856;1,06963777356024
1614;11,861;1,0461468488752
1615;11,865;1,00899860588513
1616;11,869;0,960388259273316
1617;11,874;0,905526458284105
1618;11,878;0,85276372972406
1619;11,883;0,811134986727471
1620;11,887;0,785437356452991
1621;11,892;0,772727360494257
1622;11,896;0,764790707023794
1623;11,901;0,754542023020574
1624;11,905;0,740604908677463
1625;11,909;0,727477677414453
1626;11,914;0,719996144113538
1627;11,918;0,71959200543156
1628;11,923;0,724169249835751
1629;11,927;0,731680488885329
1630;11,932;0,739959109715822
1631;11,936;0,745249844052848
1632;11,941;0,743306726804162
1633;11,945;0,73484901844499
1634;11,949;0,7277648998897
1635;11,954;0,734590648681704
1636;11,958;0,766727301050646
1637;11,963;0,833621485785847
1638;11,967;0,944039058210229
1639;11,972;1,10767628579486
1640;11,976;1,3311883601701
1641;11,981;1,61678404424917
1642;11,985;1,96307991321682
1643;11,989;2,36043183519803
1644;11,994;2,78244514857595
1645;11,998;3,18572677956221
1646;12,003;3,52274572386551
1647;12,007;3,75845682521529
1648;12,012;3,8785503427658
1649;12,016;3,88585675264977
1650;12,020;3,79740066028332
1651;12,025;3,64374085103084
1652;12,029;3,46230335677529
1653;12,034;3,28236038282071
1654;12,038;3,11145417860972
1655;12,043;2,93855347423343
1656;12,047;2,74775646128936
1657;12,052;2,5355177185317
1658;12,056;2,31669473672582
1659;12,060;2,11265036487973
1660;12,065;1,93777021392699
1661;12,069;1,79651315688483
1662;12,074;1,6923627949275
1663;12,078;1,6277177669023
1664;12,083;1,59624302083507
1665;12,087;1,57792200034722
1666;12,092;1,54962657224499
1667;12,096;1,49960650721606
1668;12,100;1,43223427067763
1669;12,105;1,35980131863979
1670;12,109;1,29137041337621
1671;12,114;1,23062215736057
1672;12,118;1,17897961652544
1673;12,123;1,13931601919589
1674;12,127;1,11318349073955
1675;12,132;1,09638197951016
1676;12,136;1,08171386289252
1677;12,140;1,06510523831493
1678;12,145;1,05099069233791
1679;12,149;1,04821029447742
1680;12,154;1,06156152314251
1681;12,158;1,0847679349983
1682;12,163;1,10342324551586
1683;12,167;1,10526670800636
1684;12,172;1,08759008147853
1685;12,176;1,05681522693554
1686;12,180;1,02136904305805
1687;12,185;0,987639068666652
1688;12,189;0,95740524010691
1689;12,194;0,928664827918291
1690;12,198;0,897876324788076
1691;12,203;0,864421931429883
1692;12,207;0,833821849053433
1693;12,211;0,816422559810839
1694;12,216;0,82113779544615
1695;12,220;0,848405013251333
1696;12,225;0,889286746990583
1697;12,229;0,93033366877814
1698;12,234;0,959978500584834
1699;12,238;0,970233707809888
1700;12,243;0,956329811719505
1701;12,247;0,919566338460428
1702;12,251;0,869511750534398
1703;12,256;0,823122209706914
1704;12,260;0,797686361342525
1705;12,265;0,801811998081233
1706;12,269;0,830303875517948
1707;12,274;0,865809972679061
1708;12,278;0,886987160757942
1709;12,283;0,881082440710376
1710;12,287;0,853987787212038
1711;12,291;0,826571689413134
1712;12,296;0,818188496318767
1713;12,300;0,828562777431621
1714;12,305;0,840035468744189
1715;12,309;0,838577980271786
1716;12,314;0,827820585322714
1717;12,318;0,822498288627734
1718;12,323;0,830906520858221
1719;12,327;0,849070482235737
1720;12,331;0,864871030163892
1721;12,336;0,866201165274628
1722;12,340;0,847581782655786
1723;12,345;0,815007171208585
1724;12,349;0,781565774115432
1725;12,354;0,754209439064261
1726;12,358;0,728327552862263
1727;12,363;0,698316266524345
1728;12,367;0,669929463137799
1729;12,371;0,653974114137643
1730;12,376;0,651852912932868
1731;12,380;0,654822534405198
1732;12,385;0,656444658960985
1733;12,389;0,66005671742678
1734;12,394;0,670900871226254
1735;12,398;0,687369246534399
1736;12,402;0,700350357628311
1737;12,407;0,702378076046331
1738;12,411;0,694528683212565
1739;12,416;0,686847589502136
1740;12,420;0,691724299967173
1741;12,425;0,712753912696699
1742;12,429;0,741642201306449
1743;12,434;0,765918070292729
1744;12,438;0,779067028902312
1745;12,442;0,781245283208827
1746;12,447;0,773503573713964
1747;12,451;0,755079937928794
1748;12,456;0,727145745780322
1749;12,460;0,696336769769272
1750;12,465;0,672253787434783
1751;12,469;0,661574821683616
1752;12,474;0,665081555206095
1753;12,478;0,679312314889029
1754;12,482;0,698848962855097
1755;12,487;0,716903233748531
1756;12,491;0,725793883323013
1757;12,496;0,720900714267501
1758;12,500;0,705100567768383
1759;12,505;0,68765411061406
1760;12,509;0,677563940901425
1761;12,514;0,677641617419888
1762;12,518;0,68429354743931
1763;12,522;0,692549537707899
1764;12,527;0,700294659349568
1765;12,531;0,708076110318993
1766;12,536;0,714516437057822
1767;12,540;0,714688750471518
1768;12,545;0,704850326943075
1769;12,549;0,687373612075165
1770;12,554;0,668721814061667
1771;12,558;0,654460445414739
1772;12,562;0,646334016367514
1773;12,567;0,644098458066113
1774;12,571;0,648256811271254
1775;12,576;0,658898143050297
1776;12,580;0,674076325436785
1777;12,585;0,690337513183732
1778;12,589;0,706560916422667
1779;12,594;0,725625383485158
1780;12,598;0,750117522364575
1781;12,602;0,776778030360495
1782;12,607;0,796375695540033
1783;12,611;0,800535152675024
1784;12,616;0,788690738075133
1785;12,620;0,76744977295816
1786;12,625;0,74554163278338
1787;12,629;0,729068641041321
1788;12,633;0,71945797831217
1789;12,638;0,711539489505585
1790;12,642;0,696054866228751
1791;12,647;0,666559165308927
1792;12,651;0,628857401856863
1793;12,656;0,599354324678502
1794;12,660;0,593927957505943
1795;12,665;0,617001747243965
1796;12,669;0,660561464260901
1797;12,673;0,710817168133959
1798;12,678;0,755054447185009
1799;12,682;0,783389767297689
1800;12,687;0,788532173605919
1801;12,691;0,768569960683077
1802;12,696;0,732237923280424
1803;12,700;0,695996107053609
1804;12,705;0,673506095491168
1805;12,709;0,666589724094291
1806;12,713;0,667101897365579
1807;12,718;0,665094852542912
1808;12,722;0,655321510696928
1809;12,727;0,638349843734916
1810;12,731;0,620498997005468
1811;12,736;0,611216402155976
1812;12,740;0,618041849876202
1813;12,745;0,640702769850714
1814;12,749;0,67063733306413
1815;12,753;0,697210128815687
1816;12,758;0,71447759879859
1817;12,762;0,72234164379217
1818;12,767;0,723043793354737
1819;12,771;0,7196429367405
1820;12,776;0,717767460284377
1821;12,780;0,722370396146872
1822;12,785;0,732330151601442
1823;12,789;0,739491595424788
1824;12,793;0,735762721109522
1825;12,798;0,720143719462892
1826;12,802;0,699963279680362
1827;12,807;0,686239073262212
1828;12,811;0,687354795089103
1829;12,816;0,703790403752186
1830;12,820;0,729112346627614
1831;12,824;0,755721220813781
1832;12,829;0,778925876417534
1833;12,833;0,797362458289115
1834;12,838;0,809314756942426
1835;12,842;0,810873505889157
1836;12,847;0,799394391712013
1837;12,851;0,775655835490399
1838;12,856;0,744009578867542
1839;12,860;0,709197953938684
1840;12,864;0,675910755773979
1841;12,869;0,64835621513629
1842;12,873;0,628287121732616
1843;12,878;0,614513288649893
1844;12,882;0,604432652876862
1845;12,887;0,597417078329467
1846;12,891;0,595533573292624
1847;12,896;0,602391285871618
1848;12,900;0,617193881216313
1849;12,904;0,632733951878742
1850;12,909;0,639184013271693
1851;12,913;0,632599422973058
1852;12,918;0,620177000739978
1853;12,922;0,613152594753791
1854;12,927;0,619313025097279
1855;12,931;0,639148185730232
1856;12,936;0,667787136730005
1857;12,940;0,696756162754618
1858;12,944;0,716310624134158
1859;12,949;0,720682336871925
1860;12,953;0,710121692329115
1861;12,958;0,69018577300813
1862;12,962;0,668867231729953
1863;12,967;0,65296055600041
1864;12,971;0,644347795676089
1865;12,976;0,639808486315798
1866;12,980;0,637189061498736
1867;12,984;0,637892214633893
1868;12,989;0,643770089114677
1869;12,993;0,651263163500376
1870;12,998;0,654761266298581
1871;13,002;0,652531127289165
1872;13,007;0,650058324427496
1873;13,011;0,658568971240789
1874;13,015;0,689128258391456
1875;13,020;0,748031396021819
1876;13,024;0,839012376667352
1877;13,029;0,97598678803911
1878;13,033;1,19799270067132
1879;13,038;1,57495533941403
1880;13,042;2,19979137572428
1881;13,047;3,15871863402113
1882;13,051;4,49667719524037
1883;13,055;6,19934166280385
1884;13,060;8,21137464267196
1885;13,064;10,4630302484165
1886;13,069;12,8631311002361
1887;13,073;15,2603938487712
1888;13,078;17,4443588847518
1889;13,082;19,2145918876523
1890;13,087;20,4535319557102
1891;13,091;21,1309819911227
1892;13,095;21,2524383602504
1893;13,100;20,8275819257251
1894;13,104;19,8881368214027
1895;13,109;18,5267159373172
1896;13,113;16,8925882519256
1897;13,118;15,1430802272949
1898;13,122;13,4011937343415
1899;13,127;11,7545221944333
1900;13,131;10,2774207021899
1901;13,135;9,03365465426137
1902;13,140;8,0521630698518
1903;13,144;7,30346740913268
1904;13,149;6,71262809680824
1905;13,153;6,19603950755383
1906;13,158;5,69348568025554
1907;13,162;5,18615484742903
1908;13,167;4,69553309679636
1909;13,171;4,26003236995289
1910;13,175;3,9059245915877
1911;13,180;3,63765879970663
1912;13,184;3,4374280037024
1913;13,189;3,27134697650394
1914;13,193;3,10493758035405
1915;13,198;2,92245637060494
1916;13,202;2,73056064638938
1917;13,206;2,54518292543112
1918;13,211;2,37807504275862
1919;13,215;2,23283882039724
1920;13,220;2,10911959579372
1921;13,224;2,00429724163016
1922;13,229;1,91416076731908
1923;13,233;1,83211890880412
1924;13,238;1,75738044945536
1925;13,242;1,69707858252774
1926;13,246;1,65932428205059
1927;13,251;1,63961020245062
1928;13,255;1,61680843106311
1929;13,260;1,56865932641364
1930;13,264;1,49199109733164
1931;13,269;1,4049601784002
1932;13,273;1,33076455146535
1933;13,278;1,28130508208517
1934;13,282;1,25473339026346
1935;13,286;1,24128852827573
1936;13,291;1,23076155359331
1937;13,295;1,21386470296788
1938;13,300;1,18657385102821
1939;13,304;1,15045597601625
1940;13,309;1,11251230139138
1941;13,313;1,28087334515697
1942;13,318;0,682365132529066
1943;13,322;1,0572548920872
1944;13,326;1,29402737180813
1945;13,331;1,0227255721279
1946;13,335;1,11644801201744
1947;13,340;1,17070837195348
1948;13,344;1,02765833212209
